feature_number,canopus_annotation,canopus_probability,chemontid,level,SUBCLASS,CHEMONT_STRING,CLASS_STRING
8722,Carbonyl compounds,0.84,CHEMONTID:0001831,4,CHEMONTID:0000323,CHEMONTID:0000000;CHEMONTID:0004603;CHEMONTID:0000323;CHEMONTID:0001831,Organic compounds;Organic oxygen compounds;Organooxygen compounds;Carbonyl compounds
13304,Carbonyl compounds,0.91,CHEMONTID:0001831,4,CHEMONTID:0000323,CHEMONTID:0000000;CHEMONTID:0004603;CHEMONTID:0000323;CHEMONTID:0001831,Organic compounds;Organic oxygen compounds;Organooxygen compounds;Carbonyl compounds
8011,Carbonyl compounds,0.97,CHEMONTID:0001831,4,CHEMONTID:0000323,CHEMONTID:0000000;CHEMONTID:0004603;CHEMONTID:0000323;CHEMONTID:0001831,Organic compounds;Organic oxygen compounds;Organooxygen compounds;Carbonyl compounds
17043,Carbonyl compounds,0.84,CHEMONTID:0001831,4,CHEMONTID:0000323,CHEMONTID:0000000;CHEMONTID:0004603;CHEMONTID:0000323;CHEMONTID:0001831,Organic compounds;Organic oxygen compounds;Organooxygen compounds;Carbonyl compounds
11790,Carboxylic acid derivatives,0.86,CHEMONTID:0001093,4,CHEMONTID:0000265,CHEMONTID:0000000;CHEMONTID:0000264;CHEMONTID:0000265;CHEMONTID:0001093,Organic compounds;Organic acids and derivatives;Carboxylic acids and derivatives;Carboxylic acid derivatives
19888,Carbonyl compounds,0.82,CHEMONTID:0001831,4,CHEMONTID:0000323,CHEMONTID:0000000;CHEMONTID:0004603;CHEMONTID:0000323;CHEMONTID:0001831,Organic compounds;Organic oxygen compounds;Organooxygen compounds;Carbonyl compounds
2989,Carbonyl compounds,0.97,CHEMONTID:0001831,4,CHEMONTID:0000323,CHEMONTID:0000000;CHEMONTID:0004603;CHEMONTID:0000323;CHEMONTID:0001831,Organic compounds;Organic oxygen compounds;Organooxygen compounds;Carbonyl compounds
12095,Carbonyl compounds,0.88,CHEMONTID:0001831,4,CHEMONTID:0000323,CHEMONTID:0000000;CHEMONTID:0004603;CHEMONTID:0000323;CHEMONTID:0001831,Organic compounds;Organic oxygen compounds;Organooxygen compounds;Carbonyl compounds
1757,Carboxylic acid derivatives,0.87,CHEMONTID:0001093,4,CHEMONTID:0000265,CHEMONTID:0000000;CHEMONTID:0000264;CHEMONTID:0000265;CHEMONTID:0001093,Organic compounds;Organic acids and derivatives;Carboxylic acids and derivatives;Carboxylic acid derivatives
17619,Amines,0.95,CHEMONTID:0002449,4,CHEMONTID:0000278,CHEMONTID:0000000;CHEMONTID:0004707;CHEMONTID:0000278;CHEMONTID:0002449,Organic compounds;Organic nitrogen compounds;Organonitrogen compounds;Amines
7994,Monocarboxylic acids and derivatives,0.92,CHEMONTID:0001137,4,CHEMONTID:0000265,CHEMONTID:0000000;CHEMONTID:0000264;CHEMONTID:0000265;CHEMONTID:0001137,Organic compounds;Organic acids and derivatives;Carboxylic acids and derivatives;Monocarboxylic acids and derivatives
4758,Amines,0.94,CHEMONTID:0002449,4,CHEMONTID:0000278,CHEMONTID:0000000;CHEMONTID:0004707;CHEMONTID:0000278;CHEMONTID:0002449,Organic compounds;Organic nitrogen compounds;Organonitrogen compounds;Amines
11349,Secondary alcohols,0.82,CHEMONTID:0001661,5,CHEMONTID:0000129,CHEMONTID:0000000;CHEMONTID:0004603;CHEMONTID:0000323;CHEMONTID:0000129;CHEMONTID:0001661,Organic compounds;Organic oxygen compounds;Organooxygen compounds;Alcohols and polyols;Secondary alcohols
18286,Amines,0.95,CHEMONTID:0002449,4,CHEMONTID:0000278,CHEMONTID:0000000;CHEMONTID:0004707;CHEMONTID:0000278;CHEMONTID:0002449,Organic compounds;Organic nitrogen compounds;Organonitrogen compounds;Amines
11622,Alpha amino acids and derivatives,1,CHEMONTID:0000060,6,CHEMONTID:0000347,CHEMONTID:0000000;CHEMONTID:0000264;CHEMONTID:0000265;CHEMONTID:0000013;CHEMONTID:0000347;CHEMONTID:0000060,"Organic compounds;Organic acids and derivatives;Carboxylic acids and derivatives;Amino acids, peptides, and analogues;Amino acids and derivatives;Alpha amino acids and derivatives"
3028,Amines,1,CHEMONTID:0002449,4,CHEMONTID:0000278,CHEMONTID:0000000;CHEMONTID:0004707;CHEMONTID:0000278;CHEMONTID:0002449,Organic compounds;Organic nitrogen compounds;Organonitrogen compounds;Amines
15674,Carbonyl compounds,0.86,CHEMONTID:0001831,4,CHEMONTID:0000323,CHEMONTID:0000000;CHEMONTID:0004603;CHEMONTID:0000323;CHEMONTID:0001831,Organic compounds;Organic oxygen compounds;Organooxygen compounds;Carbonyl compounds
1356,Dialkyl phosphates,1,CHEMONTID:0003459,6,CHEMONTID:0003457,CHEMONTID:0000000;CHEMONTID:0000264;CHEMONTID:0000402;CHEMONTID:0000408;CHEMONTID:0003457;CHEMONTID:0003459,Organic compounds;Organic acids and derivatives;Organic phosphoric acids and derivatives;Phosphate esters;Alkyl phosphates;Dialkyl phosphates
19116,Amines,0.97,CHEMONTID:0002449,4,CHEMONTID:0000278,CHEMONTID:0000000;CHEMONTID:0004707;CHEMONTID:0000278;CHEMONTID:0002449,Organic compounds;Organic nitrogen compounds;Organonitrogen compounds;Amines
13582,"Amino acids, peptides, and analogues",0.98,CHEMONTID:0000013,4,CHEMONTID:0000265,CHEMONTID:0000000;CHEMONTID:0000264;CHEMONTID:0000265;CHEMONTID:0000013,"Organic compounds;Organic acids and derivatives;Carboxylic acids and derivatives;Amino acids, peptides, and analogues"
2194,Trialkylamines,0.93,CHEMONTID:0002239,6,CHEMONTID:0002452,CHEMONTID:0000000;CHEMONTID:0004707;CHEMONTID:0000278;CHEMONTID:0002449;CHEMONTID:0002452;CHEMONTID:0002239,Organic compounds;Organic nitrogen compounds;Organonitrogen compounds;Amines;Tertiary amines;Trialkylamines
8931,Carbonyl compounds,0.94,CHEMONTID:0001831,4,CHEMONTID:0000323,CHEMONTID:0000000;CHEMONTID:0004603;CHEMONTID:0000323;CHEMONTID:0001831,Organic compounds;Organic oxygen compounds;Organooxygen compounds;Carbonyl compounds
15156,Alcohols and polyols,0.96,CHEMONTID:0000129,4,CHEMONTID:0000323,CHEMONTID:0000000;CHEMONTID:0004603;CHEMONTID:0000323;CHEMONTID:0000129,Organic compounds;Organic oxygen compounds;Organooxygen compounds;Alcohols and polyols
10883,Carbonyl compounds,0.85,CHEMONTID:0001831,4,CHEMONTID:0000323,CHEMONTID:0000000;CHEMONTID:0004603;CHEMONTID:0000323;CHEMONTID:0001831,Organic compounds;Organic oxygen compounds;Organooxygen compounds;Carbonyl compounds
7027,Fatty acids and conjugates,0.89,CHEMONTID:0000262,4,CHEMONTID:0003909,CHEMONTID:0000000;CHEMONTID:0000012;CHEMONTID:0003909;CHEMONTID:0000262,Organic compounds;Lipids and lipid-like molecules;Fatty Acyls;Fatty acids and conjugates
6065,Carboxylic acid derivatives,0.86,CHEMONTID:0001093,4,CHEMONTID:0000265,CHEMONTID:0000000;CHEMONTID:0000264;CHEMONTID:0000265;CHEMONTID:0001093,Organic compounds;Organic acids and derivatives;Carboxylic acids and derivatives;Carboxylic acid derivatives
7548,Carbonyl compounds,0.97,CHEMONTID:0001831,4,CHEMONTID:0000323,CHEMONTID:0000000;CHEMONTID:0004603;CHEMONTID:0000323;CHEMONTID:0001831,Organic compounds;Organic oxygen compounds;Organooxygen compounds;Carbonyl compounds
3670,Alcohols and polyols,0.86,CHEMONTID:0000129,4,CHEMONTID:0000323,CHEMONTID:0000000;CHEMONTID:0004603;CHEMONTID:0000323;CHEMONTID:0000129,Organic compounds;Organic oxygen compounds;Organooxygen compounds;Alcohols and polyols
14601,Amines,0.98,CHEMONTID:0002449,4,CHEMONTID:0000278,CHEMONTID:0000000;CHEMONTID:0004707;CHEMONTID:0000278;CHEMONTID:0002449,Organic compounds;Organic nitrogen compounds;Organonitrogen compounds;Amines
3974,Monocarboxylic acids and derivatives,0.86,CHEMONTID:0001137,4,CHEMONTID:0000265,CHEMONTID:0000000;CHEMONTID:0000264;CHEMONTID:0000265;CHEMONTID:0001137,Organic compounds;Organic acids and derivatives;Carboxylic acids and derivatives;Monocarboxylic acids and derivatives
1264,Ethers,0.97,CHEMONTID:0000254,4,CHEMONTID:0000323,CHEMONTID:0000000;CHEMONTID:0004603;CHEMONTID:0000323;CHEMONTID:0000254,Organic compounds;Organic oxygen compounds;Organooxygen compounds;Ethers
5081,Triazoles,0.81,CHEMONTID:0000099,4,CHEMONTID:0000436,CHEMONTID:0000000;CHEMONTID:0000002;CHEMONTID:0000436;CHEMONTID:0000099,Organic compounds;Organoheterocyclic compounds;Azoles;Triazoles
8004,Phosphate esters,0.88,CHEMONTID:0000408,4,CHEMONTID:0000402,CHEMONTID:0000000;CHEMONTID:0000264;CHEMONTID:0000402;CHEMONTID:0000408,Organic compounds;Organic acids and derivatives;Organic phosphoric acids and derivatives;Phosphate esters
18956,Monocarboxylic acids and derivatives,0.88,CHEMONTID:0001137,4,CHEMONTID:0000265,CHEMONTID:0000000;CHEMONTID:0000264;CHEMONTID:0000265;CHEMONTID:0001137,Organic compounds;Organic acids and derivatives;Carboxylic acids and derivatives;Monocarboxylic acids and derivatives
16149,Carboxylic acid derivatives,0.94,CHEMONTID:0001093,4,CHEMONTID:0000265,CHEMONTID:0000000;CHEMONTID:0000264;CHEMONTID:0000265;CHEMONTID:0001093,Organic compounds;Organic acids and derivatives;Carboxylic acids and derivatives;Carboxylic acid derivatives
16985,Carbonyl compounds,0.96,CHEMONTID:0001831,4,CHEMONTID:0000323,CHEMONTID:0000000;CHEMONTID:0004603;CHEMONTID:0000323;CHEMONTID:0001831,Organic compounds;Organic oxygen compounds;Organooxygen compounds;Carbonyl compounds
9368,Carbonyl compounds,0.97,CHEMONTID:0001831,4,CHEMONTID:0000323,CHEMONTID:0000000;CHEMONTID:0004603;CHEMONTID:0000323;CHEMONTID:0001831,Organic compounds;Organic oxygen compounds;Organooxygen compounds;Carbonyl compounds
11963,Carbonyl compounds,0.88,CHEMONTID:0001831,4,CHEMONTID:0000323,CHEMONTID:0000000;CHEMONTID:0004603;CHEMONTID:0000323;CHEMONTID:0001831,Organic compounds;Organic oxygen compounds;Organooxygen compounds;Carbonyl compounds
7818,Ethers,0.98,CHEMONTID:0000254,4,CHEMONTID:0000323,CHEMONTID:0000000;CHEMONTID:0004603;CHEMONTID:0000323;CHEMONTID:0000254,Organic compounds;Organic oxygen compounds;Organooxygen compounds;Ethers
20451,Secondary alcohols,0.94,CHEMONTID:0001661,5,CHEMONTID:0000129,CHEMONTID:0000000;CHEMONTID:0004603;CHEMONTID:0000323;CHEMONTID:0000129;CHEMONTID:0001661,Organic compounds;Organic oxygen compounds;Organooxygen compounds;Alcohols and polyols;Secondary alcohols
3469,Carbonyl compounds,0.89,CHEMONTID:0001831,4,CHEMONTID:0000323,CHEMONTID:0000000;CHEMONTID:0004603;CHEMONTID:0000323;CHEMONTID:0001831,Organic compounds;Organic oxygen compounds;Organooxygen compounds;Carbonyl compounds
18374,Ethers,0.96,CHEMONTID:0000254,4,CHEMONTID:0000323,CHEMONTID:0000000;CHEMONTID:0004603;CHEMONTID:0000323;CHEMONTID:0000254,Organic compounds;Organic oxygen compounds;Organooxygen compounds;Ethers
20432,Carbonyl compounds,0.93,CHEMONTID:0001831,4,CHEMONTID:0000323,CHEMONTID:0000000;CHEMONTID:0004603;CHEMONTID:0000323;CHEMONTID:0001831,Organic compounds;Organic oxygen compounds;Organooxygen compounds;Carbonyl compounds
20556,Alkyl phosphates,0.98,CHEMONTID:0003457,5,CHEMONTID:0000408,CHEMONTID:0000000;CHEMONTID:0000264;CHEMONTID:0000402;CHEMONTID:0000408;CHEMONTID:0003457,Organic compounds;Organic acids and derivatives;Organic phosphoric acids and derivatives;Phosphate esters;Alkyl phosphates
17408,Amines,0.87,CHEMONTID:0002449,4,CHEMONTID:0000278,CHEMONTID:0000000;CHEMONTID:0004707;CHEMONTID:0000278;CHEMONTID:0002449,Organic compounds;Organic nitrogen compounds;Organonitrogen compounds;Amines
7885,Carbonyl compounds,0.88,CHEMONTID:0001831,4,CHEMONTID:0000323,CHEMONTID:0000000;CHEMONTID:0004603;CHEMONTID:0000323;CHEMONTID:0001831,Organic compounds;Organic oxygen compounds;Organooxygen compounds;Carbonyl compounds
5701,Alcohols and polyols,0.83,CHEMONTID:0000129,4,CHEMONTID:0000323,CHEMONTID:0000000;CHEMONTID:0004603;CHEMONTID:0000323;CHEMONTID:0000129,Organic compounds;Organic oxygen compounds;Organooxygen compounds;Alcohols and polyols
4822,Fatty amides,0.9,CHEMONTID:0000331,4,CHEMONTID:0003909,CHEMONTID:0000000;CHEMONTID:0000012;CHEMONTID:0003909;CHEMONTID:0000331,Organic compounds;Lipids and lipid-like molecules;Fatty Acyls;Fatty amides
15883,Alcohols and polyols,0.86,CHEMONTID:0000129,4,CHEMONTID:0000323,CHEMONTID:0000000;CHEMONTID:0004603;CHEMONTID:0000323;CHEMONTID:0000129,Organic compounds;Organic oxygen compounds;Organooxygen compounds;Alcohols and polyols
11162,Alkanolamines,0.81,CHEMONTID:0002460,5,CHEMONTID:0002449,CHEMONTID:0000000;CHEMONTID:0004707;CHEMONTID:0000278;CHEMONTID:0002449;CHEMONTID:0002460,Organic compounds;Organic nitrogen compounds;Organonitrogen compounds;Amines;Alkanolamines
9726,Carboxylic acid derivatives,0.96,CHEMONTID:0001093,4,CHEMONTID:0000265,CHEMONTID:0000000;CHEMONTID:0000264;CHEMONTID:0000265;CHEMONTID:0001093,Organic compounds;Organic acids and derivatives;Carboxylic acids and derivatives;Carboxylic acid derivatives
9919,Carbohydrates and carbohydrate conjugates,0.99,CHEMONTID:0000011,4,CHEMONTID:0000323,CHEMONTID:0000000;CHEMONTID:0004603;CHEMONTID:0000323;CHEMONTID:0000011,Organic compounds;Organic oxygen compounds;Organooxygen compounds;Carbohydrates and carbohydrate conjugates
18003,Carbonyl compounds,0.93,CHEMONTID:0001831,4,CHEMONTID:0000323,CHEMONTID:0000000;CHEMONTID:0004603;CHEMONTID:0000323;CHEMONTID:0001831,Organic compounds;Organic oxygen compounds;Organooxygen compounds;Carbonyl compounds
7657,Carbonyl compounds,0.96,CHEMONTID:0001831,4,CHEMONTID:0000323,CHEMONTID:0000000;CHEMONTID:0004603;CHEMONTID:0000323;CHEMONTID:0001831,Organic compounds;Organic oxygen compounds;Organooxygen compounds;Carbonyl compounds
8502,Monoalkylamines,1,CHEMONTID:0000469,6,CHEMONTID:0002450,CHEMONTID:0000000;CHEMONTID:0004707;CHEMONTID:0000278;CHEMONTID:0002449;CHEMONTID:0002450;CHEMONTID:0000469,Organic compounds;Organic nitrogen compounds;Organonitrogen compounds;Amines;Primary amines;Monoalkylamines
8549,Dialkyl ethers,0.98,CHEMONTID:0001167,5,CHEMONTID:0000254,CHEMONTID:0000000;CHEMONTID:0004603;CHEMONTID:0000323;CHEMONTID:0000254;CHEMONTID:0001167,Organic compounds;Organic oxygen compounds;Organooxygen compounds;Ethers;Dialkyl ethers
7646,Triazoles,0.82,CHEMONTID:0000099,4,CHEMONTID:0000436,CHEMONTID:0000000;CHEMONTID:0000002;CHEMONTID:0000436;CHEMONTID:0000099,Organic compounds;Organoheterocyclic compounds;Azoles;Triazoles
2592,Alcohols and polyols,0.88,CHEMONTID:0000129,4,CHEMONTID:0000323,CHEMONTID:0000000;CHEMONTID:0004603;CHEMONTID:0000323;CHEMONTID:0000129,Organic compounds;Organic oxygen compounds;Organooxygen compounds;Alcohols and polyols
12686,Purines and purine derivatives,0.97,CHEMONTID:0000245,4,CHEMONTID:0001797,CHEMONTID:0000000;CHEMONTID:0000002;CHEMONTID:0001797;CHEMONTID:0000245,Organic compounds;Organoheterocyclic compounds;Imidazopyrimidines;Purines and purine derivatives
6312,Glycosyl compounds,1,CHEMONTID:0002105,5,CHEMONTID:0000011,CHEMONTID:0000000;CHEMONTID:0004603;CHEMONTID:0000323;CHEMONTID:0000011;CHEMONTID:0002105,Organic compounds;Organic oxygen compounds;Organooxygen compounds;Carbohydrates and carbohydrate conjugates;Glycosyl compounds
15549,Alpha amino acids and derivatives,0.99,CHEMONTID:0000060,6,CHEMONTID:0000347,CHEMONTID:0000000;CHEMONTID:0000264;CHEMONTID:0000265;CHEMONTID:0000013;CHEMONTID:0000347;CHEMONTID:0000060,"Organic compounds;Organic acids and derivatives;Carboxylic acids and derivatives;Amino acids, peptides, and analogues;Amino acids and derivatives;Alpha amino acids and derivatives"
20469,Primary amines,0.98,CHEMONTID:0002450,5,CHEMONTID:0002449,CHEMONTID:0000000;CHEMONTID:0004707;CHEMONTID:0000278;CHEMONTID:0002449;CHEMONTID:0002450,Organic compounds;Organic nitrogen compounds;Organonitrogen compounds;Amines;Primary amines
5869,Alcohols and polyols,0.89,CHEMONTID:0000129,4,CHEMONTID:0000323,CHEMONTID:0000000;CHEMONTID:0004603;CHEMONTID:0000323;CHEMONTID:0000129,Organic compounds;Organic oxygen compounds;Organooxygen compounds;Alcohols and polyols
1275,Alcohols and polyols,0.84,CHEMONTID:0000129,4,CHEMONTID:0000323,CHEMONTID:0000000;CHEMONTID:0004603;CHEMONTID:0000323;CHEMONTID:0000129,Organic compounds;Organic oxygen compounds;Organooxygen compounds;Alcohols and polyols
10917,Amines,0.94,CHEMONTID:0002449,4,CHEMONTID:0000278,CHEMONTID:0000000;CHEMONTID:0004707;CHEMONTID:0000278;CHEMONTID:0002449,Organic compounds;Organic nitrogen compounds;Organonitrogen compounds;Amines
13029,Carbonyl compounds,0.94,CHEMONTID:0001831,4,CHEMONTID:0000323,CHEMONTID:0000000;CHEMONTID:0004603;CHEMONTID:0000323;CHEMONTID:0001831,Organic compounds;Organic oxygen compounds;Organooxygen compounds;Carbonyl compounds
13762,Carbonyl compounds,0.94,CHEMONTID:0001831,4,CHEMONTID:0000323,CHEMONTID:0000000;CHEMONTID:0004603;CHEMONTID:0000323;CHEMONTID:0001831,Organic compounds;Organic oxygen compounds;Organooxygen compounds;Carbonyl compounds
2447,Pyrimidines and pyrimidine derivatives,1,CHEMONTID:0000075,4,CHEMONTID:0001346,CHEMONTID:0000000;CHEMONTID:0000002;CHEMONTID:0001346;CHEMONTID:0000075,Organic compounds;Organoheterocyclic compounds;Diazines;Pyrimidines and pyrimidine derivatives
12754,Carbonyl compounds,0.95,CHEMONTID:0001831,4,CHEMONTID:0000323,CHEMONTID:0000000;CHEMONTID:0004603;CHEMONTID:0000323;CHEMONTID:0001831,Organic compounds;Organic oxygen compounds;Organooxygen compounds;Carbonyl compounds
3447,Monoalkylamines,1,CHEMONTID:0000469,6,CHEMONTID:0002450,CHEMONTID:0000000;CHEMONTID:0004707;CHEMONTID:0000278;CHEMONTID:0002449;CHEMONTID:0002450;CHEMONTID:0000469,Organic compounds;Organic nitrogen compounds;Organonitrogen compounds;Amines;Primary amines;Monoalkylamines
3721,"Amino acids, peptides, and analogues",0.98,CHEMONTID:0000013,4,CHEMONTID:0000265,CHEMONTID:0000000;CHEMONTID:0000264;CHEMONTID:0000265;CHEMONTID:0000013,"Organic compounds;Organic acids and derivatives;Carboxylic acids and derivatives;Amino acids, peptides, and analogues"
8265,Primary amines,0.97,CHEMONTID:0002450,5,CHEMONTID:0002449,CHEMONTID:0000000;CHEMONTID:0004707;CHEMONTID:0000278;CHEMONTID:0002449;CHEMONTID:0002450,Organic compounds;Organic nitrogen compounds;Organonitrogen compounds;Amines;Primary amines
4881,Carbonyl compounds,0.89,CHEMONTID:0001831,4,CHEMONTID:0000323,CHEMONTID:0000000;CHEMONTID:0004603;CHEMONTID:0000323;CHEMONTID:0001831,Organic compounds;Organic oxygen compounds;Organooxygen compounds;Carbonyl compounds
13868,Ethers,1,CHEMONTID:0000254,4,CHEMONTID:0000323,CHEMONTID:0000000;CHEMONTID:0004603;CHEMONTID:0000323;CHEMONTID:0000254,Organic compounds;Organic oxygen compounds;Organooxygen compounds;Ethers
11640,Monoalkylamines,1,CHEMONTID:0000469,6,CHEMONTID:0002450,CHEMONTID:0000000;CHEMONTID:0004707;CHEMONTID:0000278;CHEMONTID:0002449;CHEMONTID:0002450;CHEMONTID:0000469,Organic compounds;Organic nitrogen compounds;Organonitrogen compounds;Amines;Primary amines;Monoalkylamines
20141,Primary amines,0.89,CHEMONTID:0002450,5,CHEMONTID:0002449,CHEMONTID:0000000;CHEMONTID:0004707;CHEMONTID:0000278;CHEMONTID:0002449;CHEMONTID:0002450,Organic compounds;Organic nitrogen compounds;Organonitrogen compounds;Amines;Primary amines
3039,Carbonyl compounds,0.84,CHEMONTID:0001831,4,CHEMONTID:0000323,CHEMONTID:0000000;CHEMONTID:0004603;CHEMONTID:0000323;CHEMONTID:0001831,Organic compounds;Organic oxygen compounds;Organooxygen compounds;Carbonyl compounds
11396,Amines,0.98,CHEMONTID:0002449,4,CHEMONTID:0000278,CHEMONTID:0000000;CHEMONTID:0004707;CHEMONTID:0000278;CHEMONTID:0002449,Organic compounds;Organic nitrogen compounds;Organonitrogen compounds;Amines
6907,Dialkyl ethers,0.92,CHEMONTID:0001167,5,CHEMONTID:0000254,CHEMONTID:0000000;CHEMONTID:0004603;CHEMONTID:0000323;CHEMONTID:0000254;CHEMONTID:0001167,Organic compounds;Organic oxygen compounds;Organooxygen compounds;Ethers;Dialkyl ethers
14891,Monoalkylamines,0.99,CHEMONTID:0000469,6,CHEMONTID:0002450,CHEMONTID:0000000;CHEMONTID:0004707;CHEMONTID:0000278;CHEMONTID:0002449;CHEMONTID:0002450;CHEMONTID:0000469,Organic compounds;Organic nitrogen compounds;Organonitrogen compounds;Amines;Primary amines;Monoalkylamines
7449,Carboxylic acid derivatives,0.96,CHEMONTID:0001093,4,CHEMONTID:0000265,CHEMONTID:0000000;CHEMONTID:0000264;CHEMONTID:0000265;CHEMONTID:0001093,Organic compounds;Organic acids and derivatives;Carboxylic acids and derivatives;Carboxylic acid derivatives
12837,Carbonyl compounds,0.88,CHEMONTID:0001831,4,CHEMONTID:0000323,CHEMONTID:0000000;CHEMONTID:0004603;CHEMONTID:0000323;CHEMONTID:0001831,Organic compounds;Organic oxygen compounds;Organooxygen compounds;Carbonyl compounds
7559,Carbonyl compounds,0.92,CHEMONTID:0001831,4,CHEMONTID:0000323,CHEMONTID:0000000;CHEMONTID:0004603;CHEMONTID:0000323;CHEMONTID:0001831,Organic compounds;Organic oxygen compounds;Organooxygen compounds;Carbonyl compounds
7498,Carbonyl compounds,0.85,CHEMONTID:0001831,4,CHEMONTID:0000323,CHEMONTID:0000000;CHEMONTID:0004603;CHEMONTID:0000323;CHEMONTID:0001831,Organic compounds;Organic oxygen compounds;Organooxygen compounds;Carbonyl compounds
850,Alcohols and polyols,0.9,CHEMONTID:0000129,4,CHEMONTID:0000323,CHEMONTID:0000000;CHEMONTID:0004603;CHEMONTID:0000323;CHEMONTID:0000129,Organic compounds;Organic oxygen compounds;Organooxygen compounds;Alcohols and polyols
18249,Carbonyl compounds,0.93,CHEMONTID:0001831,4,CHEMONTID:0000323,CHEMONTID:0000000;CHEMONTID:0004603;CHEMONTID:0000323;CHEMONTID:0001831,Organic compounds;Organic oxygen compounds;Organooxygen compounds;Carbonyl compounds
11663,Monoalkylamines,0.96,CHEMONTID:0000469,6,CHEMONTID:0002450,CHEMONTID:0000000;CHEMONTID:0004707;CHEMONTID:0000278;CHEMONTID:0002449;CHEMONTID:0002450;CHEMONTID:0000469,Organic compounds;Organic nitrogen compounds;Organonitrogen compounds;Amines;Primary amines;Monoalkylamines
15399,Alpha amino acids and derivatives,1,CHEMONTID:0000060,6,CHEMONTID:0000347,CHEMONTID:0000000;CHEMONTID:0000264;CHEMONTID:0000265;CHEMONTID:0000013;CHEMONTID:0000347;CHEMONTID:0000060,"Organic compounds;Organic acids and derivatives;Carboxylic acids and derivatives;Amino acids, peptides, and analogues;Amino acids and derivatives;Alpha amino acids and derivatives"
6349,Carbonyl compounds,0.94,CHEMONTID:0001831,4,CHEMONTID:0000323,CHEMONTID:0000000;CHEMONTID:0004603;CHEMONTID:0000323;CHEMONTID:0001831,Organic compounds;Organic oxygen compounds;Organooxygen compounds;Carbonyl compounds
11636,Organic nitro compounds,0.98,CHEMONTID:0001152,4,CHEMONTID:0003631,CHEMONTID:0000000;CHEMONTID:0003630;CHEMONTID:0003631;CHEMONTID:0001152,"Organic compounds;Organic 1,3-dipolar compounds;Allyl-type 1,3-dipolar organic compounds;Organic nitro compounds"
2185,Amines,0.97,CHEMONTID:0002449,4,CHEMONTID:0000278,CHEMONTID:0000000;CHEMONTID:0004707;CHEMONTID:0000278;CHEMONTID:0002449,Organic compounds;Organic nitrogen compounds;Organonitrogen compounds;Amines
19157,Carbohydrates and carbohydrate conjugates,0.99,CHEMONTID:0000011,4,CHEMONTID:0000323,CHEMONTID:0000000;CHEMONTID:0004603;CHEMONTID:0000323;CHEMONTID:0000011,Organic compounds;Organic oxygen compounds;Organooxygen compounds;Carbohydrates and carbohydrate conjugates
16861,Amines,0.99,CHEMONTID:0002449,4,CHEMONTID:0000278,CHEMONTID:0000000;CHEMONTID:0004707;CHEMONTID:0000278;CHEMONTID:0002449,Organic compounds;Organic nitrogen compounds;Organonitrogen compounds;Amines
16480,Amines,0.93,CHEMONTID:0002449,4,CHEMONTID:0000278,CHEMONTID:0000000;CHEMONTID:0004707;CHEMONTID:0000278;CHEMONTID:0002449,Organic compounds;Organic nitrogen compounds;Organonitrogen compounds;Amines
18034,Primary amines,1,CHEMONTID:0002450,5,CHEMONTID:0002449,CHEMONTID:0000000;CHEMONTID:0004707;CHEMONTID:0000278;CHEMONTID:0002449;CHEMONTID:0002450,Organic compounds;Organic nitrogen compounds;Organonitrogen compounds;Amines;Primary amines
1038,Trialkylamines,0.86,CHEMONTID:0002239,6,CHEMONTID:0002452,CHEMONTID:0000000;CHEMONTID:0004707;CHEMONTID:0000278;CHEMONTID:0002449;CHEMONTID:0002452;CHEMONTID:0002239,Organic compounds;Organic nitrogen compounds;Organonitrogen compounds;Amines;Tertiary amines;Trialkylamines
11345,Carbonyl compounds,0.84,CHEMONTID:0001831,4,CHEMONTID:0000323,CHEMONTID:0000000;CHEMONTID:0004603;CHEMONTID:0000323;CHEMONTID:0001831,Organic compounds;Organic oxygen compounds;Organooxygen compounds;Carbonyl compounds
14103,Alcohols and polyols,0.84,CHEMONTID:0000129,4,CHEMONTID:0000323,CHEMONTID:0000000;CHEMONTID:0004603;CHEMONTID:0000323;CHEMONTID:0000129,Organic compounds;Organic oxygen compounds;Organooxygen compounds;Alcohols and polyols
2386,Guanidines,0.89,CHEMONTID:0000375,4,CHEMONTID:0000278,CHEMONTID:0000000;CHEMONTID:0004707;CHEMONTID:0000278;CHEMONTID:0000375,Organic compounds;Organic nitrogen compounds;Organonitrogen compounds;Guanidines
12272,Alkyl phosphates,0.99,CHEMONTID:0003457,5,CHEMONTID:0000408,CHEMONTID:0000000;CHEMONTID:0000264;CHEMONTID:0000402;CHEMONTID:0000408;CHEMONTID:0003457,Organic compounds;Organic acids and derivatives;Organic phosphoric acids and derivatives;Phosphate esters;Alkyl phosphates
4575,Carbonyl compounds,0.95,CHEMONTID:0001831,4,CHEMONTID:0000323,CHEMONTID:0000000;CHEMONTID:0004603;CHEMONTID:0000323;CHEMONTID:0001831,Organic compounds;Organic oxygen compounds;Organooxygen compounds;Carbonyl compounds
3893,Primary amines,0.98,CHEMONTID:0002450,5,CHEMONTID:0002449,CHEMONTID:0000000;CHEMONTID:0004707;CHEMONTID:0000278;CHEMONTID:0002449;CHEMONTID:0002450,Organic compounds;Organic nitrogen compounds;Organonitrogen compounds;Amines;Primary amines
7232,Carbonyl compounds,0.93,CHEMONTID:0001831,4,CHEMONTID:0000323,CHEMONTID:0000000;CHEMONTID:0004603;CHEMONTID:0000323;CHEMONTID:0001831,Organic compounds;Organic oxygen compounds;Organooxygen compounds;Carbonyl compounds
2998,Carbohydrates and carbohydrate conjugates,0.99,CHEMONTID:0000011,4,CHEMONTID:0000323,CHEMONTID:0000000;CHEMONTID:0004603;CHEMONTID:0000323;CHEMONTID:0000011,Organic compounds;Organic oxygen compounds;Organooxygen compounds;Carbohydrates and carbohydrate conjugates
7387,Primary amines,0.95,CHEMONTID:0002450,5,CHEMONTID:0002449,CHEMONTID:0000000;CHEMONTID:0004707;CHEMONTID:0000278;CHEMONTID:0002449;CHEMONTID:0002450,Organic compounds;Organic nitrogen compounds;Organonitrogen compounds;Amines;Primary amines
17207,Carbonyl compounds,0.98,CHEMONTID:0001831,4,CHEMONTID:0000323,CHEMONTID:0000000;CHEMONTID:0004603;CHEMONTID:0000323;CHEMONTID:0001831,Organic compounds;Organic oxygen compounds;Organooxygen compounds;Carbonyl compounds
2950,Carbonyl compounds,0.99,CHEMONTID:0001831,4,CHEMONTID:0000323,CHEMONTID:0000000;CHEMONTID:0004603;CHEMONTID:0000323;CHEMONTID:0001831,Organic compounds;Organic oxygen compounds;Organooxygen compounds;Carbonyl compounds
17303,Amines,0.99,CHEMONTID:0002449,4,CHEMONTID:0000278,CHEMONTID:0000000;CHEMONTID:0004707;CHEMONTID:0000278;CHEMONTID:0002449,Organic compounds;Organic nitrogen compounds;Organonitrogen compounds;Amines
6157,Carbonyl compounds,0.91,CHEMONTID:0001831,4,CHEMONTID:0000323,CHEMONTID:0000000;CHEMONTID:0004603;CHEMONTID:0000323;CHEMONTID:0001831,Organic compounds;Organic oxygen compounds;Organooxygen compounds;Carbonyl compounds
11984,Monoalkylamines,1,CHEMONTID:0000469,6,CHEMONTID:0002450,CHEMONTID:0000000;CHEMONTID:0004707;CHEMONTID:0000278;CHEMONTID:0002449;CHEMONTID:0002450;CHEMONTID:0000469,Organic compounds;Organic nitrogen compounds;Organonitrogen compounds;Amines;Primary amines;Monoalkylamines
18196,Amines,0.95,CHEMONTID:0002449,4,CHEMONTID:0000278,CHEMONTID:0000000;CHEMONTID:0004707;CHEMONTID:0000278;CHEMONTID:0002449,Organic compounds;Organic nitrogen compounds;Organonitrogen compounds;Amines
7742,Primary amines,0.95,CHEMONTID:0002450,5,CHEMONTID:0002449,CHEMONTID:0000000;CHEMONTID:0004707;CHEMONTID:0000278;CHEMONTID:0002449;CHEMONTID:0002450,Organic compounds;Organic nitrogen compounds;Organonitrogen compounds;Amines;Primary amines
15628,Monoalkylamines,1,CHEMONTID:0000469,6,CHEMONTID:0002450,CHEMONTID:0000000;CHEMONTID:0004707;CHEMONTID:0000278;CHEMONTID:0002449;CHEMONTID:0002450;CHEMONTID:0000469,Organic compounds;Organic nitrogen compounds;Organonitrogen compounds;Amines;Primary amines;Monoalkylamines
7989,Pyranones and derivatives,0.86,CHEMONTID:0000481,4,CHEMONTID:0000086,CHEMONTID:0000000;CHEMONTID:0000002;CHEMONTID:0000086;CHEMONTID:0000481,Organic compounds;Organoheterocyclic compounds;Pyrans;Pyranones and derivatives
5965,Carboxylic acid derivatives,0.92,CHEMONTID:0001093,4,CHEMONTID:0000265,CHEMONTID:0000000;CHEMONTID:0000264;CHEMONTID:0000265;CHEMONTID:0001093,Organic compounds;Organic acids and derivatives;Carboxylic acids and derivatives;Carboxylic acid derivatives
167,Carbonyl compounds,0.91,CHEMONTID:0001831,4,CHEMONTID:0000323,CHEMONTID:0000000;CHEMONTID:0004603;CHEMONTID:0000323;CHEMONTID:0001831,Organic compounds;Organic oxygen compounds;Organooxygen compounds;Carbonyl compounds
18255,"Amino acids, peptides, and analogues",0.97,CHEMONTID:0000013,4,CHEMONTID:0000265,CHEMONTID:0000000;CHEMONTID:0000264;CHEMONTID:0000265;CHEMONTID:0000013,"Organic compounds;Organic acids and derivatives;Carboxylic acids and derivatives;Amino acids, peptides, and analogues"
12401,Alcohols and polyols,0.93,CHEMONTID:0000129,4,CHEMONTID:0000323,CHEMONTID:0000000;CHEMONTID:0004603;CHEMONTID:0000323;CHEMONTID:0000129,Organic compounds;Organic oxygen compounds;Organooxygen compounds;Alcohols and polyols
5076,N-substituted imidazoles,0.96,CHEMONTID:0002311,6,CHEMONTID:0002310,CHEMONTID:0000000;CHEMONTID:0000002;CHEMONTID:0000436;CHEMONTID:0000078;CHEMONTID:0002310;CHEMONTID:0002311,Organic compounds;Organoheterocyclic compounds;Azoles;Imidazoles;Substituted imidazoles;N-substituted imidazoles
8669,Monocarboxylic acids and derivatives,0.85,CHEMONTID:0001137,4,CHEMONTID:0000265,CHEMONTID:0000000;CHEMONTID:0000264;CHEMONTID:0000265;CHEMONTID:0001137,Organic compounds;Organic acids and derivatives;Carboxylic acids and derivatives;Monocarboxylic acids and derivatives
8461,Carbonyl compounds,0.97,CHEMONTID:0001831,4,CHEMONTID:0000323,CHEMONTID:0000000;CHEMONTID:0004603;CHEMONTID:0000323;CHEMONTID:0001831,Organic compounds;Organic oxygen compounds;Organooxygen compounds;Carbonyl compounds
5197,Glycosylamines,1,CHEMONTID:0002203,6,CHEMONTID:0002105,CHEMONTID:0000000;CHEMONTID:0004603;CHEMONTID:0000323;CHEMONTID:0000011;CHEMONTID:0002105;CHEMONTID:0002203,Organic compounds;Organic oxygen compounds;Organooxygen compounds;Carbohydrates and carbohydrate conjugates;Glycosyl compounds;Glycosylamines
19457,Amines,0.98,CHEMONTID:0002449,4,CHEMONTID:0000278,CHEMONTID:0000000;CHEMONTID:0004707;CHEMONTID:0000278;CHEMONTID:0002449,Organic compounds;Organic nitrogen compounds;Organonitrogen compounds;Amines
14787,Carbonyl compounds,0.92,CHEMONTID:0001831,4,CHEMONTID:0000323,CHEMONTID:0000000;CHEMONTID:0004603;CHEMONTID:0000323;CHEMONTID:0001831,Organic compounds;Organic oxygen compounds;Organooxygen compounds;Carbonyl compounds
7930,Carbonyl compounds,0.86,CHEMONTID:0001831,4,CHEMONTID:0000323,CHEMONTID:0000000;CHEMONTID:0004603;CHEMONTID:0000323;CHEMONTID:0001831,Organic compounds;Organic oxygen compounds;Organooxygen compounds;Carbonyl compounds
8799,Carbonyl compounds,0.93,CHEMONTID:0001831,4,CHEMONTID:0000323,CHEMONTID:0000000;CHEMONTID:0004603;CHEMONTID:0000323;CHEMONTID:0001831,Organic compounds;Organic oxygen compounds;Organooxygen compounds;Carbonyl compounds
6507,Alcohols and polyols,0.98,CHEMONTID:0000129,4,CHEMONTID:0000323,CHEMONTID:0000000;CHEMONTID:0004603;CHEMONTID:0000323;CHEMONTID:0000129,Organic compounds;Organic oxygen compounds;Organooxygen compounds;Alcohols and polyols
7664,Carbonyl compounds,0.9,CHEMONTID:0001831,4,CHEMONTID:0000323,CHEMONTID:0000000;CHEMONTID:0004603;CHEMONTID:0000323;CHEMONTID:0001831,Organic compounds;Organic oxygen compounds;Organooxygen compounds;Carbonyl compounds
13035,Carbonyl compounds,0.96,CHEMONTID:0001831,4,CHEMONTID:0000323,CHEMONTID:0000000;CHEMONTID:0004603;CHEMONTID:0000323;CHEMONTID:0001831,Organic compounds;Organic oxygen compounds;Organooxygen compounds;Carbonyl compounds
19188,Alcohols and polyols,0.9,CHEMONTID:0000129,4,CHEMONTID:0000323,CHEMONTID:0000000;CHEMONTID:0004603;CHEMONTID:0000323;CHEMONTID:0000129,Organic compounds;Organic oxygen compounds;Organooxygen compounds;Alcohols and polyols
7732,Carbonyl compounds,0.96,CHEMONTID:0001831,4,CHEMONTID:0000323,CHEMONTID:0000000;CHEMONTID:0004603;CHEMONTID:0000323;CHEMONTID:0001831,Organic compounds;Organic oxygen compounds;Organooxygen compounds;Carbonyl compounds
13675,Carbonyl compounds,0.96,CHEMONTID:0001831,4,CHEMONTID:0000323,CHEMONTID:0000000;CHEMONTID:0004603;CHEMONTID:0000323;CHEMONTID:0001831,Organic compounds;Organic oxygen compounds;Organooxygen compounds;Carbonyl compounds
18946,Monoalkylamines,0.91,CHEMONTID:0000469,6,CHEMONTID:0002450,CHEMONTID:0000000;CHEMONTID:0004707;CHEMONTID:0000278;CHEMONTID:0002449;CHEMONTID:0002450;CHEMONTID:0000469,Organic compounds;Organic nitrogen compounds;Organonitrogen compounds;Amines;Primary amines;Monoalkylamines
9962,Pyridinium derivatives,0.81,CHEMONTID:0001764,4,CHEMONTID:0000089,CHEMONTID:0000000;CHEMONTID:0000002;CHEMONTID:0000089;CHEMONTID:0001764,Organic compounds;Organoheterocyclic compounds;Pyridines and derivatives;Pyridinium derivatives
8329,Monocarboxylic acids and derivatives,0.86,CHEMONTID:0001137,4,CHEMONTID:0000265,CHEMONTID:0000000;CHEMONTID:0000264;CHEMONTID:0000265;CHEMONTID:0001137,Organic compounds;Organic acids and derivatives;Carboxylic acids and derivatives;Monocarboxylic acids and derivatives
17368,Carbonyl compounds,0.97,CHEMONTID:0001831,4,CHEMONTID:0000323,CHEMONTID:0000000;CHEMONTID:0004603;CHEMONTID:0000323;CHEMONTID:0001831,Organic compounds;Organic oxygen compounds;Organooxygen compounds;Carbonyl compounds
13831,6-aminopurines,1,CHEMONTID:0002987,5,CHEMONTID:0000245,CHEMONTID:0000000;CHEMONTID:0000002;CHEMONTID:0001797;CHEMONTID:0000245;CHEMONTID:0002987,Organic compounds;Organoheterocyclic compounds;Imidazopyrimidines;Purines and purine derivatives;6-aminopurines
18128,Ethers,0.85,CHEMONTID:0000254,4,CHEMONTID:0000323,CHEMONTID:0000000;CHEMONTID:0004603;CHEMONTID:0000323;CHEMONTID:0000254,Organic compounds;Organic oxygen compounds;Organooxygen compounds;Ethers
6876,Carbonyl compounds,0.98,CHEMONTID:0001831,4,CHEMONTID:0000323,CHEMONTID:0000000;CHEMONTID:0004603;CHEMONTID:0000323;CHEMONTID:0001831,Organic compounds;Organic oxygen compounds;Organooxygen compounds;Carbonyl compounds
17529,Benzoyl derivatives,0.88,CHEMONTID:0000321,4,CHEMONTID:0002279,CHEMONTID:0000000;CHEMONTID:0002448;CHEMONTID:0002279;CHEMONTID:0000321,Organic compounds;Benzenoids;Benzene and substituted derivatives;Benzoyl derivatives
3626,Carboxylic acid derivatives,0.96,CHEMONTID:0001093,4,CHEMONTID:0000265,CHEMONTID:0000000;CHEMONTID:0000264;CHEMONTID:0000265;CHEMONTID:0001093,Organic compounds;Organic acids and derivatives;Carboxylic acids and derivatives;Carboxylic acid derivatives
19902,Guanidines,0.86,CHEMONTID:0000375,4,CHEMONTID:0000278,CHEMONTID:0000000;CHEMONTID:0004707;CHEMONTID:0000278;CHEMONTID:0000375,Organic compounds;Organic nitrogen compounds;Organonitrogen compounds;Guanidines
16229,Amines,0.88,CHEMONTID:0002449,4,CHEMONTID:0000278,CHEMONTID:0000000;CHEMONTID:0004707;CHEMONTID:0000278;CHEMONTID:0002449,Organic compounds;Organic nitrogen compounds;Organonitrogen compounds;Amines
11021,Dialkyl ethers,0.97,CHEMONTID:0001167,5,CHEMONTID:0000254,CHEMONTID:0000000;CHEMONTID:0004603;CHEMONTID:0000323;CHEMONTID:0000254;CHEMONTID:0001167,Organic compounds;Organic oxygen compounds;Organooxygen compounds;Ethers;Dialkyl ethers
5708,Pyrimidines and pyrimidine derivatives,0.99,CHEMONTID:0000075,4,CHEMONTID:0001346,CHEMONTID:0000000;CHEMONTID:0000002;CHEMONTID:0001346;CHEMONTID:0000075,Organic compounds;Organoheterocyclic compounds;Diazines;Pyrimidines and pyrimidine derivatives
5674,Carbonyl compounds,0.91,CHEMONTID:0001831,4,CHEMONTID:0000323,CHEMONTID:0000000;CHEMONTID:0004603;CHEMONTID:0000323;CHEMONTID:0001831,Organic compounds;Organic oxygen compounds;Organooxygen compounds;Carbonyl compounds
12551,Carbonyl compounds,0.92,CHEMONTID:0001831,4,CHEMONTID:0000323,CHEMONTID:0000000;CHEMONTID:0004603;CHEMONTID:0000323;CHEMONTID:0001831,Organic compounds;Organic oxygen compounds;Organooxygen compounds;Carbonyl compounds
15543,"Amino acids, peptides, and analogues",0.93,CHEMONTID:0000013,4,CHEMONTID:0000265,CHEMONTID:0000000;CHEMONTID:0000264;CHEMONTID:0000265;CHEMONTID:0000013,"Organic compounds;Organic acids and derivatives;Carboxylic acids and derivatives;Amino acids, peptides, and analogues"
10964,Amines,0.99,CHEMONTID:0002449,4,CHEMONTID:0000278,CHEMONTID:0000000;CHEMONTID:0004707;CHEMONTID:0000278;CHEMONTID:0002449,Organic compounds;Organic nitrogen compounds;Organonitrogen compounds;Amines
15437,Substituted imidazoles,0.95,CHEMONTID:0002310,5,CHEMONTID:0000078,CHEMONTID:0000000;CHEMONTID:0000002;CHEMONTID:0000436;CHEMONTID:0000078;CHEMONTID:0002310,Organic compounds;Organoheterocyclic compounds;Azoles;Imidazoles;Substituted imidazoles
6867,Pyrimidines and pyrimidine derivatives,0.99,CHEMONTID:0000075,4,CHEMONTID:0001346,CHEMONTID:0000000;CHEMONTID:0000002;CHEMONTID:0001346;CHEMONTID:0000075,Organic compounds;Organoheterocyclic compounds;Diazines;Pyrimidines and pyrimidine derivatives
9973,Primary amines,0.92,CHEMONTID:0002450,5,CHEMONTID:0002449,CHEMONTID:0000000;CHEMONTID:0004707;CHEMONTID:0000278;CHEMONTID:0002449;CHEMONTID:0002450,Organic compounds;Organic nitrogen compounds;Organonitrogen compounds;Amines;Primary amines
13747,Carbonyl compounds,0.95,CHEMONTID:0001831,4,CHEMONTID:0000323,CHEMONTID:0000000;CHEMONTID:0004603;CHEMONTID:0000323;CHEMONTID:0001831,Organic compounds;Organic oxygen compounds;Organooxygen compounds;Carbonyl compounds
9221,Carbonyl compounds,0.97,CHEMONTID:0001831,4,CHEMONTID:0000323,CHEMONTID:0000000;CHEMONTID:0004603;CHEMONTID:0000323;CHEMONTID:0001831,Organic compounds;Organic oxygen compounds;Organooxygen compounds;Carbonyl compounds
7583,Carbonyl compounds,0.85,CHEMONTID:0001831,4,CHEMONTID:0000323,CHEMONTID:0000000;CHEMONTID:0004603;CHEMONTID:0000323;CHEMONTID:0001831,Organic compounds;Organic oxygen compounds;Organooxygen compounds;Carbonyl compounds
14633,Carboxylic acid derivatives,1,CHEMONTID:0001093,4,CHEMONTID:0000265,CHEMONTID:0000000;CHEMONTID:0000264;CHEMONTID:0000265;CHEMONTID:0001093,Organic compounds;Organic acids and derivatives;Carboxylic acids and derivatives;Carboxylic acid derivatives
5134,Amines,0.98,CHEMONTID:0002449,4,CHEMONTID:0000278,CHEMONTID:0000000;CHEMONTID:0004707;CHEMONTID:0000278;CHEMONTID:0002449,Organic compounds;Organic nitrogen compounds;Organonitrogen compounds;Amines
19164,Carbonyl compounds,0.91,CHEMONTID:0001831,4,CHEMONTID:0000323,CHEMONTID:0000000;CHEMONTID:0004603;CHEMONTID:0000323;CHEMONTID:0001831,Organic compounds;Organic oxygen compounds;Organooxygen compounds;Carbonyl compounds
11076,Amines,0.98,CHEMONTID:0002449,4,CHEMONTID:0000278,CHEMONTID:0000000;CHEMONTID:0004707;CHEMONTID:0000278;CHEMONTID:0002449,Organic compounds;Organic nitrogen compounds;Organonitrogen compounds;Amines
5719,Dialkyl ethers,0.98,CHEMONTID:0001167,5,CHEMONTID:0000254,CHEMONTID:0000000;CHEMONTID:0004603;CHEMONTID:0000323;CHEMONTID:0000254;CHEMONTID:0001167,Organic compounds;Organic oxygen compounds;Organooxygen compounds;Ethers;Dialkyl ethers
17705,Carboxylic acid derivatives,0.97,CHEMONTID:0001093,4,CHEMONTID:0000265,CHEMONTID:0000000;CHEMONTID:0000264;CHEMONTID:0000265;CHEMONTID:0001093,Organic compounds;Organic acids and derivatives;Carboxylic acids and derivatives;Carboxylic acid derivatives
13790,Carbonyl compounds,0.9,CHEMONTID:0001831,4,CHEMONTID:0000323,CHEMONTID:0000000;CHEMONTID:0004603;CHEMONTID:0000323;CHEMONTID:0001831,Organic compounds;Organic oxygen compounds;Organooxygen compounds;Carbonyl compounds
15802,Amines,0.83,CHEMONTID:0002449,4,CHEMONTID:0000278,CHEMONTID:0000000;CHEMONTID:0004707;CHEMONTID:0000278;CHEMONTID:0002449,Organic compounds;Organic nitrogen compounds;Organonitrogen compounds;Amines
1834,Ethers,0.95,CHEMONTID:0000254,4,CHEMONTID:0000323,CHEMONTID:0000000;CHEMONTID:0004603;CHEMONTID:0000323;CHEMONTID:0000254,Organic compounds;Organic oxygen compounds;Organooxygen compounds;Ethers
13944,Amines,0.98,CHEMONTID:0002449,4,CHEMONTID:0000278,CHEMONTID:0000000;CHEMONTID:0004707;CHEMONTID:0000278;CHEMONTID:0002449,Organic compounds;Organic nitrogen compounds;Organonitrogen compounds;Amines
11685,Monoalkylamines,0.98,CHEMONTID:0000469,6,CHEMONTID:0002450,CHEMONTID:0000000;CHEMONTID:0004707;CHEMONTID:0000278;CHEMONTID:0002449;CHEMONTID:0002450;CHEMONTID:0000469,Organic compounds;Organic nitrogen compounds;Organonitrogen compounds;Amines;Primary amines;Monoalkylamines
7675,Amines,0.98,CHEMONTID:0002449,4,CHEMONTID:0000278,CHEMONTID:0000000;CHEMONTID:0004707;CHEMONTID:0000278;CHEMONTID:0002449,Organic compounds;Organic nitrogen compounds;Organonitrogen compounds;Amines
18687,Carboxylic acid derivatives,0.93,CHEMONTID:0001093,4,CHEMONTID:0000265,CHEMONTID:0000000;CHEMONTID:0000264;CHEMONTID:0000265;CHEMONTID:0001093,Organic compounds;Organic acids and derivatives;Carboxylic acids and derivatives;Carboxylic acid derivatives
15559,"Amino acids, peptides, and analogues",0.81,CHEMONTID:0000013,4,CHEMONTID:0000265,CHEMONTID:0000000;CHEMONTID:0000264;CHEMONTID:0000265;CHEMONTID:0000013,"Organic compounds;Organic acids and derivatives;Carboxylic acids and derivatives;Amino acids, peptides, and analogues"
16504,Carbonyl compounds,0.94,CHEMONTID:0001831,4,CHEMONTID:0000323,CHEMONTID:0000000;CHEMONTID:0004603;CHEMONTID:0000323;CHEMONTID:0001831,Organic compounds;Organic oxygen compounds;Organooxygen compounds;Carbonyl compounds
3485,Carbonyl compounds,0.83,CHEMONTID:0001831,4,CHEMONTID:0000323,CHEMONTID:0000000;CHEMONTID:0004603;CHEMONTID:0000323;CHEMONTID:0001831,Organic compounds;Organic oxygen compounds;Organooxygen compounds;Carbonyl compounds
15970,Trialkylamines,0.89,CHEMONTID:0002239,6,CHEMONTID:0002452,CHEMONTID:0000000;CHEMONTID:0004707;CHEMONTID:0000278;CHEMONTID:0002449;CHEMONTID:0002452;CHEMONTID:0002239,Organic compounds;Organic nitrogen compounds;Organonitrogen compounds;Amines;Tertiary amines;Trialkylamines
16487,Dialkyl ethers,0.99,CHEMONTID:0001167,5,CHEMONTID:0000254,CHEMONTID:0000000;CHEMONTID:0004603;CHEMONTID:0000323;CHEMONTID:0000254;CHEMONTID:0001167,Organic compounds;Organic oxygen compounds;Organooxygen compounds;Ethers;Dialkyl ethers
9463,Carbonyl compounds,0.96,CHEMONTID:0001831,4,CHEMONTID:0000323,CHEMONTID:0000000;CHEMONTID:0004603;CHEMONTID:0000323;CHEMONTID:0001831,Organic compounds;Organic oxygen compounds;Organooxygen compounds;Carbonyl compounds
7940,Primary amines,0.98,CHEMONTID:0002450,5,CHEMONTID:0002449,CHEMONTID:0000000;CHEMONTID:0004707;CHEMONTID:0000278;CHEMONTID:0002449;CHEMONTID:0002450,Organic compounds;Organic nitrogen compounds;Organonitrogen compounds;Amines;Primary amines
8842,Carbonyl compounds,0.83,CHEMONTID:0001831,4,CHEMONTID:0000323,CHEMONTID:0000000;CHEMONTID:0004603;CHEMONTID:0000323;CHEMONTID:0001831,Organic compounds;Organic oxygen compounds;Organooxygen compounds;Carbonyl compounds
8991,Carboxylic acid derivatives,0.94,CHEMONTID:0001093,4,CHEMONTID:0000265,CHEMONTID:0000000;CHEMONTID:0000264;CHEMONTID:0000265;CHEMONTID:0001093,Organic compounds;Organic acids and derivatives;Carboxylic acids and derivatives;Carboxylic acid derivatives
19859,Alkyl phosphates,0.99,CHEMONTID:0003457,5,CHEMONTID:0000408,CHEMONTID:0000000;CHEMONTID:0000264;CHEMONTID:0000402;CHEMONTID:0000408;CHEMONTID:0003457,Organic compounds;Organic acids and derivatives;Organic phosphoric acids and derivatives;Phosphate esters;Alkyl phosphates
9402,Amines,0.94,CHEMONTID:0002449,4,CHEMONTID:0000278,CHEMONTID:0000000;CHEMONTID:0004707;CHEMONTID:0000278;CHEMONTID:0002449,Organic compounds;Organic nitrogen compounds;Organonitrogen compounds;Amines
20735,Carboxylic acid derivatives,0.85,CHEMONTID:0001093,4,CHEMONTID:0000265,CHEMONTID:0000000;CHEMONTID:0000264;CHEMONTID:0000265;CHEMONTID:0001093,Organic compounds;Organic acids and derivatives;Carboxylic acids and derivatives;Carboxylic acid derivatives
5186,Carbonyl compounds,0.83,CHEMONTID:0001831,4,CHEMONTID:0000323,CHEMONTID:0000000;CHEMONTID:0004603;CHEMONTID:0000323;CHEMONTID:0001831,Organic compounds;Organic oxygen compounds;Organooxygen compounds;Carbonyl compounds
16490,Carboxylic acid derivatives,0.96,CHEMONTID:0001093,4,CHEMONTID:0000265,CHEMONTID:0000000;CHEMONTID:0000264;CHEMONTID:0000265;CHEMONTID:0001093,Organic compounds;Organic acids and derivatives;Carboxylic acids and derivatives;Carboxylic acid derivatives
10889,Amines,1,CHEMONTID:0002449,4,CHEMONTID:0000278,CHEMONTID:0000000;CHEMONTID:0004707;CHEMONTID:0000278;CHEMONTID:0002449,Organic compounds;Organic nitrogen compounds;Organonitrogen compounds;Amines
14076,"1,3,5-triazines",0.99,CHEMONTID:0004105,4,CHEMONTID:0000098,CHEMONTID:0000000;CHEMONTID:0000002;CHEMONTID:0000098;CHEMONTID:0004105,"Organic compounds;Organoheterocyclic compounds;Triazines;1,3,5-triazines"
19582,Carboxylic acid derivatives,0.95,CHEMONTID:0001093,4,CHEMONTID:0000265,CHEMONTID:0000000;CHEMONTID:0000264;CHEMONTID:0000265;CHEMONTID:0001093,Organic compounds;Organic acids and derivatives;Carboxylic acids and derivatives;Carboxylic acid derivatives
11355,Guanidines,0.96,CHEMONTID:0000375,4,CHEMONTID:0000278,CHEMONTID:0000000;CHEMONTID:0004707;CHEMONTID:0000278;CHEMONTID:0000375,Organic compounds;Organic nitrogen compounds;Organonitrogen compounds;Guanidines
19173,Carbonyl compounds,0.95,CHEMONTID:0001831,4,CHEMONTID:0000323,CHEMONTID:0000000;CHEMONTID:0004603;CHEMONTID:0000323;CHEMONTID:0001831,Organic compounds;Organic oxygen compounds;Organooxygen compounds;Carbonyl compounds
3538,Amines,0.88,CHEMONTID:0002449,4,CHEMONTID:0000278,CHEMONTID:0000000;CHEMONTID:0004707;CHEMONTID:0000278;CHEMONTID:0002449,Organic compounds;Organic nitrogen compounds;Organonitrogen compounds;Amines
7396,Amines,0.96,CHEMONTID:0002449,4,CHEMONTID:0000278,CHEMONTID:0000000;CHEMONTID:0004707;CHEMONTID:0000278;CHEMONTID:0002449,Organic compounds;Organic nitrogen compounds;Organonitrogen compounds;Amines
9536,Carboxylic acid derivatives,0.82,CHEMONTID:0001093,4,CHEMONTID:0000265,CHEMONTID:0000000;CHEMONTID:0000264;CHEMONTID:0000265;CHEMONTID:0001093,Organic compounds;Organic acids and derivatives;Carboxylic acids and derivatives;Carboxylic acid derivatives
19147,Monoalkylamines,1,CHEMONTID:0000469,6,CHEMONTID:0002450,CHEMONTID:0000000;CHEMONTID:0004707;CHEMONTID:0000278;CHEMONTID:0002449;CHEMONTID:0002450;CHEMONTID:0000469,Organic compounds;Organic nitrogen compounds;Organonitrogen compounds;Amines;Primary amines;Monoalkylamines
6926,Monoalkylamines,0.99,CHEMONTID:0000469,6,CHEMONTID:0002450,CHEMONTID:0000000;CHEMONTID:0004707;CHEMONTID:0000278;CHEMONTID:0002449;CHEMONTID:0002450;CHEMONTID:0000469,Organic compounds;Organic nitrogen compounds;Organonitrogen compounds;Amines;Primary amines;Monoalkylamines
16348,Alcohols and polyols,0.94,CHEMONTID:0000129,4,CHEMONTID:0000323,CHEMONTID:0000000;CHEMONTID:0004603;CHEMONTID:0000323;CHEMONTID:0000129,Organic compounds;Organic oxygen compounds;Organooxygen compounds;Alcohols and polyols
306,Amines,0.94,CHEMONTID:0002449,4,CHEMONTID:0000278,CHEMONTID:0000000;CHEMONTID:0004707;CHEMONTID:0000278;CHEMONTID:0002449,Organic compounds;Organic nitrogen compounds;Organonitrogen compounds;Amines
13787,Amines,0.94,CHEMONTID:0002449,4,CHEMONTID:0000278,CHEMONTID:0000000;CHEMONTID:0004707;CHEMONTID:0000278;CHEMONTID:0002449,Organic compounds;Organic nitrogen compounds;Organonitrogen compounds;Amines
16420,Ethers,0.99,CHEMONTID:0000254,4,CHEMONTID:0000323,CHEMONTID:0000000;CHEMONTID:0004603;CHEMONTID:0000323;CHEMONTID:0000254,Organic compounds;Organic oxygen compounds;Organooxygen compounds;Ethers
4369,Olefins,0.94,CHEMONTID:0002838,4,CHEMONTID:0004475,CHEMONTID:0000000;CHEMONTID:0002837;CHEMONTID:0004475;CHEMONTID:0002838,Organic compounds;Hydrocarbons;Unsaturated hydrocarbons;Olefins
16770,Carboxylic acid derivatives,0.99,CHEMONTID:0001093,4,CHEMONTID:0000265,CHEMONTID:0000000;CHEMONTID:0000264;CHEMONTID:0000265;CHEMONTID:0001093,Organic compounds;Organic acids and derivatives;Carboxylic acids and derivatives;Carboxylic acid derivatives
10404,Carbonyl compounds,1,CHEMONTID:0001831,4,CHEMONTID:0000323,CHEMONTID:0000000;CHEMONTID:0004603;CHEMONTID:0000323;CHEMONTID:0001831,Organic compounds;Organic oxygen compounds;Organooxygen compounds;Carbonyl compounds
1307,Alcohols and polyols,0.9,CHEMONTID:0000129,4,CHEMONTID:0000323,CHEMONTID:0000000;CHEMONTID:0004603;CHEMONTID:0000323;CHEMONTID:0000129,Organic compounds;Organic oxygen compounds;Organooxygen compounds;Alcohols and polyols
17428,Primary amines,0.96,CHEMONTID:0002450,5,CHEMONTID:0002449,CHEMONTID:0000000;CHEMONTID:0004707;CHEMONTID:0000278;CHEMONTID:0002449;CHEMONTID:0002450,Organic compounds;Organic nitrogen compounds;Organonitrogen compounds;Amines;Primary amines
6400,Carbonyl compounds,0.98,CHEMONTID:0001831,4,CHEMONTID:0000323,CHEMONTID:0000000;CHEMONTID:0004603;CHEMONTID:0000323;CHEMONTID:0001831,Organic compounds;Organic oxygen compounds;Organooxygen compounds;Carbonyl compounds
10630,Amines,0.94,CHEMONTID:0002449,4,CHEMONTID:0000278,CHEMONTID:0000000;CHEMONTID:0004707;CHEMONTID:0000278;CHEMONTID:0002449,Organic compounds;Organic nitrogen compounds;Organonitrogen compounds;Amines
20412,Carbonyl compounds,0.94,CHEMONTID:0001831,4,CHEMONTID:0000323,CHEMONTID:0000000;CHEMONTID:0004603;CHEMONTID:0000323;CHEMONTID:0001831,Organic compounds;Organic oxygen compounds;Organooxygen compounds;Carbonyl compounds
8197,Carbonyl compounds,0.91,CHEMONTID:0001831,4,CHEMONTID:0000323,CHEMONTID:0000000;CHEMONTID:0004603;CHEMONTID:0000323;CHEMONTID:0001831,Organic compounds;Organic oxygen compounds;Organooxygen compounds;Carbonyl compounds
20050,Alkyl phosphates,0.98,CHEMONTID:0003457,5,CHEMONTID:0000408,CHEMONTID:0000000;CHEMONTID:0000264;CHEMONTID:0000402;CHEMONTID:0000408;CHEMONTID:0003457,Organic compounds;Organic acids and derivatives;Organic phosphoric acids and derivatives;Phosphate esters;Alkyl phosphates
5715,Carbonyl compounds,0.87,CHEMONTID:0001831,4,CHEMONTID:0000323,CHEMONTID:0000000;CHEMONTID:0004603;CHEMONTID:0000323;CHEMONTID:0001831,Organic compounds;Organic oxygen compounds;Organooxygen compounds;Carbonyl compounds
13259,Carbonyl compounds,0.87,CHEMONTID:0001831,4,CHEMONTID:0000323,CHEMONTID:0000000;CHEMONTID:0004603;CHEMONTID:0000323;CHEMONTID:0001831,Organic compounds;Organic oxygen compounds;Organooxygen compounds;Carbonyl compounds
18436,Ethers,0.89,CHEMONTID:0000254,4,CHEMONTID:0000323,CHEMONTID:0000000;CHEMONTID:0004603;CHEMONTID:0000323;CHEMONTID:0000254,Organic compounds;Organic oxygen compounds;Organooxygen compounds;Ethers
17500,Carbonyl compounds,0.94,CHEMONTID:0001831,4,CHEMONTID:0000323,CHEMONTID:0000000;CHEMONTID:0004603;CHEMONTID:0000323;CHEMONTID:0001831,Organic compounds;Organic oxygen compounds;Organooxygen compounds;Carbonyl compounds
9585,Monoalkylamines,0.9,CHEMONTID:0000469,6,CHEMONTID:0002450,CHEMONTID:0000000;CHEMONTID:0004707;CHEMONTID:0000278;CHEMONTID:0002449;CHEMONTID:0002450;CHEMONTID:0000469,Organic compounds;Organic nitrogen compounds;Organonitrogen compounds;Amines;Primary amines;Monoalkylamines
11520,Monoalkylamines,0.88,CHEMONTID:0000469,6,CHEMONTID:0002450,CHEMONTID:0000000;CHEMONTID:0004707;CHEMONTID:0000278;CHEMONTID:0002449;CHEMONTID:0002450;CHEMONTID:0000469,Organic compounds;Organic nitrogen compounds;Organonitrogen compounds;Amines;Primary amines;Monoalkylamines
18085,Carbohydrates and carbohydrate conjugates,1,CHEMONTID:0000011,4,CHEMONTID:0000323,CHEMONTID:0000000;CHEMONTID:0004603;CHEMONTID:0000323;CHEMONTID:0000011,Organic compounds;Organic oxygen compounds;Organooxygen compounds;Carbohydrates and carbohydrate conjugates
14558,Amines,0.97,CHEMONTID:0002449,4,CHEMONTID:0000278,CHEMONTID:0000000;CHEMONTID:0004707;CHEMONTID:0000278;CHEMONTID:0002449,Organic compounds;Organic nitrogen compounds;Organonitrogen compounds;Amines
415,Primary amines,0.98,CHEMONTID:0002450,5,CHEMONTID:0002449,CHEMONTID:0000000;CHEMONTID:0004707;CHEMONTID:0000278;CHEMONTID:0002449;CHEMONTID:0002450,Organic compounds;Organic nitrogen compounds;Organonitrogen compounds;Amines;Primary amines
14867,Phosphate esters,0.98,CHEMONTID:0000408,4,CHEMONTID:0000402,CHEMONTID:0000000;CHEMONTID:0000264;CHEMONTID:0000402;CHEMONTID:0000408,Organic compounds;Organic acids and derivatives;Organic phosphoric acids and derivatives;Phosphate esters
16661,Dialkyl ethers,0.99,CHEMONTID:0001167,5,CHEMONTID:0000254,CHEMONTID:0000000;CHEMONTID:0004603;CHEMONTID:0000323;CHEMONTID:0000254;CHEMONTID:0001167,Organic compounds;Organic oxygen compounds;Organooxygen compounds;Ethers;Dialkyl ethers
6644,Monoalkylamines,1,CHEMONTID:0000469,6,CHEMONTID:0002450,CHEMONTID:0000000;CHEMONTID:0004707;CHEMONTID:0000278;CHEMONTID:0002449;CHEMONTID:0002450;CHEMONTID:0000469,Organic compounds;Organic nitrogen compounds;Organonitrogen compounds;Amines;Primary amines;Monoalkylamines
13624,Carbonyl compounds,0.89,CHEMONTID:0001831,4,CHEMONTID:0000323,CHEMONTID:0000000;CHEMONTID:0004603;CHEMONTID:0000323;CHEMONTID:0001831,Organic compounds;Organic oxygen compounds;Organooxygen compounds;Carbonyl compounds
9667,Carbonyl compounds,0.84,CHEMONTID:0001831,4,CHEMONTID:0000323,CHEMONTID:0000000;CHEMONTID:0004603;CHEMONTID:0000323;CHEMONTID:0001831,Organic compounds;Organic oxygen compounds;Organooxygen compounds;Carbonyl compounds
7624,Carboxylic acid derivatives,0.97,CHEMONTID:0001093,4,CHEMONTID:0000265,CHEMONTID:0000000;CHEMONTID:0000264;CHEMONTID:0000265;CHEMONTID:0001093,Organic compounds;Organic acids and derivatives;Carboxylic acids and derivatives;Carboxylic acid derivatives
3422,Carbonyl compounds,0.99,CHEMONTID:0001831,4,CHEMONTID:0000323,CHEMONTID:0000000;CHEMONTID:0004603;CHEMONTID:0000323;CHEMONTID:0001831,Organic compounds;Organic oxygen compounds;Organooxygen compounds;Carbonyl compounds
13072,Carbonyl compounds,0.88,CHEMONTID:0001831,4,CHEMONTID:0000323,CHEMONTID:0000000;CHEMONTID:0004603;CHEMONTID:0000323;CHEMONTID:0001831,Organic compounds;Organic oxygen compounds;Organooxygen compounds;Carbonyl compounds
2327,Primary amines,0.87,CHEMONTID:0002450,5,CHEMONTID:0002449,CHEMONTID:0000000;CHEMONTID:0004707;CHEMONTID:0000278;CHEMONTID:0002449;CHEMONTID:0002450,Organic compounds;Organic nitrogen compounds;Organonitrogen compounds;Amines;Primary amines
3327,Imidazoles,0.93,CHEMONTID:0000078,4,CHEMONTID:0000436,CHEMONTID:0000000;CHEMONTID:0000002;CHEMONTID:0000436;CHEMONTID:0000078,Organic compounds;Organoheterocyclic compounds;Azoles;Imidazoles
6198,Pyrimidines and pyrimidine derivatives,0.99,CHEMONTID:0000075,4,CHEMONTID:0001346,CHEMONTID:0000000;CHEMONTID:0000002;CHEMONTID:0001346;CHEMONTID:0000075,Organic compounds;Organoheterocyclic compounds;Diazines;Pyrimidines and pyrimidine derivatives
14485,Pyrimidines and pyrimidine derivatives,0.97,CHEMONTID:0000075,4,CHEMONTID:0001346,CHEMONTID:0000000;CHEMONTID:0000002;CHEMONTID:0001346;CHEMONTID:0000075,Organic compounds;Organoheterocyclic compounds;Diazines;Pyrimidines and pyrimidine derivatives
15378,Alkyl phosphates,0.98,CHEMONTID:0003457,5,CHEMONTID:0000408,CHEMONTID:0000000;CHEMONTID:0000264;CHEMONTID:0000402;CHEMONTID:0000408;CHEMONTID:0003457,Organic compounds;Organic acids and derivatives;Organic phosphoric acids and derivatives;Phosphate esters;Alkyl phosphates
20695,Imidazoles,0.91,CHEMONTID:0000078,4,CHEMONTID:0000436,CHEMONTID:0000000;CHEMONTID:0000002;CHEMONTID:0000436;CHEMONTID:0000078,Organic compounds;Organoheterocyclic compounds;Azoles;Imidazoles
17817,Ethers,0.82,CHEMONTID:0000254,4,CHEMONTID:0000323,CHEMONTID:0000000;CHEMONTID:0004603;CHEMONTID:0000323;CHEMONTID:0000254,Organic compounds;Organic oxygen compounds;Organooxygen compounds;Ethers
12983,Dialkyl phosphates,1,CHEMONTID:0003459,6,CHEMONTID:0003457,CHEMONTID:0000000;CHEMONTID:0000264;CHEMONTID:0000402;CHEMONTID:0000408;CHEMONTID:0003457;CHEMONTID:0003459,Organic compounds;Organic acids and derivatives;Organic phosphoric acids and derivatives;Phosphate esters;Alkyl phosphates;Dialkyl phosphates
6305,Amines,0.97,CHEMONTID:0002449,4,CHEMONTID:0000278,CHEMONTID:0000000;CHEMONTID:0004707;CHEMONTID:0000278;CHEMONTID:0002449,Organic compounds;Organic nitrogen compounds;Organonitrogen compounds;Amines
15644,Guanidines,0.99,CHEMONTID:0000375,4,CHEMONTID:0000278,CHEMONTID:0000000;CHEMONTID:0004707;CHEMONTID:0000278;CHEMONTID:0000375,Organic compounds;Organic nitrogen compounds;Organonitrogen compounds;Guanidines
2649,"Amino acids, peptides, and analogues",0.91,CHEMONTID:0000013,4,CHEMONTID:0000265,CHEMONTID:0000000;CHEMONTID:0000264;CHEMONTID:0000265;CHEMONTID:0000013,"Organic compounds;Organic acids and derivatives;Carboxylic acids and derivatives;Amino acids, peptides, and analogues"
18708,Carbonyl compounds,0.87,CHEMONTID:0001831,4,CHEMONTID:0000323,CHEMONTID:0000000;CHEMONTID:0004603;CHEMONTID:0000323;CHEMONTID:0001831,Organic compounds;Organic oxygen compounds;Organooxygen compounds;Carbonyl compounds
3534,Pyrimidines and pyrimidine derivatives,0.85,CHEMONTID:0000075,4,CHEMONTID:0001346,CHEMONTID:0000000;CHEMONTID:0000002;CHEMONTID:0001346;CHEMONTID:0000075,Organic compounds;Organoheterocyclic compounds;Diazines;Pyrimidines and pyrimidine derivatives
17730,Carbonyl compounds,0.82,CHEMONTID:0001831,4,CHEMONTID:0000323,CHEMONTID:0000000;CHEMONTID:0004603;CHEMONTID:0000323;CHEMONTID:0001831,Organic compounds;Organic oxygen compounds;Organooxygen compounds;Carbonyl compounds
13324,Primary amines,0.93,CHEMONTID:0002450,5,CHEMONTID:0002449,CHEMONTID:0000000;CHEMONTID:0004707;CHEMONTID:0000278;CHEMONTID:0002449;CHEMONTID:0002450,Organic compounds;Organic nitrogen compounds;Organonitrogen compounds;Amines;Primary amines
645,Carboxylic acid amides,0.82,CHEMONTID:0000475,5,CHEMONTID:0001093,CHEMONTID:0000000;CHEMONTID:0000264;CHEMONTID:0000265;CHEMONTID:0001093;CHEMONTID:0000475,Organic compounds;Organic acids and derivatives;Carboxylic acids and derivatives;Carboxylic acid derivatives;Carboxylic acid amides
9732,Primary amines,0.98,CHEMONTID:0002450,5,CHEMONTID:0002449,CHEMONTID:0000000;CHEMONTID:0004707;CHEMONTID:0000278;CHEMONTID:0002449;CHEMONTID:0002450,Organic compounds;Organic nitrogen compounds;Organonitrogen compounds;Amines;Primary amines
2812,Phosphate esters,0.87,CHEMONTID:0000408,4,CHEMONTID:0000402,CHEMONTID:0000000;CHEMONTID:0000264;CHEMONTID:0000402;CHEMONTID:0000408,Organic compounds;Organic acids and derivatives;Organic phosphoric acids and derivatives;Phosphate esters
10189,Alcohols and polyols,1,CHEMONTID:0000129,4,CHEMONTID:0000323,CHEMONTID:0000000;CHEMONTID:0004603;CHEMONTID:0000323;CHEMONTID:0000129,Organic compounds;Organic oxygen compounds;Organooxygen compounds;Alcohols and polyols
618,Alkyl phosphates,0.91,CHEMONTID:0003457,5,CHEMONTID:0000408,CHEMONTID:0000000;CHEMONTID:0000264;CHEMONTID:0000402;CHEMONTID:0000408;CHEMONTID:0003457,Organic compounds;Organic acids and derivatives;Organic phosphoric acids and derivatives;Phosphate esters;Alkyl phosphates
9590,Carbonyl compounds,0.95,CHEMONTID:0001831,4,CHEMONTID:0000323,CHEMONTID:0000000;CHEMONTID:0004603;CHEMONTID:0000323;CHEMONTID:0001831,Organic compounds;Organic oxygen compounds;Organooxygen compounds;Carbonyl compounds
6377,Carbonyl compounds,0.97,CHEMONTID:0001831,4,CHEMONTID:0000323,CHEMONTID:0000000;CHEMONTID:0004603;CHEMONTID:0000323;CHEMONTID:0001831,Organic compounds;Organic oxygen compounds;Organooxygen compounds;Carbonyl compounds
8590,Carbonyl compounds,0.82,CHEMONTID:0001831,4,CHEMONTID:0000323,CHEMONTID:0000000;CHEMONTID:0004603;CHEMONTID:0000323;CHEMONTID:0001831,Organic compounds;Organic oxygen compounds;Organooxygen compounds;Carbonyl compounds
12498,Phosphate esters,0.89,CHEMONTID:0000408,4,CHEMONTID:0000402,CHEMONTID:0000000;CHEMONTID:0000264;CHEMONTID:0000402;CHEMONTID:0000408,Organic compounds;Organic acids and derivatives;Organic phosphoric acids and derivatives;Phosphate esters
3341,Monocarboxylic acids and derivatives,0.85,CHEMONTID:0001137,4,CHEMONTID:0000265,CHEMONTID:0000000;CHEMONTID:0000264;CHEMONTID:0000265;CHEMONTID:0001137,Organic compounds;Organic acids and derivatives;Carboxylic acids and derivatives;Monocarboxylic acids and derivatives
4251,Carbonyl compounds,0.88,CHEMONTID:0001831,4,CHEMONTID:0000323,CHEMONTID:0000000;CHEMONTID:0004603;CHEMONTID:0000323;CHEMONTID:0001831,Organic compounds;Organic oxygen compounds;Organooxygen compounds;Carbonyl compounds
2752,Monocarboxylic acids and derivatives,0.97,CHEMONTID:0001137,4,CHEMONTID:0000265,CHEMONTID:0000000;CHEMONTID:0000264;CHEMONTID:0000265;CHEMONTID:0001137,Organic compounds;Organic acids and derivatives;Carboxylic acids and derivatives;Monocarboxylic acids and derivatives
18454,Carboxylic acid derivatives,0.94,CHEMONTID:0001093,4,CHEMONTID:0000265,CHEMONTID:0000000;CHEMONTID:0000264;CHEMONTID:0000265;CHEMONTID:0001093,Organic compounds;Organic acids and derivatives;Carboxylic acids and derivatives;Carboxylic acid derivatives
307,Phosphate esters,1,CHEMONTID:0000408,4,CHEMONTID:0000402,CHEMONTID:0000000;CHEMONTID:0000264;CHEMONTID:0000402;CHEMONTID:0000408,Organic compounds;Organic acids and derivatives;Organic phosphoric acids and derivatives;Phosphate esters
6374,Pyrimidines and pyrimidine derivatives,0.95,CHEMONTID:0000075,4,CHEMONTID:0001346,CHEMONTID:0000000;CHEMONTID:0000002;CHEMONTID:0001346;CHEMONTID:0000075,Organic compounds;Organoheterocyclic compounds;Diazines;Pyrimidines and pyrimidine derivatives
19256,Alcohols and polyols,0.97,CHEMONTID:0000129,4,CHEMONTID:0000323,CHEMONTID:0000000;CHEMONTID:0004603;CHEMONTID:0000323;CHEMONTID:0000129,Organic compounds;Organic oxygen compounds;Organooxygen compounds;Alcohols and polyols
6933,Carbonyl compounds,0.95,CHEMONTID:0001831,4,CHEMONTID:0000323,CHEMONTID:0000000;CHEMONTID:0004603;CHEMONTID:0000323;CHEMONTID:0001831,Organic compounds;Organic oxygen compounds;Organooxygen compounds;Carbonyl compounds
5477,Carboxylic acid derivatives,0.99,CHEMONTID:0001093,4,CHEMONTID:0000265,CHEMONTID:0000000;CHEMONTID:0000264;CHEMONTID:0000265;CHEMONTID:0001093,Organic compounds;Organic acids and derivatives;Carboxylic acids and derivatives;Carboxylic acid derivatives
9423,Dialkyl ethers,0.93,CHEMONTID:0001167,5,CHEMONTID:0000254,CHEMONTID:0000000;CHEMONTID:0004603;CHEMONTID:0000323;CHEMONTID:0000254;CHEMONTID:0001167,Organic compounds;Organic oxygen compounds;Organooxygen compounds;Ethers;Dialkyl ethers
10494,Carbonyl compounds,0.96,CHEMONTID:0001831,4,CHEMONTID:0000323,CHEMONTID:0000000;CHEMONTID:0004603;CHEMONTID:0000323;CHEMONTID:0001831,Organic compounds;Organic oxygen compounds;Organooxygen compounds;Carbonyl compounds
14926,Cysteine and derivatives,0.99,CHEMONTID:0004313,7,CHEMONTID:0000060,CHEMONTID:0000000;CHEMONTID:0000264;CHEMONTID:0000265;CHEMONTID:0000013;CHEMONTID:0000347;CHEMONTID:0000060;CHEMONTID:0004313,"Organic compounds;Organic acids and derivatives;Carboxylic acids and derivatives;Amino acids, peptides, and analogues;Amino acids and derivatives;Alpha amino acids and derivatives;Cysteine and derivatives"
12960,Alcohols and polyols,0.93,CHEMONTID:0000129,4,CHEMONTID:0000323,CHEMONTID:0000000;CHEMONTID:0004603;CHEMONTID:0000323;CHEMONTID:0000129,Organic compounds;Organic oxygen compounds;Organooxygen compounds;Alcohols and polyols
11808,Monocarboxylic acids and derivatives,0.9,CHEMONTID:0001137,4,CHEMONTID:0000265,CHEMONTID:0000000;CHEMONTID:0000264;CHEMONTID:0000265;CHEMONTID:0001137,Organic compounds;Organic acids and derivatives;Carboxylic acids and derivatives;Monocarboxylic acids and derivatives
2551,Carbonyl compounds,0.97,CHEMONTID:0001831,4,CHEMONTID:0000323,CHEMONTID:0000000;CHEMONTID:0004603;CHEMONTID:0000323;CHEMONTID:0001831,Organic compounds;Organic oxygen compounds;Organooxygen compounds;Carbonyl compounds
16826,Amines,0.99,CHEMONTID:0002449,4,CHEMONTID:0000278,CHEMONTID:0000000;CHEMONTID:0004707;CHEMONTID:0000278;CHEMONTID:0002449,Organic compounds;Organic nitrogen compounds;Organonitrogen compounds;Amines
4237,Carbonyl compounds,0.97,CHEMONTID:0001831,4,CHEMONTID:0000323,CHEMONTID:0000000;CHEMONTID:0004603;CHEMONTID:0000323;CHEMONTID:0001831,Organic compounds;Organic oxygen compounds;Organooxygen compounds;Carbonyl compounds
7405,Purines and purine derivatives,0.89,CHEMONTID:0000245,4,CHEMONTID:0001797,CHEMONTID:0000000;CHEMONTID:0000002;CHEMONTID:0001797;CHEMONTID:0000245,Organic compounds;Organoheterocyclic compounds;Imidazopyrimidines;Purines and purine derivatives
7968,Phosphate esters,0.85,CHEMONTID:0000408,4,CHEMONTID:0000402,CHEMONTID:0000000;CHEMONTID:0000264;CHEMONTID:0000402;CHEMONTID:0000408,Organic compounds;Organic acids and derivatives;Organic phosphoric acids and derivatives;Phosphate esters
16005,Amino acids and derivatives,0.89,CHEMONTID:0000347,5,CHEMONTID:0000013,CHEMONTID:0000000;CHEMONTID:0000264;CHEMONTID:0000265;CHEMONTID:0000013;CHEMONTID:0000347,"Organic compounds;Organic acids and derivatives;Carboxylic acids and derivatives;Amino acids, peptides, and analogues;Amino acids and derivatives"
5630,Alcohols and polyols,0.97,CHEMONTID:0000129,4,CHEMONTID:0000323,CHEMONTID:0000000;CHEMONTID:0004603;CHEMONTID:0000323;CHEMONTID:0000129,Organic compounds;Organic oxygen compounds;Organooxygen compounds;Alcohols and polyols
13090,Primary amines,0.82,CHEMONTID:0002450,5,CHEMONTID:0002449,CHEMONTID:0000000;CHEMONTID:0004707;CHEMONTID:0000278;CHEMONTID:0002449;CHEMONTID:0002450,Organic compounds;Organic nitrogen compounds;Organonitrogen compounds;Amines;Primary amines
2345,Primary amines,0.99,CHEMONTID:0002450,5,CHEMONTID:0002449,CHEMONTID:0000000;CHEMONTID:0004707;CHEMONTID:0000278;CHEMONTID:0002449;CHEMONTID:0002450,Organic compounds;Organic nitrogen compounds;Organonitrogen compounds;Amines;Primary amines
18091,Amines,0.98,CHEMONTID:0002449,4,CHEMONTID:0000278,CHEMONTID:0000000;CHEMONTID:0004707;CHEMONTID:0000278;CHEMONTID:0002449,Organic compounds;Organic nitrogen compounds;Organonitrogen compounds;Amines
11534,Primary amines,0.99,CHEMONTID:0002450,5,CHEMONTID:0002449,CHEMONTID:0000000;CHEMONTID:0004707;CHEMONTID:0000278;CHEMONTID:0002449;CHEMONTID:0002450,Organic compounds;Organic nitrogen compounds;Organonitrogen compounds;Amines;Primary amines
7635,Amines,1,CHEMONTID:0002449,4,CHEMONTID:0000278,CHEMONTID:0000000;CHEMONTID:0004707;CHEMONTID:0000278;CHEMONTID:0002449,Organic compounds;Organic nitrogen compounds;Organonitrogen compounds;Amines
11130,Carbonyl compounds,0.86,CHEMONTID:0001831,4,CHEMONTID:0000323,CHEMONTID:0000000;CHEMONTID:0004603;CHEMONTID:0000323;CHEMONTID:0001831,Organic compounds;Organic oxygen compounds;Organooxygen compounds;Carbonyl compounds
12304,Alcohols and polyols,0.96,CHEMONTID:0000129,4,CHEMONTID:0000323,CHEMONTID:0000000;CHEMONTID:0004603;CHEMONTID:0000323;CHEMONTID:0000129,Organic compounds;Organic oxygen compounds;Organooxygen compounds;Alcohols and polyols
11195,Carbonyl compounds,0.97,CHEMONTID:0001831,4,CHEMONTID:0000323,CHEMONTID:0000000;CHEMONTID:0004603;CHEMONTID:0000323;CHEMONTID:0001831,Organic compounds;Organic oxygen compounds;Organooxygen compounds;Carbonyl compounds
13444,Trialkylamines,0.85,CHEMONTID:0002239,6,CHEMONTID:0002452,CHEMONTID:0000000;CHEMONTID:0004707;CHEMONTID:0000278;CHEMONTID:0002449;CHEMONTID:0002452;CHEMONTID:0002239,Organic compounds;Organic nitrogen compounds;Organonitrogen compounds;Amines;Tertiary amines;Trialkylamines
15454,Amines,0.97,CHEMONTID:0002449,4,CHEMONTID:0000278,CHEMONTID:0000000;CHEMONTID:0004707;CHEMONTID:0000278;CHEMONTID:0002449,Organic compounds;Organic nitrogen compounds;Organonitrogen compounds;Amines
10007,Alcohols and polyols,1,CHEMONTID:0000129,4,CHEMONTID:0000323,CHEMONTID:0000000;CHEMONTID:0004603;CHEMONTID:0000323;CHEMONTID:0000129,Organic compounds;Organic oxygen compounds;Organooxygen compounds;Alcohols and polyols
10570,Carbohydrates and carbohydrate conjugates,0.93,CHEMONTID:0000011,4,CHEMONTID:0000323,CHEMONTID:0000000;CHEMONTID:0004603;CHEMONTID:0000323;CHEMONTID:0000011,Organic compounds;Organic oxygen compounds;Organooxygen compounds;Carbohydrates and carbohydrate conjugates
16128,Methyl esters,0.91,CHEMONTID:0003416,6,CHEMONTID:0001238,CHEMONTID:0000000;CHEMONTID:0000264;CHEMONTID:0000265;CHEMONTID:0001093;CHEMONTID:0001238;CHEMONTID:0003416,Organic compounds;Organic acids and derivatives;Carboxylic acids and derivatives;Carboxylic acid derivatives;Carboxylic acid esters;Methyl esters
15777,Carbonyl compounds,0.82,CHEMONTID:0001831,4,CHEMONTID:0000323,CHEMONTID:0000000;CHEMONTID:0004603;CHEMONTID:0000323;CHEMONTID:0001831,Organic compounds;Organic oxygen compounds;Organooxygen compounds;Carbonyl compounds
9858,Amines,0.94,CHEMONTID:0002449,4,CHEMONTID:0000278,CHEMONTID:0000000;CHEMONTID:0004707;CHEMONTID:0000278;CHEMONTID:0002449,Organic compounds;Organic nitrogen compounds;Organonitrogen compounds;Amines
11183,Carbonyl compounds,0.98,CHEMONTID:0001831,4,CHEMONTID:0000323,CHEMONTID:0000000;CHEMONTID:0004603;CHEMONTID:0000323;CHEMONTID:0001831,Organic compounds;Organic oxygen compounds;Organooxygen compounds;Carbonyl compounds
19011,Amines,0.96,CHEMONTID:0002449,4,CHEMONTID:0000278,CHEMONTID:0000000;CHEMONTID:0004707;CHEMONTID:0000278;CHEMONTID:0002449,Organic compounds;Organic nitrogen compounds;Organonitrogen compounds;Amines
8157,Amines,0.99,CHEMONTID:0002449,4,CHEMONTID:0000278,CHEMONTID:0000000;CHEMONTID:0004707;CHEMONTID:0000278;CHEMONTID:0002449,Organic compounds;Organic nitrogen compounds;Organonitrogen compounds;Amines
10364,Carbonyl compounds,0.99,CHEMONTID:0001831,4,CHEMONTID:0000323,CHEMONTID:0000000;CHEMONTID:0004603;CHEMONTID:0000323;CHEMONTID:0001831,Organic compounds;Organic oxygen compounds;Organooxygen compounds;Carbonyl compounds
5678,Phosphate esters,1,CHEMONTID:0000408,4,CHEMONTID:0000402,CHEMONTID:0000000;CHEMONTID:0000264;CHEMONTID:0000402;CHEMONTID:0000408,Organic compounds;Organic acids and derivatives;Organic phosphoric acids and derivatives;Phosphate esters
9905,Carboxylic acid derivatives,0.89,CHEMONTID:0001093,4,CHEMONTID:0000265,CHEMONTID:0000000;CHEMONTID:0000264;CHEMONTID:0000265;CHEMONTID:0001093,Organic compounds;Organic acids and derivatives;Carboxylic acids and derivatives;Carboxylic acid derivatives
19676,Carbonyl compounds,0.91,CHEMONTID:0001831,4,CHEMONTID:0000323,CHEMONTID:0000000;CHEMONTID:0004603;CHEMONTID:0000323;CHEMONTID:0001831,Organic compounds;Organic oxygen compounds;Organooxygen compounds;Carbonyl compounds
16597,Dialkyl ethers,0.93,CHEMONTID:0001167,5,CHEMONTID:0000254,CHEMONTID:0000000;CHEMONTID:0004603;CHEMONTID:0000323;CHEMONTID:0000254;CHEMONTID:0001167,Organic compounds;Organic oxygen compounds;Organooxygen compounds;Ethers;Dialkyl ethers
11290,Alcohols and polyols,0.99,CHEMONTID:0000129,4,CHEMONTID:0000323,CHEMONTID:0000000;CHEMONTID:0004603;CHEMONTID:0000323;CHEMONTID:0000129,Organic compounds;Organic oxygen compounds;Organooxygen compounds;Alcohols and polyols
11008,Carboxylic acid derivatives,0.89,CHEMONTID:0001093,4,CHEMONTID:0000265,CHEMONTID:0000000;CHEMONTID:0000264;CHEMONTID:0000265;CHEMONTID:0001093,Organic compounds;Organic acids and derivatives;Carboxylic acids and derivatives;Carboxylic acid derivatives
3765,"Amino acids, peptides, and analogues",0.91,CHEMONTID:0000013,4,CHEMONTID:0000265,CHEMONTID:0000000;CHEMONTID:0000264;CHEMONTID:0000265;CHEMONTID:0000013,"Organic compounds;Organic acids and derivatives;Carboxylic acids and derivatives;Amino acids, peptides, and analogues"
3403,Carbonyl compounds,0.9,CHEMONTID:0001831,4,CHEMONTID:0000323,CHEMONTID:0000000;CHEMONTID:0004603;CHEMONTID:0000323;CHEMONTID:0001831,Organic compounds;Organic oxygen compounds;Organooxygen compounds;Carbonyl compounds
20059,N-substituted imidazoles,1,CHEMONTID:0002311,6,CHEMONTID:0002310,CHEMONTID:0000000;CHEMONTID:0000002;CHEMONTID:0000436;CHEMONTID:0000078;CHEMONTID:0002310;CHEMONTID:0002311,Organic compounds;Organoheterocyclic compounds;Azoles;Imidazoles;Substituted imidazoles;N-substituted imidazoles
932,6-aminopurines,0.94,CHEMONTID:0002987,5,CHEMONTID:0000245,CHEMONTID:0000000;CHEMONTID:0000002;CHEMONTID:0001797;CHEMONTID:0000245;CHEMONTID:0002987,Organic compounds;Organoheterocyclic compounds;Imidazopyrimidines;Purines and purine derivatives;6-aminopurines
5737,Amines,0.89,CHEMONTID:0002449,4,CHEMONTID:0000278,CHEMONTID:0000000;CHEMONTID:0004707;CHEMONTID:0000278;CHEMONTID:0002449,Organic compounds;Organic nitrogen compounds;Organonitrogen compounds;Amines
19742,Carboxylic acid derivatives,0.99,CHEMONTID:0001093,4,CHEMONTID:0000265,CHEMONTID:0000000;CHEMONTID:0000264;CHEMONTID:0000265;CHEMONTID:0001093,Organic compounds;Organic acids and derivatives;Carboxylic acids and derivatives;Carboxylic acid derivatives
16395,Carbonyl compounds,0.86,CHEMONTID:0001831,4,CHEMONTID:0000323,CHEMONTID:0000000;CHEMONTID:0004603;CHEMONTID:0000323;CHEMONTID:0001831,Organic compounds;Organic oxygen compounds;Organooxygen compounds;Carbonyl compounds
8376,Carbonyl compounds,0.88,CHEMONTID:0001831,4,CHEMONTID:0000323,CHEMONTID:0000000;CHEMONTID:0004603;CHEMONTID:0000323;CHEMONTID:0001831,Organic compounds;Organic oxygen compounds;Organooxygen compounds;Carbonyl compounds
5381,Carbonyl compounds,0.86,CHEMONTID:0001831,4,CHEMONTID:0000323,CHEMONTID:0000000;CHEMONTID:0004603;CHEMONTID:0000323;CHEMONTID:0001831,Organic compounds;Organic oxygen compounds;Organooxygen compounds;Carbonyl compounds
17008,Carbonyl compounds,0.99,CHEMONTID:0001831,4,CHEMONTID:0000323,CHEMONTID:0000000;CHEMONTID:0004603;CHEMONTID:0000323;CHEMONTID:0001831,Organic compounds;Organic oxygen compounds;Organooxygen compounds;Carbonyl compounds
13026,Primary amines,0.96,CHEMONTID:0002450,5,CHEMONTID:0002449,CHEMONTID:0000000;CHEMONTID:0004707;CHEMONTID:0000278;CHEMONTID:0002449;CHEMONTID:0002450,Organic compounds;Organic nitrogen compounds;Organonitrogen compounds;Amines;Primary amines
12043,Carbonyl compounds,0.94,CHEMONTID:0001831,4,CHEMONTID:0000323,CHEMONTID:0000000;CHEMONTID:0004603;CHEMONTID:0000323;CHEMONTID:0001831,Organic compounds;Organic oxygen compounds;Organooxygen compounds;Carbonyl compounds
6525,Carbonyl compounds,0.9,CHEMONTID:0001831,4,CHEMONTID:0000323,CHEMONTID:0000000;CHEMONTID:0004603;CHEMONTID:0000323;CHEMONTID:0001831,Organic compounds;Organic oxygen compounds;Organooxygen compounds;Carbonyl compounds
11506,Carboxylic acid derivatives,0.97,CHEMONTID:0001093,4,CHEMONTID:0000265,CHEMONTID:0000000;CHEMONTID:0000264;CHEMONTID:0000265;CHEMONTID:0001093,Organic compounds;Organic acids and derivatives;Carboxylic acids and derivatives;Carboxylic acid derivatives
9008,Carboxylic acid derivatives,0.87,CHEMONTID:0001093,4,CHEMONTID:0000265,CHEMONTID:0000000;CHEMONTID:0000264;CHEMONTID:0000265;CHEMONTID:0001093,Organic compounds;Organic acids and derivatives;Carboxylic acids and derivatives;Carboxylic acid derivatives
19922,Amino acids and derivatives,0.99,CHEMONTID:0000347,5,CHEMONTID:0000013,CHEMONTID:0000000;CHEMONTID:0000264;CHEMONTID:0000265;CHEMONTID:0000013;CHEMONTID:0000347,"Organic compounds;Organic acids and derivatives;Carboxylic acids and derivatives;Amino acids, peptides, and analogues;Amino acids and derivatives"
11242,Carboxylic acid derivatives,0.97,CHEMONTID:0001093,4,CHEMONTID:0000265,CHEMONTID:0000000;CHEMONTID:0000264;CHEMONTID:0000265;CHEMONTID:0001093,Organic compounds;Organic acids and derivatives;Carboxylic acids and derivatives;Carboxylic acid derivatives
1635,Primary alcohols,0.98,CHEMONTID:0000286,5,CHEMONTID:0000129,CHEMONTID:0000000;CHEMONTID:0004603;CHEMONTID:0000323;CHEMONTID:0000129;CHEMONTID:0000286,Organic compounds;Organic oxygen compounds;Organooxygen compounds;Alcohols and polyols;Primary alcohols
19205,Primary amines,0.96,CHEMONTID:0002450,5,CHEMONTID:0002449,CHEMONTID:0000000;CHEMONTID:0004707;CHEMONTID:0000278;CHEMONTID:0002449;CHEMONTID:0002450,Organic compounds;Organic nitrogen compounds;Organonitrogen compounds;Amines;Primary amines
19980,Primary amines,0.91,CHEMONTID:0002450,5,CHEMONTID:0002449,CHEMONTID:0000000;CHEMONTID:0004707;CHEMONTID:0000278;CHEMONTID:0002449;CHEMONTID:0002450,Organic compounds;Organic nitrogen compounds;Organonitrogen compounds;Amines;Primary amines
6265,Alcohols and polyols,0.81,CHEMONTID:0000129,4,CHEMONTID:0000323,CHEMONTID:0000000;CHEMONTID:0004603;CHEMONTID:0000323;CHEMONTID:0000129,Organic compounds;Organic oxygen compounds;Organooxygen compounds;Alcohols and polyols
7482,Phosphate esters,1,CHEMONTID:0000408,4,CHEMONTID:0000402,CHEMONTID:0000000;CHEMONTID:0000264;CHEMONTID:0000402;CHEMONTID:0000408,Organic compounds;Organic acids and derivatives;Organic phosphoric acids and derivatives;Phosphate esters
8223,6-alkylaminopurines,0.92,CHEMONTID:0003454,6,CHEMONTID:0002987,CHEMONTID:0000000;CHEMONTID:0000002;CHEMONTID:0001797;CHEMONTID:0000245;CHEMONTID:0002987;CHEMONTID:0003454,Organic compounds;Organoheterocyclic compounds;Imidazopyrimidines;Purines and purine derivatives;6-aminopurines;6-alkylaminopurines
1218,Alcohols and polyols,0.91,CHEMONTID:0000129,4,CHEMONTID:0000323,CHEMONTID:0000000;CHEMONTID:0004603;CHEMONTID:0000323;CHEMONTID:0000129,Organic compounds;Organic oxygen compounds;Organooxygen compounds;Alcohols and polyols
18426,Primary amines,0.89,CHEMONTID:0002450,5,CHEMONTID:0002449,CHEMONTID:0000000;CHEMONTID:0004707;CHEMONTID:0000278;CHEMONTID:0002449;CHEMONTID:0002450,Organic compounds;Organic nitrogen compounds;Organonitrogen compounds;Amines;Primary amines
3046,Carbonyl compounds,0.93,CHEMONTID:0001831,4,CHEMONTID:0000323,CHEMONTID:0000000;CHEMONTID:0004603;CHEMONTID:0000323;CHEMONTID:0001831,Organic compounds;Organic oxygen compounds;Organooxygen compounds;Carbonyl compounds
4276,Carbonyl compounds,0.87,CHEMONTID:0001831,4,CHEMONTID:0000323,CHEMONTID:0000000;CHEMONTID:0004603;CHEMONTID:0000323;CHEMONTID:0001831,Organic compounds;Organic oxygen compounds;Organooxygen compounds;Carbonyl compounds
4078,Amines,1,CHEMONTID:0002449,4,CHEMONTID:0000278,CHEMONTID:0000000;CHEMONTID:0004707;CHEMONTID:0000278;CHEMONTID:0002449,Organic compounds;Organic nitrogen compounds;Organonitrogen compounds;Amines
17603,Carbonyl compounds,0.84,CHEMONTID:0001831,4,CHEMONTID:0000323,CHEMONTID:0000000;CHEMONTID:0004603;CHEMONTID:0000323;CHEMONTID:0001831,Organic compounds;Organic oxygen compounds;Organooxygen compounds;Carbonyl compounds
12375,Primary amines,0.91,CHEMONTID:0002450,5,CHEMONTID:0002449,CHEMONTID:0000000;CHEMONTID:0004707;CHEMONTID:0000278;CHEMONTID:0002449;CHEMONTID:0002450,Organic compounds;Organic nitrogen compounds;Organonitrogen compounds;Amines;Primary amines
4033,Carboxylic acid derivatives,0.98,CHEMONTID:0001093,4,CHEMONTID:0000265,CHEMONTID:0000000;CHEMONTID:0000264;CHEMONTID:0000265;CHEMONTID:0001093,Organic compounds;Organic acids and derivatives;Carboxylic acids and derivatives;Carboxylic acid derivatives
6769,N-acyl amines,0.93,CHEMONTID:0001096,5,CHEMONTID:0000331,CHEMONTID:0000000;CHEMONTID:0000012;CHEMONTID:0003909;CHEMONTID:0000331;CHEMONTID:0001096,Organic compounds;Lipids and lipid-like molecules;Fatty Acyls;Fatty amides;N-acyl amines
7272,Carbonyl compounds,0.98,CHEMONTID:0001831,4,CHEMONTID:0000323,CHEMONTID:0000000;CHEMONTID:0004603;CHEMONTID:0000323;CHEMONTID:0001831,Organic compounds;Organic oxygen compounds;Organooxygen compounds;Carbonyl compounds
10255,Carbonyl compounds,0.99,CHEMONTID:0001831,4,CHEMONTID:0000323,CHEMONTID:0000000;CHEMONTID:0004603;CHEMONTID:0000323;CHEMONTID:0001831,Organic compounds;Organic oxygen compounds;Organooxygen compounds;Carbonyl compounds
8363,Carboxylic acid derivatives,0.82,CHEMONTID:0001093,4,CHEMONTID:0000265,CHEMONTID:0000000;CHEMONTID:0000264;CHEMONTID:0000265;CHEMONTID:0001093,Organic compounds;Organic acids and derivatives;Carboxylic acids and derivatives;Carboxylic acid derivatives
14042,Amines,0.88,CHEMONTID:0002449,4,CHEMONTID:0000278,CHEMONTID:0000000;CHEMONTID:0004707;CHEMONTID:0000278;CHEMONTID:0002449,Organic compounds;Organic nitrogen compounds;Organonitrogen compounds;Amines
11802,Phosphate esters,0.82,CHEMONTID:0000408,4,CHEMONTID:0000402,CHEMONTID:0000000;CHEMONTID:0000264;CHEMONTID:0000402;CHEMONTID:0000408,Organic compounds;Organic acids and derivatives;Organic phosphoric acids and derivatives;Phosphate esters
4187,Carbonyl compounds,0.94,CHEMONTID:0001831,4,CHEMONTID:0000323,CHEMONTID:0000000;CHEMONTID:0004603;CHEMONTID:0000323;CHEMONTID:0001831,Organic compounds;Organic oxygen compounds;Organooxygen compounds;Carbonyl compounds
2082,Amines,0.99,CHEMONTID:0002449,4,CHEMONTID:0000278,CHEMONTID:0000000;CHEMONTID:0004707;CHEMONTID:0000278;CHEMONTID:0002449,Organic compounds;Organic nitrogen compounds;Organonitrogen compounds;Amines
14730,Carbonyl compounds,0.91,CHEMONTID:0001831,4,CHEMONTID:0000323,CHEMONTID:0000000;CHEMONTID:0004603;CHEMONTID:0000323;CHEMONTID:0001831,Organic compounds;Organic oxygen compounds;Organooxygen compounds;Carbonyl compounds
16768,Carbonyl compounds,0.99,CHEMONTID:0001831,4,CHEMONTID:0000323,CHEMONTID:0000000;CHEMONTID:0004603;CHEMONTID:0000323;CHEMONTID:0001831,Organic compounds;Organic oxygen compounds;Organooxygen compounds;Carbonyl compounds
1680,Secondary alcohols,0.99,CHEMONTID:0001661,5,CHEMONTID:0000129,CHEMONTID:0000000;CHEMONTID:0004603;CHEMONTID:0000323;CHEMONTID:0000129;CHEMONTID:0001661,Organic compounds;Organic oxygen compounds;Organooxygen compounds;Alcohols and polyols;Secondary alcohols
4091,Monocarboxylic acids and derivatives,0.86,CHEMONTID:0001137,4,CHEMONTID:0000265,CHEMONTID:0000000;CHEMONTID:0000264;CHEMONTID:0000265;CHEMONTID:0001137,Organic compounds;Organic acids and derivatives;Carboxylic acids and derivatives;Monocarboxylic acids and derivatives
12421,Carboxylic acid derivatives,0.87,CHEMONTID:0001093,4,CHEMONTID:0000265,CHEMONTID:0000000;CHEMONTID:0000264;CHEMONTID:0000265;CHEMONTID:0001093,Organic compounds;Organic acids and derivatives;Carboxylic acids and derivatives;Carboxylic acid derivatives
15056,Alpha amino acids,1,CHEMONTID:0002404,7,CHEMONTID:0000060,CHEMONTID:0000000;CHEMONTID:0000264;CHEMONTID:0000265;CHEMONTID:0000013;CHEMONTID:0000347;CHEMONTID:0000060;CHEMONTID:0002404,"Organic compounds;Organic acids and derivatives;Carboxylic acids and derivatives;Amino acids, peptides, and analogues;Amino acids and derivatives;Alpha amino acids and derivatives;Alpha amino acids"
17323,Carbonyl compounds,0.97,CHEMONTID:0001831,4,CHEMONTID:0000323,CHEMONTID:0000000;CHEMONTID:0004603;CHEMONTID:0000323;CHEMONTID:0001831,Organic compounds;Organic oxygen compounds;Organooxygen compounds;Carbonyl compounds
11287,Carboxylic acid derivatives,0.92,CHEMONTID:0001093,4,CHEMONTID:0000265,CHEMONTID:0000000;CHEMONTID:0000264;CHEMONTID:0000265;CHEMONTID:0001093,Organic compounds;Organic acids and derivatives;Carboxylic acids and derivatives;Carboxylic acid derivatives
20685,Carbonyl compounds,0.87,CHEMONTID:0001831,4,CHEMONTID:0000323,CHEMONTID:0000000;CHEMONTID:0004603;CHEMONTID:0000323;CHEMONTID:0001831,Organic compounds;Organic oxygen compounds;Organooxygen compounds;Carbonyl compounds
14121,Alcohols and polyols,0.81,CHEMONTID:0000129,4,CHEMONTID:0000323,CHEMONTID:0000000;CHEMONTID:0004603;CHEMONTID:0000323;CHEMONTID:0000129,Organic compounds;Organic oxygen compounds;Organooxygen compounds;Alcohols and polyols
19269,"Amino acids, peptides, and analogues",1,CHEMONTID:0000013,4,CHEMONTID:0000265,CHEMONTID:0000000;CHEMONTID:0000264;CHEMONTID:0000265;CHEMONTID:0000013,"Organic compounds;Organic acids and derivatives;Carboxylic acids and derivatives;Amino acids, peptides, and analogues"
18069,Carbonyl compounds,0.95,CHEMONTID:0001831,4,CHEMONTID:0000323,CHEMONTID:0000000;CHEMONTID:0004603;CHEMONTID:0000323;CHEMONTID:0001831,Organic compounds;Organic oxygen compounds;Organooxygen compounds;Carbonyl compounds
7197,Carbonyl compounds,0.99,CHEMONTID:0001831,4,CHEMONTID:0000323,CHEMONTID:0000000;CHEMONTID:0004603;CHEMONTID:0000323;CHEMONTID:0001831,Organic compounds;Organic oxygen compounds;Organooxygen compounds;Carbonyl compounds
19346,Aminopyrimidines and derivatives,1,CHEMONTID:0001262,5,CHEMONTID:0000075,CHEMONTID:0000000;CHEMONTID:0000002;CHEMONTID:0001346;CHEMONTID:0000075;CHEMONTID:0001262,Organic compounds;Organoheterocyclic compounds;Diazines;Pyrimidines and pyrimidine derivatives;Aminopyrimidines and derivatives
8080,Amines,0.99,CHEMONTID:0002449,4,CHEMONTID:0000278,CHEMONTID:0000000;CHEMONTID:0004707;CHEMONTID:0000278;CHEMONTID:0002449,Organic compounds;Organic nitrogen compounds;Organonitrogen compounds;Amines
2691,6-aminopurines,0.98,CHEMONTID:0002987,5,CHEMONTID:0000245,CHEMONTID:0000000;CHEMONTID:0000002;CHEMONTID:0001797;CHEMONTID:0000245;CHEMONTID:0002987,Organic compounds;Organoheterocyclic compounds;Imidazopyrimidines;Purines and purine derivatives;6-aminopurines
2717,Carbonyl compounds,0.99,CHEMONTID:0001831,4,CHEMONTID:0000323,CHEMONTID:0000000;CHEMONTID:0004603;CHEMONTID:0000323;CHEMONTID:0001831,Organic compounds;Organic oxygen compounds;Organooxygen compounds;Carbonyl compounds
11304,Amines,0.99,CHEMONTID:0002449,4,CHEMONTID:0000278,CHEMONTID:0000000;CHEMONTID:0004707;CHEMONTID:0000278;CHEMONTID:0002449,Organic compounds;Organic nitrogen compounds;Organonitrogen compounds;Amines
13615,Carbonyl compounds,0.98,CHEMONTID:0001831,4,CHEMONTID:0000323,CHEMONTID:0000000;CHEMONTID:0004603;CHEMONTID:0000323;CHEMONTID:0001831,Organic compounds;Organic oxygen compounds;Organooxygen compounds;Carbonyl compounds
4178,Carbonyl compounds,0.88,CHEMONTID:0001831,4,CHEMONTID:0000323,CHEMONTID:0000000;CHEMONTID:0004603;CHEMONTID:0000323;CHEMONTID:0001831,Organic compounds;Organic oxygen compounds;Organooxygen compounds;Carbonyl compounds
7949,Carbonyl compounds,0.86,CHEMONTID:0001831,4,CHEMONTID:0000323,CHEMONTID:0000000;CHEMONTID:0004603;CHEMONTID:0000323;CHEMONTID:0001831,Organic compounds;Organic oxygen compounds;Organooxygen compounds;Carbonyl compounds
6320,Carboxylic acid derivatives,0.93,CHEMONTID:0001093,4,CHEMONTID:0000265,CHEMONTID:0000000;CHEMONTID:0000264;CHEMONTID:0000265;CHEMONTID:0001093,Organic compounds;Organic acids and derivatives;Carboxylic acids and derivatives;Carboxylic acid derivatives
19352,Carbonyl compounds,0.88,CHEMONTID:0001831,4,CHEMONTID:0000323,CHEMONTID:0000000;CHEMONTID:0004603;CHEMONTID:0000323;CHEMONTID:0001831,Organic compounds;Organic oxygen compounds;Organooxygen compounds;Carbonyl compounds
2857,Guanidines,0.96,CHEMONTID:0000375,4,CHEMONTID:0000278,CHEMONTID:0000000;CHEMONTID:0004707;CHEMONTID:0000278;CHEMONTID:0000375,Organic compounds;Organic nitrogen compounds;Organonitrogen compounds;Guanidines
16377,Carbonyl compounds,0.87,CHEMONTID:0001831,4,CHEMONTID:0000323,CHEMONTID:0000000;CHEMONTID:0004603;CHEMONTID:0000323;CHEMONTID:0001831,Organic compounds;Organic oxygen compounds;Organooxygen compounds;Carbonyl compounds
5379,Carbonyl compounds,0.99,CHEMONTID:0001831,4,CHEMONTID:0000323,CHEMONTID:0000000;CHEMONTID:0004603;CHEMONTID:0000323;CHEMONTID:0001831,Organic compounds;Organic oxygen compounds;Organooxygen compounds;Carbonyl compounds
2680,Carbonyl compounds,0.91,CHEMONTID:0001831,4,CHEMONTID:0000323,CHEMONTID:0000000;CHEMONTID:0004603;CHEMONTID:0000323;CHEMONTID:0001831,Organic compounds;Organic oxygen compounds;Organooxygen compounds;Carbonyl compounds
20217,Fatty acids and conjugates,0.85,CHEMONTID:0000262,4,CHEMONTID:0003909,CHEMONTID:0000000;CHEMONTID:0000012;CHEMONTID:0003909;CHEMONTID:0000262,Organic compounds;Lipids and lipid-like molecules;Fatty Acyls;Fatty acids and conjugates
9896,Amines,0.96,CHEMONTID:0002449,4,CHEMONTID:0000278,CHEMONTID:0000000;CHEMONTID:0004707;CHEMONTID:0000278;CHEMONTID:0002449,Organic compounds;Organic nitrogen compounds;Organonitrogen compounds;Amines
18715,Amines,0.91,CHEMONTID:0002449,4,CHEMONTID:0000278,CHEMONTID:0000000;CHEMONTID:0004707;CHEMONTID:0000278;CHEMONTID:0002449,Organic compounds;Organic nitrogen compounds;Organonitrogen compounds;Amines
6486,Pyrimidines and pyrimidine derivatives,0.97,CHEMONTID:0000075,4,CHEMONTID:0001346,CHEMONTID:0000000;CHEMONTID:0000002;CHEMONTID:0001346;CHEMONTID:0000075,Organic compounds;Organoheterocyclic compounds;Diazines;Pyrimidines and pyrimidine derivatives
16882,Carbonyl compounds,0.9,CHEMONTID:0001831,4,CHEMONTID:0000323,CHEMONTID:0000000;CHEMONTID:0004603;CHEMONTID:0000323;CHEMONTID:0001831,Organic compounds;Organic oxygen compounds;Organooxygen compounds;Carbonyl compounds
14771,Carboxylic acid derivatives,0.92,CHEMONTID:0001093,4,CHEMONTID:0000265,CHEMONTID:0000000;CHEMONTID:0000264;CHEMONTID:0000265;CHEMONTID:0001093,Organic compounds;Organic acids and derivatives;Carboxylic acids and derivatives;Carboxylic acid derivatives
10829,Dialkyl ethers,0.97,CHEMONTID:0001167,5,CHEMONTID:0000254,CHEMONTID:0000000;CHEMONTID:0004603;CHEMONTID:0000323;CHEMONTID:0000254;CHEMONTID:0001167,Organic compounds;Organic oxygen compounds;Organooxygen compounds;Ethers;Dialkyl ethers
6355,Carbonyl compounds,0.86,CHEMONTID:0001831,4,CHEMONTID:0000323,CHEMONTID:0000000;CHEMONTID:0004603;CHEMONTID:0000323;CHEMONTID:0001831,Organic compounds;Organic oxygen compounds;Organooxygen compounds;Carbonyl compounds
14411,Carbonyl compounds,0.92,CHEMONTID:0001831,4,CHEMONTID:0000323,CHEMONTID:0000000;CHEMONTID:0004603;CHEMONTID:0000323;CHEMONTID:0001831,Organic compounds;Organic oxygen compounds;Organooxygen compounds;Carbonyl compounds
6778,Carbonyl compounds,0.95,CHEMONTID:0001831,4,CHEMONTID:0000323,CHEMONTID:0000000;CHEMONTID:0004603;CHEMONTID:0000323;CHEMONTID:0001831,Organic compounds;Organic oxygen compounds;Organooxygen compounds;Carbonyl compounds
13941,Carbonyl compounds,0.91,CHEMONTID:0001831,4,CHEMONTID:0000323,CHEMONTID:0000000;CHEMONTID:0004603;CHEMONTID:0000323;CHEMONTID:0001831,Organic compounds;Organic oxygen compounds;Organooxygen compounds;Carbonyl compounds
18051,Amines,0.99,CHEMONTID:0002449,4,CHEMONTID:0000278,CHEMONTID:0000000;CHEMONTID:0004707;CHEMONTID:0000278;CHEMONTID:0002449,Organic compounds;Organic nitrogen compounds;Organonitrogen compounds;Amines
4080,Methyl esters,0.96,CHEMONTID:0003416,6,CHEMONTID:0001238,CHEMONTID:0000000;CHEMONTID:0000264;CHEMONTID:0000265;CHEMONTID:0001093;CHEMONTID:0001238;CHEMONTID:0003416,Organic compounds;Organic acids and derivatives;Carboxylic acids and derivatives;Carboxylic acid derivatives;Carboxylic acid esters;Methyl esters
14119,Alcohols and polyols,0.96,CHEMONTID:0000129,4,CHEMONTID:0000323,CHEMONTID:0000000;CHEMONTID:0004603;CHEMONTID:0000323;CHEMONTID:0000129,Organic compounds;Organic oxygen compounds;Organooxygen compounds;Alcohols and polyols
14346,Carboxylic acid derivatives,0.93,CHEMONTID:0001093,4,CHEMONTID:0000265,CHEMONTID:0000000;CHEMONTID:0000264;CHEMONTID:0000265;CHEMONTID:0001093,Organic compounds;Organic acids and derivatives;Carboxylic acids and derivatives;Carboxylic acid derivatives
9824,Carbonyl compounds,0.88,CHEMONTID:0001831,4,CHEMONTID:0000323,CHEMONTID:0000000;CHEMONTID:0004603;CHEMONTID:0000323;CHEMONTID:0001831,Organic compounds;Organic oxygen compounds;Organooxygen compounds;Carbonyl compounds
19265,Primary amines,1,CHEMONTID:0002450,5,CHEMONTID:0002449,CHEMONTID:0000000;CHEMONTID:0004707;CHEMONTID:0000278;CHEMONTID:0002449;CHEMONTID:0002450,Organic compounds;Organic nitrogen compounds;Organonitrogen compounds;Amines;Primary amines
13639,Ethers,0.91,CHEMONTID:0000254,4,CHEMONTID:0000323,CHEMONTID:0000000;CHEMONTID:0004603;CHEMONTID:0000323;CHEMONTID:0000254,Organic compounds;Organic oxygen compounds;Organooxygen compounds;Ethers
15600,Primary amines,0.98,CHEMONTID:0002450,5,CHEMONTID:0002449,CHEMONTID:0000000;CHEMONTID:0004707;CHEMONTID:0000278;CHEMONTID:0002449;CHEMONTID:0002450,Organic compounds;Organic nitrogen compounds;Organonitrogen compounds;Amines;Primary amines
3057,Carbonyl compounds,0.98,CHEMONTID:0001831,4,CHEMONTID:0000323,CHEMONTID:0000000;CHEMONTID:0004603;CHEMONTID:0000323;CHEMONTID:0001831,Organic compounds;Organic oxygen compounds;Organooxygen compounds;Carbonyl compounds
10661,Amines,0.95,CHEMONTID:0002449,4,CHEMONTID:0000278,CHEMONTID:0000000;CHEMONTID:0004707;CHEMONTID:0000278;CHEMONTID:0002449,Organic compounds;Organic nitrogen compounds;Organonitrogen compounds;Amines
12802,Carbonyl compounds,0.84,CHEMONTID:0001831,4,CHEMONTID:0000323,CHEMONTID:0000000;CHEMONTID:0004603;CHEMONTID:0000323;CHEMONTID:0001831,Organic compounds;Organic oxygen compounds;Organooxygen compounds;Carbonyl compounds
10017,Carbonyl compounds,0.95,CHEMONTID:0001831,4,CHEMONTID:0000323,CHEMONTID:0000000;CHEMONTID:0004603;CHEMONTID:0000323;CHEMONTID:0001831,Organic compounds;Organic oxygen compounds;Organooxygen compounds;Carbonyl compounds
14552,Amines,1,CHEMONTID:0002449,4,CHEMONTID:0000278,CHEMONTID:0000000;CHEMONTID:0004707;CHEMONTID:0000278;CHEMONTID:0002449,Organic compounds;Organic nitrogen compounds;Organonitrogen compounds;Amines
3366,Amines,0.83,CHEMONTID:0002449,4,CHEMONTID:0000278,CHEMONTID:0000000;CHEMONTID:0004707;CHEMONTID:0000278;CHEMONTID:0002449,Organic compounds;Organic nitrogen compounds;Organonitrogen compounds;Amines
9043,Monoalkylamines,0.93,CHEMONTID:0000469,6,CHEMONTID:0002450,CHEMONTID:0000000;CHEMONTID:0004707;CHEMONTID:0000278;CHEMONTID:0002449;CHEMONTID:0002450;CHEMONTID:0000469,Organic compounds;Organic nitrogen compounds;Organonitrogen compounds;Amines;Primary amines;Monoalkylamines
14640,Carbonyl compounds,0.98,CHEMONTID:0001831,4,CHEMONTID:0000323,CHEMONTID:0000000;CHEMONTID:0004603;CHEMONTID:0000323;CHEMONTID:0001831,Organic compounds;Organic oxygen compounds;Organooxygen compounds;Carbonyl compounds
3501,Alcohols and polyols,0.9,CHEMONTID:0000129,4,CHEMONTID:0000323,CHEMONTID:0000000;CHEMONTID:0004603;CHEMONTID:0000323;CHEMONTID:0000129,Organic compounds;Organic oxygen compounds;Organooxygen compounds;Alcohols and polyols
4612,Carbonyl compounds,0.96,CHEMONTID:0001831,4,CHEMONTID:0000323,CHEMONTID:0000000;CHEMONTID:0004603;CHEMONTID:0000323;CHEMONTID:0001831,Organic compounds;Organic oxygen compounds;Organooxygen compounds;Carbonyl compounds
6034,O-glycosyl compounds,1,CHEMONTID:0002207,6,CHEMONTID:0002105,CHEMONTID:0000000;CHEMONTID:0004603;CHEMONTID:0000323;CHEMONTID:0000011;CHEMONTID:0002105;CHEMONTID:0002207,Organic compounds;Organic oxygen compounds;Organooxygen compounds;Carbohydrates and carbohydrate conjugates;Glycosyl compounds;O-glycosyl compounds
15444,Amines,0.97,CHEMONTID:0002449,4,CHEMONTID:0000278,CHEMONTID:0000000;CHEMONTID:0004707;CHEMONTID:0000278;CHEMONTID:0002449,Organic compounds;Organic nitrogen compounds;Organonitrogen compounds;Amines
2311,Fatty acid esters,0.94,CHEMONTID:0000324,4,CHEMONTID:0003909,CHEMONTID:0000000;CHEMONTID:0000012;CHEMONTID:0003909;CHEMONTID:0000324,Organic compounds;Lipids and lipid-like molecules;Fatty Acyls;Fatty acid esters
20247,Amines,0.8,CHEMONTID:0002449,4,CHEMONTID:0000278,CHEMONTID:0000000;CHEMONTID:0004707;CHEMONTID:0000278;CHEMONTID:0002449,Organic compounds;Organic nitrogen compounds;Organonitrogen compounds;Amines
7720,Monocarboxylic acids and derivatives,0.86,CHEMONTID:0001137,4,CHEMONTID:0000265,CHEMONTID:0000000;CHEMONTID:0000264;CHEMONTID:0000265;CHEMONTID:0001137,Organic compounds;Organic acids and derivatives;Carboxylic acids and derivatives;Monocarboxylic acids and derivatives
13880,Phosphate esters,0.92,CHEMONTID:0000408,4,CHEMONTID:0000402,CHEMONTID:0000000;CHEMONTID:0000264;CHEMONTID:0000402;CHEMONTID:0000408,Organic compounds;Organic acids and derivatives;Organic phosphoric acids and derivatives;Phosphate esters
7142,Carbonyl compounds,0.86,CHEMONTID:0001831,4,CHEMONTID:0000323,CHEMONTID:0000000;CHEMONTID:0004603;CHEMONTID:0000323;CHEMONTID:0001831,Organic compounds;Organic oxygen compounds;Organooxygen compounds;Carbonyl compounds
10194,Alkyl phosphates,0.94,CHEMONTID:0003457,5,CHEMONTID:0000408,CHEMONTID:0000000;CHEMONTID:0000264;CHEMONTID:0000402;CHEMONTID:0000408;CHEMONTID:0003457,Organic compounds;Organic acids and derivatives;Organic phosphoric acids and derivatives;Phosphate esters;Alkyl phosphates
552,Alcohols and polyols,0.98,CHEMONTID:0000129,4,CHEMONTID:0000323,CHEMONTID:0000000;CHEMONTID:0004603;CHEMONTID:0000323;CHEMONTID:0000129,Organic compounds;Organic oxygen compounds;Organooxygen compounds;Alcohols and polyols
323,Primary amines,0.81,CHEMONTID:0002450,5,CHEMONTID:0002449,CHEMONTID:0000000;CHEMONTID:0004707;CHEMONTID:0000278;CHEMONTID:0002449;CHEMONTID:0002450,Organic compounds;Organic nitrogen compounds;Organonitrogen compounds;Amines;Primary amines
6726,Carbonyl compounds,0.83,CHEMONTID:0001831,4,CHEMONTID:0000323,CHEMONTID:0000000;CHEMONTID:0004603;CHEMONTID:0000323;CHEMONTID:0001831,Organic compounds;Organic oxygen compounds;Organooxygen compounds;Carbonyl compounds
17826,Alcohols and polyols,0.97,CHEMONTID:0000129,4,CHEMONTID:0000323,CHEMONTID:0000000;CHEMONTID:0004603;CHEMONTID:0000323;CHEMONTID:0000129,Organic compounds;Organic oxygen compounds;Organooxygen compounds;Alcohols and polyols
11725,Amines,0.87,CHEMONTID:0002449,4,CHEMONTID:0000278,CHEMONTID:0000000;CHEMONTID:0004707;CHEMONTID:0000278;CHEMONTID:0002449,Organic compounds;Organic nitrogen compounds;Organonitrogen compounds;Amines
15822,Guanidines,0.89,CHEMONTID:0000375,4,CHEMONTID:0000278,CHEMONTID:0000000;CHEMONTID:0004707;CHEMONTID:0000278;CHEMONTID:0000375,Organic compounds;Organic nitrogen compounds;Organonitrogen compounds;Guanidines
11258,Carbonyl compounds,1,CHEMONTID:0001831,4,CHEMONTID:0000323,CHEMONTID:0000000;CHEMONTID:0004603;CHEMONTID:0000323;CHEMONTID:0001831,Organic compounds;Organic oxygen compounds;Organooxygen compounds;Carbonyl compounds
10085,Alcohols and polyols,0.92,CHEMONTID:0000129,4,CHEMONTID:0000323,CHEMONTID:0000000;CHEMONTID:0004603;CHEMONTID:0000323;CHEMONTID:0000129,Organic compounds;Organic oxygen compounds;Organooxygen compounds;Alcohols and polyols
9359,Carbonyl compounds,0.98,CHEMONTID:0001831,4,CHEMONTID:0000323,CHEMONTID:0000000;CHEMONTID:0004603;CHEMONTID:0000323;CHEMONTID:0001831,Organic compounds;Organic oxygen compounds;Organooxygen compounds;Carbonyl compounds
3491,Carbonyl compounds,0.87,CHEMONTID:0001831,4,CHEMONTID:0000323,CHEMONTID:0000000;CHEMONTID:0004603;CHEMONTID:0000323;CHEMONTID:0001831,Organic compounds;Organic oxygen compounds;Organooxygen compounds;Carbonyl compounds
6111,Ethers,0.99,CHEMONTID:0000254,4,CHEMONTID:0000323,CHEMONTID:0000000;CHEMONTID:0004603;CHEMONTID:0000323;CHEMONTID:0000254,Organic compounds;Organic oxygen compounds;Organooxygen compounds;Ethers
7271,Monoalkylamines,0.94,CHEMONTID:0000469,6,CHEMONTID:0002450,CHEMONTID:0000000;CHEMONTID:0004707;CHEMONTID:0000278;CHEMONTID:0002449;CHEMONTID:0002450;CHEMONTID:0000469,Organic compounds;Organic nitrogen compounds;Organonitrogen compounds;Amines;Primary amines;Monoalkylamines
7309,Amines,0.98,CHEMONTID:0002449,4,CHEMONTID:0000278,CHEMONTID:0000000;CHEMONTID:0004707;CHEMONTID:0000278;CHEMONTID:0002449,Organic compounds;Organic nitrogen compounds;Organonitrogen compounds;Amines
1855,Dialkyl ethers,0.97,CHEMONTID:0001167,5,CHEMONTID:0000254,CHEMONTID:0000000;CHEMONTID:0004603;CHEMONTID:0000323;CHEMONTID:0000254;CHEMONTID:0001167,Organic compounds;Organic oxygen compounds;Organooxygen compounds;Ethers;Dialkyl ethers
11169,Carbonyl compounds,0.91,CHEMONTID:0001831,4,CHEMONTID:0000323,CHEMONTID:0000000;CHEMONTID:0004603;CHEMONTID:0000323;CHEMONTID:0001831,Organic compounds;Organic oxygen compounds;Organooxygen compounds;Carbonyl compounds
16977,Alcohols and polyols,0.97,CHEMONTID:0000129,4,CHEMONTID:0000323,CHEMONTID:0000000;CHEMONTID:0004603;CHEMONTID:0000323;CHEMONTID:0000129,Organic compounds;Organic oxygen compounds;Organooxygen compounds;Alcohols and polyols
7131,Primary amines,1,CHEMONTID:0002450,5,CHEMONTID:0002449,CHEMONTID:0000000;CHEMONTID:0004707;CHEMONTID:0000278;CHEMONTID:0002449;CHEMONTID:0002450,Organic compounds;Organic nitrogen compounds;Organonitrogen compounds;Amines;Primary amines
10412,"Amino acids, peptides, and analogues",0.95,CHEMONTID:0000013,4,CHEMONTID:0000265,CHEMONTID:0000000;CHEMONTID:0000264;CHEMONTID:0000265;CHEMONTID:0000013,"Organic compounds;Organic acids and derivatives;Carboxylic acids and derivatives;Amino acids, peptides, and analogues"
11145,Carbonyl compounds,0.92,CHEMONTID:0001831,4,CHEMONTID:0000323,CHEMONTID:0000000;CHEMONTID:0004603;CHEMONTID:0000323;CHEMONTID:0001831,Organic compounds;Organic oxygen compounds;Organooxygen compounds;Carbonyl compounds
13977,Carbonyl compounds,0.98,CHEMONTID:0001831,4,CHEMONTID:0000323,CHEMONTID:0000000;CHEMONTID:0004603;CHEMONTID:0000323;CHEMONTID:0001831,Organic compounds;Organic oxygen compounds;Organooxygen compounds;Carbonyl compounds
17959,Carbonyl compounds,0.92,CHEMONTID:0001831,4,CHEMONTID:0000323,CHEMONTID:0000000;CHEMONTID:0004603;CHEMONTID:0000323;CHEMONTID:0001831,Organic compounds;Organic oxygen compounds;Organooxygen compounds;Carbonyl compounds
15967,Amines,0.98,CHEMONTID:0002449,4,CHEMONTID:0000278,CHEMONTID:0000000;CHEMONTID:0004707;CHEMONTID:0000278;CHEMONTID:0002449,Organic compounds;Organic nitrogen compounds;Organonitrogen compounds;Amines
10096,Fatty acid esters,0.95,CHEMONTID:0000324,4,CHEMONTID:0003909,CHEMONTID:0000000;CHEMONTID:0000012;CHEMONTID:0003909;CHEMONTID:0000324,Organic compounds;Lipids and lipid-like molecules;Fatty Acyls;Fatty acid esters
9842,Dicarboxylic acids and derivatives,0.88,CHEMONTID:0000346,4,CHEMONTID:0000265,CHEMONTID:0000000;CHEMONTID:0000264;CHEMONTID:0000265;CHEMONTID:0000346,Organic compounds;Organic acids and derivatives;Carboxylic acids and derivatives;Dicarboxylic acids and derivatives
20122,Carbonyl compounds,0.9,CHEMONTID:0001831,4,CHEMONTID:0000323,CHEMONTID:0000000;CHEMONTID:0004603;CHEMONTID:0000323;CHEMONTID:0001831,Organic compounds;Organic oxygen compounds;Organooxygen compounds;Carbonyl compounds
20395,Carbonyl compounds,0.92,CHEMONTID:0001831,4,CHEMONTID:0000323,CHEMONTID:0000000;CHEMONTID:0004603;CHEMONTID:0000323;CHEMONTID:0001831,Organic compounds;Organic oxygen compounds;Organooxygen compounds;Carbonyl compounds
3257,N-acyl amines,0.96,CHEMONTID:0001096,5,CHEMONTID:0000331,CHEMONTID:0000000;CHEMONTID:0000012;CHEMONTID:0003909;CHEMONTID:0000331;CHEMONTID:0001096,Organic compounds;Lipids and lipid-like molecules;Fatty Acyls;Fatty amides;N-acyl amines
9967,Amines,0.85,CHEMONTID:0002449,4,CHEMONTID:0000278,CHEMONTID:0000000;CHEMONTID:0004707;CHEMONTID:0000278;CHEMONTID:0002449,Organic compounds;Organic nitrogen compounds;Organonitrogen compounds;Amines
11153,Carbonyl compounds,0.95,CHEMONTID:0001831,4,CHEMONTID:0000323,CHEMONTID:0000000;CHEMONTID:0004603;CHEMONTID:0000323;CHEMONTID:0001831,Organic compounds;Organic oxygen compounds;Organooxygen compounds;Carbonyl compounds
15189,Amines,1,CHEMONTID:0002449,4,CHEMONTID:0000278,CHEMONTID:0000000;CHEMONTID:0004707;CHEMONTID:0000278;CHEMONTID:0002449,Organic compounds;Organic nitrogen compounds;Organonitrogen compounds;Amines
8499,Carboxylic acid derivatives,0.91,CHEMONTID:0001093,4,CHEMONTID:0000265,CHEMONTID:0000000;CHEMONTID:0000264;CHEMONTID:0000265;CHEMONTID:0001093,Organic compounds;Organic acids and derivatives;Carboxylic acids and derivatives;Carboxylic acid derivatives
11629,Alpha amino acids and derivatives,0.99,CHEMONTID:0000060,6,CHEMONTID:0000347,CHEMONTID:0000000;CHEMONTID:0000264;CHEMONTID:0000265;CHEMONTID:0000013;CHEMONTID:0000347;CHEMONTID:0000060,"Organic compounds;Organic acids and derivatives;Carboxylic acids and derivatives;Amino acids, peptides, and analogues;Amino acids and derivatives;Alpha amino acids and derivatives"
8414,Alcohols and polyols,0.92,CHEMONTID:0000129,4,CHEMONTID:0000323,CHEMONTID:0000000;CHEMONTID:0004603;CHEMONTID:0000323;CHEMONTID:0000129,Organic compounds;Organic oxygen compounds;Organooxygen compounds;Alcohols and polyols
20363,Carbonyl compounds,0.99,CHEMONTID:0001831,4,CHEMONTID:0000323,CHEMONTID:0000000;CHEMONTID:0004603;CHEMONTID:0000323;CHEMONTID:0001831,Organic compounds;Organic oxygen compounds;Organooxygen compounds;Carbonyl compounds
10361,Carboxylic acid derivatives,1,CHEMONTID:0001093,4,CHEMONTID:0000265,CHEMONTID:0000000;CHEMONTID:0000264;CHEMONTID:0000265;CHEMONTID:0001093,Organic compounds;Organic acids and derivatives;Carboxylic acids and derivatives;Carboxylic acid derivatives
16135,Carbonyl compounds,0.87,CHEMONTID:0001831,4,CHEMONTID:0000323,CHEMONTID:0000000;CHEMONTID:0004603;CHEMONTID:0000323;CHEMONTID:0001831,Organic compounds;Organic oxygen compounds;Organooxygen compounds;Carbonyl compounds
6526,Carbonyl compounds,0.92,CHEMONTID:0001831,4,CHEMONTID:0000323,CHEMONTID:0000000;CHEMONTID:0004603;CHEMONTID:0000323;CHEMONTID:0001831,Organic compounds;Organic oxygen compounds;Organooxygen compounds;Carbonyl compounds
14438,Amines,0.98,CHEMONTID:0002449,4,CHEMONTID:0000278,CHEMONTID:0000000;CHEMONTID:0004707;CHEMONTID:0000278;CHEMONTID:0002449,Organic compounds;Organic nitrogen compounds;Organonitrogen compounds;Amines
783,Alcohols and polyols,0.98,CHEMONTID:0000129,4,CHEMONTID:0000323,CHEMONTID:0000000;CHEMONTID:0004603;CHEMONTID:0000323;CHEMONTID:0000129,Organic compounds;Organic oxygen compounds;Organooxygen compounds;Alcohols and polyols
17156,Carboxylic acid derivatives,0.82,CHEMONTID:0001093,4,CHEMONTID:0000265,CHEMONTID:0000000;CHEMONTID:0000264;CHEMONTID:0000265;CHEMONTID:0001093,Organic compounds;Organic acids and derivatives;Carboxylic acids and derivatives;Carboxylic acid derivatives
916,Alcohols and polyols,0.89,CHEMONTID:0000129,4,CHEMONTID:0000323,CHEMONTID:0000000;CHEMONTID:0004603;CHEMONTID:0000323;CHEMONTID:0000129,Organic compounds;Organic oxygen compounds;Organooxygen compounds;Alcohols and polyols
7181,Monocarboxylic acids and derivatives,0.95,CHEMONTID:0001137,4,CHEMONTID:0000265,CHEMONTID:0000000;CHEMONTID:0000264;CHEMONTID:0000265;CHEMONTID:0001137,Organic compounds;Organic acids and derivatives;Carboxylic acids and derivatives;Monocarboxylic acids and derivatives
2990,Carbonyl compounds,0.98,CHEMONTID:0001831,4,CHEMONTID:0000323,CHEMONTID:0000000;CHEMONTID:0004603;CHEMONTID:0000323;CHEMONTID:0001831,Organic compounds;Organic oxygen compounds;Organooxygen compounds;Carbonyl compounds
1636,Primary amines,1,CHEMONTID:0002450,5,CHEMONTID:0002449,CHEMONTID:0000000;CHEMONTID:0004707;CHEMONTID:0000278;CHEMONTID:0002449;CHEMONTID:0002450,Organic compounds;Organic nitrogen compounds;Organonitrogen compounds;Amines;Primary amines
5518,Alcohols and polyols,1,CHEMONTID:0000129,4,CHEMONTID:0000323,CHEMONTID:0000000;CHEMONTID:0004603;CHEMONTID:0000323;CHEMONTID:0000129,Organic compounds;Organic oxygen compounds;Organooxygen compounds;Alcohols and polyols
8176,Glycosyl compounds,1,CHEMONTID:0002105,5,CHEMONTID:0000011,CHEMONTID:0000000;CHEMONTID:0004603;CHEMONTID:0000323;CHEMONTID:0000011;CHEMONTID:0002105,Organic compounds;Organic oxygen compounds;Organooxygen compounds;Carbohydrates and carbohydrate conjugates;Glycosyl compounds
15699,Carbonyl compounds,0.97,CHEMONTID:0001831,4,CHEMONTID:0000323,CHEMONTID:0000000;CHEMONTID:0004603;CHEMONTID:0000323;CHEMONTID:0001831,Organic compounds;Organic oxygen compounds;Organooxygen compounds;Carbonyl compounds
12330,Primary amines,1,CHEMONTID:0002450,5,CHEMONTID:0002449,CHEMONTID:0000000;CHEMONTID:0004707;CHEMONTID:0000278;CHEMONTID:0002449;CHEMONTID:0002450,Organic compounds;Organic nitrogen compounds;Organonitrogen compounds;Amines;Primary amines
2002,Carboxylic acid derivatives,0.98,CHEMONTID:0001093,4,CHEMONTID:0000265,CHEMONTID:0000000;CHEMONTID:0000264;CHEMONTID:0000265;CHEMONTID:0001093,Organic compounds;Organic acids and derivatives;Carboxylic acids and derivatives;Carboxylic acid derivatives
1226,Amines,0.97,CHEMONTID:0002449,4,CHEMONTID:0000278,CHEMONTID:0000000;CHEMONTID:0004707;CHEMONTID:0000278;CHEMONTID:0002449,Organic compounds;Organic nitrogen compounds;Organonitrogen compounds;Amines
18840,Ethers,0.9,CHEMONTID:0000254,4,CHEMONTID:0000323,CHEMONTID:0000000;CHEMONTID:0004603;CHEMONTID:0000323;CHEMONTID:0000254,Organic compounds;Organic oxygen compounds;Organooxygen compounds;Ethers
15794,Dialkyl ethers,0.98,CHEMONTID:0001167,5,CHEMONTID:0000254,CHEMONTID:0000000;CHEMONTID:0004603;CHEMONTID:0000323;CHEMONTID:0000254;CHEMONTID:0001167,Organic compounds;Organic oxygen compounds;Organooxygen compounds;Ethers;Dialkyl ethers
12544,Alcohols and polyols,0.9,CHEMONTID:0000129,4,CHEMONTID:0000323,CHEMONTID:0000000;CHEMONTID:0004603;CHEMONTID:0000323;CHEMONTID:0000129,Organic compounds;Organic oxygen compounds;Organooxygen compounds;Alcohols and polyols
4394,Carbonyl compounds,0.98,CHEMONTID:0001831,4,CHEMONTID:0000323,CHEMONTID:0000000;CHEMONTID:0004603;CHEMONTID:0000323;CHEMONTID:0001831,Organic compounds;Organic oxygen compounds;Organooxygen compounds;Carbonyl compounds
5509,Carbonyl compounds,0.86,CHEMONTID:0001831,4,CHEMONTID:0000323,CHEMONTID:0000000;CHEMONTID:0004603;CHEMONTID:0000323;CHEMONTID:0001831,Organic compounds;Organic oxygen compounds;Organooxygen compounds;Carbonyl compounds
11611,Glycosylamines,1,CHEMONTID:0002203,6,CHEMONTID:0002105,CHEMONTID:0000000;CHEMONTID:0004603;CHEMONTID:0000323;CHEMONTID:0000011;CHEMONTID:0002105;CHEMONTID:0002203,Organic compounds;Organic oxygen compounds;Organooxygen compounds;Carbohydrates and carbohydrate conjugates;Glycosyl compounds;Glycosylamines
2358,Alkyl phosphates,1,CHEMONTID:0003457,5,CHEMONTID:0000408,CHEMONTID:0000000;CHEMONTID:0000264;CHEMONTID:0000402;CHEMONTID:0000408;CHEMONTID:0003457,Organic compounds;Organic acids and derivatives;Organic phosphoric acids and derivatives;Phosphate esters;Alkyl phosphates
14443,Carbonyl compounds,0.84,CHEMONTID:0001831,4,CHEMONTID:0000323,CHEMONTID:0000000;CHEMONTID:0004603;CHEMONTID:0000323;CHEMONTID:0001831,Organic compounds;Organic oxygen compounds;Organooxygen compounds;Carbonyl compounds
8019,Carbonyl compounds,0.96,CHEMONTID:0001831,4,CHEMONTID:0000323,CHEMONTID:0000000;CHEMONTID:0004603;CHEMONTID:0000323;CHEMONTID:0001831,Organic compounds;Organic oxygen compounds;Organooxygen compounds;Carbonyl compounds
14455,Carbonyl compounds,0.99,CHEMONTID:0001831,4,CHEMONTID:0000323,CHEMONTID:0000000;CHEMONTID:0004603;CHEMONTID:0000323;CHEMONTID:0001831,Organic compounds;Organic oxygen compounds;Organooxygen compounds;Carbonyl compounds
19914,Imidazoles,1,CHEMONTID:0000078,4,CHEMONTID:0000436,CHEMONTID:0000000;CHEMONTID:0000002;CHEMONTID:0000436;CHEMONTID:0000078,Organic compounds;Organoheterocyclic compounds;Azoles;Imidazoles
12279,Alcohols and polyols,0.93,CHEMONTID:0000129,4,CHEMONTID:0000323,CHEMONTID:0000000;CHEMONTID:0004603;CHEMONTID:0000323;CHEMONTID:0000129,Organic compounds;Organic oxygen compounds;Organooxygen compounds;Alcohols and polyols
2250,Monocarboxylic acids and derivatives,0.83,CHEMONTID:0001137,4,CHEMONTID:0000265,CHEMONTID:0000000;CHEMONTID:0000264;CHEMONTID:0000265;CHEMONTID:0001137,Organic compounds;Organic acids and derivatives;Carboxylic acids and derivatives;Monocarboxylic acids and derivatives
15846,Monoalkylamines,0.84,CHEMONTID:0000469,6,CHEMONTID:0002450,CHEMONTID:0000000;CHEMONTID:0004707;CHEMONTID:0000278;CHEMONTID:0002449;CHEMONTID:0002450;CHEMONTID:0000469,Organic compounds;Organic nitrogen compounds;Organonitrogen compounds;Amines;Primary amines;Monoalkylamines
1302,Carbonyl compounds,0.9,CHEMONTID:0001831,4,CHEMONTID:0000323,CHEMONTID:0000000;CHEMONTID:0004603;CHEMONTID:0000323;CHEMONTID:0001831,Organic compounds;Organic oxygen compounds;Organooxygen compounds;Carbonyl compounds
12159,Carbonyl compounds,0.95,CHEMONTID:0001831,4,CHEMONTID:0000323,CHEMONTID:0000000;CHEMONTID:0004603;CHEMONTID:0000323;CHEMONTID:0001831,Organic compounds;Organic oxygen compounds;Organooxygen compounds;Carbonyl compounds
7073,Amines,0.96,CHEMONTID:0002449,4,CHEMONTID:0000278,CHEMONTID:0000000;CHEMONTID:0004707;CHEMONTID:0000278;CHEMONTID:0002449,Organic compounds;Organic nitrogen compounds;Organonitrogen compounds;Amines
11760,Carbonyl compounds,0.98,CHEMONTID:0001831,4,CHEMONTID:0000323,CHEMONTID:0000000;CHEMONTID:0004603;CHEMONTID:0000323;CHEMONTID:0001831,Organic compounds;Organic oxygen compounds;Organooxygen compounds;Carbonyl compounds
6725,Secondary alcohols,0.92,CHEMONTID:0001661,5,CHEMONTID:0000129,CHEMONTID:0000000;CHEMONTID:0004603;CHEMONTID:0000323;CHEMONTID:0000129;CHEMONTID:0001661,Organic compounds;Organic oxygen compounds;Organooxygen compounds;Alcohols and polyols;Secondary alcohols
15053,Carbonyl compounds,0.93,CHEMONTID:0001831,4,CHEMONTID:0000323,CHEMONTID:0000000;CHEMONTID:0004603;CHEMONTID:0000323;CHEMONTID:0001831,Organic compounds;Organic oxygen compounds;Organooxygen compounds;Carbonyl compounds
16472,Alcohols and polyols,0.83,CHEMONTID:0000129,4,CHEMONTID:0000323,CHEMONTID:0000000;CHEMONTID:0004603;CHEMONTID:0000323;CHEMONTID:0000129,Organic compounds;Organic oxygen compounds;Organooxygen compounds;Alcohols and polyols
17091,Alcohols and polyols,0.98,CHEMONTID:0000129,4,CHEMONTID:0000323,CHEMONTID:0000000;CHEMONTID:0004603;CHEMONTID:0000323;CHEMONTID:0000129,Organic compounds;Organic oxygen compounds;Organooxygen compounds;Alcohols and polyols
3020,Carbonyl compounds,0.99,CHEMONTID:0001831,4,CHEMONTID:0000323,CHEMONTID:0000000;CHEMONTID:0004603;CHEMONTID:0000323;CHEMONTID:0001831,Organic compounds;Organic oxygen compounds;Organooxygen compounds;Carbonyl compounds
18784,Imidazoles,0.86,CHEMONTID:0000078,4,CHEMONTID:0000436,CHEMONTID:0000000;CHEMONTID:0000002;CHEMONTID:0000436;CHEMONTID:0000078,Organic compounds;Organoheterocyclic compounds;Azoles;Imidazoles
14214,N-acyl amines,0.86,CHEMONTID:0001096,5,CHEMONTID:0000331,CHEMONTID:0000000;CHEMONTID:0000012;CHEMONTID:0003909;CHEMONTID:0000331;CHEMONTID:0001096,Organic compounds;Lipids and lipid-like molecules;Fatty Acyls;Fatty amides;N-acyl amines
16465,Amines,0.94,CHEMONTID:0002449,4,CHEMONTID:0000278,CHEMONTID:0000000;CHEMONTID:0004707;CHEMONTID:0000278;CHEMONTID:0002449,Organic compounds;Organic nitrogen compounds;Organonitrogen compounds;Amines
13320,Indoles,0.82,CHEMONTID:0002497,4,CHEMONTID:0000211,CHEMONTID:0000000;CHEMONTID:0000002;CHEMONTID:0000211;CHEMONTID:0002497,Organic compounds;Organoheterocyclic compounds;Indoles and derivatives;Indoles
8819,Carbonyl compounds,0.99,CHEMONTID:0001831,4,CHEMONTID:0000323,CHEMONTID:0000000;CHEMONTID:0004603;CHEMONTID:0000323;CHEMONTID:0001831,Organic compounds;Organic oxygen compounds;Organooxygen compounds;Carbonyl compounds
7737,Carboxylic acid derivatives,0.94,CHEMONTID:0001093,4,CHEMONTID:0000265,CHEMONTID:0000000;CHEMONTID:0000264;CHEMONTID:0000265;CHEMONTID:0001093,Organic compounds;Organic acids and derivatives;Carboxylic acids and derivatives;Carboxylic acid derivatives
10695,Amino acids and derivatives,1,CHEMONTID:0000347,5,CHEMONTID:0000013,CHEMONTID:0000000;CHEMONTID:0000264;CHEMONTID:0000265;CHEMONTID:0000013;CHEMONTID:0000347,"Organic compounds;Organic acids and derivatives;Carboxylic acids and derivatives;Amino acids, peptides, and analogues;Amino acids and derivatives"
8895,Amines,0.81,CHEMONTID:0002449,4,CHEMONTID:0000278,CHEMONTID:0000000;CHEMONTID:0004707;CHEMONTID:0000278;CHEMONTID:0002449,Organic compounds;Organic nitrogen compounds;Organonitrogen compounds;Amines
3246,Amines,0.84,CHEMONTID:0002449,4,CHEMONTID:0000278,CHEMONTID:0000000;CHEMONTID:0004707;CHEMONTID:0000278;CHEMONTID:0002449,Organic compounds;Organic nitrogen compounds;Organonitrogen compounds;Amines
15873,Trialkylamines,0.87,CHEMONTID:0002239,6,CHEMONTID:0002452,CHEMONTID:0000000;CHEMONTID:0004707;CHEMONTID:0000278;CHEMONTID:0002449;CHEMONTID:0002452;CHEMONTID:0002239,Organic compounds;Organic nitrogen compounds;Organonitrogen compounds;Amines;Tertiary amines;Trialkylamines
9472,Carboxylic acid derivatives,0.95,CHEMONTID:0001093,4,CHEMONTID:0000265,CHEMONTID:0000000;CHEMONTID:0000264;CHEMONTID:0000265;CHEMONTID:0001093,Organic compounds;Organic acids and derivatives;Carboxylic acids and derivatives;Carboxylic acid derivatives
6131,Carbonyl compounds,0.9,CHEMONTID:0001831,4,CHEMONTID:0000323,CHEMONTID:0000000;CHEMONTID:0004603;CHEMONTID:0000323;CHEMONTID:0001831,Organic compounds;Organic oxygen compounds;Organooxygen compounds;Carbonyl compounds
987,Carboxylic acid amides,0.88,CHEMONTID:0000475,5,CHEMONTID:0001093,CHEMONTID:0000000;CHEMONTID:0000264;CHEMONTID:0000265;CHEMONTID:0001093;CHEMONTID:0000475,Organic compounds;Organic acids and derivatives;Carboxylic acids and derivatives;Carboxylic acid derivatives;Carboxylic acid amides
16963,Carbonyl compounds,0.99,CHEMONTID:0001831,4,CHEMONTID:0000323,CHEMONTID:0000000;CHEMONTID:0004603;CHEMONTID:0000323;CHEMONTID:0001831,Organic compounds;Organic oxygen compounds;Organooxygen compounds;Carbonyl compounds
9765,Carbonyl compounds,0.92,CHEMONTID:0001831,4,CHEMONTID:0000323,CHEMONTID:0000000;CHEMONTID:0004603;CHEMONTID:0000323;CHEMONTID:0001831,Organic compounds;Organic oxygen compounds;Organooxygen compounds;Carbonyl compounds
3304,Amines,0.91,CHEMONTID:0002449,4,CHEMONTID:0000278,CHEMONTID:0000000;CHEMONTID:0004707;CHEMONTID:0000278;CHEMONTID:0002449,Organic compounds;Organic nitrogen compounds;Organonitrogen compounds;Amines
6100,"1,3,5-triazines",1,CHEMONTID:0004105,4,CHEMONTID:0000098,CHEMONTID:0000000;CHEMONTID:0000002;CHEMONTID:0000098;CHEMONTID:0004105,"Organic compounds;Organoheterocyclic compounds;Triazines;1,3,5-triazines"
6356,Carbonyl compounds,0.99,CHEMONTID:0001831,4,CHEMONTID:0000323,CHEMONTID:0000000;CHEMONTID:0004603;CHEMONTID:0000323;CHEMONTID:0001831,Organic compounds;Organic oxygen compounds;Organooxygen compounds;Carbonyl compounds
18519,Carboxylic acid derivatives,1,CHEMONTID:0001093,4,CHEMONTID:0000265,CHEMONTID:0000000;CHEMONTID:0000264;CHEMONTID:0000265;CHEMONTID:0001093,Organic compounds;Organic acids and derivatives;Carboxylic acids and derivatives;Carboxylic acid derivatives
2480,Carbonyl compounds,0.86,CHEMONTID:0001831,4,CHEMONTID:0000323,CHEMONTID:0000000;CHEMONTID:0004603;CHEMONTID:0000323;CHEMONTID:0001831,Organic compounds;Organic oxygen compounds;Organooxygen compounds;Carbonyl compounds
1507,Ethers,0.98,CHEMONTID:0000254,4,CHEMONTID:0000323,CHEMONTID:0000000;CHEMONTID:0004603;CHEMONTID:0000323;CHEMONTID:0000254,Organic compounds;Organic oxygen compounds;Organooxygen compounds;Ethers
11993,Carbonyl compounds,0.94,CHEMONTID:0001831,4,CHEMONTID:0000323,CHEMONTID:0000000;CHEMONTID:0004603;CHEMONTID:0000323;CHEMONTID:0001831,Organic compounds;Organic oxygen compounds;Organooxygen compounds;Carbonyl compounds
5784,Monoalkylamines,1,CHEMONTID:0000469,6,CHEMONTID:0002450,CHEMONTID:0000000;CHEMONTID:0004707;CHEMONTID:0000278;CHEMONTID:0002449;CHEMONTID:0002450;CHEMONTID:0000469,Organic compounds;Organic nitrogen compounds;Organonitrogen compounds;Amines;Primary amines;Monoalkylamines
2138,Alcohols and polyols,0.89,CHEMONTID:0000129,4,CHEMONTID:0000323,CHEMONTID:0000000;CHEMONTID:0004603;CHEMONTID:0000323;CHEMONTID:0000129,Organic compounds;Organic oxygen compounds;Organooxygen compounds;Alcohols and polyols
7670,Dialkyl ethers,0.99,CHEMONTID:0001167,5,CHEMONTID:0000254,CHEMONTID:0000000;CHEMONTID:0004603;CHEMONTID:0000323;CHEMONTID:0000254;CHEMONTID:0001167,Organic compounds;Organic oxygen compounds;Organooxygen compounds;Ethers;Dialkyl ethers
6513,Carbonyl compounds,0.96,CHEMONTID:0001831,4,CHEMONTID:0000323,CHEMONTID:0000000;CHEMONTID:0004603;CHEMONTID:0000323;CHEMONTID:0001831,Organic compounds;Organic oxygen compounds;Organooxygen compounds;Carbonyl compounds
6177,Ethers,0.98,CHEMONTID:0000254,4,CHEMONTID:0000323,CHEMONTID:0000000;CHEMONTID:0004603;CHEMONTID:0000323;CHEMONTID:0000254,Organic compounds;Organic oxygen compounds;Organooxygen compounds;Ethers
10727,Primary amines,0.96,CHEMONTID:0002450,5,CHEMONTID:0002449,CHEMONTID:0000000;CHEMONTID:0004707;CHEMONTID:0000278;CHEMONTID:0002449;CHEMONTID:0002450,Organic compounds;Organic nitrogen compounds;Organonitrogen compounds;Amines;Primary amines
5947,Carbonyl compounds,0.85,CHEMONTID:0001831,4,CHEMONTID:0000323,CHEMONTID:0000000;CHEMONTID:0004603;CHEMONTID:0000323;CHEMONTID:0001831,Organic compounds;Organic oxygen compounds;Organooxygen compounds;Carbonyl compounds
12811,Monocarboxylic acids and derivatives,0.82,CHEMONTID:0001137,4,CHEMONTID:0000265,CHEMONTID:0000000;CHEMONTID:0000264;CHEMONTID:0000265;CHEMONTID:0001137,Organic compounds;Organic acids and derivatives;Carboxylic acids and derivatives;Monocarboxylic acids and derivatives
20385,Ketals,0.92,CHEMONTID:0004472,6,CHEMONTID:0001656,CHEMONTID:0000000;CHEMONTID:0004603;CHEMONTID:0000323;CHEMONTID:0000254;CHEMONTID:0001656;CHEMONTID:0004472,Organic compounds;Organic oxygen compounds;Organooxygen compounds;Ethers;Acetals;Ketals
11891,Carbonyl compounds,0.8,CHEMONTID:0001831,4,CHEMONTID:0000323,CHEMONTID:0000000;CHEMONTID:0004603;CHEMONTID:0000323;CHEMONTID:0001831,Organic compounds;Organic oxygen compounds;Organooxygen compounds;Carbonyl compounds
9267,Amines,0.91,CHEMONTID:0002449,4,CHEMONTID:0000278,CHEMONTID:0000000;CHEMONTID:0004707;CHEMONTID:0000278;CHEMONTID:0002449,Organic compounds;Organic nitrogen compounds;Organonitrogen compounds;Amines
2453,Amines,0.84,CHEMONTID:0002449,4,CHEMONTID:0000278,CHEMONTID:0000000;CHEMONTID:0004707;CHEMONTID:0000278;CHEMONTID:0002449,Organic compounds;Organic nitrogen compounds;Organonitrogen compounds;Amines
7622,Carboxylic acid derivatives,0.96,CHEMONTID:0001093,4,CHEMONTID:0000265,CHEMONTID:0000000;CHEMONTID:0000264;CHEMONTID:0000265;CHEMONTID:0001093,Organic compounds;Organic acids and derivatives;Carboxylic acids and derivatives;Carboxylic acid derivatives
12264,Carboxylic acid derivatives,0.99,CHEMONTID:0001093,4,CHEMONTID:0000265,CHEMONTID:0000000;CHEMONTID:0000264;CHEMONTID:0000265;CHEMONTID:0001093,Organic compounds;Organic acids and derivatives;Carboxylic acids and derivatives;Carboxylic acid derivatives
17542,Primary amines,0.81,CHEMONTID:0002450,5,CHEMONTID:0002449,CHEMONTID:0000000;CHEMONTID:0004707;CHEMONTID:0000278;CHEMONTID:0002449;CHEMONTID:0002450,Organic compounds;Organic nitrogen compounds;Organonitrogen compounds;Amines;Primary amines
14308,Primary amines,0.85,CHEMONTID:0002450,5,CHEMONTID:0002449,CHEMONTID:0000000;CHEMONTID:0004707;CHEMONTID:0000278;CHEMONTID:0002449;CHEMONTID:0002450,Organic compounds;Organic nitrogen compounds;Organonitrogen compounds;Amines;Primary amines
3734,Primary amines,0.83,CHEMONTID:0002450,5,CHEMONTID:0002449,CHEMONTID:0000000;CHEMONTID:0004707;CHEMONTID:0000278;CHEMONTID:0002449;CHEMONTID:0002450,Organic compounds;Organic nitrogen compounds;Organonitrogen compounds;Amines;Primary amines
20350,Carboxylic acid derivatives,0.97,CHEMONTID:0001093,4,CHEMONTID:0000265,CHEMONTID:0000000;CHEMONTID:0000264;CHEMONTID:0000265;CHEMONTID:0001093,Organic compounds;Organic acids and derivatives;Carboxylic acids and derivatives;Carboxylic acid derivatives
16708,Dialkyl ethers,0.99,CHEMONTID:0001167,5,CHEMONTID:0000254,CHEMONTID:0000000;CHEMONTID:0004603;CHEMONTID:0000323;CHEMONTID:0000254;CHEMONTID:0001167,Organic compounds;Organic oxygen compounds;Organooxygen compounds;Ethers;Dialkyl ethers
7293,Monoalkylamines,0.97,CHEMONTID:0000469,6,CHEMONTID:0002450,CHEMONTID:0000000;CHEMONTID:0004707;CHEMONTID:0000278;CHEMONTID:0002449;CHEMONTID:0002450;CHEMONTID:0000469,Organic compounds;Organic nitrogen compounds;Organonitrogen compounds;Amines;Primary amines;Monoalkylamines
4062,Monoalkylamines,0.93,CHEMONTID:0000469,6,CHEMONTID:0002450,CHEMONTID:0000000;CHEMONTID:0004707;CHEMONTID:0000278;CHEMONTID:0002449;CHEMONTID:0002450;CHEMONTID:0000469,Organic compounds;Organic nitrogen compounds;Organonitrogen compounds;Amines;Primary amines;Monoalkylamines
10688,Primary alcohols,0.86,CHEMONTID:0000286,5,CHEMONTID:0000129,CHEMONTID:0000000;CHEMONTID:0004603;CHEMONTID:0000323;CHEMONTID:0000129;CHEMONTID:0000286,Organic compounds;Organic oxygen compounds;Organooxygen compounds;Alcohols and polyols;Primary alcohols
6306,Primary amines,1,CHEMONTID:0002450,5,CHEMONTID:0002449,CHEMONTID:0000000;CHEMONTID:0004707;CHEMONTID:0000278;CHEMONTID:0002449;CHEMONTID:0002450,Organic compounds;Organic nitrogen compounds;Organonitrogen compounds;Amines;Primary amines
9560,Amines,0.81,CHEMONTID:0002449,4,CHEMONTID:0000278,CHEMONTID:0000000;CHEMONTID:0004707;CHEMONTID:0000278;CHEMONTID:0002449,Organic compounds;Organic nitrogen compounds;Organonitrogen compounds;Amines
3342,Carboximidamides,0.91,CHEMONTID:0003152,4,CHEMONTID:0000278,CHEMONTID:0000000;CHEMONTID:0004707;CHEMONTID:0000278;CHEMONTID:0003152,Organic compounds;Organic nitrogen compounds;Organonitrogen compounds;Carboximidamides
5994,Carbonyl compounds,1,CHEMONTID:0001831,4,CHEMONTID:0000323,CHEMONTID:0000000;CHEMONTID:0004603;CHEMONTID:0000323;CHEMONTID:0001831,Organic compounds;Organic oxygen compounds;Organooxygen compounds;Carbonyl compounds
9383,Carbonyl compounds,0.96,CHEMONTID:0001831,4,CHEMONTID:0000323,CHEMONTID:0000000;CHEMONTID:0004603;CHEMONTID:0000323;CHEMONTID:0001831,Organic compounds;Organic oxygen compounds;Organooxygen compounds;Carbonyl compounds
8239,Carboxylic acid derivatives,0.99,CHEMONTID:0001093,4,CHEMONTID:0000265,CHEMONTID:0000000;CHEMONTID:0000264;CHEMONTID:0000265;CHEMONTID:0001093,Organic compounds;Organic acids and derivatives;Carboxylic acids and derivatives;Carboxylic acid derivatives
16206,Cyclic alcohols and derivatives,0.93,CHEMONTID:0001292,5,CHEMONTID:0000129,CHEMONTID:0000000;CHEMONTID:0004603;CHEMONTID:0000323;CHEMONTID:0000129;CHEMONTID:0001292,Organic compounds;Organic oxygen compounds;Organooxygen compounds;Alcohols and polyols;Cyclic alcohols and derivatives
13817,Monoalkylamines,0.99,CHEMONTID:0000469,6,CHEMONTID:0002450,CHEMONTID:0000000;CHEMONTID:0004707;CHEMONTID:0000278;CHEMONTID:0002449;CHEMONTID:0002450;CHEMONTID:0000469,Organic compounds;Organic nitrogen compounds;Organonitrogen compounds;Amines;Primary amines;Monoalkylamines
15227,Dialkyl ethers,0.98,CHEMONTID:0001167,5,CHEMONTID:0000254,CHEMONTID:0000000;CHEMONTID:0004603;CHEMONTID:0000323;CHEMONTID:0000254;CHEMONTID:0001167,Organic compounds;Organic oxygen compounds;Organooxygen compounds;Ethers;Dialkyl ethers
19183,Dialkyl ethers,0.95,CHEMONTID:0001167,5,CHEMONTID:0000254,CHEMONTID:0000000;CHEMONTID:0004603;CHEMONTID:0000323;CHEMONTID:0000254;CHEMONTID:0001167,Organic compounds;Organic oxygen compounds;Organooxygen compounds;Ethers;Dialkyl ethers
18404,Carboxylic acid derivatives,0.99,CHEMONTID:0001093,4,CHEMONTID:0000265,CHEMONTID:0000000;CHEMONTID:0000264;CHEMONTID:0000265;CHEMONTID:0001093,Organic compounds;Organic acids and derivatives;Carboxylic acids and derivatives;Carboxylic acid derivatives
12167,Alcohols and polyols,0.98,CHEMONTID:0000129,4,CHEMONTID:0000323,CHEMONTID:0000000;CHEMONTID:0004603;CHEMONTID:0000323;CHEMONTID:0000129,Organic compounds;Organic oxygen compounds;Organooxygen compounds;Alcohols and polyols
12171,Amines,0.92,CHEMONTID:0002449,4,CHEMONTID:0000278,CHEMONTID:0000000;CHEMONTID:0004707;CHEMONTID:0000278;CHEMONTID:0002449,Organic compounds;Organic nitrogen compounds;Organonitrogen compounds;Amines
3870,Carbonyl compounds,0.98,CHEMONTID:0001831,4,CHEMONTID:0000323,CHEMONTID:0000000;CHEMONTID:0004603;CHEMONTID:0000323;CHEMONTID:0001831,Organic compounds;Organic oxygen compounds;Organooxygen compounds;Carbonyl compounds
18018,Carbonyl compounds,0.83,CHEMONTID:0001831,4,CHEMONTID:0000323,CHEMONTID:0000000;CHEMONTID:0004603;CHEMONTID:0000323;CHEMONTID:0001831,Organic compounds;Organic oxygen compounds;Organooxygen compounds;Carbonyl compounds
17339,Carbonyl compounds,0.87,CHEMONTID:0001831,4,CHEMONTID:0000323,CHEMONTID:0000000;CHEMONTID:0004603;CHEMONTID:0000323;CHEMONTID:0001831,Organic compounds;Organic oxygen compounds;Organooxygen compounds;Carbonyl compounds
2154,Ethers,0.88,CHEMONTID:0000254,4,CHEMONTID:0000323,CHEMONTID:0000000;CHEMONTID:0004603;CHEMONTID:0000323;CHEMONTID:0000254,Organic compounds;Organic oxygen compounds;Organooxygen compounds;Ethers
6028,Monosaccharide phosphates,1,CHEMONTID:0001541,6,CHEMONTID:0001540,CHEMONTID:0000000;CHEMONTID:0004603;CHEMONTID:0000323;CHEMONTID:0000011;CHEMONTID:0001540;CHEMONTID:0001541,Organic compounds;Organic oxygen compounds;Organooxygen compounds;Carbohydrates and carbohydrate conjugates;Monosaccharides;Monosaccharide phosphates
9866,Carbonyl compounds,0.96,CHEMONTID:0001831,4,CHEMONTID:0000323,CHEMONTID:0000000;CHEMONTID:0004603;CHEMONTID:0000323;CHEMONTID:0001831,Organic compounds;Organic oxygen compounds;Organooxygen compounds;Carbonyl compounds
16441,Amines,0.98,CHEMONTID:0002449,4,CHEMONTID:0000278,CHEMONTID:0000000;CHEMONTID:0004707;CHEMONTID:0000278;CHEMONTID:0002449,Organic compounds;Organic nitrogen compounds;Organonitrogen compounds;Amines
8752,Monocarboxylic acids and derivatives,0.86,CHEMONTID:0001137,4,CHEMONTID:0000265,CHEMONTID:0000000;CHEMONTID:0000264;CHEMONTID:0000265;CHEMONTID:0001137,Organic compounds;Organic acids and derivatives;Carboxylic acids and derivatives;Monocarboxylic acids and derivatives
1289,Amines,0.96,CHEMONTID:0002449,4,CHEMONTID:0000278,CHEMONTID:0000000;CHEMONTID:0004707;CHEMONTID:0000278;CHEMONTID:0002449,Organic compounds;Organic nitrogen compounds;Organonitrogen compounds;Amines
2277,Amines,0.88,CHEMONTID:0002449,4,CHEMONTID:0000278,CHEMONTID:0000000;CHEMONTID:0004707;CHEMONTID:0000278;CHEMONTID:0002449,Organic compounds;Organic nitrogen compounds;Organonitrogen compounds;Amines
11693,Amines,0.95,CHEMONTID:0002449,4,CHEMONTID:0000278,CHEMONTID:0000000;CHEMONTID:0004707;CHEMONTID:0000278;CHEMONTID:0002449,Organic compounds;Organic nitrogen compounds;Organonitrogen compounds;Amines
12251,Carboxylic acid derivatives,0.94,CHEMONTID:0001093,4,CHEMONTID:0000265,CHEMONTID:0000000;CHEMONTID:0000264;CHEMONTID:0000265;CHEMONTID:0001093,Organic compounds;Organic acids and derivatives;Carboxylic acids and derivatives;Carboxylic acid derivatives
14096,Carbonyl compounds,0.82,CHEMONTID:0001831,4,CHEMONTID:0000323,CHEMONTID:0000000;CHEMONTID:0004603;CHEMONTID:0000323;CHEMONTID:0001831,Organic compounds;Organic oxygen compounds;Organooxygen compounds;Carbonyl compounds
14977,Carbonyl compounds,0.96,CHEMONTID:0001831,4,CHEMONTID:0000323,CHEMONTID:0000000;CHEMONTID:0004603;CHEMONTID:0000323;CHEMONTID:0001831,Organic compounds;Organic oxygen compounds;Organooxygen compounds;Carbonyl compounds
10352,Carbonyl compounds,0.9,CHEMONTID:0001831,4,CHEMONTID:0000323,CHEMONTID:0000000;CHEMONTID:0004603;CHEMONTID:0000323;CHEMONTID:0001831,Organic compounds;Organic oxygen compounds;Organooxygen compounds;Carbonyl compounds
3421,Imidazoles,0.87,CHEMONTID:0000078,4,CHEMONTID:0000436,CHEMONTID:0000000;CHEMONTID:0000002;CHEMONTID:0000436;CHEMONTID:0000078,Organic compounds;Organoheterocyclic compounds;Azoles;Imidazoles
12247,Carbonyl compounds,0.9,CHEMONTID:0001831,4,CHEMONTID:0000323,CHEMONTID:0000000;CHEMONTID:0004603;CHEMONTID:0000323;CHEMONTID:0001831,Organic compounds;Organic oxygen compounds;Organooxygen compounds;Carbonyl compounds
508,Monoalkylamines,0.87,CHEMONTID:0000469,6,CHEMONTID:0002450,CHEMONTID:0000000;CHEMONTID:0004707;CHEMONTID:0000278;CHEMONTID:0002449;CHEMONTID:0002450;CHEMONTID:0000469,Organic compounds;Organic nitrogen compounds;Organonitrogen compounds;Amines;Primary amines;Monoalkylamines
13285,Alcohols and polyols,0.83,CHEMONTID:0000129,4,CHEMONTID:0000323,CHEMONTID:0000000;CHEMONTID:0004603;CHEMONTID:0000323;CHEMONTID:0000129,Organic compounds;Organic oxygen compounds;Organooxygen compounds;Alcohols and polyols
2949,Monocarboxylic acids and derivatives,0.81,CHEMONTID:0001137,4,CHEMONTID:0000265,CHEMONTID:0000000;CHEMONTID:0000264;CHEMONTID:0000265;CHEMONTID:0001137,Organic compounds;Organic acids and derivatives;Carboxylic acids and derivatives;Monocarboxylic acids and derivatives
13410,Monoalkylamines,1,CHEMONTID:0000469,6,CHEMONTID:0002450,CHEMONTID:0000000;CHEMONTID:0004707;CHEMONTID:0000278;CHEMONTID:0002449;CHEMONTID:0002450;CHEMONTID:0000469,Organic compounds;Organic nitrogen compounds;Organonitrogen compounds;Amines;Primary amines;Monoalkylamines
863,Amines,0.85,CHEMONTID:0002449,4,CHEMONTID:0000278,CHEMONTID:0000000;CHEMONTID:0004707;CHEMONTID:0000278;CHEMONTID:0002449,Organic compounds;Organic nitrogen compounds;Organonitrogen compounds;Amines
10238,Carbonyl compounds,0.98,CHEMONTID:0001831,4,CHEMONTID:0000323,CHEMONTID:0000000;CHEMONTID:0004603;CHEMONTID:0000323;CHEMONTID:0001831,Organic compounds;Organic oxygen compounds;Organooxygen compounds;Carbonyl compounds
6761,Carbonyl compounds,0.96,CHEMONTID:0001831,4,CHEMONTID:0000323,CHEMONTID:0000000;CHEMONTID:0004603;CHEMONTID:0000323;CHEMONTID:0001831,Organic compounds;Organic oxygen compounds;Organooxygen compounds;Carbonyl compounds
15303,Alcohols and polyols,0.97,CHEMONTID:0000129,4,CHEMONTID:0000323,CHEMONTID:0000000;CHEMONTID:0004603;CHEMONTID:0000323;CHEMONTID:0000129,Organic compounds;Organic oxygen compounds;Organooxygen compounds;Alcohols and polyols
8743,Carbonyl compounds,0.84,CHEMONTID:0001831,4,CHEMONTID:0000323,CHEMONTID:0000000;CHEMONTID:0004603;CHEMONTID:0000323;CHEMONTID:0001831,Organic compounds;Organic oxygen compounds;Organooxygen compounds;Carbonyl compounds
14227,Carbonyl compounds,0.92,CHEMONTID:0001831,4,CHEMONTID:0000323,CHEMONTID:0000000;CHEMONTID:0004603;CHEMONTID:0000323;CHEMONTID:0001831,Organic compounds;Organic oxygen compounds;Organooxygen compounds;Carbonyl compounds
14963,Alcohols and polyols,0.88,CHEMONTID:0000129,4,CHEMONTID:0000323,CHEMONTID:0000000;CHEMONTID:0004603;CHEMONTID:0000323;CHEMONTID:0000129,Organic compounds;Organic oxygen compounds;Organooxygen compounds;Alcohols and polyols
14084,Carbonyl compounds,0.86,CHEMONTID:0001831,4,CHEMONTID:0000323,CHEMONTID:0000000;CHEMONTID:0004603;CHEMONTID:0000323;CHEMONTID:0001831,Organic compounds;Organic oxygen compounds;Organooxygen compounds;Carbonyl compounds
1688,Carbonyl compounds,0.93,CHEMONTID:0001831,4,CHEMONTID:0000323,CHEMONTID:0000000;CHEMONTID:0004603;CHEMONTID:0000323;CHEMONTID:0001831,Organic compounds;Organic oxygen compounds;Organooxygen compounds;Carbonyl compounds
15895,Primary amines,0.96,CHEMONTID:0002450,5,CHEMONTID:0002449,CHEMONTID:0000000;CHEMONTID:0004707;CHEMONTID:0000278;CHEMONTID:0002449;CHEMONTID:0002450,Organic compounds;Organic nitrogen compounds;Organonitrogen compounds;Amines;Primary amines
11174,Amines,0.98,CHEMONTID:0002449,4,CHEMONTID:0000278,CHEMONTID:0000000;CHEMONTID:0004707;CHEMONTID:0000278;CHEMONTID:0002449,Organic compounds;Organic nitrogen compounds;Organonitrogen compounds;Amines
2958,Monoalkylamines,1,CHEMONTID:0000469,6,CHEMONTID:0002450,CHEMONTID:0000000;CHEMONTID:0004707;CHEMONTID:0000278;CHEMONTID:0002449;CHEMONTID:0002450;CHEMONTID:0000469,Organic compounds;Organic nitrogen compounds;Organonitrogen compounds;Amines;Primary amines;Monoalkylamines
1959,Primary amines,0.93,CHEMONTID:0002450,5,CHEMONTID:0002449,CHEMONTID:0000000;CHEMONTID:0004707;CHEMONTID:0000278;CHEMONTID:0002449;CHEMONTID:0002450,Organic compounds;Organic nitrogen compounds;Organonitrogen compounds;Amines;Primary amines
9999,Amines,0.95,CHEMONTID:0002449,4,CHEMONTID:0000278,CHEMONTID:0000000;CHEMONTID:0004707;CHEMONTID:0000278;CHEMONTID:0002449,Organic compounds;Organic nitrogen compounds;Organonitrogen compounds;Amines
15043,Carboxylic acid derivatives,0.97,CHEMONTID:0001093,4,CHEMONTID:0000265,CHEMONTID:0000000;CHEMONTID:0000264;CHEMONTID:0000265;CHEMONTID:0001093,Organic compounds;Organic acids and derivatives;Carboxylic acids and derivatives;Carboxylic acid derivatives
1970,Alcohols and polyols,0.99,CHEMONTID:0000129,4,CHEMONTID:0000323,CHEMONTID:0000000;CHEMONTID:0004603;CHEMONTID:0000323;CHEMONTID:0000129,Organic compounds;Organic oxygen compounds;Organooxygen compounds;Alcohols and polyols
17599,Alkyl chlorides,0.98,CHEMONTID:0001026,4,CHEMONTID:0002867,CHEMONTID:0000000;CHEMONTID:0000267;CHEMONTID:0002867;CHEMONTID:0001026,Organic compounds;Organohalogen compounds;Alkyl halides;Alkyl chlorides
15233,Carbonyl compounds,0.84,CHEMONTID:0001831,4,CHEMONTID:0000323,CHEMONTID:0000000;CHEMONTID:0004603;CHEMONTID:0000323;CHEMONTID:0001831,Organic compounds;Organic oxygen compounds;Organooxygen compounds;Carbonyl compounds
7981,Carboxylic acid derivatives,0.94,CHEMONTID:0001093,4,CHEMONTID:0000265,CHEMONTID:0000000;CHEMONTID:0000264;CHEMONTID:0000265;CHEMONTID:0001093,Organic compounds;Organic acids and derivatives;Carboxylic acids and derivatives;Carboxylic acid derivatives
15105,Carbonyl compounds,0.91,CHEMONTID:0001831,4,CHEMONTID:0000323,CHEMONTID:0000000;CHEMONTID:0004603;CHEMONTID:0000323;CHEMONTID:0001831,Organic compounds;Organic oxygen compounds;Organooxygen compounds;Carbonyl compounds
17953,Carbonyl compounds,0.8,CHEMONTID:0001831,4,CHEMONTID:0000323,CHEMONTID:0000000;CHEMONTID:0004603;CHEMONTID:0000323;CHEMONTID:0001831,Organic compounds;Organic oxygen compounds;Organooxygen compounds;Carbonyl compounds
13144,Dialkyl ethers,0.95,CHEMONTID:0001167,5,CHEMONTID:0000254,CHEMONTID:0000000;CHEMONTID:0004603;CHEMONTID:0000323;CHEMONTID:0000254;CHEMONTID:0001167,Organic compounds;Organic oxygen compounds;Organooxygen compounds;Ethers;Dialkyl ethers
11589,Primary amines,0.93,CHEMONTID:0002450,5,CHEMONTID:0002449,CHEMONTID:0000000;CHEMONTID:0004707;CHEMONTID:0000278;CHEMONTID:0002449;CHEMONTID:0002450,Organic compounds;Organic nitrogen compounds;Organonitrogen compounds;Amines;Primary amines
7282,Carbonyl compounds,0.96,CHEMONTID:0001831,4,CHEMONTID:0000323,CHEMONTID:0000000;CHEMONTID:0004603;CHEMONTID:0000323;CHEMONTID:0001831,Organic compounds;Organic oxygen compounds;Organooxygen compounds;Carbonyl compounds
15662,Carboxylic acid derivatives,0.98,CHEMONTID:0001093,4,CHEMONTID:0000265,CHEMONTID:0000000;CHEMONTID:0000264;CHEMONTID:0000265;CHEMONTID:0001093,Organic compounds;Organic acids and derivatives;Carboxylic acids and derivatives;Carboxylic acid derivatives
15733,Amines,0.8,CHEMONTID:0002449,4,CHEMONTID:0000278,CHEMONTID:0000000;CHEMONTID:0004707;CHEMONTID:0000278;CHEMONTID:0002449,Organic compounds;Organic nitrogen compounds;Organonitrogen compounds;Amines
20620,Carboxylic acid derivatives,0.92,CHEMONTID:0001093,4,CHEMONTID:0000265,CHEMONTID:0000000;CHEMONTID:0000264;CHEMONTID:0000265;CHEMONTID:0001093,Organic compounds;Organic acids and derivatives;Carboxylic acids and derivatives;Carboxylic acid derivatives
15725,Carbonyl compounds,0.99,CHEMONTID:0001831,4,CHEMONTID:0000323,CHEMONTID:0000000;CHEMONTID:0004603;CHEMONTID:0000323;CHEMONTID:0001831,Organic compounds;Organic oxygen compounds;Organooxygen compounds;Carbonyl compounds
10896,"Pyrrolo[2,3-a]carbazoles",0.82,CHEMONTID:0004392,6,CHEMONTID:0001865,CHEMONTID:0000000;CHEMONTID:0000002;CHEMONTID:0000211;CHEMONTID:0000210;CHEMONTID:0001865;CHEMONTID:0004392,"Organic compounds;Organoheterocyclic compounds;Indoles and derivatives;Carbazoles;Pyrrolocarbazoles;Pyrrolo[2,3-a]carbazoles"
12737,Carbonyl compounds,0.96,CHEMONTID:0001831,4,CHEMONTID:0000323,CHEMONTID:0000000;CHEMONTID:0004603;CHEMONTID:0000323;CHEMONTID:0001831,Organic compounds;Organic oxygen compounds;Organooxygen compounds;Carbonyl compounds
9930,Carbonyl compounds,0.98,CHEMONTID:0001831,4,CHEMONTID:0000323,CHEMONTID:0000000;CHEMONTID:0004603;CHEMONTID:0000323;CHEMONTID:0001831,Organic compounds;Organic oxygen compounds;Organooxygen compounds;Carbonyl compounds
7798,Amines,0.98,CHEMONTID:0002449,4,CHEMONTID:0000278,CHEMONTID:0000000;CHEMONTID:0004707;CHEMONTID:0000278;CHEMONTID:0002449,Organic compounds;Organic nitrogen compounds;Organonitrogen compounds;Amines
20368,Primary amines,0.98,CHEMONTID:0002450,5,CHEMONTID:0002449,CHEMONTID:0000000;CHEMONTID:0004707;CHEMONTID:0000278;CHEMONTID:0002449;CHEMONTID:0002450,Organic compounds;Organic nitrogen compounds;Organonitrogen compounds;Amines;Primary amines
3142,Carbonyl compounds,0.98,CHEMONTID:0001831,4,CHEMONTID:0000323,CHEMONTID:0000000;CHEMONTID:0004603;CHEMONTID:0000323;CHEMONTID:0001831,Organic compounds;Organic oxygen compounds;Organooxygen compounds;Carbonyl compounds
5892,Carboximidamides,0.98,CHEMONTID:0003152,4,CHEMONTID:0000278,CHEMONTID:0000000;CHEMONTID:0004707;CHEMONTID:0000278;CHEMONTID:0003152,Organic compounds;Organic nitrogen compounds;Organonitrogen compounds;Carboximidamides
6281,Fatty acid methyl esters,0.98,CHEMONTID:0003417,5,CHEMONTID:0000324,CHEMONTID:0000000;CHEMONTID:0000012;CHEMONTID:0003909;CHEMONTID:0000324;CHEMONTID:0003417,Organic compounds;Lipids and lipid-like molecules;Fatty Acyls;Fatty acid esters;Fatty acid methyl esters
20099,Amines,0.95,CHEMONTID:0002449,4,CHEMONTID:0000278,CHEMONTID:0000000;CHEMONTID:0004707;CHEMONTID:0000278;CHEMONTID:0002449,Organic compounds;Organic nitrogen compounds;Organonitrogen compounds;Amines
12431,Carbonyl compounds,0.81,CHEMONTID:0001831,4,CHEMONTID:0000323,CHEMONTID:0000000;CHEMONTID:0004603;CHEMONTID:0000323;CHEMONTID:0001831,Organic compounds;Organic oxygen compounds;Organooxygen compounds;Carbonyl compounds
13685,Carboxylic acid derivatives,0.95,CHEMONTID:0001093,4,CHEMONTID:0000265,CHEMONTID:0000000;CHEMONTID:0000264;CHEMONTID:0000265;CHEMONTID:0001093,Organic compounds;Organic acids and derivatives;Carboxylic acids and derivatives;Carboxylic acid derivatives
2552,Carbonyl compounds,0.9,CHEMONTID:0001831,4,CHEMONTID:0000323,CHEMONTID:0000000;CHEMONTID:0004603;CHEMONTID:0000323;CHEMONTID:0001831,Organic compounds;Organic oxygen compounds;Organooxygen compounds;Carbonyl compounds
16172,Alcohols and polyols,0.93,CHEMONTID:0000129,4,CHEMONTID:0000323,CHEMONTID:0000000;CHEMONTID:0004603;CHEMONTID:0000323;CHEMONTID:0000129,Organic compounds;Organic oxygen compounds;Organooxygen compounds;Alcohols and polyols
20574,Alpha amino acids and derivatives,0.98,CHEMONTID:0000060,6,CHEMONTID:0000347,CHEMONTID:0000000;CHEMONTID:0000264;CHEMONTID:0000265;CHEMONTID:0000013;CHEMONTID:0000347;CHEMONTID:0000060,"Organic compounds;Organic acids and derivatives;Carboxylic acids and derivatives;Amino acids, peptides, and analogues;Amino acids and derivatives;Alpha amino acids and derivatives"
10812,Carbonyl compounds,0.82,CHEMONTID:0001831,4,CHEMONTID:0000323,CHEMONTID:0000000;CHEMONTID:0004603;CHEMONTID:0000323;CHEMONTID:0001831,Organic compounds;Organic oxygen compounds;Organooxygen compounds;Carbonyl compounds
14882,Amines,0.94,CHEMONTID:0002449,4,CHEMONTID:0000278,CHEMONTID:0000000;CHEMONTID:0004707;CHEMONTID:0000278;CHEMONTID:0002449,Organic compounds;Organic nitrogen compounds;Organonitrogen compounds;Amines
10993,"1,2-aminoalcohols",0.91,CHEMONTID:0001897,6,CHEMONTID:0002460,CHEMONTID:0000000;CHEMONTID:0004707;CHEMONTID:0000278;CHEMONTID:0002449;CHEMONTID:0002460;CHEMONTID:0001897,"Organic compounds;Organic nitrogen compounds;Organonitrogen compounds;Amines;Alkanolamines;1,2-aminoalcohols"
6666,Monocarboxylic acids and derivatives,0.88,CHEMONTID:0001137,4,CHEMONTID:0000265,CHEMONTID:0000000;CHEMONTID:0000264;CHEMONTID:0000265;CHEMONTID:0001137,Organic compounds;Organic acids and derivatives;Carboxylic acids and derivatives;Monocarboxylic acids and derivatives
12128,Dialkylthioethers,0.8,CHEMONTID:0003862,4,CHEMONTID:0001202,CHEMONTID:0000000;CHEMONTID:0000004;CHEMONTID:0001202;CHEMONTID:0003862,Organic compounds;Organosulfur compounds;Thioethers;Dialkylthioethers
1094,Monoalkylamines,0.95,CHEMONTID:0000469,6,CHEMONTID:0002450,CHEMONTID:0000000;CHEMONTID:0004707;CHEMONTID:0000278;CHEMONTID:0002449;CHEMONTID:0002450;CHEMONTID:0000469,Organic compounds;Organic nitrogen compounds;Organonitrogen compounds;Amines;Primary amines;Monoalkylamines
12464,Monoalkylamines,0.99,CHEMONTID:0000469,6,CHEMONTID:0002450,CHEMONTID:0000000;CHEMONTID:0004707;CHEMONTID:0000278;CHEMONTID:0002449;CHEMONTID:0002450;CHEMONTID:0000469,Organic compounds;Organic nitrogen compounds;Organonitrogen compounds;Amines;Primary amines;Monoalkylamines
12631,Monocarboxylic acids and derivatives,0.82,CHEMONTID:0001137,4,CHEMONTID:0000265,CHEMONTID:0000000;CHEMONTID:0000264;CHEMONTID:0000265;CHEMONTID:0001137,Organic compounds;Organic acids and derivatives;Carboxylic acids and derivatives;Monocarboxylic acids and derivatives
7960,Primary amines,0.97,CHEMONTID:0002450,5,CHEMONTID:0002449,CHEMONTID:0000000;CHEMONTID:0004707;CHEMONTID:0000278;CHEMONTID:0002449;CHEMONTID:0002450,Organic compounds;Organic nitrogen compounds;Organonitrogen compounds;Amines;Primary amines
10598,Amines,0.86,CHEMONTID:0002449,4,CHEMONTID:0000278,CHEMONTID:0000000;CHEMONTID:0004707;CHEMONTID:0000278;CHEMONTID:0002449,Organic compounds;Organic nitrogen compounds;Organonitrogen compounds;Amines
16278,Dialkyl phosphates,1,CHEMONTID:0003459,6,CHEMONTID:0003457,CHEMONTID:0000000;CHEMONTID:0000264;CHEMONTID:0000402;CHEMONTID:0000408;CHEMONTID:0003457;CHEMONTID:0003459,Organic compounds;Organic acids and derivatives;Organic phosphoric acids and derivatives;Phosphate esters;Alkyl phosphates;Dialkyl phosphates
8290,Carbonyl compounds,0.97,CHEMONTID:0001831,4,CHEMONTID:0000323,CHEMONTID:0000000;CHEMONTID:0004603;CHEMONTID:0000323;CHEMONTID:0001831,Organic compounds;Organic oxygen compounds;Organooxygen compounds;Carbonyl compounds
5267,6-aminopurines,1,CHEMONTID:0002987,5,CHEMONTID:0000245,CHEMONTID:0000000;CHEMONTID:0000002;CHEMONTID:0001797;CHEMONTID:0000245;CHEMONTID:0002987,Organic compounds;Organoheterocyclic compounds;Imidazopyrimidines;Purines and purine derivatives;6-aminopurines
18187,Carbonyl compounds,0.98,CHEMONTID:0001831,4,CHEMONTID:0000323,CHEMONTID:0000000;CHEMONTID:0004603;CHEMONTID:0000323;CHEMONTID:0001831,Organic compounds;Organic oxygen compounds;Organooxygen compounds;Carbonyl compounds
12342,Carbonyl compounds,0.94,CHEMONTID:0001831,4,CHEMONTID:0000323,CHEMONTID:0000000;CHEMONTID:0004603;CHEMONTID:0000323;CHEMONTID:0001831,Organic compounds;Organic oxygen compounds;Organooxygen compounds;Carbonyl compounds
6492,Carboxylic acid derivatives,0.98,CHEMONTID:0001093,4,CHEMONTID:0000265,CHEMONTID:0000000;CHEMONTID:0000264;CHEMONTID:0000265;CHEMONTID:0001093,Organic compounds;Organic acids and derivatives;Carboxylic acids and derivatives;Carboxylic acid derivatives
15470,Carbonyl compounds,0.89,CHEMONTID:0001831,4,CHEMONTID:0000323,CHEMONTID:0000000;CHEMONTID:0004603;CHEMONTID:0000323;CHEMONTID:0001831,Organic compounds;Organic oxygen compounds;Organooxygen compounds;Carbonyl compounds
19388,Imidazoles,0.99,CHEMONTID:0000078,4,CHEMONTID:0000436,CHEMONTID:0000000;CHEMONTID:0000002;CHEMONTID:0000436;CHEMONTID:0000078,Organic compounds;Organoheterocyclic compounds;Azoles;Imidazoles
19160,Primary amines,1,CHEMONTID:0002450,5,CHEMONTID:0002449,CHEMONTID:0000000;CHEMONTID:0004707;CHEMONTID:0000278;CHEMONTID:0002449;CHEMONTID:0002450,Organic compounds;Organic nitrogen compounds;Organonitrogen compounds;Amines;Primary amines
6081,Secondary alcohols,0.97,CHEMONTID:0001661,5,CHEMONTID:0000129,CHEMONTID:0000000;CHEMONTID:0004603;CHEMONTID:0000323;CHEMONTID:0000129;CHEMONTID:0001661,Organic compounds;Organic oxygen compounds;Organooxygen compounds;Alcohols and polyols;Secondary alcohols
2284,Primary amines,0.85,CHEMONTID:0002450,5,CHEMONTID:0002449,CHEMONTID:0000000;CHEMONTID:0004707;CHEMONTID:0000278;CHEMONTID:0002449;CHEMONTID:0002450,Organic compounds;Organic nitrogen compounds;Organonitrogen compounds;Amines;Primary amines
17716,6-aminopurines,0.85,CHEMONTID:0002987,5,CHEMONTID:0000245,CHEMONTID:0000000;CHEMONTID:0000002;CHEMONTID:0001797;CHEMONTID:0000245;CHEMONTID:0002987,Organic compounds;Organoheterocyclic compounds;Imidazopyrimidines;Purines and purine derivatives;6-aminopurines
3292,Monoalkylamines,1,CHEMONTID:0000469,6,CHEMONTID:0002450,CHEMONTID:0000000;CHEMONTID:0004707;CHEMONTID:0000278;CHEMONTID:0002449;CHEMONTID:0002450;CHEMONTID:0000469,Organic compounds;Organic nitrogen compounds;Organonitrogen compounds;Amines;Primary amines;Monoalkylamines
19974,Primary amines,1,CHEMONTID:0002450,5,CHEMONTID:0002449,CHEMONTID:0000000;CHEMONTID:0004707;CHEMONTID:0000278;CHEMONTID:0002449;CHEMONTID:0002450,Organic compounds;Organic nitrogen compounds;Organonitrogen compounds;Amines;Primary amines
13989,Carbonyl compounds,0.88,CHEMONTID:0001831,4,CHEMONTID:0000323,CHEMONTID:0000000;CHEMONTID:0004603;CHEMONTID:0000323;CHEMONTID:0001831,Organic compounds;Organic oxygen compounds;Organooxygen compounds;Carbonyl compounds
18470,Carbonyl compounds,0.99,CHEMONTID:0001831,4,CHEMONTID:0000323,CHEMONTID:0000000;CHEMONTID:0004603;CHEMONTID:0000323;CHEMONTID:0001831,Organic compounds;Organic oxygen compounds;Organooxygen compounds;Carbonyl compounds
19134,Carbohydrates and carbohydrate conjugates,0.98,CHEMONTID:0000011,4,CHEMONTID:0000323,CHEMONTID:0000000;CHEMONTID:0004603;CHEMONTID:0000323;CHEMONTID:0000011,Organic compounds;Organic oxygen compounds;Organooxygen compounds;Carbohydrates and carbohydrate conjugates
14725,N-acyl-alpha amino acids,1,CHEMONTID:0002402,8,CHEMONTID:0001189,CHEMONTID:0000000;CHEMONTID:0000264;CHEMONTID:0000265;CHEMONTID:0000013;CHEMONTID:0000347;CHEMONTID:0000060;CHEMONTID:0001189;CHEMONTID:0002402,"Organic compounds;Organic acids and derivatives;Carboxylic acids and derivatives;Amino acids, peptides, and analogues;Amino acids and derivatives;Alpha amino acids and derivatives;N-acyl-alpha amino acids and derivatives;N-acyl-alpha amino acids"
13268,Alcohols and polyols,0.96,CHEMONTID:0000129,4,CHEMONTID:0000323,CHEMONTID:0000000;CHEMONTID:0004603;CHEMONTID:0000323;CHEMONTID:0000129,Organic compounds;Organic oxygen compounds;Organooxygen compounds;Alcohols and polyols
10509,Carboximidamides,0.82,CHEMONTID:0003152,4,CHEMONTID:0000278,CHEMONTID:0000000;CHEMONTID:0004707;CHEMONTID:0000278;CHEMONTID:0003152,Organic compounds;Organic nitrogen compounds;Organonitrogen compounds;Carboximidamides
10389,Amines,0.92,CHEMONTID:0002449,4,CHEMONTID:0000278,CHEMONTID:0000000;CHEMONTID:0004707;CHEMONTID:0000278;CHEMONTID:0002449,Organic compounds;Organic nitrogen compounds;Organonitrogen compounds;Amines
3106,Amines,0.97,CHEMONTID:0002449,4,CHEMONTID:0000278,CHEMONTID:0000000;CHEMONTID:0004707;CHEMONTID:0000278;CHEMONTID:0002449,Organic compounds;Organic nitrogen compounds;Organonitrogen compounds;Amines
9173,Alcohols and polyols,0.91,CHEMONTID:0000129,4,CHEMONTID:0000323,CHEMONTID:0000000;CHEMONTID:0004603;CHEMONTID:0000323;CHEMONTID:0000129,Organic compounds;Organic oxygen compounds;Organooxygen compounds;Alcohols and polyols
17488,Carbonyl compounds,0.85,CHEMONTID:0001831,4,CHEMONTID:0000323,CHEMONTID:0000000;CHEMONTID:0004603;CHEMONTID:0000323;CHEMONTID:0001831,Organic compounds;Organic oxygen compounds;Organooxygen compounds;Carbonyl compounds
13245,Methyl esters,0.9,CHEMONTID:0003416,6,CHEMONTID:0001238,CHEMONTID:0000000;CHEMONTID:0000264;CHEMONTID:0000265;CHEMONTID:0001093;CHEMONTID:0001238;CHEMONTID:0003416,Organic compounds;Organic acids and derivatives;Carboxylic acids and derivatives;Carboxylic acid derivatives;Carboxylic acid esters;Methyl esters
18077,Pyrimidines and pyrimidine derivatives,1,CHEMONTID:0000075,4,CHEMONTID:0001346,CHEMONTID:0000000;CHEMONTID:0000002;CHEMONTID:0001346;CHEMONTID:0000075,Organic compounds;Organoheterocyclic compounds;Diazines;Pyrimidines and pyrimidine derivatives
17922,Primary amines,0.94,CHEMONTID:0002450,5,CHEMONTID:0002449,CHEMONTID:0000000;CHEMONTID:0004707;CHEMONTID:0000278;CHEMONTID:0002449;CHEMONTID:0002450,Organic compounds;Organic nitrogen compounds;Organonitrogen compounds;Amines;Primary amines
17632,Amines,0.97,CHEMONTID:0002449,4,CHEMONTID:0000278,CHEMONTID:0000000;CHEMONTID:0004707;CHEMONTID:0000278;CHEMONTID:0002449,Organic compounds;Organic nitrogen compounds;Organonitrogen compounds;Amines
7098,Amines,0.85,CHEMONTID:0002449,4,CHEMONTID:0000278,CHEMONTID:0000000;CHEMONTID:0004707;CHEMONTID:0000278;CHEMONTID:0002449,Organic compounds;Organic nitrogen compounds;Organonitrogen compounds;Amines
12646,Monoalkylamines,0.96,CHEMONTID:0000469,6,CHEMONTID:0002450,CHEMONTID:0000000;CHEMONTID:0004707;CHEMONTID:0000278;CHEMONTID:0002449;CHEMONTID:0002450;CHEMONTID:0000469,Organic compounds;Organic nitrogen compounds;Organonitrogen compounds;Amines;Primary amines;Monoalkylamines
6260,Amines,0.85,CHEMONTID:0002449,4,CHEMONTID:0000278,CHEMONTID:0000000;CHEMONTID:0004707;CHEMONTID:0000278;CHEMONTID:0002449,Organic compounds;Organic nitrogen compounds;Organonitrogen compounds;Amines
18233,Monosaccharide phosphates,1,CHEMONTID:0001541,6,CHEMONTID:0001540,CHEMONTID:0000000;CHEMONTID:0004603;CHEMONTID:0000323;CHEMONTID:0000011;CHEMONTID:0001540;CHEMONTID:0001541,Organic compounds;Organic oxygen compounds;Organooxygen compounds;Carbohydrates and carbohydrate conjugates;Monosaccharides;Monosaccharide phosphates
3729,Amines,0.86,CHEMONTID:0002449,4,CHEMONTID:0000278,CHEMONTID:0000000;CHEMONTID:0004707;CHEMONTID:0000278;CHEMONTID:0002449,Organic compounds;Organic nitrogen compounds;Organonitrogen compounds;Amines
5003,Carbonyl compounds,0.88,CHEMONTID:0001831,4,CHEMONTID:0000323,CHEMONTID:0000000;CHEMONTID:0004603;CHEMONTID:0000323;CHEMONTID:0001831,Organic compounds;Organic oxygen compounds;Organooxygen compounds;Carbonyl compounds
18397,Amines,0.9,CHEMONTID:0002449,4,CHEMONTID:0000278,CHEMONTID:0000000;CHEMONTID:0004707;CHEMONTID:0000278;CHEMONTID:0002449,Organic compounds;Organic nitrogen compounds;Organonitrogen compounds;Amines
20652,Carboxylic acid derivatives,0.98,CHEMONTID:0001093,4,CHEMONTID:0000265,CHEMONTID:0000000;CHEMONTID:0000264;CHEMONTID:0000265;CHEMONTID:0001093,Organic compounds;Organic acids and derivatives;Carboxylic acids and derivatives;Carboxylic acid derivatives
9401,Carbonyl compounds,0.97,CHEMONTID:0001831,4,CHEMONTID:0000323,CHEMONTID:0000000;CHEMONTID:0004603;CHEMONTID:0000323;CHEMONTID:0001831,Organic compounds;Organic oxygen compounds;Organooxygen compounds;Carbonyl compounds
7803,Carbonyl compounds,0.87,CHEMONTID:0001831,4,CHEMONTID:0000323,CHEMONTID:0000000;CHEMONTID:0004603;CHEMONTID:0000323;CHEMONTID:0001831,Organic compounds;Organic oxygen compounds;Organooxygen compounds;Carbonyl compounds
8992,Carbonyl compounds,0.97,CHEMONTID:0001831,4,CHEMONTID:0000323,CHEMONTID:0000000;CHEMONTID:0004603;CHEMONTID:0000323;CHEMONTID:0001831,Organic compounds;Organic oxygen compounds;Organooxygen compounds;Carbonyl compounds
20596,Carboxylic acid derivatives,0.98,CHEMONTID:0001093,4,CHEMONTID:0000265,CHEMONTID:0000000;CHEMONTID:0000264;CHEMONTID:0000265;CHEMONTID:0001093,Organic compounds;Organic acids and derivatives;Carboxylic acids and derivatives;Carboxylic acid derivatives
18919,Primary amines,0.96,CHEMONTID:0002450,5,CHEMONTID:0002449,CHEMONTID:0000000;CHEMONTID:0004707;CHEMONTID:0000278;CHEMONTID:0002449;CHEMONTID:0002450,Organic compounds;Organic nitrogen compounds;Organonitrogen compounds;Amines;Primary amines
2936,Monocarboxylic acids and derivatives,0.87,CHEMONTID:0001137,4,CHEMONTID:0000265,CHEMONTID:0000000;CHEMONTID:0000264;CHEMONTID:0000265;CHEMONTID:0001137,Organic compounds;Organic acids and derivatives;Carboxylic acids and derivatives;Monocarboxylic acids and derivatives
14528,Alcohols and polyols,0.91,CHEMONTID:0000129,4,CHEMONTID:0000323,CHEMONTID:0000000;CHEMONTID:0004603;CHEMONTID:0000323;CHEMONTID:0000129,Organic compounds;Organic oxygen compounds;Organooxygen compounds;Alcohols and polyols
16889,Alcohols and polyols,0.96,CHEMONTID:0000129,4,CHEMONTID:0000323,CHEMONTID:0000000;CHEMONTID:0004603;CHEMONTID:0000323;CHEMONTID:0000129,Organic compounds;Organic oxygen compounds;Organooxygen compounds;Alcohols and polyols
3632,Carbonyl compounds,0.97,CHEMONTID:0001831,4,CHEMONTID:0000323,CHEMONTID:0000000;CHEMONTID:0004603;CHEMONTID:0000323;CHEMONTID:0001831,Organic compounds;Organic oxygen compounds;Organooxygen compounds;Carbonyl compounds
8703,Primary amines,1,CHEMONTID:0002450,5,CHEMONTID:0002449,CHEMONTID:0000000;CHEMONTID:0004707;CHEMONTID:0000278;CHEMONTID:0002449;CHEMONTID:0002450,Organic compounds;Organic nitrogen compounds;Organonitrogen compounds;Amines;Primary amines
9771,Primary amines,0.96,CHEMONTID:0002450,5,CHEMONTID:0002449,CHEMONTID:0000000;CHEMONTID:0004707;CHEMONTID:0000278;CHEMONTID:0002449;CHEMONTID:0002450,Organic compounds;Organic nitrogen compounds;Organonitrogen compounds;Amines;Primary amines
11493,Alcohols and polyols,0.99,CHEMONTID:0000129,4,CHEMONTID:0000323,CHEMONTID:0000000;CHEMONTID:0004603;CHEMONTID:0000323;CHEMONTID:0000129,Organic compounds;Organic oxygen compounds;Organooxygen compounds;Alcohols and polyols
3738,Carbonyl compounds,0.91,CHEMONTID:0001831,4,CHEMONTID:0000323,CHEMONTID:0000000;CHEMONTID:0004603;CHEMONTID:0000323;CHEMONTID:0001831,Organic compounds;Organic oxygen compounds;Organooxygen compounds;Carbonyl compounds
6271,Carbonyl compounds,0.84,CHEMONTID:0001831,4,CHEMONTID:0000323,CHEMONTID:0000000;CHEMONTID:0004603;CHEMONTID:0000323;CHEMONTID:0001831,Organic compounds;Organic oxygen compounds;Organooxygen compounds;Carbonyl compounds
11794,Carboxylic acid derivatives,0.91,CHEMONTID:0001093,4,CHEMONTID:0000265,CHEMONTID:0000000;CHEMONTID:0000264;CHEMONTID:0000265;CHEMONTID:0001093,Organic compounds;Organic acids and derivatives;Carboxylic acids and derivatives;Carboxylic acid derivatives
15135,Carbonyl compounds,0.96,CHEMONTID:0001831,4,CHEMONTID:0000323,CHEMONTID:0000000;CHEMONTID:0004603;CHEMONTID:0000323;CHEMONTID:0001831,Organic compounds;Organic oxygen compounds;Organooxygen compounds;Carbonyl compounds
13781,Alcohols and polyols,0.85,CHEMONTID:0000129,4,CHEMONTID:0000323,CHEMONTID:0000000;CHEMONTID:0004603;CHEMONTID:0000323;CHEMONTID:0000129,Organic compounds;Organic oxygen compounds;Organooxygen compounds;Alcohols and polyols
20421,Carbonyl compounds,0.97,CHEMONTID:0001831,4,CHEMONTID:0000323,CHEMONTID:0000000;CHEMONTID:0004603;CHEMONTID:0000323;CHEMONTID:0001831,Organic compounds;Organic oxygen compounds;Organooxygen compounds;Carbonyl compounds
3283,Carboxylic acid derivatives,0.99,CHEMONTID:0001093,4,CHEMONTID:0000265,CHEMONTID:0000000;CHEMONTID:0000264;CHEMONTID:0000265;CHEMONTID:0001093,Organic compounds;Organic acids and derivatives;Carboxylic acids and derivatives;Carboxylic acid derivatives
11032,Carbonyl compounds,0.95,CHEMONTID:0001831,4,CHEMONTID:0000323,CHEMONTID:0000000;CHEMONTID:0004603;CHEMONTID:0000323;CHEMONTID:0001831,Organic compounds;Organic oxygen compounds;Organooxygen compounds;Carbonyl compounds
9162,Carbonyl compounds,0.95,CHEMONTID:0001831,4,CHEMONTID:0000323,CHEMONTID:0000000;CHEMONTID:0004603;CHEMONTID:0000323;CHEMONTID:0001831,Organic compounds;Organic oxygen compounds;Organooxygen compounds;Carbonyl compounds
7344,Carbonyl compounds,0.83,CHEMONTID:0001831,4,CHEMONTID:0000323,CHEMONTID:0000000;CHEMONTID:0004603;CHEMONTID:0000323;CHEMONTID:0001831,Organic compounds;Organic oxygen compounds;Organooxygen compounds;Carbonyl compounds
3117,Carbonyl compounds,0.87,CHEMONTID:0001831,4,CHEMONTID:0000323,CHEMONTID:0000000;CHEMONTID:0004603;CHEMONTID:0000323;CHEMONTID:0001831,Organic compounds;Organic oxygen compounds;Organooxygen compounds;Carbonyl compounds
9911,Monoalkylamines,0.8,CHEMONTID:0000469,6,CHEMONTID:0002450,CHEMONTID:0000000;CHEMONTID:0004707;CHEMONTID:0000278;CHEMONTID:0002449;CHEMONTID:0002450;CHEMONTID:0000469,Organic compounds;Organic nitrogen compounds;Organonitrogen compounds;Amines;Primary amines;Monoalkylamines
6925,Carbonyl compounds,0.94,CHEMONTID:0001831,4,CHEMONTID:0000323,CHEMONTID:0000000;CHEMONTID:0004603;CHEMONTID:0000323;CHEMONTID:0001831,Organic compounds;Organic oxygen compounds;Organooxygen compounds;Carbonyl compounds
6079,Carbohydrates and carbohydrate conjugates,1,CHEMONTID:0000011,4,CHEMONTID:0000323,CHEMONTID:0000000;CHEMONTID:0004603;CHEMONTID:0000323;CHEMONTID:0000011,Organic compounds;Organic oxygen compounds;Organooxygen compounds;Carbohydrates and carbohydrate conjugates
6483,Alkyl phosphates,1,CHEMONTID:0003457,5,CHEMONTID:0000408,CHEMONTID:0000000;CHEMONTID:0000264;CHEMONTID:0000402;CHEMONTID:0000408;CHEMONTID:0003457,Organic compounds;Organic acids and derivatives;Organic phosphoric acids and derivatives;Phosphate esters;Alkyl phosphates
6607,Amines,0.8,CHEMONTID:0002449,4,CHEMONTID:0000278,CHEMONTID:0000000;CHEMONTID:0004707;CHEMONTID:0000278;CHEMONTID:0002449,Organic compounds;Organic nitrogen compounds;Organonitrogen compounds;Amines
12019,Alcohols and polyols,0.92,CHEMONTID:0000129,4,CHEMONTID:0000323,CHEMONTID:0000000;CHEMONTID:0004603;CHEMONTID:0000323;CHEMONTID:0000129,Organic compounds;Organic oxygen compounds;Organooxygen compounds;Alcohols and polyols
5276,Amines,0.85,CHEMONTID:0002449,4,CHEMONTID:0000278,CHEMONTID:0000000;CHEMONTID:0004707;CHEMONTID:0000278;CHEMONTID:0002449,Organic compounds;Organic nitrogen compounds;Organonitrogen compounds;Amines
14676,Carbonyl compounds,0.88,CHEMONTID:0001831,4,CHEMONTID:0000323,CHEMONTID:0000000;CHEMONTID:0004603;CHEMONTID:0000323;CHEMONTID:0001831,Organic compounds;Organic oxygen compounds;Organooxygen compounds;Carbonyl compounds
10775,Pyrimidines and pyrimidine derivatives,0.91,CHEMONTID:0000075,4,CHEMONTID:0001346,CHEMONTID:0000000;CHEMONTID:0000002;CHEMONTID:0001346;CHEMONTID:0000075,Organic compounds;Organoheterocyclic compounds;Diazines;Pyrimidines and pyrimidine derivatives
6090,Amines,0.97,CHEMONTID:0002449,4,CHEMONTID:0000278,CHEMONTID:0000000;CHEMONTID:0004707;CHEMONTID:0000278;CHEMONTID:0002449,Organic compounds;Organic nitrogen compounds;Organonitrogen compounds;Amines
8095,Alkyl aryl ethers,0.91,CHEMONTID:0000128,5,CHEMONTID:0000254,CHEMONTID:0000000;CHEMONTID:0004603;CHEMONTID:0000323;CHEMONTID:0000254;CHEMONTID:0000128,Organic compounds;Organic oxygen compounds;Organooxygen compounds;Ethers;Alkyl aryl ethers
13395,Amines,0.96,CHEMONTID:0002449,4,CHEMONTID:0000278,CHEMONTID:0000000;CHEMONTID:0004707;CHEMONTID:0000278;CHEMONTID:0002449,Organic compounds;Organic nitrogen compounds;Organonitrogen compounds;Amines
17341,Alcohols and polyols,0.99,CHEMONTID:0000129,4,CHEMONTID:0000323,CHEMONTID:0000000;CHEMONTID:0004603;CHEMONTID:0000323;CHEMONTID:0000129,Organic compounds;Organic oxygen compounds;Organooxygen compounds;Alcohols and polyols
19755,Carbonyl compounds,0.86,CHEMONTID:0001831,4,CHEMONTID:0000323,CHEMONTID:0000000;CHEMONTID:0004603;CHEMONTID:0000323;CHEMONTID:0001831,Organic compounds;Organic oxygen compounds;Organooxygen compounds;Carbonyl compounds
16383,Amines,0.98,CHEMONTID:0002449,4,CHEMONTID:0000278,CHEMONTID:0000000;CHEMONTID:0004707;CHEMONTID:0000278;CHEMONTID:0002449,Organic compounds;Organic nitrogen compounds;Organonitrogen compounds;Amines
1640,Monocarboxylic acids and derivatives,0.94,CHEMONTID:0001137,4,CHEMONTID:0000265,CHEMONTID:0000000;CHEMONTID:0000264;CHEMONTID:0000265;CHEMONTID:0001137,Organic compounds;Organic acids and derivatives;Carboxylic acids and derivatives;Monocarboxylic acids and derivatives
7783,Carbonyl compounds,0.9,CHEMONTID:0001831,4,CHEMONTID:0000323,CHEMONTID:0000000;CHEMONTID:0004603;CHEMONTID:0000323;CHEMONTID:0001831,Organic compounds;Organic oxygen compounds;Organooxygen compounds;Carbonyl compounds
5334,Alcohols and polyols,0.89,CHEMONTID:0000129,4,CHEMONTID:0000323,CHEMONTID:0000000;CHEMONTID:0004603;CHEMONTID:0000323;CHEMONTID:0000129,Organic compounds;Organic oxygen compounds;Organooxygen compounds;Alcohols and polyols
16300,Primary amines,0.95,CHEMONTID:0002450,5,CHEMONTID:0002449,CHEMONTID:0000000;CHEMONTID:0004707;CHEMONTID:0000278;CHEMONTID:0002449;CHEMONTID:0002450,Organic compounds;Organic nitrogen compounds;Organonitrogen compounds;Amines;Primary amines
9631,Fatty amides,0.93,CHEMONTID:0000331,4,CHEMONTID:0003909,CHEMONTID:0000000;CHEMONTID:0000012;CHEMONTID:0003909;CHEMONTID:0000331,Organic compounds;Lipids and lipid-like molecules;Fatty Acyls;Fatty amides
10853,Dialkyl phosphates,0.98,CHEMONTID:0003459,6,CHEMONTID:0003457,CHEMONTID:0000000;CHEMONTID:0000264;CHEMONTID:0000402;CHEMONTID:0000408;CHEMONTID:0003457;CHEMONTID:0003459,Organic compounds;Organic acids and derivatives;Organic phosphoric acids and derivatives;Phosphate esters;Alkyl phosphates;Dialkyl phosphates
3486,Carbonyl compounds,0.84,CHEMONTID:0001831,4,CHEMONTID:0000323,CHEMONTID:0000000;CHEMONTID:0004603;CHEMONTID:0000323;CHEMONTID:0001831,Organic compounds;Organic oxygen compounds;Organooxygen compounds;Carbonyl compounds
19934,Carbonyl compounds,0.92,CHEMONTID:0001831,4,CHEMONTID:0000323,CHEMONTID:0000000;CHEMONTID:0004603;CHEMONTID:0000323;CHEMONTID:0001831,Organic compounds;Organic oxygen compounds;Organooxygen compounds;Carbonyl compounds
6677,Tetrazoles,0.97,CHEMONTID:0000111,4,CHEMONTID:0000436,CHEMONTID:0000000;CHEMONTID:0000002;CHEMONTID:0000436;CHEMONTID:0000111,Organic compounds;Organoheterocyclic compounds;Azoles;Tetrazoles
17751,Alkyl phosphates,1,CHEMONTID:0003457,5,CHEMONTID:0000408,CHEMONTID:0000000;CHEMONTID:0000264;CHEMONTID:0000402;CHEMONTID:0000408;CHEMONTID:0003457,Organic compounds;Organic acids and derivatives;Organic phosphoric acids and derivatives;Phosphate esters;Alkyl phosphates
15517,Monoalkylamines,0.93,CHEMONTID:0000469,6,CHEMONTID:0002450,CHEMONTID:0000000;CHEMONTID:0004707;CHEMONTID:0000278;CHEMONTID:0002449;CHEMONTID:0002450;CHEMONTID:0000469,Organic compounds;Organic nitrogen compounds;Organonitrogen compounds;Amines;Primary amines;Monoalkylamines
9123,Ethers,0.99,CHEMONTID:0000254,4,CHEMONTID:0000323,CHEMONTID:0000000;CHEMONTID:0004603;CHEMONTID:0000323;CHEMONTID:0000254,Organic compounds;Organic oxygen compounds;Organooxygen compounds;Ethers
6247,Carbohydrates and carbohydrate conjugates,0.99,CHEMONTID:0000011,4,CHEMONTID:0000323,CHEMONTID:0000000;CHEMONTID:0004603;CHEMONTID:0000323;CHEMONTID:0000011,Organic compounds;Organic oxygen compounds;Organooxygen compounds;Carbohydrates and carbohydrate conjugates
8999,Carbonyl compounds,0.84,CHEMONTID:0001831,4,CHEMONTID:0000323,CHEMONTID:0000000;CHEMONTID:0004603;CHEMONTID:0000323;CHEMONTID:0001831,Organic compounds;Organic oxygen compounds;Organooxygen compounds;Carbonyl compounds
19749,Monoalkylamines,0.98,CHEMONTID:0000469,6,CHEMONTID:0002450,CHEMONTID:0000000;CHEMONTID:0004707;CHEMONTID:0000278;CHEMONTID:0002449;CHEMONTID:0002450;CHEMONTID:0000469,Organic compounds;Organic nitrogen compounds;Organonitrogen compounds;Amines;Primary amines;Monoalkylamines
15089,Carbonyl compounds,0.93,CHEMONTID:0001831,4,CHEMONTID:0000323,CHEMONTID:0000000;CHEMONTID:0004603;CHEMONTID:0000323;CHEMONTID:0001831,Organic compounds;Organic oxygen compounds;Organooxygen compounds;Carbonyl compounds
2023,Monoalkylamines,0.89,CHEMONTID:0000469,6,CHEMONTID:0002450,CHEMONTID:0000000;CHEMONTID:0004707;CHEMONTID:0000278;CHEMONTID:0002449;CHEMONTID:0002450;CHEMONTID:0000469,Organic compounds;Organic nitrogen compounds;Organonitrogen compounds;Amines;Primary amines;Monoalkylamines
14065,Monoalkylamines,1,CHEMONTID:0000469,6,CHEMONTID:0002450,CHEMONTID:0000000;CHEMONTID:0004707;CHEMONTID:0000278;CHEMONTID:0002449;CHEMONTID:0002450;CHEMONTID:0000469,Organic compounds;Organic nitrogen compounds;Organonitrogen compounds;Amines;Primary amines;Monoalkylamines
18062,Amines,0.97,CHEMONTID:0002449,4,CHEMONTID:0000278,CHEMONTID:0000000;CHEMONTID:0004707;CHEMONTID:0000278;CHEMONTID:0002449,Organic compounds;Organic nitrogen compounds;Organonitrogen compounds;Amines
10372,Carbonyl compounds,0.91,CHEMONTID:0001831,4,CHEMONTID:0000323,CHEMONTID:0000000;CHEMONTID:0004603;CHEMONTID:0000323;CHEMONTID:0001831,Organic compounds;Organic oxygen compounds;Organooxygen compounds;Carbonyl compounds
16268,Primary amines,0.92,CHEMONTID:0002450,5,CHEMONTID:0002449,CHEMONTID:0000000;CHEMONTID:0004707;CHEMONTID:0000278;CHEMONTID:0002449;CHEMONTID:0002450,Organic compounds;Organic nitrogen compounds;Organonitrogen compounds;Amines;Primary amines
13658,Monoalkylamines,1,CHEMONTID:0000469,6,CHEMONTID:0002450,CHEMONTID:0000000;CHEMONTID:0004707;CHEMONTID:0000278;CHEMONTID:0002449;CHEMONTID:0002450;CHEMONTID:0000469,Organic compounds;Organic nitrogen compounds;Organonitrogen compounds;Amines;Primary amines;Monoalkylamines
9927,Carbonyl compounds,0.99,CHEMONTID:0001831,4,CHEMONTID:0000323,CHEMONTID:0000000;CHEMONTID:0004603;CHEMONTID:0000323;CHEMONTID:0001831,Organic compounds;Organic oxygen compounds;Organooxygen compounds;Carbonyl compounds
20677,Imidazoles,0.97,CHEMONTID:0000078,4,CHEMONTID:0000436,CHEMONTID:0000000;CHEMONTID:0000002;CHEMONTID:0000436;CHEMONTID:0000078,Organic compounds;Organoheterocyclic compounds;Azoles;Imidazoles
19361,Carbohydrates and carbohydrate conjugates,1,CHEMONTID:0000011,4,CHEMONTID:0000323,CHEMONTID:0000000;CHEMONTID:0004603;CHEMONTID:0000323;CHEMONTID:0000011,Organic compounds;Organic oxygen compounds;Organooxygen compounds;Carbohydrates and carbohydrate conjugates
12474,Carboxylic acid derivatives,0.97,CHEMONTID:0001093,4,CHEMONTID:0000265,CHEMONTID:0000000;CHEMONTID:0000264;CHEMONTID:0000265;CHEMONTID:0001093,Organic compounds;Organic acids and derivatives;Carboxylic acids and derivatives;Carboxylic acid derivatives
6927,Carbonyl compounds,0.8,CHEMONTID:0001831,4,CHEMONTID:0000323,CHEMONTID:0000000;CHEMONTID:0004603;CHEMONTID:0000323;CHEMONTID:0001831,Organic compounds;Organic oxygen compounds;Organooxygen compounds;Carbonyl compounds
9065,Carbonyl compounds,0.84,CHEMONTID:0001831,4,CHEMONTID:0000323,CHEMONTID:0000000;CHEMONTID:0004603;CHEMONTID:0000323;CHEMONTID:0001831,Organic compounds;Organic oxygen compounds;Organooxygen compounds;Carbonyl compounds
951,Secondary alcohols,0.91,CHEMONTID:0001661,5,CHEMONTID:0000129,CHEMONTID:0000000;CHEMONTID:0004603;CHEMONTID:0000323;CHEMONTID:0000129;CHEMONTID:0001661,Organic compounds;Organic oxygen compounds;Organooxygen compounds;Alcohols and polyols;Secondary alcohols
14864,Carboxylic acid derivatives,0.89,CHEMONTID:0001093,4,CHEMONTID:0000265,CHEMONTID:0000000;CHEMONTID:0000264;CHEMONTID:0000265;CHEMONTID:0001093,Organic compounds;Organic acids and derivatives;Carboxylic acids and derivatives;Carboxylic acid derivatives
15919,Amines,0.87,CHEMONTID:0002449,4,CHEMONTID:0000278,CHEMONTID:0000000;CHEMONTID:0004707;CHEMONTID:0000278;CHEMONTID:0002449,Organic compounds;Organic nitrogen compounds;Organonitrogen compounds;Amines
13462,Amines,0.98,CHEMONTID:0002449,4,CHEMONTID:0000278,CHEMONTID:0000000;CHEMONTID:0004707;CHEMONTID:0000278;CHEMONTID:0002449,Organic compounds;Organic nitrogen compounds;Organonitrogen compounds;Amines
1967,Alcohols and polyols,0.94,CHEMONTID:0000129,4,CHEMONTID:0000323,CHEMONTID:0000000;CHEMONTID:0004603;CHEMONTID:0000323;CHEMONTID:0000129,Organic compounds;Organic oxygen compounds;Organooxygen compounds;Alcohols and polyols
17552,Monocarboxylic acids and derivatives,0.91,CHEMONTID:0001137,4,CHEMONTID:0000265,CHEMONTID:0000000;CHEMONTID:0000264;CHEMONTID:0000265;CHEMONTID:0001137,Organic compounds;Organic acids and derivatives;Carboxylic acids and derivatives;Monocarboxylic acids and derivatives
16938,Dialkyl ethers,0.8,CHEMONTID:0001167,5,CHEMONTID:0000254,CHEMONTID:0000000;CHEMONTID:0004603;CHEMONTID:0000323;CHEMONTID:0000254;CHEMONTID:0001167,Organic compounds;Organic oxygen compounds;Organooxygen compounds;Ethers;Dialkyl ethers
13087,Carbonyl compounds,0.96,CHEMONTID:0001831,4,CHEMONTID:0000323,CHEMONTID:0000000;CHEMONTID:0004603;CHEMONTID:0000323;CHEMONTID:0001831,Organic compounds;Organic oxygen compounds;Organooxygen compounds;Carbonyl compounds
4300,Monoalkylamines,0.92,CHEMONTID:0000469,6,CHEMONTID:0002450,CHEMONTID:0000000;CHEMONTID:0004707;CHEMONTID:0000278;CHEMONTID:0002449;CHEMONTID:0002450;CHEMONTID:0000469,Organic compounds;Organic nitrogen compounds;Organonitrogen compounds;Amines;Primary amines;Monoalkylamines
19218,Trialkylamines,0.87,CHEMONTID:0002239,6,CHEMONTID:0002452,CHEMONTID:0000000;CHEMONTID:0004707;CHEMONTID:0000278;CHEMONTID:0002449;CHEMONTID:0002452;CHEMONTID:0002239,Organic compounds;Organic nitrogen compounds;Organonitrogen compounds;Amines;Tertiary amines;Trialkylamines
595,Carboxylic acid derivatives,1,CHEMONTID:0001093,4,CHEMONTID:0000265,CHEMONTID:0000000;CHEMONTID:0000264;CHEMONTID:0000265;CHEMONTID:0001093,Organic compounds;Organic acids and derivatives;Carboxylic acids and derivatives;Carboxylic acid derivatives
9676,Primary amines,0.86,CHEMONTID:0002450,5,CHEMONTID:0002449,CHEMONTID:0000000;CHEMONTID:0004707;CHEMONTID:0000278;CHEMONTID:0002449;CHEMONTID:0002450,Organic compounds;Organic nitrogen compounds;Organonitrogen compounds;Amines;Primary amines
15811,Secondary alcohols,0.95,CHEMONTID:0001661,5,CHEMONTID:0000129,CHEMONTID:0000000;CHEMONTID:0004603;CHEMONTID:0000323;CHEMONTID:0000129;CHEMONTID:0001661,Organic compounds;Organic oxygen compounds;Organooxygen compounds;Alcohols and polyols;Secondary alcohols
10501,Carbonyl compounds,0.94,CHEMONTID:0001831,4,CHEMONTID:0000323,CHEMONTID:0000000;CHEMONTID:0004603;CHEMONTID:0000323;CHEMONTID:0001831,Organic compounds;Organic oxygen compounds;Organooxygen compounds;Carbonyl compounds
14561,Amines,0.87,CHEMONTID:0002449,4,CHEMONTID:0000278,CHEMONTID:0000000;CHEMONTID:0004707;CHEMONTID:0000278;CHEMONTID:0002449,Organic compounds;Organic nitrogen compounds;Organonitrogen compounds;Amines
11591,6-alkylaminopurines,1,CHEMONTID:0003454,6,CHEMONTID:0002987,CHEMONTID:0000000;CHEMONTID:0000002;CHEMONTID:0001797;CHEMONTID:0000245;CHEMONTID:0002987;CHEMONTID:0003454,Organic compounds;Organoheterocyclic compounds;Imidazopyrimidines;Purines and purine derivatives;6-aminopurines;6-alkylaminopurines
5057,Carbonyl compounds,0.94,CHEMONTID:0001831,4,CHEMONTID:0000323,CHEMONTID:0000000;CHEMONTID:0004603;CHEMONTID:0000323;CHEMONTID:0001831,Organic compounds;Organic oxygen compounds;Organooxygen compounds;Carbonyl compounds
16894,Carboxylic acid derivatives,1,CHEMONTID:0001093,4,CHEMONTID:0000265,CHEMONTID:0000000;CHEMONTID:0000264;CHEMONTID:0000265;CHEMONTID:0001093,Organic compounds;Organic acids and derivatives;Carboxylic acids and derivatives;Carboxylic acid derivatives
17242,Pyrimidines and pyrimidine derivatives,0.95,CHEMONTID:0000075,4,CHEMONTID:0001346,CHEMONTID:0000000;CHEMONTID:0000002;CHEMONTID:0001346;CHEMONTID:0000075,Organic compounds;Organoheterocyclic compounds;Diazines;Pyrimidines and pyrimidine derivatives
8780,Carbonyl compounds,0.96,CHEMONTID:0001831,4,CHEMONTID:0000323,CHEMONTID:0000000;CHEMONTID:0004603;CHEMONTID:0000323;CHEMONTID:0001831,Organic compounds;Organic oxygen compounds;Organooxygen compounds;Carbonyl compounds
8333,Carbonyl compounds,0.98,CHEMONTID:0001831,4,CHEMONTID:0000323,CHEMONTID:0000000;CHEMONTID:0004603;CHEMONTID:0000323;CHEMONTID:0001831,Organic compounds;Organic oxygen compounds;Organooxygen compounds;Carbonyl compounds
6994,Monoalkylamines,1,CHEMONTID:0000469,6,CHEMONTID:0002450,CHEMONTID:0000000;CHEMONTID:0004707;CHEMONTID:0000278;CHEMONTID:0002449;CHEMONTID:0002450;CHEMONTID:0000469,Organic compounds;Organic nitrogen compounds;Organonitrogen compounds;Amines;Primary amines;Monoalkylamines
12751,Carbonyl compounds,0.97,CHEMONTID:0001831,4,CHEMONTID:0000323,CHEMONTID:0000000;CHEMONTID:0004603;CHEMONTID:0000323;CHEMONTID:0001831,Organic compounds;Organic oxygen compounds;Organooxygen compounds;Carbonyl compounds
874,Carboxylic acid derivatives,0.95,CHEMONTID:0001093,4,CHEMONTID:0000265,CHEMONTID:0000000;CHEMONTID:0000264;CHEMONTID:0000265;CHEMONTID:0001093,Organic compounds;Organic acids and derivatives;Carboxylic acids and derivatives;Carboxylic acid derivatives
10787,Carbonyl compounds,0.96,CHEMONTID:0001831,4,CHEMONTID:0000323,CHEMONTID:0000000;CHEMONTID:0004603;CHEMONTID:0000323;CHEMONTID:0001831,Organic compounds;Organic oxygen compounds;Organooxygen compounds;Carbonyl compounds
11411,Carbonyl compounds,0.95,CHEMONTID:0001831,4,CHEMONTID:0000323,CHEMONTID:0000000;CHEMONTID:0004603;CHEMONTID:0000323;CHEMONTID:0001831,Organic compounds;Organic oxygen compounds;Organooxygen compounds;Carbonyl compounds
14757,Monocarboxylic acids and derivatives,0.86,CHEMONTID:0001137,4,CHEMONTID:0000265,CHEMONTID:0000000;CHEMONTID:0000264;CHEMONTID:0000265;CHEMONTID:0001137,Organic compounds;Organic acids and derivatives;Carboxylic acids and derivatives;Monocarboxylic acids and derivatives
9000,Alcohols and polyols,0.88,CHEMONTID:0000129,4,CHEMONTID:0000323,CHEMONTID:0000000;CHEMONTID:0004603;CHEMONTID:0000323;CHEMONTID:0000129,Organic compounds;Organic oxygen compounds;Organooxygen compounds;Alcohols and polyols
8791,Monoalkylamines,0.91,CHEMONTID:0000469,6,CHEMONTID:0002450,CHEMONTID:0000000;CHEMONTID:0004707;CHEMONTID:0000278;CHEMONTID:0002449;CHEMONTID:0002450;CHEMONTID:0000469,Organic compounds;Organic nitrogen compounds;Organonitrogen compounds;Amines;Primary amines;Monoalkylamines
18986,Trialkylamines,1,CHEMONTID:0002239,6,CHEMONTID:0002452,CHEMONTID:0000000;CHEMONTID:0004707;CHEMONTID:0000278;CHEMONTID:0002449;CHEMONTID:0002452;CHEMONTID:0002239,Organic compounds;Organic nitrogen compounds;Organonitrogen compounds;Amines;Tertiary amines;Trialkylamines
4882,Monocarboxylic acids and derivatives,0.86,CHEMONTID:0001137,4,CHEMONTID:0000265,CHEMONTID:0000000;CHEMONTID:0000264;CHEMONTID:0000265;CHEMONTID:0001137,Organic compounds;Organic acids and derivatives;Carboxylic acids and derivatives;Monocarboxylic acids and derivatives
7305,Alcohols and polyols,0.99,CHEMONTID:0000129,4,CHEMONTID:0000323,CHEMONTID:0000000;CHEMONTID:0004603;CHEMONTID:0000323;CHEMONTID:0000129,Organic compounds;Organic oxygen compounds;Organooxygen compounds;Alcohols and polyols
12745,Carbonyl compounds,0.92,CHEMONTID:0001831,4,CHEMONTID:0000323,CHEMONTID:0000000;CHEMONTID:0004603;CHEMONTID:0000323;CHEMONTID:0001831,Organic compounds;Organic oxygen compounds;Organooxygen compounds;Carbonyl compounds
3213,Carbonyl compounds,0.84,CHEMONTID:0001831,4,CHEMONTID:0000323,CHEMONTID:0000000;CHEMONTID:0004603;CHEMONTID:0000323;CHEMONTID:0001831,Organic compounds;Organic oxygen compounds;Organooxygen compounds;Carbonyl compounds
10046,Carbonyl compounds,0.91,CHEMONTID:0001831,4,CHEMONTID:0000323,CHEMONTID:0000000;CHEMONTID:0004603;CHEMONTID:0000323;CHEMONTID:0001831,Organic compounds;Organic oxygen compounds;Organooxygen compounds;Carbonyl compounds
14360,Carbonyl compounds,0.84,CHEMONTID:0001831,4,CHEMONTID:0000323,CHEMONTID:0000000;CHEMONTID:0004603;CHEMONTID:0000323;CHEMONTID:0001831,Organic compounds;Organic oxygen compounds;Organooxygen compounds;Carbonyl compounds
10627,Monoalkylamines,0.99,CHEMONTID:0000469,6,CHEMONTID:0002450,CHEMONTID:0000000;CHEMONTID:0004707;CHEMONTID:0000278;CHEMONTID:0002449;CHEMONTID:0002450;CHEMONTID:0000469,Organic compounds;Organic nitrogen compounds;Organonitrogen compounds;Amines;Primary amines;Monoalkylamines
10739,Carbonyl compounds,0.95,CHEMONTID:0001831,4,CHEMONTID:0000323,CHEMONTID:0000000;CHEMONTID:0004603;CHEMONTID:0000323;CHEMONTID:0001831,Organic compounds;Organic oxygen compounds;Organooxygen compounds;Carbonyl compounds
12405,Monoalkylamines,0.8,CHEMONTID:0000469,6,CHEMONTID:0002450,CHEMONTID:0000000;CHEMONTID:0004707;CHEMONTID:0000278;CHEMONTID:0002449;CHEMONTID:0002450;CHEMONTID:0000469,Organic compounds;Organic nitrogen compounds;Organonitrogen compounds;Amines;Primary amines;Monoalkylamines
13106,Pyrimidines and pyrimidine derivatives,0.97,CHEMONTID:0000075,4,CHEMONTID:0001346,CHEMONTID:0000000;CHEMONTID:0000002;CHEMONTID:0001346;CHEMONTID:0000075,Organic compounds;Organoheterocyclic compounds;Diazines;Pyrimidines and pyrimidine derivatives
16018,Alcohols and polyols,0.95,CHEMONTID:0000129,4,CHEMONTID:0000323,CHEMONTID:0000000;CHEMONTID:0004603;CHEMONTID:0000323;CHEMONTID:0000129,Organic compounds;Organic oxygen compounds;Organooxygen compounds;Alcohols and polyols
20662,Alcohols and polyols,0.94,CHEMONTID:0000129,4,CHEMONTID:0000323,CHEMONTID:0000000;CHEMONTID:0004603;CHEMONTID:0000323;CHEMONTID:0000129,Organic compounds;Organic oxygen compounds;Organooxygen compounds;Alcohols and polyols
12443,Carboxylic acid derivatives,0.97,CHEMONTID:0001093,4,CHEMONTID:0000265,CHEMONTID:0000000;CHEMONTID:0000264;CHEMONTID:0000265;CHEMONTID:0001093,Organic compounds;Organic acids and derivatives;Carboxylic acids and derivatives;Carboxylic acid derivatives
20586,Purines and purine derivatives,1,CHEMONTID:0000245,4,CHEMONTID:0001797,CHEMONTID:0000000;CHEMONTID:0000002;CHEMONTID:0001797;CHEMONTID:0000245,Organic compounds;Organoheterocyclic compounds;Imidazopyrimidines;Purines and purine derivatives
1384,Dialkyl ethers,0.88,CHEMONTID:0001167,5,CHEMONTID:0000254,CHEMONTID:0000000;CHEMONTID:0004603;CHEMONTID:0000323;CHEMONTID:0000254;CHEMONTID:0001167,Organic compounds;Organic oxygen compounds;Organooxygen compounds;Ethers;Dialkyl ethers
13015,Carbonyl compounds,0.94,CHEMONTID:0001831,4,CHEMONTID:0000323,CHEMONTID:0000000;CHEMONTID:0004603;CHEMONTID:0000323;CHEMONTID:0001831,Organic compounds;Organic oxygen compounds;Organooxygen compounds;Carbonyl compounds
16867,Carboxylic acid derivatives,0.98,CHEMONTID:0001093,4,CHEMONTID:0000265,CHEMONTID:0000000;CHEMONTID:0000264;CHEMONTID:0000265;CHEMONTID:0001093,Organic compounds;Organic acids and derivatives;Carboxylic acids and derivatives;Carboxylic acid derivatives
18367,Carbonyl compounds,0.82,CHEMONTID:0001831,4,CHEMONTID:0000323,CHEMONTID:0000000;CHEMONTID:0004603;CHEMONTID:0000323;CHEMONTID:0001831,Organic compounds;Organic oxygen compounds;Organooxygen compounds;Carbonyl compounds
4573,Delta-5-steroids,0.92,CHEMONTID:0002979,4,CHEMONTID:0000258,CHEMONTID:0000000;CHEMONTID:0000012;CHEMONTID:0000258;CHEMONTID:0002979,Organic compounds;Lipids and lipid-like molecules;Steroids and steroid derivatives;Delta-5-steroids
10323,Carbonyl compounds,0.98,CHEMONTID:0001831,4,CHEMONTID:0000323,CHEMONTID:0000000;CHEMONTID:0004603;CHEMONTID:0000323;CHEMONTID:0001831,Organic compounds;Organic oxygen compounds;Organooxygen compounds;Carbonyl compounds
8584,Carboxylic acid derivatives,0.96,CHEMONTID:0001093,4,CHEMONTID:0000265,CHEMONTID:0000000;CHEMONTID:0000264;CHEMONTID:0000265;CHEMONTID:0001093,Organic compounds;Organic acids and derivatives;Carboxylic acids and derivatives;Carboxylic acid derivatives
6311,Carboxylic acids,0.98,CHEMONTID:0001205,4,CHEMONTID:0000265,CHEMONTID:0000000;CHEMONTID:0000264;CHEMONTID:0000265;CHEMONTID:0001205,Organic compounds;Organic acids and derivatives;Carboxylic acids and derivatives;Carboxylic acids
13632,Monoalkylamines,0.91,CHEMONTID:0000469,6,CHEMONTID:0002450,CHEMONTID:0000000;CHEMONTID:0004707;CHEMONTID:0000278;CHEMONTID:0002449;CHEMONTID:0002450;CHEMONTID:0000469,Organic compounds;Organic nitrogen compounds;Organonitrogen compounds;Amines;Primary amines;Monoalkylamines
16197,Alcohols and polyols,0.97,CHEMONTID:0000129,4,CHEMONTID:0000323,CHEMONTID:0000000;CHEMONTID:0004603;CHEMONTID:0000323;CHEMONTID:0000129,Organic compounds;Organic oxygen compounds;Organooxygen compounds;Alcohols and polyols
9259,Dicarboxylic acids and derivatives,0.91,CHEMONTID:0000346,4,CHEMONTID:0000265,CHEMONTID:0000000;CHEMONTID:0000264;CHEMONTID:0000265;CHEMONTID:0000346,Organic compounds;Organic acids and derivatives;Carboxylic acids and derivatives;Dicarboxylic acids and derivatives
15714,Carboxylic acid derivatives,0.9,CHEMONTID:0001093,4,CHEMONTID:0000265,CHEMONTID:0000000;CHEMONTID:0000264;CHEMONTID:0000265;CHEMONTID:0001093,Organic compounds;Organic acids and derivatives;Carboxylic acids and derivatives;Carboxylic acid derivatives
8613,Phosphate esters,0.89,CHEMONTID:0000408,4,CHEMONTID:0000402,CHEMONTID:0000000;CHEMONTID:0000264;CHEMONTID:0000402;CHEMONTID:0000408,Organic compounds;Organic acids and derivatives;Organic phosphoric acids and derivatives;Phosphate esters
18801,Amines,0.99,CHEMONTID:0002449,4,CHEMONTID:0000278,CHEMONTID:0000000;CHEMONTID:0004707;CHEMONTID:0000278;CHEMONTID:0002449,Organic compounds;Organic nitrogen compounds;Organonitrogen compounds;Amines
8088,Amines,1,CHEMONTID:0002449,4,CHEMONTID:0000278,CHEMONTID:0000000;CHEMONTID:0004707;CHEMONTID:0000278;CHEMONTID:0002449,Organic compounds;Organic nitrogen compounds;Organonitrogen compounds;Amines
6710,Carbonyl compounds,0.95,CHEMONTID:0001831,4,CHEMONTID:0000323,CHEMONTID:0000000;CHEMONTID:0004603;CHEMONTID:0000323;CHEMONTID:0001831,Organic compounds;Organic oxygen compounds;Organooxygen compounds;Carbonyl compounds
9132,Amines,0.99,CHEMONTID:0002449,4,CHEMONTID:0000278,CHEMONTID:0000000;CHEMONTID:0004707;CHEMONTID:0000278;CHEMONTID:0002449,Organic compounds;Organic nitrogen compounds;Organonitrogen compounds;Amines
4373,Carbonyl compounds,0.97,CHEMONTID:0001831,4,CHEMONTID:0000323,CHEMONTID:0000000;CHEMONTID:0004603;CHEMONTID:0000323;CHEMONTID:0001831,Organic compounds;Organic oxygen compounds;Organooxygen compounds;Carbonyl compounds
16074,Fatty amides,0.9,CHEMONTID:0000331,4,CHEMONTID:0003909,CHEMONTID:0000000;CHEMONTID:0000012;CHEMONTID:0003909;CHEMONTID:0000331,Organic compounds;Lipids and lipid-like molecules;Fatty Acyls;Fatty amides
19234,Monoalkylamines,1,CHEMONTID:0000469,6,CHEMONTID:0002450,CHEMONTID:0000000;CHEMONTID:0004707;CHEMONTID:0000278;CHEMONTID:0002449;CHEMONTID:0002450;CHEMONTID:0000469,Organic compounds;Organic nitrogen compounds;Organonitrogen compounds;Amines;Primary amines;Monoalkylamines
17727,Carbonyl compounds,0.86,CHEMONTID:0001831,4,CHEMONTID:0000323,CHEMONTID:0000000;CHEMONTID:0004603;CHEMONTID:0000323;CHEMONTID:0001831,Organic compounds;Organic oxygen compounds;Organooxygen compounds;Carbonyl compounds
17275,Thiadiazoles,0.99,CHEMONTID:0000093,4,CHEMONTID:0000436,CHEMONTID:0000000;CHEMONTID:0000002;CHEMONTID:0000436;CHEMONTID:0000093,Organic compounds;Organoheterocyclic compounds;Azoles;Thiadiazoles
8811,Carboxylic acids,0.81,CHEMONTID:0001205,4,CHEMONTID:0000265,CHEMONTID:0000000;CHEMONTID:0000264;CHEMONTID:0000265;CHEMONTID:0001205,Organic compounds;Organic acids and derivatives;Carboxylic acids and derivatives;Carboxylic acids
16687,Amines,0.95,CHEMONTID:0002449,4,CHEMONTID:0000278,CHEMONTID:0000000;CHEMONTID:0004707;CHEMONTID:0000278;CHEMONTID:0002449,Organic compounds;Organic nitrogen compounds;Organonitrogen compounds;Amines
3930,Carboxylic acid derivatives,0.89,CHEMONTID:0001093,4,CHEMONTID:0000265,CHEMONTID:0000000;CHEMONTID:0000264;CHEMONTID:0000265;CHEMONTID:0001093,Organic compounds;Organic acids and derivatives;Carboxylic acids and derivatives;Carboxylic acid derivatives
14251,Monocarboxylic acids and derivatives,0.85,CHEMONTID:0001137,4,CHEMONTID:0000265,CHEMONTID:0000000;CHEMONTID:0000264;CHEMONTID:0000265;CHEMONTID:0001137,Organic compounds;Organic acids and derivatives;Carboxylic acids and derivatives;Monocarboxylic acids and derivatives
17016,Primary amines,0.98,CHEMONTID:0002450,5,CHEMONTID:0002449,CHEMONTID:0000000;CHEMONTID:0004707;CHEMONTID:0000278;CHEMONTID:0002449;CHEMONTID:0002450,Organic compounds;Organic nitrogen compounds;Organonitrogen compounds;Amines;Primary amines
12485,Carbonyl compounds,0.84,CHEMONTID:0001831,4,CHEMONTID:0000323,CHEMONTID:0000000;CHEMONTID:0004603;CHEMONTID:0000323;CHEMONTID:0001831,Organic compounds;Organic oxygen compounds;Organooxygen compounds;Carbonyl compounds
15503,Carbonyl compounds,0.99,CHEMONTID:0001831,4,CHEMONTID:0000323,CHEMONTID:0000000;CHEMONTID:0004603;CHEMONTID:0000323;CHEMONTID:0001831,Organic compounds;Organic oxygen compounds;Organooxygen compounds;Carbonyl compounds
20575,Carbonyl compounds,0.92,CHEMONTID:0001831,4,CHEMONTID:0000323,CHEMONTID:0000000;CHEMONTID:0004603;CHEMONTID:0000323;CHEMONTID:0001831,Organic compounds;Organic oxygen compounds;Organooxygen compounds;Carbonyl compounds
15268,Alcohols and polyols,0.98,CHEMONTID:0000129,4,CHEMONTID:0000323,CHEMONTID:0000000;CHEMONTID:0004603;CHEMONTID:0000323;CHEMONTID:0000129,Organic compounds;Organic oxygen compounds;Organooxygen compounds;Alcohols and polyols
1867,Monoalkylamines,0.99,CHEMONTID:0000469,6,CHEMONTID:0002450,CHEMONTID:0000000;CHEMONTID:0004707;CHEMONTID:0000278;CHEMONTID:0002449;CHEMONTID:0002450;CHEMONTID:0000469,Organic compounds;Organic nitrogen compounds;Organonitrogen compounds;Amines;Primary amines;Monoalkylamines
15836,Ketones,0.98,CHEMONTID:0000118,5,CHEMONTID:0001831,CHEMONTID:0000000;CHEMONTID:0004603;CHEMONTID:0000323;CHEMONTID:0001831;CHEMONTID:0000118,Organic compounds;Organic oxygen compounds;Organooxygen compounds;Carbonyl compounds;Ketones
10092,Dialkyl ethers,0.99,CHEMONTID:0001167,5,CHEMONTID:0000254,CHEMONTID:0000000;CHEMONTID:0004603;CHEMONTID:0000323;CHEMONTID:0000254;CHEMONTID:0001167,Organic compounds;Organic oxygen compounds;Organooxygen compounds;Ethers;Dialkyl ethers
12630,Carbonyl compounds,0.9,CHEMONTID:0001831,4,CHEMONTID:0000323,CHEMONTID:0000000;CHEMONTID:0004603;CHEMONTID:0000323;CHEMONTID:0001831,Organic compounds;Organic oxygen compounds;Organooxygen compounds;Carbonyl compounds
12129,Carbonyl compounds,0.98,CHEMONTID:0001831,4,CHEMONTID:0000323,CHEMONTID:0000000;CHEMONTID:0004603;CHEMONTID:0000323;CHEMONTID:0001831,Organic compounds;Organic oxygen compounds;Organooxygen compounds;Carbonyl compounds
9164,Carbohydrates and carbohydrate conjugates,0.99,CHEMONTID:0000011,4,CHEMONTID:0000323,CHEMONTID:0000000;CHEMONTID:0004603;CHEMONTID:0000323;CHEMONTID:0000011,Organic compounds;Organic oxygen compounds;Organooxygen compounds;Carbohydrates and carbohydrate conjugates
17167,Carboxylic acid derivatives,0.94,CHEMONTID:0001093,4,CHEMONTID:0000265,CHEMONTID:0000000;CHEMONTID:0000264;CHEMONTID:0000265;CHEMONTID:0001093,Organic compounds;Organic acids and derivatives;Carboxylic acids and derivatives;Carboxylic acid derivatives
10599,Carboxylic acid derivatives,0.97,CHEMONTID:0001093,4,CHEMONTID:0000265,CHEMONTID:0000000;CHEMONTID:0000264;CHEMONTID:0000265;CHEMONTID:0001093,Organic compounds;Organic acids and derivatives;Carboxylic acids and derivatives;Carboxylic acid derivatives
12343,Carbonyl compounds,0.84,CHEMONTID:0001831,4,CHEMONTID:0000323,CHEMONTID:0000000;CHEMONTID:0004603;CHEMONTID:0000323;CHEMONTID:0001831,Organic compounds;Organic oxygen compounds;Organooxygen compounds;Carbonyl compounds
12988,Alkyl aryl ethers,0.86,CHEMONTID:0000128,5,CHEMONTID:0000254,CHEMONTID:0000000;CHEMONTID:0004603;CHEMONTID:0000323;CHEMONTID:0000254;CHEMONTID:0000128,Organic compounds;Organic oxygen compounds;Organooxygen compounds;Ethers;Alkyl aryl ethers
15326,Carbonyl compounds,0.92,CHEMONTID:0001831,4,CHEMONTID:0000323,CHEMONTID:0000000;CHEMONTID:0004603;CHEMONTID:0000323;CHEMONTID:0001831,Organic compounds;Organic oxygen compounds;Organooxygen compounds;Carbonyl compounds
15373,Amines,0.99,CHEMONTID:0002449,4,CHEMONTID:0000278,CHEMONTID:0000000;CHEMONTID:0004707;CHEMONTID:0000278;CHEMONTID:0002449,Organic compounds;Organic nitrogen compounds;Organonitrogen compounds;Amines
3285,Carboxylic acid derivatives,0.99,CHEMONTID:0001093,4,CHEMONTID:0000265,CHEMONTID:0000000;CHEMONTID:0000264;CHEMONTID:0000265;CHEMONTID:0001093,Organic compounds;Organic acids and derivatives;Carboxylic acids and derivatives;Carboxylic acid derivatives
14553,Guanidines,1,CHEMONTID:0000375,4,CHEMONTID:0000278,CHEMONTID:0000000;CHEMONTID:0004707;CHEMONTID:0000278;CHEMONTID:0000375,Organic compounds;Organic nitrogen compounds;Organonitrogen compounds;Guanidines
934,Amines,0.86,CHEMONTID:0002449,4,CHEMONTID:0000278,CHEMONTID:0000000;CHEMONTID:0004707;CHEMONTID:0000278;CHEMONTID:0002449,Organic compounds;Organic nitrogen compounds;Organonitrogen compounds;Amines
11064,Secondary carboxylic acid amides,0.88,CHEMONTID:0001663,6,CHEMONTID:0000475,CHEMONTID:0000000;CHEMONTID:0000264;CHEMONTID:0000265;CHEMONTID:0001093;CHEMONTID:0000475;CHEMONTID:0001663,Organic compounds;Organic acids and derivatives;Carboxylic acids and derivatives;Carboxylic acid derivatives;Carboxylic acid amides;Secondary carboxylic acid amides
13988,Carboxylic acid derivatives,1,CHEMONTID:0001093,4,CHEMONTID:0000265,CHEMONTID:0000000;CHEMONTID:0000264;CHEMONTID:0000265;CHEMONTID:0001093,Organic compounds;Organic acids and derivatives;Carboxylic acids and derivatives;Carboxylic acid derivatives
19135,Trialkylamines,0.98,CHEMONTID:0002239,6,CHEMONTID:0002452,CHEMONTID:0000000;CHEMONTID:0004707;CHEMONTID:0000278;CHEMONTID:0002449;CHEMONTID:0002452;CHEMONTID:0002239,Organic compounds;Organic nitrogen compounds;Organonitrogen compounds;Amines;Tertiary amines;Trialkylamines
4521,Carbonyl compounds,0.96,CHEMONTID:0001831,4,CHEMONTID:0000323,CHEMONTID:0000000;CHEMONTID:0004603;CHEMONTID:0000323;CHEMONTID:0001831,Organic compounds;Organic oxygen compounds;Organooxygen compounds;Carbonyl compounds
11221,Carboxylic acid derivatives,0.91,CHEMONTID:0001093,4,CHEMONTID:0000265,CHEMONTID:0000000;CHEMONTID:0000264;CHEMONTID:0000265;CHEMONTID:0001093,Organic compounds;Organic acids and derivatives;Carboxylic acids and derivatives;Carboxylic acid derivatives
5131,Carboxylic acid derivatives,0.99,CHEMONTID:0001093,4,CHEMONTID:0000265,CHEMONTID:0000000;CHEMONTID:0000264;CHEMONTID:0000265;CHEMONTID:0001093,Organic compounds;Organic acids and derivatives;Carboxylic acids and derivatives;Carboxylic acid derivatives
17152,Carboxylic acid derivatives,0.95,CHEMONTID:0001093,4,CHEMONTID:0000265,CHEMONTID:0000000;CHEMONTID:0000264;CHEMONTID:0000265;CHEMONTID:0001093,Organic compounds;Organic acids and derivatives;Carboxylic acids and derivatives;Carboxylic acid derivatives
9092,Methyl esters,0.95,CHEMONTID:0003416,6,CHEMONTID:0001238,CHEMONTID:0000000;CHEMONTID:0000264;CHEMONTID:0000265;CHEMONTID:0001093;CHEMONTID:0001238;CHEMONTID:0003416,Organic compounds;Organic acids and derivatives;Carboxylic acids and derivatives;Carboxylic acid derivatives;Carboxylic acid esters;Methyl esters
19076,Dialkyl ethers,0.95,CHEMONTID:0001167,5,CHEMONTID:0000254,CHEMONTID:0000000;CHEMONTID:0004603;CHEMONTID:0000323;CHEMONTID:0000254;CHEMONTID:0001167,Organic compounds;Organic oxygen compounds;Organooxygen compounds;Ethers;Dialkyl ethers
14274,Carboxylic acid derivatives,0.89,CHEMONTID:0001093,4,CHEMONTID:0000265,CHEMONTID:0000000;CHEMONTID:0000264;CHEMONTID:0000265;CHEMONTID:0001093,Organic compounds;Organic acids and derivatives;Carboxylic acids and derivatives;Carboxylic acid derivatives
20115,Amines,0.91,CHEMONTID:0002449,4,CHEMONTID:0000278,CHEMONTID:0000000;CHEMONTID:0004707;CHEMONTID:0000278;CHEMONTID:0002449,Organic compounds;Organic nitrogen compounds;Organonitrogen compounds;Amines
12795,Amines,0.99,CHEMONTID:0002449,4,CHEMONTID:0000278,CHEMONTID:0000000;CHEMONTID:0004707;CHEMONTID:0000278;CHEMONTID:0002449,Organic compounds;Organic nitrogen compounds;Organonitrogen compounds;Amines
4745,Carbonyl compounds,0.86,CHEMONTID:0001831,4,CHEMONTID:0000323,CHEMONTID:0000000;CHEMONTID:0004603;CHEMONTID:0000323;CHEMONTID:0001831,Organic compounds;Organic oxygen compounds;Organooxygen compounds;Carbonyl compounds
4298,Alcohols and polyols,0.9,CHEMONTID:0000129,4,CHEMONTID:0000323,CHEMONTID:0000000;CHEMONTID:0004603;CHEMONTID:0000323;CHEMONTID:0000129,Organic compounds;Organic oxygen compounds;Organooxygen compounds;Alcohols and polyols
10388,Amines,0.97,CHEMONTID:0002449,4,CHEMONTID:0000278,CHEMONTID:0000000;CHEMONTID:0004707;CHEMONTID:0000278;CHEMONTID:0002449,Organic compounds;Organic nitrogen compounds;Organonitrogen compounds;Amines
5332,Carboxylic acid derivatives,0.96,CHEMONTID:0001093,4,CHEMONTID:0000265,CHEMONTID:0000000;CHEMONTID:0000264;CHEMONTID:0000265;CHEMONTID:0001093,Organic compounds;Organic acids and derivatives;Carboxylic acids and derivatives;Carboxylic acid derivatives
12492,Monocarboxylic acids and derivatives,0.81,CHEMONTID:0001137,4,CHEMONTID:0000265,CHEMONTID:0000000;CHEMONTID:0000264;CHEMONTID:0000265;CHEMONTID:0001137,Organic compounds;Organic acids and derivatives;Carboxylic acids and derivatives;Monocarboxylic acids and derivatives
17489,Alpha amino acids and derivatives,0.96,CHEMONTID:0000060,6,CHEMONTID:0000347,CHEMONTID:0000000;CHEMONTID:0000264;CHEMONTID:0000265;CHEMONTID:0000013;CHEMONTID:0000347;CHEMONTID:0000060,"Organic compounds;Organic acids and derivatives;Carboxylic acids and derivatives;Amino acids, peptides, and analogues;Amino acids and derivatives;Alpha amino acids and derivatives"
18115,Carboxylic acid derivatives,0.96,CHEMONTID:0001093,4,CHEMONTID:0000265,CHEMONTID:0000000;CHEMONTID:0000264;CHEMONTID:0000265;CHEMONTID:0001093,Organic compounds;Organic acids and derivatives;Carboxylic acids and derivatives;Carboxylic acid derivatives
10805,Monoalkylamines,0.97,CHEMONTID:0000469,6,CHEMONTID:0002450,CHEMONTID:0000000;CHEMONTID:0004707;CHEMONTID:0000278;CHEMONTID:0002449;CHEMONTID:0002450;CHEMONTID:0000469,Organic compounds;Organic nitrogen compounds;Organonitrogen compounds;Amines;Primary amines;Monoalkylamines
17633,Carbonyl compounds,0.93,CHEMONTID:0001831,4,CHEMONTID:0000323,CHEMONTID:0000000;CHEMONTID:0004603;CHEMONTID:0000323;CHEMONTID:0001831,Organic compounds;Organic oxygen compounds;Organooxygen compounds;Carbonyl compounds
10152,Carbonyl compounds,0.84,CHEMONTID:0001831,4,CHEMONTID:0000323,CHEMONTID:0000000;CHEMONTID:0004603;CHEMONTID:0000323;CHEMONTID:0001831,Organic compounds;Organic oxygen compounds;Organooxygen compounds;Carbonyl compounds
1820,Carbonyl compounds,0.89,CHEMONTID:0001831,4,CHEMONTID:0000323,CHEMONTID:0000000;CHEMONTID:0004603;CHEMONTID:0000323;CHEMONTID:0001831,Organic compounds;Organic oxygen compounds;Organooxygen compounds;Carbonyl compounds
15956,Carbonyl compounds,0.97,CHEMONTID:0001831,4,CHEMONTID:0000323,CHEMONTID:0000000;CHEMONTID:0004603;CHEMONTID:0000323;CHEMONTID:0001831,Organic compounds;Organic oxygen compounds;Organooxygen compounds;Carbonyl compounds
1871,Alcohols and polyols,0.85,CHEMONTID:0000129,4,CHEMONTID:0000323,CHEMONTID:0000000;CHEMONTID:0004603;CHEMONTID:0000323;CHEMONTID:0000129,Organic compounds;Organic oxygen compounds;Organooxygen compounds;Alcohols and polyols
7457,Alkyl phosphates,0.98,CHEMONTID:0003457,5,CHEMONTID:0000408,CHEMONTID:0000000;CHEMONTID:0000264;CHEMONTID:0000402;CHEMONTID:0000408;CHEMONTID:0003457,Organic compounds;Organic acids and derivatives;Organic phosphoric acids and derivatives;Phosphate esters;Alkyl phosphates
17923,Alcohols and polyols,0.95,CHEMONTID:0000129,4,CHEMONTID:0000323,CHEMONTID:0000000;CHEMONTID:0004603;CHEMONTID:0000323;CHEMONTID:0000129,Organic compounds;Organic oxygen compounds;Organooxygen compounds;Alcohols and polyols
18232,Phosphate esters,1,CHEMONTID:0000408,4,CHEMONTID:0000402,CHEMONTID:0000000;CHEMONTID:0000264;CHEMONTID:0000402;CHEMONTID:0000408,Organic compounds;Organic acids and derivatives;Organic phosphoric acids and derivatives;Phosphate esters
1040,Monoalkylamines,0.95,CHEMONTID:0000469,6,CHEMONTID:0002450,CHEMONTID:0000000;CHEMONTID:0004707;CHEMONTID:0000278;CHEMONTID:0002449;CHEMONTID:0002450;CHEMONTID:0000469,Organic compounds;Organic nitrogen compounds;Organonitrogen compounds;Amines;Primary amines;Monoalkylamines
13879,Alcohols and polyols,0.8,CHEMONTID:0000129,4,CHEMONTID:0000323,CHEMONTID:0000000;CHEMONTID:0004603;CHEMONTID:0000323;CHEMONTID:0000129,Organic compounds;Organic oxygen compounds;Organooxygen compounds;Alcohols and polyols
10619,Monoalkylamines,1,CHEMONTID:0000469,6,CHEMONTID:0002450,CHEMONTID:0000000;CHEMONTID:0004707;CHEMONTID:0000278;CHEMONTID:0002449;CHEMONTID:0002450;CHEMONTID:0000469,Organic compounds;Organic nitrogen compounds;Organonitrogen compounds;Amines;Primary amines;Monoalkylamines
1728,Carbonyl compounds,0.86,CHEMONTID:0001831,4,CHEMONTID:0000323,CHEMONTID:0000000;CHEMONTID:0004603;CHEMONTID:0000323;CHEMONTID:0001831,Organic compounds;Organic oxygen compounds;Organooxygen compounds;Carbonyl compounds
19229,Amino acids,1,CHEMONTID:0004176,6,CHEMONTID:0000347,CHEMONTID:0000000;CHEMONTID:0000264;CHEMONTID:0000265;CHEMONTID:0000013;CHEMONTID:0000347;CHEMONTID:0004176,"Organic compounds;Organic acids and derivatives;Carboxylic acids and derivatives;Amino acids, peptides, and analogues;Amino acids and derivatives;Amino acids"
2438,Carbonyl compounds,0.93,CHEMONTID:0001831,4,CHEMONTID:0000323,CHEMONTID:0000000;CHEMONTID:0004603;CHEMONTID:0000323;CHEMONTID:0001831,Organic compounds;Organic oxygen compounds;Organooxygen compounds;Carbonyl compounds
15934,Amines,0.98,CHEMONTID:0002449,4,CHEMONTID:0000278,CHEMONTID:0000000;CHEMONTID:0004707;CHEMONTID:0000278;CHEMONTID:0002449,Organic compounds;Organic nitrogen compounds;Organonitrogen compounds;Amines
20597,Monoalkylamines,1,CHEMONTID:0000469,6,CHEMONTID:0002450,CHEMONTID:0000000;CHEMONTID:0004707;CHEMONTID:0000278;CHEMONTID:0002449;CHEMONTID:0002450;CHEMONTID:0000469,Organic compounds;Organic nitrogen compounds;Organonitrogen compounds;Amines;Primary amines;Monoalkylamines
5323,Monoalkylamines,0.99,CHEMONTID:0000469,6,CHEMONTID:0002450,CHEMONTID:0000000;CHEMONTID:0004707;CHEMONTID:0000278;CHEMONTID:0002449;CHEMONTID:0002450;CHEMONTID:0000469,Organic compounds;Organic nitrogen compounds;Organonitrogen compounds;Amines;Primary amines;Monoalkylamines
4779,Primary amines,0.95,CHEMONTID:0002450,5,CHEMONTID:0002449,CHEMONTID:0000000;CHEMONTID:0004707;CHEMONTID:0000278;CHEMONTID:0002449;CHEMONTID:0002450,Organic compounds;Organic nitrogen compounds;Organonitrogen compounds;Amines;Primary amines
4455,Carboxylic acid derivatives,0.95,CHEMONTID:0001093,4,CHEMONTID:0000265,CHEMONTID:0000000;CHEMONTID:0000264;CHEMONTID:0000265;CHEMONTID:0001093,Organic compounds;Organic acids and derivatives;Carboxylic acids and derivatives;Carboxylic acid derivatives
8518,Carboxylic acid derivatives,0.9,CHEMONTID:0001093,4,CHEMONTID:0000265,CHEMONTID:0000000;CHEMONTID:0000264;CHEMONTID:0000265;CHEMONTID:0001093,Organic compounds;Organic acids and derivatives;Carboxylic acids and derivatives;Carboxylic acid derivatives
11188,Carbonyl compounds,0.95,CHEMONTID:0001831,4,CHEMONTID:0000323,CHEMONTID:0000000;CHEMONTID:0004603;CHEMONTID:0000323;CHEMONTID:0001831,Organic compounds;Organic oxygen compounds;Organooxygen compounds;Carbonyl compounds
1292,Amines,0.81,CHEMONTID:0002449,4,CHEMONTID:0000278,CHEMONTID:0000000;CHEMONTID:0004707;CHEMONTID:0000278;CHEMONTID:0002449,Organic compounds;Organic nitrogen compounds;Organonitrogen compounds;Amines
8749,Monoalkylamines,0.99,CHEMONTID:0000469,6,CHEMONTID:0002450,CHEMONTID:0000000;CHEMONTID:0004707;CHEMONTID:0000278;CHEMONTID:0002449;CHEMONTID:0002450;CHEMONTID:0000469,Organic compounds;Organic nitrogen compounds;Organonitrogen compounds;Amines;Primary amines;Monoalkylamines
2246,Dialkyl phosphates,1,CHEMONTID:0003459,6,CHEMONTID:0003457,CHEMONTID:0000000;CHEMONTID:0000264;CHEMONTID:0000402;CHEMONTID:0000408;CHEMONTID:0003457;CHEMONTID:0003459,Organic compounds;Organic acids and derivatives;Organic phosphoric acids and derivatives;Phosphate esters;Alkyl phosphates;Dialkyl phosphates
15134,Primary amines,0.89,CHEMONTID:0002450,5,CHEMONTID:0002449,CHEMONTID:0000000;CHEMONTID:0004707;CHEMONTID:0000278;CHEMONTID:0002449;CHEMONTID:0002450,Organic compounds;Organic nitrogen compounds;Organonitrogen compounds;Amines;Primary amines
4530,Carbonyl compounds,0.92,CHEMONTID:0001831,4,CHEMONTID:0000323,CHEMONTID:0000000;CHEMONTID:0004603;CHEMONTID:0000323;CHEMONTID:0001831,Organic compounds;Organic oxygen compounds;Organooxygen compounds;Carbonyl compounds
4975,Carboxylic acid derivatives,0.92,CHEMONTID:0001093,4,CHEMONTID:0000265,CHEMONTID:0000000;CHEMONTID:0000264;CHEMONTID:0000265;CHEMONTID:0001093,Organic compounds;Organic acids and derivatives;Carboxylic acids and derivatives;Carboxylic acid derivatives
18263,Primary amines,1,CHEMONTID:0002450,5,CHEMONTID:0002449,CHEMONTID:0000000;CHEMONTID:0004707;CHEMONTID:0000278;CHEMONTID:0002449;CHEMONTID:0002450,Organic compounds;Organic nitrogen compounds;Organonitrogen compounds;Amines;Primary amines
11795,Amines,0.86,CHEMONTID:0002449,4,CHEMONTID:0000278,CHEMONTID:0000000;CHEMONTID:0004707;CHEMONTID:0000278;CHEMONTID:0002449,Organic compounds;Organic nitrogen compounds;Organonitrogen compounds;Amines
13469,Monocarboxylic acids and derivatives,0.92,CHEMONTID:0001137,4,CHEMONTID:0000265,CHEMONTID:0000000;CHEMONTID:0000264;CHEMONTID:0000265;CHEMONTID:0001137,Organic compounds;Organic acids and derivatives;Carboxylic acids and derivatives;Monocarboxylic acids and derivatives
13780,Carbonyl compounds,0.92,CHEMONTID:0001831,4,CHEMONTID:0000323,CHEMONTID:0000000;CHEMONTID:0004603;CHEMONTID:0000323;CHEMONTID:0001831,Organic compounds;Organic oxygen compounds;Organooxygen compounds;Carbonyl compounds
10582,Carbonyl compounds,0.97,CHEMONTID:0001831,4,CHEMONTID:0000323,CHEMONTID:0000000;CHEMONTID:0004603;CHEMONTID:0000323;CHEMONTID:0001831,Organic compounds;Organic oxygen compounds;Organooxygen compounds;Carbonyl compounds
9083,Carbonyl compounds,0.88,CHEMONTID:0001831,4,CHEMONTID:0000323,CHEMONTID:0000000;CHEMONTID:0004603;CHEMONTID:0000323;CHEMONTID:0001831,Organic compounds;Organic oxygen compounds;Organooxygen compounds;Carbonyl compounds
8546,Carbonyl compounds,0.91,CHEMONTID:0001831,4,CHEMONTID:0000323,CHEMONTID:0000000;CHEMONTID:0004603;CHEMONTID:0000323;CHEMONTID:0001831,Organic compounds;Organic oxygen compounds;Organooxygen compounds;Carbonyl compounds
14185,Carboxylic acid derivatives,0.98,CHEMONTID:0001093,4,CHEMONTID:0000265,CHEMONTID:0000000;CHEMONTID:0000264;CHEMONTID:0000265;CHEMONTID:0001093,Organic compounds;Organic acids and derivatives;Carboxylic acids and derivatives;Carboxylic acid derivatives
14677,Amines,0.98,CHEMONTID:0002449,4,CHEMONTID:0000278,CHEMONTID:0000000;CHEMONTID:0004707;CHEMONTID:0000278;CHEMONTID:0002449,Organic compounds;Organic nitrogen compounds;Organonitrogen compounds;Amines
12018,Carbonyl compounds,0.84,CHEMONTID:0001831,4,CHEMONTID:0000323,CHEMONTID:0000000;CHEMONTID:0004603;CHEMONTID:0000323;CHEMONTID:0001831,Organic compounds;Organic oxygen compounds;Organooxygen compounds;Carbonyl compounds
15367,Carboxylic acid derivatives,0.95,CHEMONTID:0001093,4,CHEMONTID:0000265,CHEMONTID:0000000;CHEMONTID:0000264;CHEMONTID:0000265;CHEMONTID:0001093,Organic compounds;Organic acids and derivatives;Carboxylic acids and derivatives;Carboxylic acid derivatives
9175,"Amino acids, peptides, and analogues",0.89,CHEMONTID:0000013,4,CHEMONTID:0000265,CHEMONTID:0000000;CHEMONTID:0000264;CHEMONTID:0000265;CHEMONTID:0000013,"Organic compounds;Organic acids and derivatives;Carboxylic acids and derivatives;Amino acids, peptides, and analogues"
6859,Carbonyl compounds,0.93,CHEMONTID:0001831,4,CHEMONTID:0000323,CHEMONTID:0000000;CHEMONTID:0004603;CHEMONTID:0000323;CHEMONTID:0001831,Organic compounds;Organic oxygen compounds;Organooxygen compounds;Carbonyl compounds
15332,Monocarboxylic acids and derivatives,0.81,CHEMONTID:0001137,4,CHEMONTID:0000265,CHEMONTID:0000000;CHEMONTID:0000264;CHEMONTID:0000265;CHEMONTID:0001137,Organic compounds;Organic acids and derivatives;Carboxylic acids and derivatives;Monocarboxylic acids and derivatives
7792,Guanidines,0.85,CHEMONTID:0000375,4,CHEMONTID:0000278,CHEMONTID:0000000;CHEMONTID:0004707;CHEMONTID:0000278;CHEMONTID:0000375,Organic compounds;Organic nitrogen compounds;Organonitrogen compounds;Guanidines
15904,Monoalkylamines,0.97,CHEMONTID:0000469,6,CHEMONTID:0002450,CHEMONTID:0000000;CHEMONTID:0004707;CHEMONTID:0000278;CHEMONTID:0002449;CHEMONTID:0002450;CHEMONTID:0000469,Organic compounds;Organic nitrogen compounds;Organonitrogen compounds;Amines;Primary amines;Monoalkylamines
1497,Carbonyl compounds,0.97,CHEMONTID:0001831,4,CHEMONTID:0000323,CHEMONTID:0000000;CHEMONTID:0004603;CHEMONTID:0000323;CHEMONTID:0001831,Organic compounds;Organic oxygen compounds;Organooxygen compounds;Carbonyl compounds
2496,Carbonyl compounds,0.97,CHEMONTID:0001831,4,CHEMONTID:0000323,CHEMONTID:0000000;CHEMONTID:0004603;CHEMONTID:0000323;CHEMONTID:0001831,Organic compounds;Organic oxygen compounds;Organooxygen compounds;Carbonyl compounds
4137,Carbonyl compounds,0.96,CHEMONTID:0001831,4,CHEMONTID:0000323,CHEMONTID:0000000;CHEMONTID:0004603;CHEMONTID:0000323;CHEMONTID:0001831,Organic compounds;Organic oxygen compounds;Organooxygen compounds;Carbonyl compounds
4352,Carboxylic acid derivatives,0.89,CHEMONTID:0001093,4,CHEMONTID:0000265,CHEMONTID:0000000;CHEMONTID:0000264;CHEMONTID:0000265;CHEMONTID:0001093,Organic compounds;Organic acids and derivatives;Carboxylic acids and derivatives;Carboxylic acid derivatives
2510,Carbonyl compounds,0.9,CHEMONTID:0001831,4,CHEMONTID:0000323,CHEMONTID:0000000;CHEMONTID:0004603;CHEMONTID:0000323;CHEMONTID:0001831,Organic compounds;Organic oxygen compounds;Organooxygen compounds;Carbonyl compounds
18827,Primary amines,0.99,CHEMONTID:0002450,5,CHEMONTID:0002449,CHEMONTID:0000000;CHEMONTID:0004707;CHEMONTID:0000278;CHEMONTID:0002449;CHEMONTID:0002450,Organic compounds;Organic nitrogen compounds;Organonitrogen compounds;Amines;Primary amines
12862,Monocarboxylic acids and derivatives,0.86,CHEMONTID:0001137,4,CHEMONTID:0000265,CHEMONTID:0000000;CHEMONTID:0000264;CHEMONTID:0000265;CHEMONTID:0001137,Organic compounds;Organic acids and derivatives;Carboxylic acids and derivatives;Monocarboxylic acids and derivatives
7288,Carboxylic acid derivatives,0.91,CHEMONTID:0001093,4,CHEMONTID:0000265,CHEMONTID:0000000;CHEMONTID:0000264;CHEMONTID:0000265;CHEMONTID:0001093,Organic compounds;Organic acids and derivatives;Carboxylic acids and derivatives;Carboxylic acid derivatives
16439,N-acyl-alpha amino acids and derivatives,1,CHEMONTID:0001189,7,CHEMONTID:0000060,CHEMONTID:0000000;CHEMONTID:0000264;CHEMONTID:0000265;CHEMONTID:0000013;CHEMONTID:0000347;CHEMONTID:0000060;CHEMONTID:0001189,"Organic compounds;Organic acids and derivatives;Carboxylic acids and derivatives;Amino acids, peptides, and analogues;Amino acids and derivatives;Alpha amino acids and derivatives;N-acyl-alpha amino acids and derivatives"
4667,Carbonyl compounds,0.91,CHEMONTID:0001831,4,CHEMONTID:0000323,CHEMONTID:0000000;CHEMONTID:0004603;CHEMONTID:0000323;CHEMONTID:0001831,Organic compounds;Organic oxygen compounds;Organooxygen compounds;Carbonyl compounds
17340,Monocarboxylic acids and derivatives,0.81,CHEMONTID:0001137,4,CHEMONTID:0000265,CHEMONTID:0000000;CHEMONTID:0000264;CHEMONTID:0000265;CHEMONTID:0001137,Organic compounds;Organic acids and derivatives;Carboxylic acids and derivatives;Monocarboxylic acids and derivatives
12951,Carbonyl compounds,0.94,CHEMONTID:0001831,4,CHEMONTID:0000323,CHEMONTID:0000000;CHEMONTID:0004603;CHEMONTID:0000323;CHEMONTID:0001831,Organic compounds;Organic oxygen compounds;Organooxygen compounds;Carbonyl compounds
5005,Carboxylic acid derivatives,0.96,CHEMONTID:0001093,4,CHEMONTID:0000265,CHEMONTID:0000000;CHEMONTID:0000264;CHEMONTID:0000265;CHEMONTID:0001093,Organic compounds;Organic acids and derivatives;Carboxylic acids and derivatives;Carboxylic acid derivatives
20684,Primary amines,0.95,CHEMONTID:0002450,5,CHEMONTID:0002449,CHEMONTID:0000000;CHEMONTID:0004707;CHEMONTID:0000278;CHEMONTID:0002449;CHEMONTID:0002450,Organic compounds;Organic nitrogen compounds;Organonitrogen compounds;Amines;Primary amines
4151,Carbonyl compounds,0.91,CHEMONTID:0001831,4,CHEMONTID:0000323,CHEMONTID:0000000;CHEMONTID:0004603;CHEMONTID:0000323;CHEMONTID:0001831,Organic compounds;Organic oxygen compounds;Organooxygen compounds;Carbonyl compounds
16274,Carboxylic acid derivatives,0.97,CHEMONTID:0001093,4,CHEMONTID:0000265,CHEMONTID:0000000;CHEMONTID:0000264;CHEMONTID:0000265;CHEMONTID:0001093,Organic compounds;Organic acids and derivatives;Carboxylic acids and derivatives;Carboxylic acid derivatives
12671,Monoalkylamines,0.97,CHEMONTID:0000469,6,CHEMONTID:0002450,CHEMONTID:0000000;CHEMONTID:0004707;CHEMONTID:0000278;CHEMONTID:0002449;CHEMONTID:0002450;CHEMONTID:0000469,Organic compounds;Organic nitrogen compounds;Organonitrogen compounds;Amines;Primary amines;Monoalkylamines
6381,Carboxylic acid derivatives,0.88,CHEMONTID:0001093,4,CHEMONTID:0000265,CHEMONTID:0000000;CHEMONTID:0000264;CHEMONTID:0000265;CHEMONTID:0001093,Organic compounds;Organic acids and derivatives;Carboxylic acids and derivatives;Carboxylic acid derivatives
14954,Amines,0.95,CHEMONTID:0002449,4,CHEMONTID:0000278,CHEMONTID:0000000;CHEMONTID:0004707;CHEMONTID:0000278;CHEMONTID:0002449,Organic compounds;Organic nitrogen compounds;Organonitrogen compounds;Amines
14245,Carbonyl compounds,0.88,CHEMONTID:0001831,4,CHEMONTID:0000323,CHEMONTID:0000000;CHEMONTID:0004603;CHEMONTID:0000323;CHEMONTID:0001831,Organic compounds;Organic oxygen compounds;Organooxygen compounds;Carbonyl compounds
10852,Alcohols and polyols,0.8,CHEMONTID:0000129,4,CHEMONTID:0000323,CHEMONTID:0000000;CHEMONTID:0004603;CHEMONTID:0000323;CHEMONTID:0000129,Organic compounds;Organic oxygen compounds;Organooxygen compounds;Alcohols and polyols
14120,Carbonyl compounds,0.97,CHEMONTID:0001831,4,CHEMONTID:0000323,CHEMONTID:0000000;CHEMONTID:0004603;CHEMONTID:0000323;CHEMONTID:0001831,Organic compounds;Organic oxygen compounds;Organooxygen compounds;Carbonyl compounds
7806,Alcohols and polyols,0.92,CHEMONTID:0000129,4,CHEMONTID:0000323,CHEMONTID:0000000;CHEMONTID:0004603;CHEMONTID:0000323;CHEMONTID:0000129,Organic compounds;Organic oxygen compounds;Organooxygen compounds;Alcohols and polyols
7591,Amines,0.89,CHEMONTID:0002449,4,CHEMONTID:0000278,CHEMONTID:0000000;CHEMONTID:0004707;CHEMONTID:0000278;CHEMONTID:0002449,Organic compounds;Organic nitrogen compounds;Organonitrogen compounds;Amines
4645,Monoalkylamines,0.98,CHEMONTID:0000469,6,CHEMONTID:0002450,CHEMONTID:0000000;CHEMONTID:0004707;CHEMONTID:0000278;CHEMONTID:0002449;CHEMONTID:0002450;CHEMONTID:0000469,Organic compounds;Organic nitrogen compounds;Organonitrogen compounds;Amines;Primary amines;Monoalkylamines
12049,Ethers,0.9,CHEMONTID:0000254,4,CHEMONTID:0000323,CHEMONTID:0000000;CHEMONTID:0004603;CHEMONTID:0000323;CHEMONTID:0000254,Organic compounds;Organic oxygen compounds;Organooxygen compounds;Ethers
19928,Monoalkylamines,0.99,CHEMONTID:0000469,6,CHEMONTID:0002450,CHEMONTID:0000000;CHEMONTID:0004707;CHEMONTID:0000278;CHEMONTID:0002449;CHEMONTID:0002450;CHEMONTID:0000469,Organic compounds;Organic nitrogen compounds;Organonitrogen compounds;Amines;Primary amines;Monoalkylamines
17328,Amines,0.9,CHEMONTID:0002449,4,CHEMONTID:0000278,CHEMONTID:0000000;CHEMONTID:0004707;CHEMONTID:0000278;CHEMONTID:0002449,Organic compounds;Organic nitrogen compounds;Organonitrogen compounds;Amines
9353,Alcohols and polyols,0.82,CHEMONTID:0000129,4,CHEMONTID:0000323,CHEMONTID:0000000;CHEMONTID:0004603;CHEMONTID:0000323;CHEMONTID:0000129,Organic compounds;Organic oxygen compounds;Organooxygen compounds;Alcohols and polyols
15088,Alcohols and polyols,0.84,CHEMONTID:0000129,4,CHEMONTID:0000323,CHEMONTID:0000000;CHEMONTID:0004603;CHEMONTID:0000323;CHEMONTID:0000129,Organic compounds;Organic oxygen compounds;Organooxygen compounds;Alcohols and polyols
11927,Carbonyl compounds,0.92,CHEMONTID:0001831,4,CHEMONTID:0000323,CHEMONTID:0000000;CHEMONTID:0004603;CHEMONTID:0000323;CHEMONTID:0001831,Organic compounds;Organic oxygen compounds;Organooxygen compounds;Carbonyl compounds
19748,Carbonyl compounds,0.97,CHEMONTID:0001831,4,CHEMONTID:0000323,CHEMONTID:0000000;CHEMONTID:0004603;CHEMONTID:0000323;CHEMONTID:0001831,Organic compounds;Organic oxygen compounds;Organooxygen compounds;Carbonyl compounds
10373,Monoalkylamines,0.99,CHEMONTID:0000469,6,CHEMONTID:0002450,CHEMONTID:0000000;CHEMONTID:0004707;CHEMONTID:0000278;CHEMONTID:0002449;CHEMONTID:0002450;CHEMONTID:0000469,Organic compounds;Organic nitrogen compounds;Organonitrogen compounds;Amines;Primary amines;Monoalkylamines
3215,Carboxylic acid derivatives,0.89,CHEMONTID:0001093,4,CHEMONTID:0000265,CHEMONTID:0000000;CHEMONTID:0000264;CHEMONTID:0000265;CHEMONTID:0001093,Organic compounds;Organic acids and derivatives;Carboxylic acids and derivatives;Carboxylic acid derivatives
7303,Carbonyl compounds,0.9,CHEMONTID:0001831,4,CHEMONTID:0000323,CHEMONTID:0000000;CHEMONTID:0004603;CHEMONTID:0000323;CHEMONTID:0001831,Organic compounds;Organic oxygen compounds;Organooxygen compounds;Carbonyl compounds
6223,Carboxylic acid derivatives,0.95,CHEMONTID:0001093,4,CHEMONTID:0000265,CHEMONTID:0000000;CHEMONTID:0000264;CHEMONTID:0000265;CHEMONTID:0001093,Organic compounds;Organic acids and derivatives;Carboxylic acids and derivatives;Carboxylic acid derivatives
13416,Carbonyl compounds,1,CHEMONTID:0001831,4,CHEMONTID:0000323,CHEMONTID:0000000;CHEMONTID:0004603;CHEMONTID:0000323;CHEMONTID:0001831,Organic compounds;Organic oxygen compounds;Organooxygen compounds;Carbonyl compounds
6879,Carbonyl compounds,0.94,CHEMONTID:0001831,4,CHEMONTID:0000323,CHEMONTID:0000000;CHEMONTID:0004603;CHEMONTID:0000323;CHEMONTID:0001831,Organic compounds;Organic oxygen compounds;Organooxygen compounds;Carbonyl compounds
8326,Carbonyl compounds,0.91,CHEMONTID:0001831,4,CHEMONTID:0000323,CHEMONTID:0000000;CHEMONTID:0004603;CHEMONTID:0000323;CHEMONTID:0001831,Organic compounds;Organic oxygen compounds;Organooxygen compounds;Carbonyl compounds
7129,Carbonyl compounds,0.93,CHEMONTID:0001831,4,CHEMONTID:0000323,CHEMONTID:0000000;CHEMONTID:0004603;CHEMONTID:0000323;CHEMONTID:0001831,Organic compounds;Organic oxygen compounds;Organooxygen compounds;Carbonyl compounds
15806,Carbonyl compounds,0.96,CHEMONTID:0001831,4,CHEMONTID:0000323,CHEMONTID:0000000;CHEMONTID:0004603;CHEMONTID:0000323;CHEMONTID:0001831,Organic compounds;Organic oxygen compounds;Organooxygen compounds;Carbonyl compounds
8454,Carboxylic acid derivatives,0.98,CHEMONTID:0001093,4,CHEMONTID:0000265,CHEMONTID:0000000;CHEMONTID:0000264;CHEMONTID:0000265;CHEMONTID:0001093,Organic compounds;Organic acids and derivatives;Carboxylic acids and derivatives;Carboxylic acid derivatives
12456,Carbonyl compounds,0.86,CHEMONTID:0001831,4,CHEMONTID:0000323,CHEMONTID:0000000;CHEMONTID:0004603;CHEMONTID:0000323;CHEMONTID:0001831,Organic compounds;Organic oxygen compounds;Organooxygen compounds;Carbonyl compounds
15025,Primary amines,0.93,CHEMONTID:0002450,5,CHEMONTID:0002449,CHEMONTID:0000000;CHEMONTID:0004707;CHEMONTID:0000278;CHEMONTID:0002449;CHEMONTID:0002450,Organic compounds;Organic nitrogen compounds;Organonitrogen compounds;Amines;Primary amines
1671,Carbonyl compounds,0.88,CHEMONTID:0001831,4,CHEMONTID:0000323,CHEMONTID:0000000;CHEMONTID:0004603;CHEMONTID:0000323;CHEMONTID:0001831,Organic compounds;Organic oxygen compounds;Organooxygen compounds;Carbonyl compounds
7904,Monoalkylamines,0.98,CHEMONTID:0000469,6,CHEMONTID:0002450,CHEMONTID:0000000;CHEMONTID:0004707;CHEMONTID:0000278;CHEMONTID:0002449;CHEMONTID:0002450;CHEMONTID:0000469,Organic compounds;Organic nitrogen compounds;Organonitrogen compounds;Amines;Primary amines;Monoalkylamines
9214,Ethers,0.84,CHEMONTID:0000254,4,CHEMONTID:0000323,CHEMONTID:0000000;CHEMONTID:0004603;CHEMONTID:0000323;CHEMONTID:0000254,Organic compounds;Organic oxygen compounds;Organooxygen compounds;Ethers
1709,Primary amines,0.94,CHEMONTID:0002450,5,CHEMONTID:0002449,CHEMONTID:0000000;CHEMONTID:0004707;CHEMONTID:0000278;CHEMONTID:0002449;CHEMONTID:0002450,Organic compounds;Organic nitrogen compounds;Organonitrogen compounds;Amines;Primary amines
17553,Amines,0.99,CHEMONTID:0002449,4,CHEMONTID:0000278,CHEMONTID:0000000;CHEMONTID:0004707;CHEMONTID:0000278;CHEMONTID:0002449,Organic compounds;Organic nitrogen compounds;Organonitrogen compounds;Amines
13463,Secondary alcohols,0.99,CHEMONTID:0001661,5,CHEMONTID:0000129,CHEMONTID:0000000;CHEMONTID:0004603;CHEMONTID:0000323;CHEMONTID:0000129;CHEMONTID:0001661,Organic compounds;Organic oxygen compounds;Organooxygen compounds;Alcohols and polyols;Secondary alcohols
4711,Dialkylthioethers,0.86,CHEMONTID:0003862,4,CHEMONTID:0001202,CHEMONTID:0000000;CHEMONTID:0000004;CHEMONTID:0001202;CHEMONTID:0003862,Organic compounds;Organosulfur compounds;Thioethers;Dialkylthioethers
9330,Primary amines,0.98,CHEMONTID:0002450,5,CHEMONTID:0002449,CHEMONTID:0000000;CHEMONTID:0004707;CHEMONTID:0000278;CHEMONTID:0002449;CHEMONTID:0002450,Organic compounds;Organic nitrogen compounds;Organonitrogen compounds;Amines;Primary amines
5068,Monocarboxylic acids and derivatives,0.82,CHEMONTID:0001137,4,CHEMONTID:0000265,CHEMONTID:0000000;CHEMONTID:0000264;CHEMONTID:0000265;CHEMONTID:0001137,Organic compounds;Organic acids and derivatives;Carboxylic acids and derivatives;Monocarboxylic acids and derivatives
11131,Guanidines,0.99,CHEMONTID:0000375,4,CHEMONTID:0000278,CHEMONTID:0000000;CHEMONTID:0004707;CHEMONTID:0000278;CHEMONTID:0000375,Organic compounds;Organic nitrogen compounds;Organonitrogen compounds;Guanidines
7054,Monoalkylamines,0.82,CHEMONTID:0000469,6,CHEMONTID:0002450,CHEMONTID:0000000;CHEMONTID:0004707;CHEMONTID:0000278;CHEMONTID:0002449;CHEMONTID:0002450;CHEMONTID:0000469,Organic compounds;Organic nitrogen compounds;Organonitrogen compounds;Amines;Primary amines;Monoalkylamines
13260,Amino acids and derivatives,1,CHEMONTID:0000347,5,CHEMONTID:0000013,CHEMONTID:0000000;CHEMONTID:0000264;CHEMONTID:0000265;CHEMONTID:0000013;CHEMONTID:0000347,"Organic compounds;Organic acids and derivatives;Carboxylic acids and derivatives;Amino acids, peptides, and analogues;Amino acids and derivatives"
1179,Alcohols and polyols,0.8,CHEMONTID:0000129,4,CHEMONTID:0000323,CHEMONTID:0000000;CHEMONTID:0004603;CHEMONTID:0000323;CHEMONTID:0000129,Organic compounds;Organic oxygen compounds;Organooxygen compounds;Alcohols and polyols
16021,Primary amines,0.92,CHEMONTID:0002450,5,CHEMONTID:0002449,CHEMONTID:0000000;CHEMONTID:0004707;CHEMONTID:0000278;CHEMONTID:0002449;CHEMONTID:0002450,Organic compounds;Organic nitrogen compounds;Organonitrogen compounds;Amines;Primary amines
11590,Carboxylic acid derivatives,0.98,CHEMONTID:0001093,4,CHEMONTID:0000265,CHEMONTID:0000000;CHEMONTID:0000264;CHEMONTID:0000265;CHEMONTID:0001093,Organic compounds;Organic acids and derivatives;Carboxylic acids and derivatives;Carboxylic acid derivatives
6827,Monoalkylamines,0.97,CHEMONTID:0000469,6,CHEMONTID:0002450,CHEMONTID:0000000;CHEMONTID:0004707;CHEMONTID:0000278;CHEMONTID:0002449;CHEMONTID:0002450;CHEMONTID:0000469,Organic compounds;Organic nitrogen compounds;Organonitrogen compounds;Amines;Primary amines;Monoalkylamines
9150,Amines,0.93,CHEMONTID:0002449,4,CHEMONTID:0000278,CHEMONTID:0000000;CHEMONTID:0004707;CHEMONTID:0000278;CHEMONTID:0002449,Organic compounds;Organic nitrogen compounds;Organonitrogen compounds;Amines
16895,Pentose phosphates,1,CHEMONTID:0002259,7,CHEMONTID:0001497,CHEMONTID:0000000;CHEMONTID:0004603;CHEMONTID:0000323;CHEMONTID:0000011;CHEMONTID:0001540;CHEMONTID:0001497;CHEMONTID:0002259,Organic compounds;Organic oxygen compounds;Organooxygen compounds;Carbohydrates and carbohydrate conjugates;Monosaccharides;Pentoses;Pentose phosphates
17243,Dialkyl ethers,1,CHEMONTID:0001167,5,CHEMONTID:0000254,CHEMONTID:0000000;CHEMONTID:0004603;CHEMONTID:0000323;CHEMONTID:0000254;CHEMONTID:0001167,Organic compounds;Organic oxygen compounds;Organooxygen compounds;Ethers;Dialkyl ethers
5198,Carboxylic acid derivatives,0.98,CHEMONTID:0001093,4,CHEMONTID:0000265,CHEMONTID:0000000;CHEMONTID:0000264;CHEMONTID:0000265;CHEMONTID:0001093,Organic compounds;Organic acids and derivatives;Carboxylic acids and derivatives;Carboxylic acid derivatives
6691,Alcohols and polyols,1,CHEMONTID:0000129,4,CHEMONTID:0000323,CHEMONTID:0000000;CHEMONTID:0004603;CHEMONTID:0000323;CHEMONTID:0000129,Organic compounds;Organic oxygen compounds;Organooxygen compounds;Alcohols and polyols
2794,Dialkyl phosphates,1,CHEMONTID:0003459,6,CHEMONTID:0003457,CHEMONTID:0000000;CHEMONTID:0000264;CHEMONTID:0000402;CHEMONTID:0000408;CHEMONTID:0003457;CHEMONTID:0003459,Organic compounds;Organic acids and derivatives;Organic phosphoric acids and derivatives;Phosphate esters;Alkyl phosphates;Dialkyl phosphates
8666,Carbonyl compounds,0.99,CHEMONTID:0001831,4,CHEMONTID:0000323,CHEMONTID:0000000;CHEMONTID:0004603;CHEMONTID:0000323;CHEMONTID:0001831,Organic compounds;Organic oxygen compounds;Organooxygen compounds;Carbonyl compounds
4375,Carbonyl compounds,0.99,CHEMONTID:0001831,4,CHEMONTID:0000323,CHEMONTID:0000000;CHEMONTID:0004603;CHEMONTID:0000323;CHEMONTID:0001831,Organic compounds;Organic oxygen compounds;Organooxygen compounds;Carbonyl compounds
17003,Carbonyl compounds,0.87,CHEMONTID:0001831,4,CHEMONTID:0000323,CHEMONTID:0000000;CHEMONTID:0004603;CHEMONTID:0000323;CHEMONTID:0001831,Organic compounds;Organic oxygen compounds;Organooxygen compounds;Carbonyl compounds
11410,Carbonyl compounds,0.89,CHEMONTID:0001831,4,CHEMONTID:0000323,CHEMONTID:0000000;CHEMONTID:0004603;CHEMONTID:0000323;CHEMONTID:0001831,Organic compounds;Organic oxygen compounds;Organooxygen compounds;Carbonyl compounds
18987,Sulfuric acid monoesters,0.87,CHEMONTID:0001185,5,CHEMONTID:0003455,CHEMONTID:0000000;CHEMONTID:0000264;CHEMONTID:0000403;CHEMONTID:0003455;CHEMONTID:0001185,Organic compounds;Organic acids and derivatives;Organic sulfuric acids and derivatives;Sulfuric acid esters;Sulfuric acid monoesters
1915,Alcohols and polyols,0.95,CHEMONTID:0000129,4,CHEMONTID:0000323,CHEMONTID:0000000;CHEMONTID:0004603;CHEMONTID:0000323;CHEMONTID:0000129,Organic compounds;Organic oxygen compounds;Organooxygen compounds;Alcohols and polyols
5113,Amino acids and derivatives,0.95,CHEMONTID:0000347,5,CHEMONTID:0000013,CHEMONTID:0000000;CHEMONTID:0000264;CHEMONTID:0000265;CHEMONTID:0000013;CHEMONTID:0000347,"Organic compounds;Organic acids and derivatives;Carboxylic acids and derivatives;Amino acids, peptides, and analogues;Amino acids and derivatives"
2025,Carbonyl compounds,0.92,CHEMONTID:0001831,4,CHEMONTID:0000323,CHEMONTID:0000000;CHEMONTID:0004603;CHEMONTID:0000323;CHEMONTID:0001831,Organic compounds;Organic oxygen compounds;Organooxygen compounds;Carbonyl compounds
172,Fatty amides,0.85,CHEMONTID:0000331,4,CHEMONTID:0003909,CHEMONTID:0000000;CHEMONTID:0000012;CHEMONTID:0003909;CHEMONTID:0000331,Organic compounds;Lipids and lipid-like molecules;Fatty Acyls;Fatty amides
9125,Primary amines,0.96,CHEMONTID:0002450,5,CHEMONTID:0002449,CHEMONTID:0000000;CHEMONTID:0004707;CHEMONTID:0000278;CHEMONTID:0002449;CHEMONTID:0002450,Organic compounds;Organic nitrogen compounds;Organonitrogen compounds;Amines;Primary amines
2785,Primary amines,0.95,CHEMONTID:0002450,5,CHEMONTID:0002449,CHEMONTID:0000000;CHEMONTID:0004707;CHEMONTID:0000278;CHEMONTID:0002449;CHEMONTID:0002450,Organic compounds;Organic nitrogen compounds;Organonitrogen compounds;Amines;Primary amines
12384,Monoalkylamines,0.91,CHEMONTID:0000469,6,CHEMONTID:0002450,CHEMONTID:0000000;CHEMONTID:0004707;CHEMONTID:0000278;CHEMONTID:0002449;CHEMONTID:0002450;CHEMONTID:0000469,Organic compounds;Organic nitrogen compounds;Organonitrogen compounds;Amines;Primary amines;Monoalkylamines
10050,Monoalkylamines,1,CHEMONTID:0000469,6,CHEMONTID:0002450,CHEMONTID:0000000;CHEMONTID:0004707;CHEMONTID:0000278;CHEMONTID:0002449;CHEMONTID:0002450;CHEMONTID:0000469,Organic compounds;Organic nitrogen compounds;Organonitrogen compounds;Amines;Primary amines;Monoalkylamines
8616,Carbonyl compounds,0.89,CHEMONTID:0001831,4,CHEMONTID:0000323,CHEMONTID:0000000;CHEMONTID:0004603;CHEMONTID:0000323;CHEMONTID:0001831,Organic compounds;Organic oxygen compounds;Organooxygen compounds;Carbonyl compounds
11484,Carbonyl compounds,0.83,CHEMONTID:0001831,4,CHEMONTID:0000323,CHEMONTID:0000000;CHEMONTID:0004603;CHEMONTID:0000323;CHEMONTID:0001831,Organic compounds;Organic oxygen compounds;Organooxygen compounds;Carbonyl compounds
6680,Carbonyl compounds,0.86,CHEMONTID:0001831,4,CHEMONTID:0000323,CHEMONTID:0000000;CHEMONTID:0004603;CHEMONTID:0000323;CHEMONTID:0001831,Organic compounds;Organic oxygen compounds;Organooxygen compounds;Carbonyl compounds
8483,Phosphate esters,0.98,CHEMONTID:0000408,4,CHEMONTID:0000402,CHEMONTID:0000000;CHEMONTID:0000264;CHEMONTID:0000402;CHEMONTID:0000408,Organic compounds;Organic acids and derivatives;Organic phosphoric acids and derivatives;Phosphate esters
9817,Alcohols and polyols,0.95,CHEMONTID:0000129,4,CHEMONTID:0000323,CHEMONTID:0000000;CHEMONTID:0004603;CHEMONTID:0000323;CHEMONTID:0000129,Organic compounds;Organic oxygen compounds;Organooxygen compounds;Alcohols and polyols
1308,Triazoles,0.91,CHEMONTID:0000099,4,CHEMONTID:0000436,CHEMONTID:0000000;CHEMONTID:0000002;CHEMONTID:0000436;CHEMONTID:0000099,Organic compounds;Organoheterocyclic compounds;Azoles;Triazoles
10537,Carbonyl compounds,0.96,CHEMONTID:0001831,4,CHEMONTID:0000323,CHEMONTID:0000000;CHEMONTID:0004603;CHEMONTID:0000323;CHEMONTID:0001831,Organic compounds;Organic oxygen compounds;Organooxygen compounds;Carbonyl compounds
8859,Carbonyl compounds,1,CHEMONTID:0001831,4,CHEMONTID:0000323,CHEMONTID:0000000;CHEMONTID:0004603;CHEMONTID:0000323;CHEMONTID:0001831,Organic compounds;Organic oxygen compounds;Organooxygen compounds;Carbonyl compounds
19968,Carbonyl compounds,0.91,CHEMONTID:0001831,4,CHEMONTID:0000323,CHEMONTID:0000000;CHEMONTID:0004603;CHEMONTID:0000323;CHEMONTID:0001831,Organic compounds;Organic oxygen compounds;Organooxygen compounds;Carbonyl compounds
7079,Amines,0.91,CHEMONTID:0002449,4,CHEMONTID:0000278,CHEMONTID:0000000;CHEMONTID:0004707;CHEMONTID:0000278;CHEMONTID:0002449,Organic compounds;Organic nitrogen compounds;Organonitrogen compounds;Amines
13110,Carbonyl compounds,0.84,CHEMONTID:0001831,4,CHEMONTID:0000323,CHEMONTID:0000000;CHEMONTID:0004603;CHEMONTID:0000323;CHEMONTID:0001831,Organic compounds;Organic oxygen compounds;Organooxygen compounds;Carbonyl compounds
2350,Alkyl phosphates,1,CHEMONTID:0003457,5,CHEMONTID:0000408,CHEMONTID:0000000;CHEMONTID:0000264;CHEMONTID:0000402;CHEMONTID:0000408;CHEMONTID:0003457,Organic compounds;Organic acids and derivatives;Organic phosphoric acids and derivatives;Phosphate esters;Alkyl phosphates
17776,Carboxylic acid derivatives,0.9,CHEMONTID:0001093,4,CHEMONTID:0000265,CHEMONTID:0000000;CHEMONTID:0000264;CHEMONTID:0000265;CHEMONTID:0001093,Organic compounds;Organic acids and derivatives;Carboxylic acids and derivatives;Carboxylic acid derivatives
14944,Carboxylic acid amides,0.82,CHEMONTID:0000475,5,CHEMONTID:0001093,CHEMONTID:0000000;CHEMONTID:0000264;CHEMONTID:0000265;CHEMONTID:0001093;CHEMONTID:0000475,Organic compounds;Organic acids and derivatives;Carboxylic acids and derivatives;Carboxylic acid derivatives;Carboxylic acid amides
6868,Amines,0.86,CHEMONTID:0002449,4,CHEMONTID:0000278,CHEMONTID:0000000;CHEMONTID:0004707;CHEMONTID:0000278;CHEMONTID:0002449,Organic compounds;Organic nitrogen compounds;Organonitrogen compounds;Amines
10322,Carbonyl compounds,0.94,CHEMONTID:0001831,4,CHEMONTID:0000323,CHEMONTID:0000000;CHEMONTID:0004603;CHEMONTID:0000323;CHEMONTID:0001831,Organic compounds;Organic oxygen compounds;Organooxygen compounds;Carbonyl compounds
11604,Carbonyl compounds,0.94,CHEMONTID:0001831,4,CHEMONTID:0000323,CHEMONTID:0000000;CHEMONTID:0004603;CHEMONTID:0000323;CHEMONTID:0001831,Organic compounds;Organic oxygen compounds;Organooxygen compounds;Carbonyl compounds
18839,Carboxylic acid derivatives,0.84,CHEMONTID:0001093,4,CHEMONTID:0000265,CHEMONTID:0000000;CHEMONTID:0000264;CHEMONTID:0000265;CHEMONTID:0001093,Organic compounds;Organic acids and derivatives;Carboxylic acids and derivatives;Carboxylic acid derivatives
13855,Fatty acid esters,0.82,CHEMONTID:0000324,4,CHEMONTID:0003909,CHEMONTID:0000000;CHEMONTID:0000012;CHEMONTID:0003909;CHEMONTID:0000324,Organic compounds;Lipids and lipid-like molecules;Fatty Acyls;Fatty acid esters
12237,Carbonyl compounds,0.8,CHEMONTID:0001831,4,CHEMONTID:0000323,CHEMONTID:0000000;CHEMONTID:0004603;CHEMONTID:0000323;CHEMONTID:0001831,Organic compounds;Organic oxygen compounds;Organooxygen compounds;Carbonyl compounds
2030,Carbonyl compounds,0.81,CHEMONTID:0001831,4,CHEMONTID:0000323,CHEMONTID:0000000;CHEMONTID:0004603;CHEMONTID:0000323;CHEMONTID:0001831,Organic compounds;Organic oxygen compounds;Organooxygen compounds;Carbonyl compounds
10514,Monoalkylamines,0.98,CHEMONTID:0000469,6,CHEMONTID:0002450,CHEMONTID:0000000;CHEMONTID:0004707;CHEMONTID:0000278;CHEMONTID:0002449;CHEMONTID:0002450;CHEMONTID:0000469,Organic compounds;Organic nitrogen compounds;Organonitrogen compounds;Amines;Primary amines;Monoalkylamines
13275,Fatty acids and conjugates,0.92,CHEMONTID:0000262,4,CHEMONTID:0003909,CHEMONTID:0000000;CHEMONTID:0000012;CHEMONTID:0003909;CHEMONTID:0000262,Organic compounds;Lipids and lipid-like molecules;Fatty Acyls;Fatty acids and conjugates
16196,Primary carboxylic acid amides,0.8,CHEMONTID:0001662,6,CHEMONTID:0000475,CHEMONTID:0000000;CHEMONTID:0000264;CHEMONTID:0000265;CHEMONTID:0001093;CHEMONTID:0000475;CHEMONTID:0001662,Organic compounds;Organic acids and derivatives;Carboxylic acids and derivatives;Carboxylic acid derivatives;Carboxylic acid amides;Primary carboxylic acid amides
12661,Amino acids and derivatives,0.96,CHEMONTID:0000347,5,CHEMONTID:0000013,CHEMONTID:0000000;CHEMONTID:0000264;CHEMONTID:0000265;CHEMONTID:0000013;CHEMONTID:0000347,"Organic compounds;Organic acids and derivatives;Carboxylic acids and derivatives;Amino acids, peptides, and analogues;Amino acids and derivatives"
1342,Carboxylic acid derivatives,0.94,CHEMONTID:0001093,4,CHEMONTID:0000265,CHEMONTID:0000000;CHEMONTID:0000264;CHEMONTID:0000265;CHEMONTID:0001093,Organic compounds;Organic acids and derivatives;Carboxylic acids and derivatives;Carboxylic acid derivatives
18800,"Amino acids, peptides, and analogues",0.98,CHEMONTID:0000013,4,CHEMONTID:0000265,CHEMONTID:0000000;CHEMONTID:0000264;CHEMONTID:0000265;CHEMONTID:0000013,"Organic compounds;Organic acids and derivatives;Carboxylic acids and derivatives;Amino acids, peptides, and analogues"
6992,Carbonyl compounds,0.87,CHEMONTID:0001831,4,CHEMONTID:0000323,CHEMONTID:0000000;CHEMONTID:0004603;CHEMONTID:0000323;CHEMONTID:0001831,Organic compounds;Organic oxygen compounds;Organooxygen compounds;Carbonyl compounds
19084,Monoalkylamines,1,CHEMONTID:0000469,6,CHEMONTID:0002450,CHEMONTID:0000000;CHEMONTID:0004707;CHEMONTID:0000278;CHEMONTID:0002449;CHEMONTID:0002450;CHEMONTID:0000469,Organic compounds;Organic nitrogen compounds;Organonitrogen compounds;Amines;Primary amines;Monoalkylamines
8059,Dialkyl ethers,0.93,CHEMONTID:0001167,5,CHEMONTID:0000254,CHEMONTID:0000000;CHEMONTID:0004603;CHEMONTID:0000323;CHEMONTID:0000254;CHEMONTID:0001167,Organic compounds;Organic oxygen compounds;Organooxygen compounds;Ethers;Dialkyl ethers
17100,Alcohols and polyols,0.85,CHEMONTID:0000129,4,CHEMONTID:0000323,CHEMONTID:0000000;CHEMONTID:0004603;CHEMONTID:0000323;CHEMONTID:0000129,Organic compounds;Organic oxygen compounds;Organooxygen compounds;Alcohols and polyols
6232,Monoalkylamines,1,CHEMONTID:0000469,6,CHEMONTID:0002450,CHEMONTID:0000000;CHEMONTID:0004707;CHEMONTID:0000278;CHEMONTID:0002449;CHEMONTID:0002450;CHEMONTID:0000469,Organic compounds;Organic nitrogen compounds;Organonitrogen compounds;Amines;Primary amines;Monoalkylamines
15400,Carboxylic acid derivatives,0.97,CHEMONTID:0001093,4,CHEMONTID:0000265,CHEMONTID:0000000;CHEMONTID:0000264;CHEMONTID:0000265;CHEMONTID:0001093,Organic compounds;Organic acids and derivatives;Carboxylic acids and derivatives;Carboxylic acid derivatives
7312,Monocarboxylic acids and derivatives,0.88,CHEMONTID:0001137,4,CHEMONTID:0000265,CHEMONTID:0000000;CHEMONTID:0000264;CHEMONTID:0000265;CHEMONTID:0001137,Organic compounds;Organic acids and derivatives;Carboxylic acids and derivatives;Monocarboxylic acids and derivatives
3204,Carbohydrates and carbohydrate conjugates,0.94,CHEMONTID:0000011,4,CHEMONTID:0000323,CHEMONTID:0000000;CHEMONTID:0004603;CHEMONTID:0000323;CHEMONTID:0000011,Organic compounds;Organic oxygen compounds;Organooxygen compounds;Carbohydrates and carbohydrate conjugates
13608,Imidazoles,0.95,CHEMONTID:0000078,4,CHEMONTID:0000436,CHEMONTID:0000000;CHEMONTID:0000002;CHEMONTID:0000436;CHEMONTID:0000078,Organic compounds;Organoheterocyclic compounds;Azoles;Imidazoles
15380,Carbonyl compounds,0.84,CHEMONTID:0001831,4,CHEMONTID:0000323,CHEMONTID:0000000;CHEMONTID:0004603;CHEMONTID:0000323;CHEMONTID:0001831,Organic compounds;Organic oxygen compounds;Organooxygen compounds;Carbonyl compounds
5469,Alcohols and polyols,0.99,CHEMONTID:0000129,4,CHEMONTID:0000323,CHEMONTID:0000000;CHEMONTID:0004603;CHEMONTID:0000323;CHEMONTID:0000129,Organic compounds;Organic oxygen compounds;Organooxygen compounds;Alcohols and polyols
17613,Alcohols and polyols,0.94,CHEMONTID:0000129,4,CHEMONTID:0000323,CHEMONTID:0000000;CHEMONTID:0004603;CHEMONTID:0000323;CHEMONTID:0000129,Organic compounds;Organic oxygen compounds;Organooxygen compounds;Alcohols and polyols
10172,Monoalkylamines,0.95,CHEMONTID:0000469,6,CHEMONTID:0002450,CHEMONTID:0000000;CHEMONTID:0004707;CHEMONTID:0000278;CHEMONTID:0002449;CHEMONTID:0002450;CHEMONTID:0000469,Organic compounds;Organic nitrogen compounds;Organonitrogen compounds;Amines;Primary amines;Monoalkylamines
16610,Dialkyl ethers,0.88,CHEMONTID:0001167,5,CHEMONTID:0000254,CHEMONTID:0000000;CHEMONTID:0004603;CHEMONTID:0000323;CHEMONTID:0000254;CHEMONTID:0001167,Organic compounds;Organic oxygen compounds;Organooxygen compounds;Ethers;Dialkyl ethers
8114,Primary amines,0.93,CHEMONTID:0002450,5,CHEMONTID:0002449,CHEMONTID:0000000;CHEMONTID:0004707;CHEMONTID:0000278;CHEMONTID:0002449;CHEMONTID:0002450,Organic compounds;Organic nitrogen compounds;Organonitrogen compounds;Amines;Primary amines
2789,Amines,0.91,CHEMONTID:0002449,4,CHEMONTID:0000278,CHEMONTID:0000000;CHEMONTID:0004707;CHEMONTID:0000278;CHEMONTID:0002449,Organic compounds;Organic nitrogen compounds;Organonitrogen compounds;Amines
6786,Amines,1,CHEMONTID:0002449,4,CHEMONTID:0000278,CHEMONTID:0000000;CHEMONTID:0004707;CHEMONTID:0000278;CHEMONTID:0002449,Organic compounds;Organic nitrogen compounds;Organonitrogen compounds;Amines
5430,Carbohydrates and carbohydrate conjugates,0.99,CHEMONTID:0000011,4,CHEMONTID:0000323,CHEMONTID:0000000;CHEMONTID:0004603;CHEMONTID:0000323;CHEMONTID:0000011,Organic compounds;Organic oxygen compounds;Organooxygen compounds;Carbohydrates and carbohydrate conjugates
18668,Carbonyl compounds,0.91,CHEMONTID:0001831,4,CHEMONTID:0000323,CHEMONTID:0000000;CHEMONTID:0004603;CHEMONTID:0000323;CHEMONTID:0001831,Organic compounds;Organic oxygen compounds;Organooxygen compounds;Carbonyl compounds
20606,Carbonyl compounds,0.81,CHEMONTID:0001831,4,CHEMONTID:0000323,CHEMONTID:0000000;CHEMONTID:0004603;CHEMONTID:0000323;CHEMONTID:0001831,Organic compounds;Organic oxygen compounds;Organooxygen compounds;Carbonyl compounds
15888,Primary amines,0.9,CHEMONTID:0002450,5,CHEMONTID:0002449,CHEMONTID:0000000;CHEMONTID:0004707;CHEMONTID:0000278;CHEMONTID:0002449;CHEMONTID:0002450,Organic compounds;Organic nitrogen compounds;Organonitrogen compounds;Amines;Primary amines
7239,Carboxylic acid derivatives,0.89,CHEMONTID:0001093,4,CHEMONTID:0000265,CHEMONTID:0000000;CHEMONTID:0000264;CHEMONTID:0000265;CHEMONTID:0001093,Organic compounds;Organic acids and derivatives;Carboxylic acids and derivatives;Carboxylic acid derivatives
3570,Tertiary amines,0.99,CHEMONTID:0002452,5,CHEMONTID:0002449,CHEMONTID:0000000;CHEMONTID:0004707;CHEMONTID:0000278;CHEMONTID:0002449;CHEMONTID:0002452,Organic compounds;Organic nitrogen compounds;Organonitrogen compounds;Amines;Tertiary amines
1165,Phosphate esters,0.99,CHEMONTID:0000408,4,CHEMONTID:0000402,CHEMONTID:0000000;CHEMONTID:0000264;CHEMONTID:0000402;CHEMONTID:0000408,Organic compounds;Organic acids and derivatives;Organic phosphoric acids and derivatives;Phosphate esters
20123,Guanidines,0.98,CHEMONTID:0000375,4,CHEMONTID:0000278,CHEMONTID:0000000;CHEMONTID:0004707;CHEMONTID:0000278;CHEMONTID:0000375,Organic compounds;Organic nitrogen compounds;Organonitrogen compounds;Guanidines
9636,Phosphate esters,0.95,CHEMONTID:0000408,4,CHEMONTID:0000402,CHEMONTID:0000000;CHEMONTID:0000264;CHEMONTID:0000402;CHEMONTID:0000408,Organic compounds;Organic acids and derivatives;Organic phosphoric acids and derivatives;Phosphate esters
70,Alkyl phosphates,0.96,CHEMONTID:0003457,5,CHEMONTID:0000408,CHEMONTID:0000000;CHEMONTID:0000264;CHEMONTID:0000402;CHEMONTID:0000408;CHEMONTID:0003457,Organic compounds;Organic acids and derivatives;Organic phosphoric acids and derivatives;Phosphate esters;Alkyl phosphates
7075,Ethers,0.82,CHEMONTID:0000254,4,CHEMONTID:0000323,CHEMONTID:0000000;CHEMONTID:0004603;CHEMONTID:0000323;CHEMONTID:0000254,Organic compounds;Organic oxygen compounds;Organooxygen compounds;Ethers
7785,Amines,0.94,CHEMONTID:0002449,4,CHEMONTID:0000278,CHEMONTID:0000000;CHEMONTID:0004707;CHEMONTID:0000278;CHEMONTID:0002449,Organic compounds;Organic nitrogen compounds;Organonitrogen compounds;Amines
16058,Primary amines,0.93,CHEMONTID:0002450,5,CHEMONTID:0002449,CHEMONTID:0000000;CHEMONTID:0004707;CHEMONTID:0000278;CHEMONTID:0002449;CHEMONTID:0002450,Organic compounds;Organic nitrogen compounds;Organonitrogen compounds;Amines;Primary amines
5157,Carbonyl compounds,0.88,CHEMONTID:0001831,4,CHEMONTID:0000323,CHEMONTID:0000000;CHEMONTID:0004603;CHEMONTID:0000323;CHEMONTID:0001831,Organic compounds;Organic oxygen compounds;Organooxygen compounds;Carbonyl compounds
1158,Dialkyl peroxides,0.97,CHEMONTID:0003951,5,CHEMONTID:0000414,CHEMONTID:0000000;CHEMONTID:0004603;CHEMONTID:0003940;CHEMONTID:0000414;CHEMONTID:0003951,Organic compounds;Organic oxygen compounds;Organic oxides;Organic peroxides;Dialkyl peroxides
3160,Alkyl phosphates,0.99,CHEMONTID:0003457,5,CHEMONTID:0000408,CHEMONTID:0000000;CHEMONTID:0000264;CHEMONTID:0000402;CHEMONTID:0000408;CHEMONTID:0003457,Organic compounds;Organic acids and derivatives;Organic phosphoric acids and derivatives;Phosphate esters;Alkyl phosphates
8893,Carbonyl compounds,0.87,CHEMONTID:0001831,4,CHEMONTID:0000323,CHEMONTID:0000000;CHEMONTID:0004603;CHEMONTID:0000323;CHEMONTID:0001831,Organic compounds;Organic oxygen compounds;Organooxygen compounds;Carbonyl compounds
8198,Alcohols and polyols,0.98,CHEMONTID:0000129,4,CHEMONTID:0000323,CHEMONTID:0000000;CHEMONTID:0004603;CHEMONTID:0000323;CHEMONTID:0000129,Organic compounds;Organic oxygen compounds;Organooxygen compounds;Alcohols and polyols
11969,Carboxylic acid derivatives,0.99,CHEMONTID:0001093,4,CHEMONTID:0000265,CHEMONTID:0000000;CHEMONTID:0000264;CHEMONTID:0000265;CHEMONTID:0001093,Organic compounds;Organic acids and derivatives;Carboxylic acids and derivatives;Carboxylic acid derivatives
4597,Carboxylic acid derivatives,0.95,CHEMONTID:0001093,4,CHEMONTID:0000265,CHEMONTID:0000000;CHEMONTID:0000264;CHEMONTID:0000265;CHEMONTID:0001093,Organic compounds;Organic acids and derivatives;Carboxylic acids and derivatives;Carboxylic acid derivatives
9776,Carboxylic acids,0.98,CHEMONTID:0001205,4,CHEMONTID:0000265,CHEMONTID:0000000;CHEMONTID:0000264;CHEMONTID:0000265;CHEMONTID:0001205,Organic compounds;Organic acids and derivatives;Carboxylic acids and derivatives;Carboxylic acids
9474,Monoalkylamines,1,CHEMONTID:0000469,6,CHEMONTID:0002450,CHEMONTID:0000000;CHEMONTID:0004707;CHEMONTID:0000278;CHEMONTID:0002449;CHEMONTID:0002450;CHEMONTID:0000469,Organic compounds;Organic nitrogen compounds;Organonitrogen compounds;Amines;Primary amines;Monoalkylamines
7352,Carbonyl compounds,0.84,CHEMONTID:0001831,4,CHEMONTID:0000323,CHEMONTID:0000000;CHEMONTID:0004603;CHEMONTID:0000323;CHEMONTID:0001831,Organic compounds;Organic oxygen compounds;Organooxygen compounds;Carbonyl compounds
4200,Carbonyl compounds,0.88,CHEMONTID:0001831,4,CHEMONTID:0000323,CHEMONTID:0000000;CHEMONTID:0004603;CHEMONTID:0000323;CHEMONTID:0001831,Organic compounds;Organic oxygen compounds;Organooxygen compounds;Carbonyl compounds
8101,Carbohydrates and carbohydrate conjugates,1,CHEMONTID:0000011,4,CHEMONTID:0000323,CHEMONTID:0000000;CHEMONTID:0004603;CHEMONTID:0000323;CHEMONTID:0000011,Organic compounds;Organic oxygen compounds;Organooxygen compounds;Carbohydrates and carbohydrate conjugates
6889,Carbonyl compounds,0.96,CHEMONTID:0001831,4,CHEMONTID:0000323,CHEMONTID:0000000;CHEMONTID:0004603;CHEMONTID:0000323;CHEMONTID:0001831,Organic compounds;Organic oxygen compounds;Organooxygen compounds;Carbonyl compounds
18892,Carbonyl compounds,0.96,CHEMONTID:0001831,4,CHEMONTID:0000323,CHEMONTID:0000000;CHEMONTID:0004603;CHEMONTID:0000323;CHEMONTID:0001831,Organic compounds;Organic oxygen compounds;Organooxygen compounds;Carbonyl compounds
16134,Guanidines,0.95,CHEMONTID:0000375,4,CHEMONTID:0000278,CHEMONTID:0000000;CHEMONTID:0004707;CHEMONTID:0000278;CHEMONTID:0000375,Organic compounds;Organic nitrogen compounds;Organonitrogen compounds;Guanidines
10360,Fatty acid esters,0.89,CHEMONTID:0000324,4,CHEMONTID:0003909,CHEMONTID:0000000;CHEMONTID:0000012;CHEMONTID:0003909;CHEMONTID:0000324,Organic compounds;Lipids and lipid-like molecules;Fatty Acyls;Fatty acid esters
5150,Alcohols and polyols,0.97,CHEMONTID:0000129,4,CHEMONTID:0000323,CHEMONTID:0000000;CHEMONTID:0004603;CHEMONTID:0000323;CHEMONTID:0000129,Organic compounds;Organic oxygen compounds;Organooxygen compounds;Alcohols and polyols
174,Alcohols and polyols,0.98,CHEMONTID:0000129,4,CHEMONTID:0000323,CHEMONTID:0000000;CHEMONTID:0004603;CHEMONTID:0000323;CHEMONTID:0000129,Organic compounds;Organic oxygen compounds;Organooxygen compounds;Alcohols and polyols
17048,Carbonyl compounds,0.82,CHEMONTID:0001831,4,CHEMONTID:0000323,CHEMONTID:0000000;CHEMONTID:0004603;CHEMONTID:0000323;CHEMONTID:0001831,Organic compounds;Organic oxygen compounds;Organooxygen compounds;Carbonyl compounds
10206,Carbonyl compounds,0.83,CHEMONTID:0001831,4,CHEMONTID:0000323,CHEMONTID:0000000;CHEMONTID:0004603;CHEMONTID:0000323;CHEMONTID:0001831,Organic compounds;Organic oxygen compounds;Organooxygen compounds;Carbonyl compounds
14271,Monocarboxylic acids and derivatives,0.87,CHEMONTID:0001137,4,CHEMONTID:0000265,CHEMONTID:0000000;CHEMONTID:0000264;CHEMONTID:0000265;CHEMONTID:0001137,Organic compounds;Organic acids and derivatives;Carboxylic acids and derivatives;Monocarboxylic acids and derivatives
8655,Carbonyl compounds,0.95,CHEMONTID:0001831,4,CHEMONTID:0000323,CHEMONTID:0000000;CHEMONTID:0004603;CHEMONTID:0000323;CHEMONTID:0001831,Organic compounds;Organic oxygen compounds;Organooxygen compounds;Carbonyl compounds
4248,Carbonyl compounds,0.91,CHEMONTID:0001831,4,CHEMONTID:0000323,CHEMONTID:0000000;CHEMONTID:0004603;CHEMONTID:0000323;CHEMONTID:0001831,Organic compounds;Organic oxygen compounds;Organooxygen compounds;Carbonyl compounds
12918,Carbonyl compounds,0.85,CHEMONTID:0001831,4,CHEMONTID:0000323,CHEMONTID:0000000;CHEMONTID:0004603;CHEMONTID:0000323;CHEMONTID:0001831,Organic compounds;Organic oxygen compounds;Organooxygen compounds;Carbonyl compounds
12331,Carboxylic acid derivatives,0.84,CHEMONTID:0001093,4,CHEMONTID:0000265,CHEMONTID:0000000;CHEMONTID:0000264;CHEMONTID:0000265;CHEMONTID:0001093,Organic compounds;Organic acids and derivatives;Carboxylic acids and derivatives;Carboxylic acid derivatives
18841,N-acyl amines,0.97,CHEMONTID:0001096,5,CHEMONTID:0000331,CHEMONTID:0000000;CHEMONTID:0000012;CHEMONTID:0003909;CHEMONTID:0000331;CHEMONTID:0001096,Organic compounds;Lipids and lipid-like molecules;Fatty Acyls;Fatty amides;N-acyl amines
12545,Carbonyl compounds,0.98,CHEMONTID:0001831,4,CHEMONTID:0000323,CHEMONTID:0000000;CHEMONTID:0004603;CHEMONTID:0000323;CHEMONTID:0001831,Organic compounds;Organic oxygen compounds;Organooxygen compounds;Carbonyl compounds
3302,Carbonyl compounds,0.88,CHEMONTID:0001831,4,CHEMONTID:0000323,CHEMONTID:0000000;CHEMONTID:0004603;CHEMONTID:0000323;CHEMONTID:0001831,Organic compounds;Organic oxygen compounds;Organooxygen compounds;Carbonyl compounds
8407,Styrenes,0.89,CHEMONTID:0000037,4,CHEMONTID:0002279,CHEMONTID:0000000;CHEMONTID:0002448;CHEMONTID:0002279;CHEMONTID:0000037,Organic compounds;Benzenoids;Benzene and substituted derivatives;Styrenes
8644,Carboxylic acid derivatives,0.99,CHEMONTID:0001093,4,CHEMONTID:0000265,CHEMONTID:0000000;CHEMONTID:0000264;CHEMONTID:0000265;CHEMONTID:0001093,Organic compounds;Organic acids and derivatives;Carboxylic acids and derivatives;Carboxylic acid derivatives
19897,Carbonyl compounds,1,CHEMONTID:0001831,4,CHEMONTID:0000323,CHEMONTID:0000000;CHEMONTID:0004603;CHEMONTID:0000323;CHEMONTID:0001831,Organic compounds;Organic oxygen compounds;Organooxygen compounds;Carbonyl compounds
3969,Carboxylic acid derivatives,0.98,CHEMONTID:0001093,4,CHEMONTID:0000265,CHEMONTID:0000000;CHEMONTID:0000264;CHEMONTID:0000265;CHEMONTID:0001093,Organic compounds;Organic acids and derivatives;Carboxylic acids and derivatives;Carboxylic acid derivatives
18270,Amines,0.84,CHEMONTID:0002449,4,CHEMONTID:0000278,CHEMONTID:0000000;CHEMONTID:0004707;CHEMONTID:0000278;CHEMONTID:0002449,Organic compounds;Organic nitrogen compounds;Organonitrogen compounds;Amines
3087,Monocarboxylic acids and derivatives,0.8,CHEMONTID:0001137,4,CHEMONTID:0000265,CHEMONTID:0000000;CHEMONTID:0000264;CHEMONTID:0000265;CHEMONTID:0001137,Organic compounds;Organic acids and derivatives;Carboxylic acids and derivatives;Monocarboxylic acids and derivatives
14442,Imidazoles,0.88,CHEMONTID:0000078,4,CHEMONTID:0000436,CHEMONTID:0000000;CHEMONTID:0000002;CHEMONTID:0000436;CHEMONTID:0000078,Organic compounds;Organoheterocyclic compounds;Azoles;Imidazoles
3852,Primary amines,0.92,CHEMONTID:0002450,5,CHEMONTID:0002449,CHEMONTID:0000000;CHEMONTID:0004707;CHEMONTID:0000278;CHEMONTID:0002449;CHEMONTID:0002450,Organic compounds;Organic nitrogen compounds;Organonitrogen compounds;Amines;Primary amines
19860,Primary amines,0.97,CHEMONTID:0002450,5,CHEMONTID:0002449,CHEMONTID:0000000;CHEMONTID:0004707;CHEMONTID:0000278;CHEMONTID:0002449;CHEMONTID:0002450,Organic compounds;Organic nitrogen compounds;Organonitrogen compounds;Amines;Primary amines
3313,Carbonyl compounds,1,CHEMONTID:0001831,4,CHEMONTID:0000323,CHEMONTID:0000000;CHEMONTID:0004603;CHEMONTID:0000323;CHEMONTID:0001831,Organic compounds;Organic oxygen compounds;Organooxygen compounds;Carbonyl compounds
4675,Amino acids and derivatives,0.93,CHEMONTID:0000347,5,CHEMONTID:0000013,CHEMONTID:0000000;CHEMONTID:0000264;CHEMONTID:0000265;CHEMONTID:0000013;CHEMONTID:0000347,"Organic compounds;Organic acids and derivatives;Carboxylic acids and derivatives;Amino acids, peptides, and analogues;Amino acids and derivatives"
14454,Aminopyrimidines and derivatives,1,CHEMONTID:0001262,5,CHEMONTID:0000075,CHEMONTID:0000000;CHEMONTID:0000002;CHEMONTID:0001346;CHEMONTID:0000075;CHEMONTID:0001262,Organic compounds;Organoheterocyclic compounds;Diazines;Pyrimidines and pyrimidine derivatives;Aminopyrimidines and derivatives
16175,Guanidines,0.84,CHEMONTID:0000375,4,CHEMONTID:0000278,CHEMONTID:0000000;CHEMONTID:0004707;CHEMONTID:0000278;CHEMONTID:0000375,Organic compounds;Organic nitrogen compounds;Organonitrogen compounds;Guanidines
12158,Carbohydrates and carbohydrate conjugates,0.97,CHEMONTID:0000011,4,CHEMONTID:0000323,CHEMONTID:0000000;CHEMONTID:0004603;CHEMONTID:0000323;CHEMONTID:0000011,Organic compounds;Organic oxygen compounds;Organooxygen compounds;Carbohydrates and carbohydrate conjugates
11761,Primary amines,0.94,CHEMONTID:0002450,5,CHEMONTID:0002449,CHEMONTID:0000000;CHEMONTID:0004707;CHEMONTID:0000278;CHEMONTID:0002449;CHEMONTID:0002450,Organic compounds;Organic nitrogen compounds;Organonitrogen compounds;Amines;Primary amines
9304,Carbonyl compounds,0.92,CHEMONTID:0001831,4,CHEMONTID:0000323,CHEMONTID:0000000;CHEMONTID:0004603;CHEMONTID:0000323;CHEMONTID:0001831,Organic compounds;Organic oxygen compounds;Organooxygen compounds;Carbonyl compounds
4791,Carboxylic acid derivatives,0.96,CHEMONTID:0001093,4,CHEMONTID:0000265,CHEMONTID:0000000;CHEMONTID:0000264;CHEMONTID:0000265;CHEMONTID:0001093,Organic compounds;Organic acids and derivatives;Carboxylic acids and derivatives;Carboxylic acid derivatives
4426,Carboxylic acid derivatives,0.98,CHEMONTID:0001093,4,CHEMONTID:0000265,CHEMONTID:0000000;CHEMONTID:0000264;CHEMONTID:0000265;CHEMONTID:0001093,Organic compounds;Organic acids and derivatives;Carboxylic acids and derivatives;Carboxylic acid derivatives
6134,Carboxylic acid derivatives,0.94,CHEMONTID:0001093,4,CHEMONTID:0000265,CHEMONTID:0000000;CHEMONTID:0000264;CHEMONTID:0000265;CHEMONTID:0001093,Organic compounds;Organic acids and derivatives;Carboxylic acids and derivatives;Carboxylic acid derivatives
8882,Carbonyl compounds,0.96,CHEMONTID:0001831,4,CHEMONTID:0000323,CHEMONTID:0000000;CHEMONTID:0004603;CHEMONTID:0000323;CHEMONTID:0001831,Organic compounds;Organic oxygen compounds;Organooxygen compounds;Carbonyl compounds
14478,Carbonyl compounds,0.89,CHEMONTID:0001831,4,CHEMONTID:0000323,CHEMONTID:0000000;CHEMONTID:0004603;CHEMONTID:0000323;CHEMONTID:0001831,Organic compounds;Organic oxygen compounds;Organooxygen compounds;Carbonyl compounds
16419,Monoalkylamines,0.87,CHEMONTID:0000469,6,CHEMONTID:0002450,CHEMONTID:0000000;CHEMONTID:0004707;CHEMONTID:0000278;CHEMONTID:0002449;CHEMONTID:0002450;CHEMONTID:0000469,Organic compounds;Organic nitrogen compounds;Organonitrogen compounds;Amines;Primary amines;Monoalkylamines
5665,Carbonyl compounds,0.96,CHEMONTID:0001831,4,CHEMONTID:0000323,CHEMONTID:0000000;CHEMONTID:0004603;CHEMONTID:0000323;CHEMONTID:0001831,Organic compounds;Organic oxygen compounds;Organooxygen compounds;Carbonyl compounds
18785,Monocarboxylic acids and derivatives,0.89,CHEMONTID:0001137,4,CHEMONTID:0000265,CHEMONTID:0000000;CHEMONTID:0000264;CHEMONTID:0000265;CHEMONTID:0001137,Organic compounds;Organic acids and derivatives;Carboxylic acids and derivatives;Monocarboxylic acids and derivatives
16507,Carbonyl compounds,0.93,CHEMONTID:0001831,4,CHEMONTID:0000323,CHEMONTID:0000000;CHEMONTID:0004603;CHEMONTID:0000323;CHEMONTID:0001831,Organic compounds;Organic oxygen compounds;Organooxygen compounds;Carbonyl compounds
10949,Primary amines,0.94,CHEMONTID:0002450,5,CHEMONTID:0002449,CHEMONTID:0000000;CHEMONTID:0004707;CHEMONTID:0000278;CHEMONTID:0002449;CHEMONTID:0002450,Organic compounds;Organic nitrogen compounds;Organonitrogen compounds;Amines;Primary amines
10694,Carbonyl compounds,0.99,CHEMONTID:0001831,4,CHEMONTID:0000323,CHEMONTID:0000000;CHEMONTID:0004603;CHEMONTID:0000323;CHEMONTID:0001831,Organic compounds;Organic oxygen compounds;Organooxygen compounds;Carbonyl compounds
19097,Monoalkylamines,1,CHEMONTID:0000469,6,CHEMONTID:0002450,CHEMONTID:0000000;CHEMONTID:0004707;CHEMONTID:0000278;CHEMONTID:0002449;CHEMONTID:0002450;CHEMONTID:0000469,Organic compounds;Organic nitrogen compounds;Organonitrogen compounds;Amines;Primary amines;Monoalkylamines
6184,Carbonyl compounds,0.82,CHEMONTID:0001831,4,CHEMONTID:0000323,CHEMONTID:0000000;CHEMONTID:0004603;CHEMONTID:0000323;CHEMONTID:0001831,Organic compounds;Organic oxygen compounds;Organooxygen compounds;Carbonyl compounds
9365,Carboxylic acid derivatives,0.86,CHEMONTID:0001093,4,CHEMONTID:0000265,CHEMONTID:0000000;CHEMONTID:0000264;CHEMONTID:0000265;CHEMONTID:0001093,Organic compounds;Organic acids and derivatives;Carboxylic acids and derivatives;Carboxylic acid derivatives
3406,Carbonyl compounds,0.86,CHEMONTID:0001831,4,CHEMONTID:0000323,CHEMONTID:0000000;CHEMONTID:0004603;CHEMONTID:0000323;CHEMONTID:0001831,Organic compounds;Organic oxygen compounds;Organooxygen compounds;Carbonyl compounds
1936,Monocarboxylic acids and derivatives,0.88,CHEMONTID:0001137,4,CHEMONTID:0000265,CHEMONTID:0000000;CHEMONTID:0000264;CHEMONTID:0000265;CHEMONTID:0001137,Organic compounds;Organic acids and derivatives;Carboxylic acids and derivatives;Monocarboxylic acids and derivatives
12509,Carbonyl compounds,0.95,CHEMONTID:0001831,4,CHEMONTID:0000323,CHEMONTID:0000000;CHEMONTID:0004603;CHEMONTID:0000323;CHEMONTID:0001831,Organic compounds;Organic oxygen compounds;Organooxygen compounds;Carbonyl compounds
251,Alcohols and polyols,0.99,CHEMONTID:0000129,4,CHEMONTID:0000323,CHEMONTID:0000000;CHEMONTID:0004603;CHEMONTID:0000323;CHEMONTID:0000129,Organic compounds;Organic oxygen compounds;Organooxygen compounds;Alcohols and polyols
15560,Carbonyl compounds,0.8,CHEMONTID:0001831,4,CHEMONTID:0000323,CHEMONTID:0000000;CHEMONTID:0004603;CHEMONTID:0000323;CHEMONTID:0001831,Organic compounds;Organic oxygen compounds;Organooxygen compounds;Carbonyl compounds
8687,Alpha amino acids and derivatives,1,CHEMONTID:0000060,6,CHEMONTID:0000347,CHEMONTID:0000000;CHEMONTID:0000264;CHEMONTID:0000265;CHEMONTID:0000013;CHEMONTID:0000347;CHEMONTID:0000060,"Organic compounds;Organic acids and derivatives;Carboxylic acids and derivatives;Amino acids, peptides, and analogues;Amino acids and derivatives;Alpha amino acids and derivatives"
4614,Amines,0.9,CHEMONTID:0002449,4,CHEMONTID:0000278,CHEMONTID:0000000;CHEMONTID:0004707;CHEMONTID:0000278;CHEMONTID:0002449,Organic compounds;Organic nitrogen compounds;Organonitrogen compounds;Amines
12711,Carboximidamides,0.91,CHEMONTID:0003152,4,CHEMONTID:0000278,CHEMONTID:0000000;CHEMONTID:0004707;CHEMONTID:0000278;CHEMONTID:0003152,Organic compounds;Organic nitrogen compounds;Organonitrogen compounds;Carboximidamides
16962,Amino acids and derivatives,0.96,CHEMONTID:0000347,5,CHEMONTID:0000013,CHEMONTID:0000000;CHEMONTID:0000264;CHEMONTID:0000265;CHEMONTID:0000013;CHEMONTID:0000347,"Organic compounds;Organic acids and derivatives;Carboxylic acids and derivatives;Amino acids, peptides, and analogues;Amino acids and derivatives"
20612,Carboxylic acid derivatives,0.9,CHEMONTID:0001093,4,CHEMONTID:0000265,CHEMONTID:0000000;CHEMONTID:0000264;CHEMONTID:0000265;CHEMONTID:0001093,Organic compounds;Organic acids and derivatives;Carboxylic acids and derivatives;Carboxylic acid derivatives
18518,Primary amines,0.98,CHEMONTID:0002450,5,CHEMONTID:0002449,CHEMONTID:0000000;CHEMONTID:0004707;CHEMONTID:0000278;CHEMONTID:0002449;CHEMONTID:0002450,Organic compounds;Organic nitrogen compounds;Organonitrogen compounds;Amines;Primary amines
4273,Carbonyl compounds,0.89,CHEMONTID:0001831,4,CHEMONTID:0000323,CHEMONTID:0000000;CHEMONTID:0004603;CHEMONTID:0000323;CHEMONTID:0001831,Organic compounds;Organic oxygen compounds;Organooxygen compounds;Carbonyl compounds
17135,"Amino acids, peptides, and analogues",0.95,CHEMONTID:0000013,4,CHEMONTID:0000265,CHEMONTID:0000000;CHEMONTID:0000264;CHEMONTID:0000265;CHEMONTID:0000013,"Organic compounds;Organic acids and derivatives;Carboxylic acids and derivatives;Amino acids, peptides, and analogues"
11992,Carboxylic acids,0.87,CHEMONTID:0001205,4,CHEMONTID:0000265,CHEMONTID:0000000;CHEMONTID:0000264;CHEMONTID:0000265;CHEMONTID:0001205,Organic compounds;Organic acids and derivatives;Carboxylic acids and derivatives;Carboxylic acids
3996,Monocarboxylic acids and derivatives,0.92,CHEMONTID:0001137,4,CHEMONTID:0000265,CHEMONTID:0000000;CHEMONTID:0000264;CHEMONTID:0000265;CHEMONTID:0001137,Organic compounds;Organic acids and derivatives;Carboxylic acids and derivatives;Monocarboxylic acids and derivatives
4998,Carbonyl compounds,0.94,CHEMONTID:0001831,4,CHEMONTID:0000323,CHEMONTID:0000000;CHEMONTID:0004603;CHEMONTID:0000323;CHEMONTID:0001831,Organic compounds;Organic oxygen compounds;Organooxygen compounds;Carbonyl compounds
6611,Carbonyl compounds,0.98,CHEMONTID:0001831,4,CHEMONTID:0000323,CHEMONTID:0000000;CHEMONTID:0004603;CHEMONTID:0000323;CHEMONTID:0001831,Organic compounds;Organic oxygen compounds;Organooxygen compounds;Carbonyl compounds
10726,Carboximidamides,0.8,CHEMONTID:0003152,4,CHEMONTID:0000278,CHEMONTID:0000000;CHEMONTID:0004707;CHEMONTID:0000278;CHEMONTID:0003152,Organic compounds;Organic nitrogen compounds;Organonitrogen compounds;Carboximidamides
19615,Monoalkylamines,0.84,CHEMONTID:0000469,6,CHEMONTID:0002450,CHEMONTID:0000000;CHEMONTID:0004707;CHEMONTID:0000278;CHEMONTID:0002449;CHEMONTID:0002450;CHEMONTID:0000469,Organic compounds;Organic nitrogen compounds;Organonitrogen compounds;Amines;Primary amines;Monoalkylamines
11890,Amines,0.98,CHEMONTID:0002449,4,CHEMONTID:0000278,CHEMONTID:0000000;CHEMONTID:0004707;CHEMONTID:0000278;CHEMONTID:0002449,Organic compounds;Organic nitrogen compounds;Organonitrogen compounds;Amines
4016,Carbonyl compounds,0.87,CHEMONTID:0001831,4,CHEMONTID:0000323,CHEMONTID:0000000;CHEMONTID:0004603;CHEMONTID:0000323;CHEMONTID:0001831,Organic compounds;Organic oxygen compounds;Organooxygen compounds;Carbonyl compounds
17128,Ethers,0.83,CHEMONTID:0000254,4,CHEMONTID:0000323,CHEMONTID:0000000;CHEMONTID:0004603;CHEMONTID:0000323;CHEMONTID:0000254,Organic compounds;Organic oxygen compounds;Organooxygen compounds;Ethers
6464,Monocarboxylic acids and derivatives,0.87,CHEMONTID:0001137,4,CHEMONTID:0000265,CHEMONTID:0000000;CHEMONTID:0000264;CHEMONTID:0000265;CHEMONTID:0001137,Organic compounds;Organic acids and derivatives;Carboxylic acids and derivatives;Monocarboxylic acids and derivatives
13726,Carbonyl compounds,0.93,CHEMONTID:0001831,4,CHEMONTID:0000323,CHEMONTID:0000000;CHEMONTID:0004603;CHEMONTID:0000323;CHEMONTID:0001831,Organic compounds;Organic oxygen compounds;Organooxygen compounds;Carbonyl compounds
3526,Carboxylic acid derivatives,0.97,CHEMONTID:0001093,4,CHEMONTID:0000265,CHEMONTID:0000000;CHEMONTID:0000264;CHEMONTID:0000265;CHEMONTID:0001093,Organic compounds;Organic acids and derivatives;Carboxylic acids and derivatives;Carboxylic acid derivatives
2052,Carbonyl compounds,0.93,CHEMONTID:0001831,4,CHEMONTID:0000323,CHEMONTID:0000000;CHEMONTID:0004603;CHEMONTID:0000323;CHEMONTID:0001831,Organic compounds;Organic oxygen compounds;Organooxygen compounds;Carbonyl compounds
8745,Methyl esters,0.96,CHEMONTID:0003416,6,CHEMONTID:0001238,CHEMONTID:0000000;CHEMONTID:0000264;CHEMONTID:0000265;CHEMONTID:0001093;CHEMONTID:0001238;CHEMONTID:0003416,Organic compounds;Organic acids and derivatives;Carboxylic acids and derivatives;Carboxylic acid derivatives;Carboxylic acid esters;Methyl esters
14309,Carboxylic acid derivatives,0.93,CHEMONTID:0001093,4,CHEMONTID:0000265,CHEMONTID:0000000;CHEMONTID:0000264;CHEMONTID:0000265;CHEMONTID:0001093,Organic compounds;Organic acids and derivatives;Carboxylic acids and derivatives;Carboxylic acid derivatives
4931,Amines,0.87,CHEMONTID:0002449,4,CHEMONTID:0000278,CHEMONTID:0000000;CHEMONTID:0004707;CHEMONTID:0000278;CHEMONTID:0002449,Organic compounds;Organic nitrogen compounds;Organonitrogen compounds;Amines
18634,Amines,0.96,CHEMONTID:0002449,4,CHEMONTID:0000278,CHEMONTID:0000000;CHEMONTID:0004707;CHEMONTID:0000278;CHEMONTID:0002449,Organic compounds;Organic nitrogen compounds;Organonitrogen compounds;Amines
16709,Carboximidamides,0.92,CHEMONTID:0003152,4,CHEMONTID:0000278,CHEMONTID:0000000;CHEMONTID:0004707;CHEMONTID:0000278;CHEMONTID:0003152,Organic compounds;Organic nitrogen compounds;Organonitrogen compounds;Carboximidamides
13668,Carbonyl compounds,0.97,CHEMONTID:0001831,4,CHEMONTID:0000323,CHEMONTID:0000000;CHEMONTID:0004603;CHEMONTID:0000323;CHEMONTID:0001831,Organic compounds;Organic oxygen compounds;Organooxygen compounds;Carbonyl compounds
10689,Amines,0.97,CHEMONTID:0002449,4,CHEMONTID:0000278,CHEMONTID:0000000;CHEMONTID:0004707;CHEMONTID:0000278;CHEMONTID:0002449,Organic compounds;Organic nitrogen compounds;Organonitrogen compounds;Amines
10955,Carboxylic acid derivatives,0.93,CHEMONTID:0001093,4,CHEMONTID:0000265,CHEMONTID:0000000;CHEMONTID:0000264;CHEMONTID:0000265;CHEMONTID:0001093,Organic compounds;Organic acids and derivatives;Carboxylic acids and derivatives;Carboxylic acid derivatives
8390,Phosphate esters,0.98,CHEMONTID:0000408,4,CHEMONTID:0000402,CHEMONTID:0000000;CHEMONTID:0000264;CHEMONTID:0000402;CHEMONTID:0000408,Organic compounds;Organic acids and derivatives;Organic phosphoric acids and derivatives;Phosphate esters
15622,Amino acids and derivatives,1,CHEMONTID:0000347,5,CHEMONTID:0000013,CHEMONTID:0000000;CHEMONTID:0000264;CHEMONTID:0000265;CHEMONTID:0000013;CHEMONTID:0000347,"Organic compounds;Organic acids and derivatives;Carboxylic acids and derivatives;Amino acids, peptides, and analogues;Amino acids and derivatives"
10420,Alcohols and polyols,0.93,CHEMONTID:0000129,4,CHEMONTID:0000323,CHEMONTID:0000000;CHEMONTID:0004603;CHEMONTID:0000323;CHEMONTID:0000129,Organic compounds;Organic oxygen compounds;Organooxygen compounds;Alcohols and polyols
19108,Alcohols and polyols,0.84,CHEMONTID:0000129,4,CHEMONTID:0000323,CHEMONTID:0000000;CHEMONTID:0004603;CHEMONTID:0000323;CHEMONTID:0000129,Organic compounds;Organic oxygen compounds;Organooxygen compounds;Alcohols and polyols
18851,Ethers,0.87,CHEMONTID:0000254,4,CHEMONTID:0000323,CHEMONTID:0000000;CHEMONTID:0004603;CHEMONTID:0000323;CHEMONTID:0000254,Organic compounds;Organic oxygen compounds;Organooxygen compounds;Ethers
18311,Carboxylic acid derivatives,0.99,CHEMONTID:0001093,4,CHEMONTID:0000265,CHEMONTID:0000000;CHEMONTID:0000264;CHEMONTID:0000265;CHEMONTID:0001093,Organic compounds;Organic acids and derivatives;Carboxylic acids and derivatives;Carboxylic acid derivatives
16207,Monoalkylamines,0.88,CHEMONTID:0000469,6,CHEMONTID:0002450,CHEMONTID:0000000;CHEMONTID:0004707;CHEMONTID:0000278;CHEMONTID:0002449;CHEMONTID:0002450;CHEMONTID:0000469,Organic compounds;Organic nitrogen compounds;Organonitrogen compounds;Amines;Primary amines;Monoalkylamines
17464,Monoalkylamines,1,CHEMONTID:0000469,6,CHEMONTID:0002450,CHEMONTID:0000000;CHEMONTID:0004707;CHEMONTID:0000278;CHEMONTID:0002449;CHEMONTID:0002450;CHEMONTID:0000469,Organic compounds;Organic nitrogen compounds;Organonitrogen compounds;Amines;Primary amines;Monoalkylamines
14379,Guanidines,0.94,CHEMONTID:0000375,4,CHEMONTID:0000278,CHEMONTID:0000000;CHEMONTID:0004707;CHEMONTID:0000278;CHEMONTID:0000375,Organic compounds;Organic nitrogen compounds;Organonitrogen compounds;Guanidines
3430,Carboxylic acid derivatives,0.84,CHEMONTID:0001093,4,CHEMONTID:0000265,CHEMONTID:0000000;CHEMONTID:0000264;CHEMONTID:0000265;CHEMONTID:0001093,Organic compounds;Organic acids and derivatives;Carboxylic acids and derivatives;Carboxylic acid derivatives
13436,Carbonyl compounds,0.88,CHEMONTID:0001831,4,CHEMONTID:0000323,CHEMONTID:0000000;CHEMONTID:0004603;CHEMONTID:0000323;CHEMONTID:0001831,Organic compounds;Organic oxygen compounds;Organooxygen compounds;Carbonyl compounds
12166,Amines,0.96,CHEMONTID:0002449,4,CHEMONTID:0000278,CHEMONTID:0000000;CHEMONTID:0004707;CHEMONTID:0000278;CHEMONTID:0002449,Organic compounds;Organic nitrogen compounds;Organonitrogen compounds;Amines
8796,Carbonyl compounds,0.96,CHEMONTID:0001831,4,CHEMONTID:0000323,CHEMONTID:0000000;CHEMONTID:0004603;CHEMONTID:0000323;CHEMONTID:0001831,Organic compounds;Organic oxygen compounds;Organooxygen compounds;Carbonyl compounds
15492,Monocarboxylic acids and derivatives,0.8,CHEMONTID:0001137,4,CHEMONTID:0000265,CHEMONTID:0000000;CHEMONTID:0000264;CHEMONTID:0000265;CHEMONTID:0001137,Organic compounds;Organic acids and derivatives;Carboxylic acids and derivatives;Monocarboxylic acids and derivatives
1879,Primary amines,0.87,CHEMONTID:0002450,5,CHEMONTID:0002449,CHEMONTID:0000000;CHEMONTID:0004707;CHEMONTID:0000278;CHEMONTID:0002449;CHEMONTID:0002450,Organic compounds;Organic nitrogen compounds;Organonitrogen compounds;Amines;Primary amines
8379,Alcohols and polyols,0.93,CHEMONTID:0000129,4,CHEMONTID:0000323,CHEMONTID:0000000;CHEMONTID:0004603;CHEMONTID:0000323;CHEMONTID:0000129,Organic compounds;Organic oxygen compounds;Organooxygen compounds;Alcohols and polyols
13776,Carbonyl compounds,0.98,CHEMONTID:0001831,4,CHEMONTID:0000323,CHEMONTID:0000000;CHEMONTID:0004603;CHEMONTID:0000323;CHEMONTID:0001831,Organic compounds;Organic oxygen compounds;Organooxygen compounds;Carbonyl compounds
7284,Purines and purine derivatives,0.98,CHEMONTID:0000245,4,CHEMONTID:0001797,CHEMONTID:0000000;CHEMONTID:0000002;CHEMONTID:0001797;CHEMONTID:0000245,Organic compounds;Organoheterocyclic compounds;Imidazopyrimidines;Purines and purine derivatives
7910,Dialkyl ethers,0.99,CHEMONTID:0001167,5,CHEMONTID:0000254,CHEMONTID:0000000;CHEMONTID:0004603;CHEMONTID:0000323;CHEMONTID:0000254;CHEMONTID:0001167,Organic compounds;Organic oxygen compounds;Organooxygen compounds;Ethers;Dialkyl ethers
10268,Carboxylic acid derivatives,0.97,CHEMONTID:0001093,4,CHEMONTID:0000265,CHEMONTID:0000000;CHEMONTID:0000264;CHEMONTID:0000265;CHEMONTID:0001093,Organic compounds;Organic acids and derivatives;Carboxylic acids and derivatives;Carboxylic acid derivatives
18306,Monoalkylamines,0.99,CHEMONTID:0000469,6,CHEMONTID:0002450,CHEMONTID:0000000;CHEMONTID:0004707;CHEMONTID:0000278;CHEMONTID:0002449;CHEMONTID:0002450;CHEMONTID:0000469,Organic compounds;Organic nitrogen compounds;Organonitrogen compounds;Amines;Primary amines;Monoalkylamines
17308,Amines,0.93,CHEMONTID:0002449,4,CHEMONTID:0000278,CHEMONTID:0000000;CHEMONTID:0004707;CHEMONTID:0000278;CHEMONTID:0002449,Organic compounds;Organic nitrogen compounds;Organonitrogen compounds;Amines
19816,Carboxylic acid derivatives,0.89,CHEMONTID:0001093,4,CHEMONTID:0000265,CHEMONTID:0000000;CHEMONTID:0000264;CHEMONTID:0000265;CHEMONTID:0001093,Organic compounds;Organic acids and derivatives;Carboxylic acids and derivatives;Carboxylic acid derivatives
14097,Monoalkylamines,1,CHEMONTID:0000469,6,CHEMONTID:0002450,CHEMONTID:0000000;CHEMONTID:0004707;CHEMONTID:0000278;CHEMONTID:0002449;CHEMONTID:0002450;CHEMONTID:0000469,Organic compounds;Organic nitrogen compounds;Organonitrogen compounds;Amines;Primary amines;Monoalkylamines
16443,Dialkyl ethers,0.87,CHEMONTID:0001167,5,CHEMONTID:0000254,CHEMONTID:0000000;CHEMONTID:0004603;CHEMONTID:0000323;CHEMONTID:0000254;CHEMONTID:0001167,Organic compounds;Organic oxygen compounds;Organooxygen compounds;Ethers;Dialkyl ethers
14976,Carbonyl compounds,0.93,CHEMONTID:0001831,4,CHEMONTID:0000323,CHEMONTID:0000000;CHEMONTID:0004603;CHEMONTID:0000323;CHEMONTID:0001831,Organic compounds;Organic oxygen compounds;Organooxygen compounds;Carbonyl compounds
2554,Primary amines,0.99,CHEMONTID:0002450,5,CHEMONTID:0002449,CHEMONTID:0000000;CHEMONTID:0004707;CHEMONTID:0000278;CHEMONTID:0002449;CHEMONTID:0002450,Organic compounds;Organic nitrogen compounds;Organonitrogen compounds;Amines;Primary amines
5762,Carbonyl compounds,0.93,CHEMONTID:0001831,4,CHEMONTID:0000323,CHEMONTID:0000000;CHEMONTID:0004603;CHEMONTID:0000323;CHEMONTID:0001831,Organic compounds;Organic oxygen compounds;Organooxygen compounds;Carbonyl compounds
1320,Carbonyl compounds,0.97,CHEMONTID:0001831,4,CHEMONTID:0000323,CHEMONTID:0000000;CHEMONTID:0004603;CHEMONTID:0000323;CHEMONTID:0001831,Organic compounds;Organic oxygen compounds;Organooxygen compounds;Carbonyl compounds
13284,Carbonyl compounds,0.97,CHEMONTID:0001831,4,CHEMONTID:0000323,CHEMONTID:0000000;CHEMONTID:0004603;CHEMONTID:0000323;CHEMONTID:0001831,Organic compounds;Organic oxygen compounds;Organooxygen compounds;Carbonyl compounds
7361,Dialkyl ethers,0.89,CHEMONTID:0001167,5,CHEMONTID:0000254,CHEMONTID:0000000;CHEMONTID:0004603;CHEMONTID:0000323;CHEMONTID:0000254;CHEMONTID:0001167,Organic compounds;Organic oxygen compounds;Organooxygen compounds;Ethers;Dialkyl ethers
16670,Ethers,0.97,CHEMONTID:0000254,4,CHEMONTID:0000323,CHEMONTID:0000000;CHEMONTID:0004603;CHEMONTID:0000323;CHEMONTID:0000254,Organic compounds;Organic oxygen compounds;Organooxygen compounds;Ethers
14821,Carbonyl compounds,0.95,CHEMONTID:0001831,4,CHEMONTID:0000323,CHEMONTID:0000000;CHEMONTID:0004603;CHEMONTID:0000323;CHEMONTID:0001831,Organic compounds;Organic oxygen compounds;Organooxygen compounds;Carbonyl compounds
3638,Carboxylic acid esters,0.99,CHEMONTID:0001238,5,CHEMONTID:0001093,CHEMONTID:0000000;CHEMONTID:0000264;CHEMONTID:0000265;CHEMONTID:0001093;CHEMONTID:0001238,Organic compounds;Organic acids and derivatives;Carboxylic acids and derivatives;Carboxylic acid derivatives;Carboxylic acid esters
8709,Amines,0.98,CHEMONTID:0002449,4,CHEMONTID:0000278,CHEMONTID:0000000;CHEMONTID:0004707;CHEMONTID:0000278;CHEMONTID:0002449,Organic compounds;Organic nitrogen compounds;Organonitrogen compounds;Amines
9671,Amines,0.99,CHEMONTID:0002449,4,CHEMONTID:0000278,CHEMONTID:0000000;CHEMONTID:0004707;CHEMONTID:0000278;CHEMONTID:0002449,Organic compounds;Organic nitrogen compounds;Organonitrogen compounds;Amines
8123,Carbonyl compounds,0.92,CHEMONTID:0001831,4,CHEMONTID:0000323,CHEMONTID:0000000;CHEMONTID:0004603;CHEMONTID:0000323;CHEMONTID:0001831,Organic compounds;Organic oxygen compounds;Organooxygen compounds;Carbonyl compounds
15302,Amines,0.93,CHEMONTID:0002449,4,CHEMONTID:0000278,CHEMONTID:0000000;CHEMONTID:0004707;CHEMONTID:0000278;CHEMONTID:0002449,Organic compounds;Organic nitrogen compounds;Organonitrogen compounds;Amines
7370,Monoalkylamines,0.96,CHEMONTID:0000469,6,CHEMONTID:0002450,CHEMONTID:0000000;CHEMONTID:0004707;CHEMONTID:0000278;CHEMONTID:0002449;CHEMONTID:0002450;CHEMONTID:0000469,Organic compounds;Organic nitrogen compounds;Organonitrogen compounds;Amines;Primary amines;Monoalkylamines
5919,Monoalkylamines,1,CHEMONTID:0000469,6,CHEMONTID:0002450,CHEMONTID:0000000;CHEMONTID:0004707;CHEMONTID:0000278;CHEMONTID:0002449;CHEMONTID:0002450;CHEMONTID:0000469,Organic compounds;Organic nitrogen compounds;Organonitrogen compounds;Amines;Primary amines;Monoalkylamines
16165,Carbonyl compounds,0.97,CHEMONTID:0001831,4,CHEMONTID:0000323,CHEMONTID:0000000;CHEMONTID:0004603;CHEMONTID:0000323;CHEMONTID:0001831,Organic compounds;Organic oxygen compounds;Organooxygen compounds;Carbonyl compounds
14639,Alkanolamines,0.84,CHEMONTID:0002460,5,CHEMONTID:0002449,CHEMONTID:0000000;CHEMONTID:0004707;CHEMONTID:0000278;CHEMONTID:0002449;CHEMONTID:0002460,Organic compounds;Organic nitrogen compounds;Organonitrogen compounds;Amines;Alkanolamines
5822,Ethers,0.99,CHEMONTID:0000254,4,CHEMONTID:0000323,CHEMONTID:0000000;CHEMONTID:0004603;CHEMONTID:0000323;CHEMONTID:0000254,Organic compounds;Organic oxygen compounds;Organooxygen compounds;Ethers
6830,"Amino acids, peptides, and analogues",0.99,CHEMONTID:0000013,4,CHEMONTID:0000265,CHEMONTID:0000000;CHEMONTID:0000264;CHEMONTID:0000265;CHEMONTID:0000013,"Organic compounds;Organic acids and derivatives;Carboxylic acids and derivatives;Amino acids, peptides, and analogues"
17252,Phosphate esters,0.94,CHEMONTID:0000408,4,CHEMONTID:0000402,CHEMONTID:0000000;CHEMONTID:0000264;CHEMONTID:0000402;CHEMONTID:0000408,Organic compounds;Organic acids and derivatives;Organic phosphoric acids and derivatives;Phosphate esters
16749,Carboxylic acid esters,0.81,CHEMONTID:0001238,5,CHEMONTID:0001093,CHEMONTID:0000000;CHEMONTID:0000264;CHEMONTID:0000265;CHEMONTID:0001093;CHEMONTID:0001238,Organic compounds;Organic acids and derivatives;Carboxylic acids and derivatives;Carboxylic acid derivatives;Carboxylic acid esters
5992,Purines and purine derivatives,1,CHEMONTID:0000245,4,CHEMONTID:0001797,CHEMONTID:0000000;CHEMONTID:0000002;CHEMONTID:0001797;CHEMONTID:0000245,Organic compounds;Organoheterocyclic compounds;Imidazopyrimidines;Purines and purine derivatives
15637,Alcohols and polyols,0.99,CHEMONTID:0000129,4,CHEMONTID:0000323,CHEMONTID:0000000;CHEMONTID:0004603;CHEMONTID:0000323;CHEMONTID:0000129,Organic compounds;Organic oxygen compounds;Organooxygen compounds;Alcohols and polyols
4064,Carbonyl compounds,0.81,CHEMONTID:0001831,4,CHEMONTID:0000323,CHEMONTID:0000000;CHEMONTID:0004603;CHEMONTID:0000323;CHEMONTID:0001831,Organic compounds;Organic oxygen compounds;Organooxygen compounds;Carbonyl compounds
7295,Carbonyl compounds,0.88,CHEMONTID:0001831,4,CHEMONTID:0000323,CHEMONTID:0000000;CHEMONTID:0004603;CHEMONTID:0000323;CHEMONTID:0001831,Organic compounds;Organic oxygen compounds;Organooxygen compounds;Carbonyl compounds
11975,Monosaccharide phosphates,1,CHEMONTID:0001541,6,CHEMONTID:0001540,CHEMONTID:0000000;CHEMONTID:0004603;CHEMONTID:0000323;CHEMONTID:0000011;CHEMONTID:0001540;CHEMONTID:0001541,Organic compounds;Organic oxygen compounds;Organooxygen compounds;Carbohydrates and carbohydrate conjugates;Monosaccharides;Monosaccharide phosphates
8787,Amino acids and derivatives,0.9,CHEMONTID:0000347,5,CHEMONTID:0000013,CHEMONTID:0000000;CHEMONTID:0000264;CHEMONTID:0000265;CHEMONTID:0000013;CHEMONTID:0000347,"Organic compounds;Organic acids and derivatives;Carboxylic acids and derivatives;Amino acids, peptides, and analogues;Amino acids and derivatives"
5887,Alkanolamines,0.97,CHEMONTID:0002460,5,CHEMONTID:0002449,CHEMONTID:0000000;CHEMONTID:0004707;CHEMONTID:0000278;CHEMONTID:0002449;CHEMONTID:0002460,Organic compounds;Organic nitrogen compounds;Organonitrogen compounds;Amines;Alkanolamines
13145,Amines,0.94,CHEMONTID:0002449,4,CHEMONTID:0000278,CHEMONTID:0000000;CHEMONTID:0004707;CHEMONTID:0000278;CHEMONTID:0002449,Organic compounds;Organic nitrogen compounds;Organonitrogen compounds;Amines
11283,Monoalkylamines,1,CHEMONTID:0000469,6,CHEMONTID:0002450,CHEMONTID:0000000;CHEMONTID:0004707;CHEMONTID:0000278;CHEMONTID:0002449;CHEMONTID:0002450;CHEMONTID:0000469,Organic compounds;Organic nitrogen compounds;Organonitrogen compounds;Amines;Primary amines;Monoalkylamines
8807,Amines,0.95,CHEMONTID:0002449,4,CHEMONTID:0000278,CHEMONTID:0000000;CHEMONTID:0004707;CHEMONTID:0000278;CHEMONTID:0002449,Organic compounds;Organic nitrogen compounds;Organonitrogen compounds;Amines
15104,Primary amines,0.92,CHEMONTID:0002450,5,CHEMONTID:0002449,CHEMONTID:0000000;CHEMONTID:0004707;CHEMONTID:0000278;CHEMONTID:0002449;CHEMONTID:0002450,Organic compounds;Organic nitrogen compounds;Organonitrogen compounds;Amines;Primary amines
11050,Carbonyl compounds,0.8,CHEMONTID:0001831,4,CHEMONTID:0000323,CHEMONTID:0000000;CHEMONTID:0004603;CHEMONTID:0000323;CHEMONTID:0001831,Organic compounds;Organic oxygen compounds;Organooxygen compounds;Carbonyl compounds
15732,Amines,0.97,CHEMONTID:0002449,4,CHEMONTID:0000278,CHEMONTID:0000000;CHEMONTID:0004707;CHEMONTID:0000278;CHEMONTID:0002449,Organic compounds;Organic nitrogen compounds;Organonitrogen compounds;Amines
20389,Amines,0.9,CHEMONTID:0002449,4,CHEMONTID:0000278,CHEMONTID:0000000;CHEMONTID:0004707;CHEMONTID:0000278;CHEMONTID:0002449,Organic compounds;Organic nitrogen compounds;Organonitrogen compounds;Amines
15663,Carboxylic acid derivatives,0.82,CHEMONTID:0001093,4,CHEMONTID:0000265,CHEMONTID:0000000;CHEMONTID:0000264;CHEMONTID:0000265;CHEMONTID:0001093,Organic compounds;Organic acids and derivatives;Carboxylic acids and derivatives;Carboxylic acid derivatives
5748,Carbonyl compounds,0.94,CHEMONTID:0001831,4,CHEMONTID:0000323,CHEMONTID:0000000;CHEMONTID:0004603;CHEMONTID:0000323;CHEMONTID:0001831,Organic compounds;Organic oxygen compounds;Organooxygen compounds;Carbonyl compounds
6489,Alcohols and polyols,0.82,CHEMONTID:0000129,4,CHEMONTID:0000323,CHEMONTID:0000000;CHEMONTID:0004603;CHEMONTID:0000323;CHEMONTID:0000129,Organic compounds;Organic oxygen compounds;Organooxygen compounds;Alcohols and polyols
10897,Monoalkylamines,1,CHEMONTID:0000469,6,CHEMONTID:0002450,CHEMONTID:0000000;CHEMONTID:0004707;CHEMONTID:0000278;CHEMONTID:0002449;CHEMONTID:0002450;CHEMONTID:0000469,Organic compounds;Organic nitrogen compounds;Organonitrogen compounds;Amines;Primary amines;Monoalkylamines
11046,Carbonyl compounds,0.9,CHEMONTID:0001831,4,CHEMONTID:0000323,CHEMONTID:0000000;CHEMONTID:0004603;CHEMONTID:0000323;CHEMONTID:0001831,Organic compounds;Organic oxygen compounds;Organooxygen compounds;Carbonyl compounds
6475,Carbonyl compounds,0.83,CHEMONTID:0001831,4,CHEMONTID:0000323,CHEMONTID:0000000;CHEMONTID:0004603;CHEMONTID:0000323;CHEMONTID:0001831,Organic compounds;Organic oxygen compounds;Organooxygen compounds;Carbonyl compounds
143,Carbonyl compounds,0.94,CHEMONTID:0001831,4,CHEMONTID:0000323,CHEMONTID:0000000;CHEMONTID:0004603;CHEMONTID:0000323;CHEMONTID:0001831,Organic compounds;Organic oxygen compounds;Organooxygen compounds;Carbonyl compounds
18140,Phosphate esters,1,CHEMONTID:0000408,4,CHEMONTID:0000402,CHEMONTID:0000000;CHEMONTID:0000264;CHEMONTID:0000402;CHEMONTID:0000408,Organic compounds;Organic acids and derivatives;Organic phosphoric acids and derivatives;Phosphate esters
5234,Carboxylic acid derivatives,1,CHEMONTID:0001093,4,CHEMONTID:0000265,CHEMONTID:0000000;CHEMONTID:0000264;CHEMONTID:0000265;CHEMONTID:0001093,Organic compounds;Organic acids and derivatives;Carboxylic acids and derivatives;Carboxylic acid derivatives
18511,Alcohols and polyols,0.93,CHEMONTID:0000129,4,CHEMONTID:0000323,CHEMONTID:0000000;CHEMONTID:0004603;CHEMONTID:0000323;CHEMONTID:0000129,Organic compounds;Organic oxygen compounds;Organooxygen compounds;Alcohols and polyols
18675,Carboxylic acid derivatives,0.97,CHEMONTID:0001093,4,CHEMONTID:0000265,CHEMONTID:0000000;CHEMONTID:0000264;CHEMONTID:0000265;CHEMONTID:0001093,Organic compounds;Organic acids and derivatives;Carboxylic acids and derivatives;Carboxylic acid derivatives
8754,Carboxylic acid derivatives,0.96,CHEMONTID:0001093,4,CHEMONTID:0000265,CHEMONTID:0000000;CHEMONTID:0000264;CHEMONTID:0000265;CHEMONTID:0001093,Organic compounds;Organic acids and derivatives;Carboxylic acids and derivatives;Carboxylic acid derivatives
6986,Phosphate esters,0.92,CHEMONTID:0000408,4,CHEMONTID:0000402,CHEMONTID:0000000;CHEMONTID:0000264;CHEMONTID:0000402;CHEMONTID:0000408,Organic compounds;Organic acids and derivatives;Organic phosphoric acids and derivatives;Phosphate esters
15789,Amines,0.99,CHEMONTID:0002449,4,CHEMONTID:0000278,CHEMONTID:0000000;CHEMONTID:0004707;CHEMONTID:0000278;CHEMONTID:0002449,Organic compounds;Organic nitrogen compounds;Organonitrogen compounds;Amines
18441,Glycosyl compounds,0.99,CHEMONTID:0002105,5,CHEMONTID:0000011,CHEMONTID:0000000;CHEMONTID:0004603;CHEMONTID:0000323;CHEMONTID:0000011;CHEMONTID:0002105,Organic compounds;Organic oxygen compounds;Organooxygen compounds;Carbohydrates and carbohydrate conjugates;Glycosyl compounds
71,Monoalkylamines,0.81,CHEMONTID:0000469,6,CHEMONTID:0002450,CHEMONTID:0000000;CHEMONTID:0004707;CHEMONTID:0000278;CHEMONTID:0002449;CHEMONTID:0002450;CHEMONTID:0000469,Organic compounds;Organic nitrogen compounds;Organonitrogen compounds;Amines;Primary amines;Monoalkylamines
19945,Carbonyl compounds,1,CHEMONTID:0001831,4,CHEMONTID:0000323,CHEMONTID:0000000;CHEMONTID:0004603;CHEMONTID:0000323;CHEMONTID:0001831,Organic compounds;Organic oxygen compounds;Organooxygen compounds;Carbonyl compounds
17429,Alcohols and polyols,0.9,CHEMONTID:0000129,4,CHEMONTID:0000323,CHEMONTID:0000000;CHEMONTID:0004603;CHEMONTID:0000323;CHEMONTID:0000129,Organic compounds;Organic oxygen compounds;Organooxygen compounds;Alcohols and polyols
5844,Amines,0.87,CHEMONTID:0002449,4,CHEMONTID:0000278,CHEMONTID:0000000;CHEMONTID:0004707;CHEMONTID:0000278;CHEMONTID:0002449,Organic compounds;Organic nitrogen compounds;Organonitrogen compounds;Amines
10159,Guanidines,0.96,CHEMONTID:0000375,4,CHEMONTID:0000278,CHEMONTID:0000000;CHEMONTID:0004707;CHEMONTID:0000278;CHEMONTID:0000375,Organic compounds;Organic nitrogen compounds;Organonitrogen compounds;Guanidines
13351,Amines,0.93,CHEMONTID:0002449,4,CHEMONTID:0000278,CHEMONTID:0000000;CHEMONTID:0004707;CHEMONTID:0000278;CHEMONTID:0002449,Organic compounds;Organic nitrogen compounds;Organonitrogen compounds;Amines
3344,Carbonyl compounds,0.99,CHEMONTID:0001831,4,CHEMONTID:0000323,CHEMONTID:0000000;CHEMONTID:0004603;CHEMONTID:0000323;CHEMONTID:0001831,Organic compounds;Organic oxygen compounds;Organooxygen compounds;Carbonyl compounds
14756,Carboxylic acid derivatives,0.95,CHEMONTID:0001093,4,CHEMONTID:0000265,CHEMONTID:0000000;CHEMONTID:0000264;CHEMONTID:0000265;CHEMONTID:0001093,Organic compounds;Organic acids and derivatives;Carboxylic acids and derivatives;Carboxylic acid derivatives
8927,Alcohols and polyols,0.86,CHEMONTID:0000129,4,CHEMONTID:0000323,CHEMONTID:0000000;CHEMONTID:0004603;CHEMONTID:0000323;CHEMONTID:0000129,Organic compounds;Organic oxygen compounds;Organooxygen compounds;Alcohols and polyols
11253,Fatty amides,0.95,CHEMONTID:0000331,4,CHEMONTID:0003909,CHEMONTID:0000000;CHEMONTID:0000012;CHEMONTID:0003909;CHEMONTID:0000331,Organic compounds;Lipids and lipid-like molecules;Fatty Acyls;Fatty amides
6160,Alcohols and polyols,0.98,CHEMONTID:0000129,4,CHEMONTID:0000323,CHEMONTID:0000000;CHEMONTID:0004603;CHEMONTID:0000323;CHEMONTID:0000129,Organic compounds;Organic oxygen compounds;Organooxygen compounds;Alcohols and polyols
5042,Amphetamines and derivatives,0.98,CHEMONTID:0000188,5,CHEMONTID:0000186,CHEMONTID:0000000;CHEMONTID:0002448;CHEMONTID:0002279;CHEMONTID:0000186;CHEMONTID:0000188,Organic compounds;Benzenoids;Benzene and substituted derivatives;Phenethylamines;Amphetamines and derivatives
2805,Carbonyl compounds,0.85,CHEMONTID:0001831,4,CHEMONTID:0000323,CHEMONTID:0000000;CHEMONTID:0004603;CHEMONTID:0000323;CHEMONTID:0001831,Organic compounds;Organic oxygen compounds;Organooxygen compounds;Carbonyl compounds
15414,Carbohydrates and carbohydrate conjugates,0.99,CHEMONTID:0000011,4,CHEMONTID:0000323,CHEMONTID:0000000;CHEMONTID:0004603;CHEMONTID:0000323;CHEMONTID:0000011,Organic compounds;Organic oxygen compounds;Organooxygen compounds;Carbohydrates and carbohydrate conjugates
17501,Alpha amino acids and derivatives,1,CHEMONTID:0000060,6,CHEMONTID:0000347,CHEMONTID:0000000;CHEMONTID:0000264;CHEMONTID:0000265;CHEMONTID:0000013;CHEMONTID:0000347;CHEMONTID:0000060,"Organic compounds;Organic acids and derivatives;Carboxylic acids and derivatives;Amino acids, peptides, and analogues;Amino acids and derivatives;Alpha amino acids and derivatives"
3912,Carbonyl compounds,0.97,CHEMONTID:0001831,4,CHEMONTID:0000323,CHEMONTID:0000000;CHEMONTID:0004603;CHEMONTID:0000323;CHEMONTID:0001831,Organic compounds;Organic oxygen compounds;Organooxygen compounds;Carbonyl compounds
12702,Carbonyl compounds,0.97,CHEMONTID:0001831,4,CHEMONTID:0000323,CHEMONTID:0000000;CHEMONTID:0004603;CHEMONTID:0000323;CHEMONTID:0001831,Organic compounds;Organic oxygen compounds;Organooxygen compounds;Carbonyl compounds
8663,Alcohols and polyols,0.95,CHEMONTID:0000129,4,CHEMONTID:0000323,CHEMONTID:0000000;CHEMONTID:0004603;CHEMONTID:0000323;CHEMONTID:0000129,Organic compounds;Organic oxygen compounds;Organooxygen compounds;Alcohols and polyols
13107,Dialkyl ethers,0.85,CHEMONTID:0001167,5,CHEMONTID:0000254,CHEMONTID:0000000;CHEMONTID:0004603;CHEMONTID:0000323;CHEMONTID:0000254;CHEMONTID:0001167,Organic compounds;Organic oxygen compounds;Organooxygen compounds;Ethers;Dialkyl ethers
20347,Primary amines,0.94,CHEMONTID:0002450,5,CHEMONTID:0002449,CHEMONTID:0000000;CHEMONTID:0004707;CHEMONTID:0000278;CHEMONTID:0002449;CHEMONTID:0002450,Organic compounds;Organic nitrogen compounds;Organonitrogen compounds;Amines;Primary amines
11521,Carbonyl compounds,0.94,CHEMONTID:0001831,4,CHEMONTID:0000323,CHEMONTID:0000000;CHEMONTID:0004603;CHEMONTID:0000323;CHEMONTID:0001831,Organic compounds;Organic oxygen compounds;Organooxygen compounds;Carbonyl compounds
19667,Alpha amino acids and derivatives,1,CHEMONTID:0000060,6,CHEMONTID:0000347,CHEMONTID:0000000;CHEMONTID:0000264;CHEMONTID:0000265;CHEMONTID:0000013;CHEMONTID:0000347;CHEMONTID:0000060,"Organic compounds;Organic acids and derivatives;Carboxylic acids and derivatives;Amino acids, peptides, and analogues;Amino acids and derivatives;Alpha amino acids and derivatives"
5761,Carbonyl compounds,0.8,CHEMONTID:0001831,4,CHEMONTID:0000323,CHEMONTID:0000000;CHEMONTID:0004603;CHEMONTID:0000323;CHEMONTID:0001831,Organic compounds;Organic oxygen compounds;Organooxygen compounds;Carbonyl compounds
10762,Ethers,0.96,CHEMONTID:0000254,4,CHEMONTID:0000323,CHEMONTID:0000000;CHEMONTID:0004603;CHEMONTID:0000323;CHEMONTID:0000254,Organic compounds;Organic oxygen compounds;Organooxygen compounds;Ethers
19028,Carbonyl compounds,0.86,CHEMONTID:0001831,4,CHEMONTID:0000323,CHEMONTID:0000000;CHEMONTID:0004603;CHEMONTID:0000323;CHEMONTID:0001831,Organic compounds;Organic oxygen compounds;Organooxygen compounds;Carbonyl compounds
8421,Carbonyl compounds,0.94,CHEMONTID:0001831,4,CHEMONTID:0000323,CHEMONTID:0000000;CHEMONTID:0004603;CHEMONTID:0000323;CHEMONTID:0001831,Organic compounds;Organic oxygen compounds;Organooxygen compounds;Carbonyl compounds
1545,Carbonyl compounds,0.89,CHEMONTID:0001831,4,CHEMONTID:0000323,CHEMONTID:0000000;CHEMONTID:0004603;CHEMONTID:0000323;CHEMONTID:0001831,Organic compounds;Organic oxygen compounds;Organooxygen compounds;Carbonyl compounds
4015,Carbonyl compounds,0.92,CHEMONTID:0001831,4,CHEMONTID:0000323,CHEMONTID:0000000;CHEMONTID:0004603;CHEMONTID:0000323;CHEMONTID:0001831,Organic compounds;Organic oxygen compounds;Organooxygen compounds;Carbonyl compounds
19557,"Amino acids, peptides, and analogues",0.9,CHEMONTID:0000013,4,CHEMONTID:0000265,CHEMONTID:0000000;CHEMONTID:0000264;CHEMONTID:0000265;CHEMONTID:0000013,"Organic compounds;Organic acids and derivatives;Carboxylic acids and derivatives;Amino acids, peptides, and analogues"
20674,Amines,1,CHEMONTID:0002449,4,CHEMONTID:0000278,CHEMONTID:0000000;CHEMONTID:0004707;CHEMONTID:0000278;CHEMONTID:0002449,Organic compounds;Organic nitrogen compounds;Organonitrogen compounds;Amines
17031,Monocarboxylic acids and derivatives,0.86,CHEMONTID:0001137,4,CHEMONTID:0000265,CHEMONTID:0000000;CHEMONTID:0000264;CHEMONTID:0000265;CHEMONTID:0001137,Organic compounds;Organic acids and derivatives;Carboxylic acids and derivatives;Monocarboxylic acids and derivatives
19787,Methyl esters,0.81,CHEMONTID:0003416,6,CHEMONTID:0001238,CHEMONTID:0000000;CHEMONTID:0000264;CHEMONTID:0000265;CHEMONTID:0001093;CHEMONTID:0001238;CHEMONTID:0003416,Organic compounds;Organic acids and derivatives;Carboxylic acids and derivatives;Carboxylic acid derivatives;Carboxylic acid esters;Methyl esters
8445,Carbonyl compounds,0.99,CHEMONTID:0001831,4,CHEMONTID:0000323,CHEMONTID:0000000;CHEMONTID:0004603;CHEMONTID:0000323;CHEMONTID:0001831,Organic compounds;Organic oxygen compounds;Organooxygen compounds;Carbonyl compounds
7223,Carboxylic acid derivatives,0.96,CHEMONTID:0001093,4,CHEMONTID:0000265,CHEMONTID:0000000;CHEMONTID:0000264;CHEMONTID:0000265;CHEMONTID:0001093,Organic compounds;Organic acids and derivatives;Carboxylic acids and derivatives;Carboxylic acid derivatives
11996,Carbonyl compounds,0.93,CHEMONTID:0001831,4,CHEMONTID:0000323,CHEMONTID:0000000;CHEMONTID:0004603;CHEMONTID:0000323;CHEMONTID:0001831,Organic compounds;Organic oxygen compounds;Organooxygen compounds;Carbonyl compounds
4640,Carbonyl compounds,0.99,CHEMONTID:0001831,4,CHEMONTID:0000323,CHEMONTID:0000000;CHEMONTID:0004603;CHEMONTID:0000323;CHEMONTID:0001831,Organic compounds;Organic oxygen compounds;Organooxygen compounds;Carbonyl compounds
2051,Amines,0.98,CHEMONTID:0002449,4,CHEMONTID:0000278,CHEMONTID:0000000;CHEMONTID:0004707;CHEMONTID:0000278;CHEMONTID:0002449,Organic compounds;Organic nitrogen compounds;Organonitrogen compounds;Amines
16591,Amines,0.99,CHEMONTID:0002449,4,CHEMONTID:0000278,CHEMONTID:0000000;CHEMONTID:0004707;CHEMONTID:0000278;CHEMONTID:0002449,Organic compounds;Organic nitrogen compounds;Organonitrogen compounds;Amines
4696,Alcohols and polyols,0.98,CHEMONTID:0000129,4,CHEMONTID:0000323,CHEMONTID:0000000;CHEMONTID:0004603;CHEMONTID:0000323;CHEMONTID:0000129,Organic compounds;Organic oxygen compounds;Organooxygen compounds;Alcohols and polyols
10799,Alcohols and polyols,0.91,CHEMONTID:0000129,4,CHEMONTID:0000323,CHEMONTID:0000000;CHEMONTID:0004603;CHEMONTID:0000323;CHEMONTID:0000129,Organic compounds;Organic oxygen compounds;Organooxygen compounds;Alcohols and polyols
13325,Carboxylic acid derivatives,0.96,CHEMONTID:0001093,4,CHEMONTID:0000265,CHEMONTID:0000000;CHEMONTID:0000264;CHEMONTID:0000265;CHEMONTID:0001093,Organic compounds;Organic acids and derivatives;Carboxylic acids and derivatives;Carboxylic acid derivatives
19328,Alcohols and polyols,0.93,CHEMONTID:0000129,4,CHEMONTID:0000323,CHEMONTID:0000000;CHEMONTID:0004603;CHEMONTID:0000323;CHEMONTID:0000129,Organic compounds;Organic oxygen compounds;Organooxygen compounds;Alcohols and polyols
16624,Dialkyl ethers,0.96,CHEMONTID:0001167,5,CHEMONTID:0000254,CHEMONTID:0000000;CHEMONTID:0004603;CHEMONTID:0000323;CHEMONTID:0000254;CHEMONTID:0001167,Organic compounds;Organic oxygen compounds;Organooxygen compounds;Ethers;Dialkyl ethers
17638,Carboxylic acid derivatives,0.98,CHEMONTID:0001093,4,CHEMONTID:0000265,CHEMONTID:0000000;CHEMONTID:0000264;CHEMONTID:0000265;CHEMONTID:0001093,Organic compounds;Organic acids and derivatives;Carboxylic acids and derivatives;Carboxylic acid derivatives
9968,Phosphate esters,1,CHEMONTID:0000408,4,CHEMONTID:0000402,CHEMONTID:0000000;CHEMONTID:0000264;CHEMONTID:0000402;CHEMONTID:0000408,Organic compounds;Organic acids and derivatives;Organic phosphoric acids and derivatives;Phosphate esters
3258,Alkyl phosphates,0.97,CHEMONTID:0003457,5,CHEMONTID:0000408,CHEMONTID:0000000;CHEMONTID:0000264;CHEMONTID:0000402;CHEMONTID:0000408;CHEMONTID:0003457,Organic compounds;Organic acids and derivatives;Organic phosphoric acids and derivatives;Phosphate esters;Alkyl phosphates
3907,Carboxylic acid derivatives,0.98,CHEMONTID:0001093,4,CHEMONTID:0000265,CHEMONTID:0000000;CHEMONTID:0000264;CHEMONTID:0000265;CHEMONTID:0001093,Organic compounds;Organic acids and derivatives;Carboxylic acids and derivatives;Carboxylic acid derivatives
317,Primary alcohols,0.93,CHEMONTID:0000286,5,CHEMONTID:0000129,CHEMONTID:0000000;CHEMONTID:0004603;CHEMONTID:0000323;CHEMONTID:0000129;CHEMONTID:0000286,Organic compounds;Organic oxygen compounds;Organooxygen compounds;Alcohols and polyols;Primary alcohols
655,Carboxylic acid derivatives,0.88,CHEMONTID:0001093,4,CHEMONTID:0000265,CHEMONTID:0000000;CHEMONTID:0000264;CHEMONTID:0000265;CHEMONTID:0001093,Organic compounds;Organic acids and derivatives;Carboxylic acids and derivatives;Carboxylic acid derivatives
13453,Pyrimidines and pyrimidine derivatives,1,CHEMONTID:0000075,4,CHEMONTID:0001346,CHEMONTID:0000000;CHEMONTID:0000002;CHEMONTID:0001346;CHEMONTID:0000075,Organic compounds;Organoheterocyclic compounds;Diazines;Pyrimidines and pyrimidine derivatives
515,Carbonyl compounds,0.92,CHEMONTID:0001831,4,CHEMONTID:0000323,CHEMONTID:0000000;CHEMONTID:0004603;CHEMONTID:0000323;CHEMONTID:0001831,Organic compounds;Organic oxygen compounds;Organooxygen compounds;Carbonyl compounds
8048,Secondary alcohols,0.87,CHEMONTID:0001661,5,CHEMONTID:0000129,CHEMONTID:0000000;CHEMONTID:0004603;CHEMONTID:0000323;CHEMONTID:0000129;CHEMONTID:0001661,Organic compounds;Organic oxygen compounds;Organooxygen compounds;Alcohols and polyols;Secondary alcohols
17847,Amines,0.88,CHEMONTID:0002449,4,CHEMONTID:0000278,CHEMONTID:0000000;CHEMONTID:0004707;CHEMONTID:0000278;CHEMONTID:0002449,Organic compounds;Organic nitrogen compounds;Organonitrogen compounds;Amines
3677,Carbonyl compounds,0.94,CHEMONTID:0001831,4,CHEMONTID:0000323,CHEMONTID:0000000;CHEMONTID:0004603;CHEMONTID:0000323;CHEMONTID:0001831,Organic compounds;Organic oxygen compounds;Organooxygen compounds;Carbonyl compounds
18881,Amines,0.96,CHEMONTID:0002449,4,CHEMONTID:0000278,CHEMONTID:0000000;CHEMONTID:0004707;CHEMONTID:0000278;CHEMONTID:0002449,Organic compounds;Organic nitrogen compounds;Organonitrogen compounds;Amines
18913,Carbonyl compounds,0.96,CHEMONTID:0001831,4,CHEMONTID:0000323,CHEMONTID:0000000;CHEMONTID:0004603;CHEMONTID:0000323;CHEMONTID:0001831,Organic compounds;Organic oxygen compounds;Organooxygen compounds;Carbonyl compounds
16388,Amines,0.97,CHEMONTID:0002449,4,CHEMONTID:0000278,CHEMONTID:0000000;CHEMONTID:0004707;CHEMONTID:0000278;CHEMONTID:0002449,Organic compounds;Organic nitrogen compounds;Organonitrogen compounds;Amines
3938,Primary amines,1,CHEMONTID:0002450,5,CHEMONTID:0002449,CHEMONTID:0000000;CHEMONTID:0004707;CHEMONTID:0000278;CHEMONTID:0002449;CHEMONTID:0002450,Organic compounds;Organic nitrogen compounds;Organonitrogen compounds;Amines;Primary amines
19257,Organic phosphonic acids,0.84,CHEMONTID:0001302,4,CHEMONTID:0000419,CHEMONTID:0000000;CHEMONTID:0000264;CHEMONTID:0000419;CHEMONTID:0001302,Organic compounds;Organic acids and derivatives;Organic phosphonic acids and derivatives;Organic phosphonic acids
9347,6-alkylaminopurines,0.99,CHEMONTID:0003454,6,CHEMONTID:0002987,CHEMONTID:0000000;CHEMONTID:0000002;CHEMONTID:0001797;CHEMONTID:0000245;CHEMONTID:0002987;CHEMONTID:0003454,Organic compounds;Organoheterocyclic compounds;Imidazopyrimidines;Purines and purine derivatives;6-aminopurines;6-alkylaminopurines
19397,Carbonyl compounds,0.86,CHEMONTID:0001831,4,CHEMONTID:0000323,CHEMONTID:0000000;CHEMONTID:0004603;CHEMONTID:0000323;CHEMONTID:0001831,Organic compounds;Organic oxygen compounds;Organooxygen compounds;Carbonyl compounds
12475,Amines,0.97,CHEMONTID:0002449,4,CHEMONTID:0000278,CHEMONTID:0000000;CHEMONTID:0004707;CHEMONTID:0000278;CHEMONTID:0002449,Organic compounds;Organic nitrogen compounds;Organonitrogen compounds;Amines
12683,Carbonyl compounds,0.88,CHEMONTID:0001831,4,CHEMONTID:0000323,CHEMONTID:0000000;CHEMONTID:0004603;CHEMONTID:0000323;CHEMONTID:0001831,Organic compounds;Organic oxygen compounds;Organooxygen compounds;Carbonyl compounds
17025,Carboxylic acid derivatives,0.8,CHEMONTID:0001093,4,CHEMONTID:0000265,CHEMONTID:0000000;CHEMONTID:0000264;CHEMONTID:0000265;CHEMONTID:0001093,Organic compounds;Organic acids and derivatives;Carboxylic acids and derivatives;Carboxylic acid derivatives
11809,Guanidines,0.98,CHEMONTID:0000375,4,CHEMONTID:0000278,CHEMONTID:0000000;CHEMONTID:0004707;CHEMONTID:0000278;CHEMONTID:0000375,Organic compounds;Organic nitrogen compounds;Organonitrogen compounds;Guanidines
686,N-acyl amines,0.97,CHEMONTID:0001096,5,CHEMONTID:0000331,CHEMONTID:0000000;CHEMONTID:0000012;CHEMONTID:0003909;CHEMONTID:0000331;CHEMONTID:0001096,Organic compounds;Lipids and lipid-like molecules;Fatty Acyls;Fatty amides;N-acyl amines
13929,Dialkyl ethers,0.98,CHEMONTID:0001167,5,CHEMONTID:0000254,CHEMONTID:0000000;CHEMONTID:0004603;CHEMONTID:0000323;CHEMONTID:0000254;CHEMONTID:0001167,Organic compounds;Organic oxygen compounds;Organooxygen compounds;Ethers;Dialkyl ethers
17906,Carbonyl compounds,0.98,CHEMONTID:0001831,4,CHEMONTID:0000323,CHEMONTID:0000000;CHEMONTID:0004603;CHEMONTID:0000323;CHEMONTID:0001831,Organic compounds;Organic oxygen compounds;Organooxygen compounds;Carbonyl compounds
5097,Carbonyl compounds,0.92,CHEMONTID:0001831,4,CHEMONTID:0000323,CHEMONTID:0000000;CHEMONTID:0004603;CHEMONTID:0000323;CHEMONTID:0001831,Organic compounds;Organic oxygen compounds;Organooxygen compounds;Carbonyl compounds
19310,Primary amines,0.91,CHEMONTID:0002450,5,CHEMONTID:0002449,CHEMONTID:0000000;CHEMONTID:0004707;CHEMONTID:0000278;CHEMONTID:0002449;CHEMONTID:0002450,Organic compounds;Organic nitrogen compounds;Organonitrogen compounds;Amines;Primary amines
18878,Carbonyl compounds,0.94,CHEMONTID:0001831,4,CHEMONTID:0000323,CHEMONTID:0000000;CHEMONTID:0004603;CHEMONTID:0000323;CHEMONTID:0001831,Organic compounds;Organic oxygen compounds;Organooxygen compounds;Carbonyl compounds
9583,Amines,0.89,CHEMONTID:0002449,4,CHEMONTID:0000278,CHEMONTID:0000000;CHEMONTID:0004707;CHEMONTID:0000278;CHEMONTID:0002449,Organic compounds;Organic nitrogen compounds;Organonitrogen compounds;Amines
6985,Carbonyl compounds,0.96,CHEMONTID:0001831,4,CHEMONTID:0000323,CHEMONTID:0000000;CHEMONTID:0004603;CHEMONTID:0000323;CHEMONTID:0001831,Organic compounds;Organic oxygen compounds;Organooxygen compounds;Carbonyl compounds
12869,Alcohols and polyols,0.98,CHEMONTID:0000129,4,CHEMONTID:0000323,CHEMONTID:0000000;CHEMONTID:0004603;CHEMONTID:0000323;CHEMONTID:0000129,Organic compounds;Organic oxygen compounds;Organooxygen compounds;Alcohols and polyols
18268,Carboxylic acid derivatives,0.94,CHEMONTID:0001093,4,CHEMONTID:0000265,CHEMONTID:0000000;CHEMONTID:0000264;CHEMONTID:0000265;CHEMONTID:0001093,Organic compounds;Organic acids and derivatives;Carboxylic acids and derivatives;Carboxylic acid derivatives
8672,Alcohols and polyols,0.81,CHEMONTID:0000129,4,CHEMONTID:0000323,CHEMONTID:0000000;CHEMONTID:0004603;CHEMONTID:0000323;CHEMONTID:0000129,Organic compounds;Organic oxygen compounds;Organooxygen compounds;Alcohols and polyols
1628,Amines,0.95,CHEMONTID:0002449,4,CHEMONTID:0000278,CHEMONTID:0000000;CHEMONTID:0004707;CHEMONTID:0000278;CHEMONTID:0002449,Organic compounds;Organic nitrogen compounds;Organonitrogen compounds;Amines
19069,Alcohols and polyols,1,CHEMONTID:0000129,4,CHEMONTID:0000323,CHEMONTID:0000000;CHEMONTID:0004603;CHEMONTID:0000323;CHEMONTID:0000129,Organic compounds;Organic oxygen compounds;Organooxygen compounds;Alcohols and polyols
5139,Alcohols and polyols,0.99,CHEMONTID:0000129,4,CHEMONTID:0000323,CHEMONTID:0000000;CHEMONTID:0004603;CHEMONTID:0000323;CHEMONTID:0000129,Organic compounds;Organic oxygen compounds;Organooxygen compounds;Alcohols and polyols
4506,Carbonyl compounds,0.86,CHEMONTID:0001831,4,CHEMONTID:0000323,CHEMONTID:0000000;CHEMONTID:0004603;CHEMONTID:0000323;CHEMONTID:0001831,Organic compounds;Organic oxygen compounds;Organooxygen compounds;Carbonyl compounds
2390,Alcohols and polyols,0.97,CHEMONTID:0000129,4,CHEMONTID:0000323,CHEMONTID:0000000;CHEMONTID:0004603;CHEMONTID:0000323;CHEMONTID:0000129,Organic compounds;Organic oxygen compounds;Organooxygen compounds;Alcohols and polyols
5416,Carbonyl compounds,0.99,CHEMONTID:0001831,4,CHEMONTID:0000323,CHEMONTID:0000000;CHEMONTID:0004603;CHEMONTID:0000323;CHEMONTID:0001831,Organic compounds;Organic oxygen compounds;Organooxygen compounds;Carbonyl compounds
3390,Dicarboxylic acids and derivatives,0.82,CHEMONTID:0000346,4,CHEMONTID:0000265,CHEMONTID:0000000;CHEMONTID:0000264;CHEMONTID:0000265;CHEMONTID:0000346,Organic compounds;Organic acids and derivatives;Carboxylic acids and derivatives;Dicarboxylic acids and derivatives
11535,Carboxylic acid derivatives,0.97,CHEMONTID:0001093,4,CHEMONTID:0000265,CHEMONTID:0000000;CHEMONTID:0000264;CHEMONTID:0000265;CHEMONTID:0001093,Organic compounds;Organic acids and derivatives;Carboxylic acids and derivatives;Carboxylic acid derivatives
6950,Carboxylic acid derivatives,0.92,CHEMONTID:0001093,4,CHEMONTID:0000265,CHEMONTID:0000000;CHEMONTID:0000264;CHEMONTID:0000265;CHEMONTID:0001093,Organic compounds;Organic acids and derivatives;Carboxylic acids and derivatives;Carboxylic acid derivatives
5300,Glycosyl compounds,1,CHEMONTID:0002105,5,CHEMONTID:0000011,CHEMONTID:0000000;CHEMONTID:0004603;CHEMONTID:0000323;CHEMONTID:0000011;CHEMONTID:0002105,Organic compounds;Organic oxygen compounds;Organooxygen compounds;Carbohydrates and carbohydrate conjugates;Glycosyl compounds
13086,Primary amines,0.99,CHEMONTID:0002450,5,CHEMONTID:0002449,CHEMONTID:0000000;CHEMONTID:0004707;CHEMONTID:0000278;CHEMONTID:0002449;CHEMONTID:0002450,Organic compounds;Organic nitrogen compounds;Organonitrogen compounds;Amines;Primary amines
1720,Carboxylic acid derivatives,0.98,CHEMONTID:0001093,4,CHEMONTID:0000265,CHEMONTID:0000000;CHEMONTID:0000264;CHEMONTID:0000265;CHEMONTID:0001093,Organic compounds;Organic acids and derivatives;Carboxylic acids and derivatives;Carboxylic acid derivatives
14651,Carbonyl compounds,0.94,CHEMONTID:0001831,4,CHEMONTID:0000323,CHEMONTID:0000000;CHEMONTID:0004603;CHEMONTID:0000323;CHEMONTID:0001831,Organic compounds;Organic oxygen compounds;Organooxygen compounds;Carbonyl compounds
4269,Amines,0.9,CHEMONTID:0002449,4,CHEMONTID:0000278,CHEMONTID:0000000;CHEMONTID:0004707;CHEMONTID:0000278;CHEMONTID:0002449,Organic compounds;Organic nitrogen compounds;Organonitrogen compounds;Amines
15455,Carboxylic acid derivatives,0.91,CHEMONTID:0001093,4,CHEMONTID:0000265,CHEMONTID:0000000;CHEMONTID:0000264;CHEMONTID:0000265;CHEMONTID:0001093,Organic compounds;Organic acids and derivatives;Carboxylic acids and derivatives;Carboxylic acid derivatives
11519,Carboxylic acid derivatives,0.81,CHEMONTID:0001093,4,CHEMONTID:0000265,CHEMONTID:0000000;CHEMONTID:0000264;CHEMONTID:0000265;CHEMONTID:0001093,Organic compounds;Organic acids and derivatives;Carboxylic acids and derivatives;Carboxylic acid derivatives
3532,Carbonyl compounds,0.89,CHEMONTID:0001831,4,CHEMONTID:0000323,CHEMONTID:0000000;CHEMONTID:0004603;CHEMONTID:0000323;CHEMONTID:0001831,Organic compounds;Organic oxygen compounds;Organooxygen compounds;Carbonyl compounds
15776,N-acyl amines,0.9,CHEMONTID:0001096,5,CHEMONTID:0000331,CHEMONTID:0000000;CHEMONTID:0000012;CHEMONTID:0003909;CHEMONTID:0000331;CHEMONTID:0001096,Organic compounds;Lipids and lipid-like molecules;Fatty Acyls;Fatty amides;N-acyl amines
16129,Carbonyl compounds,0.91,CHEMONTID:0001831,4,CHEMONTID:0000323,CHEMONTID:0000000;CHEMONTID:0004603;CHEMONTID:0000323;CHEMONTID:0001831,Organic compounds;Organic oxygen compounds;Organooxygen compounds;Carbonyl compounds
8066,Carbonyl compounds,0.99,CHEMONTID:0001831,4,CHEMONTID:0000323,CHEMONTID:0000000;CHEMONTID:0004603;CHEMONTID:0000323;CHEMONTID:0001831,Organic compounds;Organic oxygen compounds;Organooxygen compounds;Carbonyl compounds
3271,Carbonyl compounds,0.98,CHEMONTID:0001831,4,CHEMONTID:0000323,CHEMONTID:0000000;CHEMONTID:0004603;CHEMONTID:0000323;CHEMONTID:0001831,Organic compounds;Organic oxygen compounds;Organooxygen compounds;Carbonyl compounds
10006,Alkyl phosphates,0.95,CHEMONTID:0003457,5,CHEMONTID:0000408,CHEMONTID:0000000;CHEMONTID:0000264;CHEMONTID:0000402;CHEMONTID:0000408;CHEMONTID:0003457,Organic compounds;Organic acids and derivatives;Organic phosphoric acids and derivatives;Phosphate esters;Alkyl phosphates
4254,Carbonyl compounds,0.89,CHEMONTID:0001831,4,CHEMONTID:0000323,CHEMONTID:0000000;CHEMONTID:0004603;CHEMONTID:0000323;CHEMONTID:0001831,Organic compounds;Organic oxygen compounds;Organooxygen compounds;Carbonyl compounds
3064,Carbohydrates and carbohydrate conjugates,0.98,CHEMONTID:0000011,4,CHEMONTID:0000323,CHEMONTID:0000000;CHEMONTID:0004603;CHEMONTID:0000323;CHEMONTID:0000011,Organic compounds;Organic oxygen compounds;Organooxygen compounds;Carbohydrates and carbohydrate conjugates
9734,Alcohols and polyols,0.98,CHEMONTID:0000129,4,CHEMONTID:0000323,CHEMONTID:0000000;CHEMONTID:0004603;CHEMONTID:0000323;CHEMONTID:0000129,Organic compounds;Organic oxygen compounds;Organooxygen compounds;Alcohols and polyols
6773,Alcohols and polyols,0.92,CHEMONTID:0000129,4,CHEMONTID:0000323,CHEMONTID:0000000;CHEMONTID:0004603;CHEMONTID:0000323;CHEMONTID:0000129,Organic compounds;Organic oxygen compounds;Organooxygen compounds;Alcohols and polyols
2814,Carbonyl compounds,0.91,CHEMONTID:0001831,4,CHEMONTID:0000323,CHEMONTID:0000000;CHEMONTID:0004603;CHEMONTID:0000323;CHEMONTID:0001831,Organic compounds;Organic oxygen compounds;Organooxygen compounds;Carbonyl compounds
563,Primary amines,0.95,CHEMONTID:0002450,5,CHEMONTID:0002449,CHEMONTID:0000000;CHEMONTID:0004707;CHEMONTID:0000278;CHEMONTID:0002449;CHEMONTID:0002450,Organic compounds;Organic nitrogen compounds;Organonitrogen compounds;Amines;Primary amines
2745,Carbonyl compounds,0.81,CHEMONTID:0001831,4,CHEMONTID:0000323,CHEMONTID:0000000;CHEMONTID:0004603;CHEMONTID:0000323;CHEMONTID:0001831,Organic compounds;Organic oxygen compounds;Organooxygen compounds;Carbonyl compounds
5090,Monocarboxylic acids and derivatives,0.84,CHEMONTID:0001137,4,CHEMONTID:0000265,CHEMONTID:0000000;CHEMONTID:0000264;CHEMONTID:0000265;CHEMONTID:0001137,Organic compounds;Organic acids and derivatives;Carboxylic acids and derivatives;Monocarboxylic acids and derivatives
19010,Alcohols and polyols,0.93,CHEMONTID:0000129,4,CHEMONTID:0000323,CHEMONTID:0000000;CHEMONTID:0004603;CHEMONTID:0000323;CHEMONTID:0000129,Organic compounds;Organic oxygen compounds;Organooxygen compounds;Alcohols and polyols
8939,Fatty acid methyl esters,0.98,CHEMONTID:0003417,5,CHEMONTID:0000324,CHEMONTID:0000000;CHEMONTID:0000012;CHEMONTID:0003909;CHEMONTID:0000324;CHEMONTID:0003417,Organic compounds;Lipids and lipid-like molecules;Fatty Acyls;Fatty acid esters;Fatty acid methyl esters
7617,Substituted pyrroles,0.85,CHEMONTID:0002257,4,CHEMONTID:0000090,CHEMONTID:0000000;CHEMONTID:0000002;CHEMONTID:0000090;CHEMONTID:0002257,Organic compounds;Organoheterocyclic compounds;Pyrroles;Substituted pyrroles
10130,Tetrazoles,0.98,CHEMONTID:0000111,4,CHEMONTID:0000436,CHEMONTID:0000000;CHEMONTID:0000002;CHEMONTID:0000436;CHEMONTID:0000111,Organic compounds;Organoheterocyclic compounds;Azoles;Tetrazoles
542,Amines,0.99,CHEMONTID:0002449,4,CHEMONTID:0000278,CHEMONTID:0000000;CHEMONTID:0004707;CHEMONTID:0000278;CHEMONTID:0002449,Organic compounds;Organic nitrogen compounds;Organonitrogen compounds;Amines
13779,Carboxylic acid derivatives,0.97,CHEMONTID:0001093,4,CHEMONTID:0000265,CHEMONTID:0000000;CHEMONTID:0000264;CHEMONTID:0000265;CHEMONTID:0001093,Organic compounds;Organic acids and derivatives;Carboxylic acids and derivatives;Carboxylic acid derivatives
19677,Amines,1,CHEMONTID:0002449,4,CHEMONTID:0000278,CHEMONTID:0000000;CHEMONTID:0004707;CHEMONTID:0000278;CHEMONTID:0002449,Organic compounds;Organic nitrogen compounds;Organonitrogen compounds;Amines
18918,Carbonyl compounds,0.88,CHEMONTID:0001831,4,CHEMONTID:0000323,CHEMONTID:0000000;CHEMONTID:0004603;CHEMONTID:0000323;CHEMONTID:0001831,Organic compounds;Organic oxygen compounds;Organooxygen compounds;Carbonyl compounds
16262,Amines,0.99,CHEMONTID:0002449,4,CHEMONTID:0000278,CHEMONTID:0000000;CHEMONTID:0004707;CHEMONTID:0000278;CHEMONTID:0002449,Organic compounds;Organic nitrogen compounds;Organonitrogen compounds;Amines
6688,Substituted imidazoles,0.87,CHEMONTID:0002310,5,CHEMONTID:0000078,CHEMONTID:0000000;CHEMONTID:0000002;CHEMONTID:0000436;CHEMONTID:0000078;CHEMONTID:0002310,Organic compounds;Organoheterocyclic compounds;Azoles;Imidazoles;Substituted imidazoles
19743,Alkyl phosphates,1,CHEMONTID:0003457,5,CHEMONTID:0000408,CHEMONTID:0000000;CHEMONTID:0000264;CHEMONTID:0000402;CHEMONTID:0000408;CHEMONTID:0003457,Organic compounds;Organic acids and derivatives;Organic phosphoric acids and derivatives;Phosphate esters;Alkyl phosphates
20058,Amines,0.9,CHEMONTID:0002449,4,CHEMONTID:0000278,CHEMONTID:0000000;CHEMONTID:0004707;CHEMONTID:0000278;CHEMONTID:0002449,Organic compounds;Organic nitrogen compounds;Organonitrogen compounds;Amines
8728,Amines,0.88,CHEMONTID:0002449,4,CHEMONTID:0000278,CHEMONTID:0000000;CHEMONTID:0004707;CHEMONTID:0000278;CHEMONTID:0002449,Organic compounds;Organic nitrogen compounds;Organonitrogen compounds;Amines
3834,Carbonyl compounds,0.8,CHEMONTID:0001831,4,CHEMONTID:0000323,CHEMONTID:0000000;CHEMONTID:0004603;CHEMONTID:0000323;CHEMONTID:0001831,Organic compounds;Organic oxygen compounds;Organooxygen compounds;Carbonyl compounds
5582,Pyrimidines and pyrimidine derivatives,0.91,CHEMONTID:0000075,4,CHEMONTID:0001346,CHEMONTID:0000000;CHEMONTID:0000002;CHEMONTID:0001346;CHEMONTID:0000075,Organic compounds;Organoheterocyclic compounds;Diazines;Pyrimidines and pyrimidine derivatives
17508,Amines,0.98,CHEMONTID:0002449,4,CHEMONTID:0000278,CHEMONTID:0000000;CHEMONTID:0004707;CHEMONTID:0000278;CHEMONTID:0002449,Organic compounds;Organic nitrogen compounds;Organonitrogen compounds;Amines
19564,Carbonyl compounds,0.94,CHEMONTID:0001831,4,CHEMONTID:0000323,CHEMONTID:0000000;CHEMONTID:0004603;CHEMONTID:0000323;CHEMONTID:0001831,Organic compounds;Organic oxygen compounds;Organooxygen compounds;Carbonyl compounds
18873,Carbonyl compounds,0.96,CHEMONTID:0001831,4,CHEMONTID:0000323,CHEMONTID:0000000;CHEMONTID:0004603;CHEMONTID:0000323;CHEMONTID:0001831,Organic compounds;Organic oxygen compounds;Organooxygen compounds;Carbonyl compounds
4727,Carbonyl compounds,0.98,CHEMONTID:0001831,4,CHEMONTID:0000323,CHEMONTID:0000000;CHEMONTID:0004603;CHEMONTID:0000323;CHEMONTID:0001831,Organic compounds;Organic oxygen compounds;Organooxygen compounds;Carbonyl compounds
11243,Primary amines,0.92,CHEMONTID:0002450,5,CHEMONTID:0002449,CHEMONTID:0000000;CHEMONTID:0004707;CHEMONTID:0000278;CHEMONTID:0002449;CHEMONTID:0002450,Organic compounds;Organic nitrogen compounds;Organonitrogen compounds;Amines;Primary amines
5542,Carbonyl compounds,0.99,CHEMONTID:0001831,4,CHEMONTID:0000323,CHEMONTID:0000000;CHEMONTID:0004603;CHEMONTID:0000323;CHEMONTID:0001831,Organic compounds;Organic oxygen compounds;Organooxygen compounds;Carbonyl compounds
18427,Alcohols and polyols,0.99,CHEMONTID:0000129,4,CHEMONTID:0000323,CHEMONTID:0000000;CHEMONTID:0004603;CHEMONTID:0000323;CHEMONTID:0000129,Organic compounds;Organic oxygen compounds;Organooxygen compounds;Alcohols and polyols
4490,Carboxylic acid derivatives,1,CHEMONTID:0001093,4,CHEMONTID:0000265,CHEMONTID:0000000;CHEMONTID:0000264;CHEMONTID:0000265;CHEMONTID:0001093,Organic compounds;Organic acids and derivatives;Carboxylic acids and derivatives;Carboxylic acid derivatives
1825,Trialkylamines,0.86,CHEMONTID:0002239,6,CHEMONTID:0002452,CHEMONTID:0000000;CHEMONTID:0004707;CHEMONTID:0000278;CHEMONTID:0002449;CHEMONTID:0002452;CHEMONTID:0002239,Organic compounds;Organic nitrogen compounds;Organonitrogen compounds;Amines;Tertiary amines;Trialkylamines
9531,Secondary alcohols,0.93,CHEMONTID:0001661,5,CHEMONTID:0000129,CHEMONTID:0000000;CHEMONTID:0004603;CHEMONTID:0000323;CHEMONTID:0000129;CHEMONTID:0001661,Organic compounds;Organic oxygen compounds;Organooxygen compounds;Alcohols and polyols;Secondary alcohols
16106,Amines,0.96,CHEMONTID:0002449,4,CHEMONTID:0000278,CHEMONTID:0000000;CHEMONTID:0004707;CHEMONTID:0000278;CHEMONTID:0002449,Organic compounds;Organic nitrogen compounds;Organonitrogen compounds;Amines
14746,Amines,0.96,CHEMONTID:0002449,4,CHEMONTID:0000278,CHEMONTID:0000000;CHEMONTID:0004707;CHEMONTID:0000278;CHEMONTID:0002449,Organic compounds;Organic nitrogen compounds;Organonitrogen compounds;Amines
18934,Trialkylamines,0.9,CHEMONTID:0002239,6,CHEMONTID:0002452,CHEMONTID:0000000;CHEMONTID:0004707;CHEMONTID:0000278;CHEMONTID:0002449;CHEMONTID:0002452;CHEMONTID:0002239,Organic compounds;Organic nitrogen compounds;Organonitrogen compounds;Amines;Tertiary amines;Trialkylamines
12374,Alcohols and polyols,0.94,CHEMONTID:0000129,4,CHEMONTID:0000323,CHEMONTID:0000000;CHEMONTID:0004603;CHEMONTID:0000323;CHEMONTID:0000129,Organic compounds;Organic oxygen compounds;Organooxygen compounds;Alcohols and polyols
8250,Carbonyl compounds,0.99,CHEMONTID:0001831,4,CHEMONTID:0000323,CHEMONTID:0000000;CHEMONTID:0004603;CHEMONTID:0000323;CHEMONTID:0001831,Organic compounds;Organic oxygen compounds;Organooxygen compounds;Carbonyl compounds
6754,Alcohols and polyols,0.91,CHEMONTID:0000129,4,CHEMONTID:0000323,CHEMONTID:0000000;CHEMONTID:0004603;CHEMONTID:0000323;CHEMONTID:0000129,Organic compounds;Organic oxygen compounds;Organooxygen compounds;Alcohols and polyols
19488,Carboxylic acids,0.82,CHEMONTID:0001205,4,CHEMONTID:0000265,CHEMONTID:0000000;CHEMONTID:0000264;CHEMONTID:0000265;CHEMONTID:0001205,Organic compounds;Organic acids and derivatives;Carboxylic acids and derivatives;Carboxylic acids
11803,Guanidines,0.98,CHEMONTID:0000375,4,CHEMONTID:0000278,CHEMONTID:0000000;CHEMONTID:0004707;CHEMONTID:0000278;CHEMONTID:0000375,Organic compounds;Organic nitrogen compounds;Organonitrogen compounds;Guanidines
6032,Primary amines,0.99,CHEMONTID:0002450,5,CHEMONTID:0002449,CHEMONTID:0000000;CHEMONTID:0004707;CHEMONTID:0000278;CHEMONTID:0002449;CHEMONTID:0002450,Organic compounds;Organic nitrogen compounds;Organonitrogen compounds;Amines;Primary amines
7812,Carbonyl compounds,0.85,CHEMONTID:0001831,4,CHEMONTID:0000323,CHEMONTID:0000000;CHEMONTID:0004603;CHEMONTID:0000323;CHEMONTID:0001831,Organic compounds;Organic oxygen compounds;Organooxygen compounds;Carbonyl compounds
16769,Carboxylic acid derivatives,0.95,CHEMONTID:0001093,4,CHEMONTID:0000265,CHEMONTID:0000000;CHEMONTID:0000264;CHEMONTID:0000265;CHEMONTID:0001093,Organic compounds;Organic acids and derivatives;Carboxylic acids and derivatives;Carboxylic acid derivatives
15370,N-substituted imidazoles,0.99,CHEMONTID:0002311,6,CHEMONTID:0002310,CHEMONTID:0000000;CHEMONTID:0000002;CHEMONTID:0000436;CHEMONTID:0000078;CHEMONTID:0002310;CHEMONTID:0002311,Organic compounds;Organoheterocyclic compounds;Azoles;Imidazoles;Substituted imidazoles;N-substituted imidazoles
17558,Dialkyl ethers,0.98,CHEMONTID:0001167,5,CHEMONTID:0000254,CHEMONTID:0000000;CHEMONTID:0004603;CHEMONTID:0000323;CHEMONTID:0000254;CHEMONTID:0001167,Organic compounds;Organic oxygen compounds;Organooxygen compounds;Ethers;Dialkyl ethers
1236,Alcohols and polyols,0.98,CHEMONTID:0000129,4,CHEMONTID:0000323,CHEMONTID:0000000;CHEMONTID:0004603;CHEMONTID:0000323;CHEMONTID:0000129,Organic compounds;Organic oxygen compounds;Organooxygen compounds;Alcohols and polyols
13645,Carbonyl compounds,0.96,CHEMONTID:0001831,4,CHEMONTID:0000323,CHEMONTID:0000000;CHEMONTID:0004603;CHEMONTID:0000323;CHEMONTID:0001831,Organic compounds;Organic oxygen compounds;Organooxygen compounds;Carbonyl compounds
12420,Ethers,0.96,CHEMONTID:0000254,4,CHEMONTID:0000323,CHEMONTID:0000000;CHEMONTID:0004603;CHEMONTID:0000323;CHEMONTID:0000254,Organic compounds;Organic oxygen compounds;Organooxygen compounds;Ethers
3770,Monoalkylamines,0.97,CHEMONTID:0000469,6,CHEMONTID:0002450,CHEMONTID:0000000;CHEMONTID:0004707;CHEMONTID:0000278;CHEMONTID:0002449;CHEMONTID:0002450;CHEMONTID:0000469,Organic compounds;Organic nitrogen compounds;Organonitrogen compounds;Amines;Primary amines;Monoalkylamines
4828,Alcohols and polyols,0.94,CHEMONTID:0000129,4,CHEMONTID:0000323,CHEMONTID:0000000;CHEMONTID:0004603;CHEMONTID:0000323;CHEMONTID:0000129,Organic compounds;Organic oxygen compounds;Organooxygen compounds;Alcohols and polyols
20289,Carbonyl compounds,0.86,CHEMONTID:0001831,4,CHEMONTID:0000323,CHEMONTID:0000000;CHEMONTID:0004603;CHEMONTID:0000323;CHEMONTID:0001831,Organic compounds;Organic oxygen compounds;Organooxygen compounds;Carbonyl compounds
15119,Carboxylic acid derivatives,0.85,CHEMONTID:0001093,4,CHEMONTID:0000265,CHEMONTID:0000000;CHEMONTID:0000264;CHEMONTID:0000265;CHEMONTID:0001093,Organic compounds;Organic acids and derivatives;Carboxylic acids and derivatives;Carboxylic acid derivatives
15057,Carboxylic acid derivatives,0.98,CHEMONTID:0001093,4,CHEMONTID:0000265,CHEMONTID:0000000;CHEMONTID:0000264;CHEMONTID:0000265;CHEMONTID:0001093,Organic compounds;Organic acids and derivatives;Carboxylic acids and derivatives;Carboxylic acid derivatives
9524,Carbonyl compounds,0.87,CHEMONTID:0001831,4,CHEMONTID:0000323,CHEMONTID:0000000;CHEMONTID:0004603;CHEMONTID:0000323;CHEMONTID:0001831,Organic compounds;Organic oxygen compounds;Organooxygen compounds;Carbonyl compounds
1166,Alkanolamines,0.96,CHEMONTID:0002460,5,CHEMONTID:0002449,CHEMONTID:0000000;CHEMONTID:0004707;CHEMONTID:0000278;CHEMONTID:0002449;CHEMONTID:0002460,Organic compounds;Organic nitrogen compounds;Organonitrogen compounds;Amines;Alkanolamines
7427,Amines,1,CHEMONTID:0002449,4,CHEMONTID:0000278,CHEMONTID:0000000;CHEMONTID:0004707;CHEMONTID:0000278;CHEMONTID:0002449,Organic compounds;Organic nitrogen compounds;Organonitrogen compounds;Amines
8051,Carbonyl compounds,0.9,CHEMONTID:0001831,4,CHEMONTID:0000323,CHEMONTID:0000000;CHEMONTID:0004603;CHEMONTID:0000323;CHEMONTID:0001831,Organic compounds;Organic oxygen compounds;Organooxygen compounds;Carbonyl compounds
12652,Methyl esters,0.9,CHEMONTID:0003416,6,CHEMONTID:0001238,CHEMONTID:0000000;CHEMONTID:0000264;CHEMONTID:0000265;CHEMONTID:0001093;CHEMONTID:0001238;CHEMONTID:0003416,Organic compounds;Organic acids and derivatives;Carboxylic acids and derivatives;Carboxylic acid derivatives;Carboxylic acid esters;Methyl esters
8236,Carbonyl compounds,0.91,CHEMONTID:0001831,4,CHEMONTID:0000323,CHEMONTID:0000000;CHEMONTID:0004603;CHEMONTID:0000323;CHEMONTID:0001831,Organic compounds;Organic oxygen compounds;Organooxygen compounds;Carbonyl compounds
11306,Carbonyl compounds,0.89,CHEMONTID:0001831,4,CHEMONTID:0000323,CHEMONTID:0000000;CHEMONTID:0004603;CHEMONTID:0000323;CHEMONTID:0001831,Organic compounds;Organic oxygen compounds;Organooxygen compounds;Carbonyl compounds
19268,Alkyl phosphates,0.98,CHEMONTID:0003457,5,CHEMONTID:0000408,CHEMONTID:0000000;CHEMONTID:0000264;CHEMONTID:0000402;CHEMONTID:0000408;CHEMONTID:0003457,Organic compounds;Organic acids and derivatives;Organic phosphoric acids and derivatives;Phosphate esters;Alkyl phosphates
1924,Carbonyl compounds,0.95,CHEMONTID:0001831,4,CHEMONTID:0000323,CHEMONTID:0000000;CHEMONTID:0004603;CHEMONTID:0000323;CHEMONTID:0001831,Organic compounds;Organic oxygen compounds;Organooxygen compounds;Carbonyl compounds
12879,Amines,0.96,CHEMONTID:0002449,4,CHEMONTID:0000278,CHEMONTID:0000000;CHEMONTID:0004707;CHEMONTID:0000278;CHEMONTID:0002449,Organic compounds;Organic nitrogen compounds;Organonitrogen compounds;Amines
7436,Primary amines,1,CHEMONTID:0002450,5,CHEMONTID:0002449,CHEMONTID:0000000;CHEMONTID:0004707;CHEMONTID:0000278;CHEMONTID:0002449;CHEMONTID:0002450,Organic compounds;Organic nitrogen compounds;Organonitrogen compounds;Amines;Primary amines
16280,Amines,0.94,CHEMONTID:0002449,4,CHEMONTID:0000278,CHEMONTID:0000000;CHEMONTID:0004707;CHEMONTID:0000278;CHEMONTID:0002449,Organic compounds;Organic nitrogen compounds;Organonitrogen compounds;Amines
11847,Carbonyl compounds,1,CHEMONTID:0001831,4,CHEMONTID:0000323,CHEMONTID:0000000;CHEMONTID:0004603;CHEMONTID:0000323;CHEMONTID:0001831,Organic compounds;Organic oxygen compounds;Organooxygen compounds;Carbonyl compounds
17831,Primary amines,0.94,CHEMONTID:0002450,5,CHEMONTID:0002449,CHEMONTID:0000000;CHEMONTID:0004707;CHEMONTID:0000278;CHEMONTID:0002449;CHEMONTID:0002450,Organic compounds;Organic nitrogen compounds;Organonitrogen compounds;Amines;Primary amines
18206,Amines,0.97,CHEMONTID:0002449,4,CHEMONTID:0000278,CHEMONTID:0000000;CHEMONTID:0004707;CHEMONTID:0000278;CHEMONTID:0002449,Organic compounds;Organic nitrogen compounds;Organonitrogen compounds;Amines
10144,Amines,0.94,CHEMONTID:0002449,4,CHEMONTID:0000278,CHEMONTID:0000000;CHEMONTID:0004707;CHEMONTID:0000278;CHEMONTID:0002449,Organic compounds;Organic nitrogen compounds;Organonitrogen compounds;Amines
609,Monoalkylamines,0.88,CHEMONTID:0000469,6,CHEMONTID:0002450,CHEMONTID:0000000;CHEMONTID:0004707;CHEMONTID:0000278;CHEMONTID:0002449;CHEMONTID:0002450;CHEMONTID:0000469,Organic compounds;Organic nitrogen compounds;Organonitrogen compounds;Amines;Primary amines;Monoalkylamines
3763,Amines,1,CHEMONTID:0002449,4,CHEMONTID:0000278,CHEMONTID:0000000;CHEMONTID:0004707;CHEMONTID:0000278;CHEMONTID:0002449,Organic compounds;Organic nitrogen compounds;Organonitrogen compounds;Amines
18225,Alcohols and polyols,0.99,CHEMONTID:0000129,4,CHEMONTID:0000323,CHEMONTID:0000000;CHEMONTID:0004603;CHEMONTID:0000323;CHEMONTID:0000129,Organic compounds;Organic oxygen compounds;Organooxygen compounds;Alcohols and polyols
1935,"1,3,5-triazines",0.94,CHEMONTID:0004105,4,CHEMONTID:0000098,CHEMONTID:0000000;CHEMONTID:0000002;CHEMONTID:0000098;CHEMONTID:0004105,"Organic compounds;Organoheterocyclic compounds;Triazines;1,3,5-triazines"
15016,Alkanolamines,0.9,CHEMONTID:0002460,5,CHEMONTID:0002449,CHEMONTID:0000000;CHEMONTID:0004707;CHEMONTID:0000278;CHEMONTID:0002449;CHEMONTID:0002460,Organic compounds;Organic nitrogen compounds;Organonitrogen compounds;Amines;Alkanolamines
9366,Amines,0.98,CHEMONTID:0002449,4,CHEMONTID:0000278,CHEMONTID:0000000;CHEMONTID:0004707;CHEMONTID:0000278;CHEMONTID:0002449,Organic compounds;Organic nitrogen compounds;Organonitrogen compounds;Amines
3925,Carbonyl compounds,0.96,CHEMONTID:0001831,4,CHEMONTID:0000323,CHEMONTID:0000000;CHEMONTID:0004603;CHEMONTID:0000323;CHEMONTID:0001831,Organic compounds;Organic oxygen compounds;Organooxygen compounds;Carbonyl compounds
8241,Carbonyl compounds,0.98,CHEMONTID:0001831,4,CHEMONTID:0000323,CHEMONTID:0000000;CHEMONTID:0004603;CHEMONTID:0000323;CHEMONTID:0001831,Organic compounds;Organic oxygen compounds;Organooxygen compounds;Carbonyl compounds
20668,Carboxylic acid derivatives,0.93,CHEMONTID:0001093,4,CHEMONTID:0000265,CHEMONTID:0000000;CHEMONTID:0000264;CHEMONTID:0000265;CHEMONTID:0001093,Organic compounds;Organic acids and derivatives;Carboxylic acids and derivatives;Carboxylic acid derivatives
14407,Carboxylic acid derivatives,0.93,CHEMONTID:0001093,4,CHEMONTID:0000265,CHEMONTID:0000000;CHEMONTID:0000264;CHEMONTID:0000265;CHEMONTID:0001093,Organic compounds;Organic acids and derivatives;Carboxylic acids and derivatives;Carboxylic acid derivatives
14347,Guanidines,0.98,CHEMONTID:0000375,4,CHEMONTID:0000278,CHEMONTID:0000000;CHEMONTID:0004707;CHEMONTID:0000278;CHEMONTID:0000375,Organic compounds;Organic nitrogen compounds;Organonitrogen compounds;Guanidines
7121,Tertiary amines,0.98,CHEMONTID:0002452,5,CHEMONTID:0002449,CHEMONTID:0000000;CHEMONTID:0004707;CHEMONTID:0000278;CHEMONTID:0002449;CHEMONTID:0002452,Organic compounds;Organic nitrogen compounds;Organonitrogen compounds;Amines;Tertiary amines
6612,Monocarboxylic acids and derivatives,0.89,CHEMONTID:0001137,4,CHEMONTID:0000265,CHEMONTID:0000000;CHEMONTID:0000264;CHEMONTID:0000265;CHEMONTID:0001137,Organic compounds;Organic acids and derivatives;Carboxylic acids and derivatives;Monocarboxylic acids and derivatives
5988,Carbonyl compounds,0.98,CHEMONTID:0001831,4,CHEMONTID:0000323,CHEMONTID:0000000;CHEMONTID:0004603;CHEMONTID:0000323;CHEMONTID:0001831,Organic compounds;Organic oxygen compounds;Organooxygen compounds;Carbonyl compounds
19264,Monoalkylamines,0.95,CHEMONTID:0000469,6,CHEMONTID:0002450,CHEMONTID:0000000;CHEMONTID:0004707;CHEMONTID:0000278;CHEMONTID:0002449;CHEMONTID:0002450;CHEMONTID:0000469,Organic compounds;Organic nitrogen compounds;Organonitrogen compounds;Amines;Primary amines;Monoalkylamines
8225,Carbonyl compounds,0.97,CHEMONTID:0001831,4,CHEMONTID:0000323,CHEMONTID:0000000;CHEMONTID:0004603;CHEMONTID:0000323;CHEMONTID:0001831,Organic compounds;Organic oxygen compounds;Organooxygen compounds;Carbonyl compounds
7484,Monocarboxylic acids and derivatives,0.86,CHEMONTID:0001137,4,CHEMONTID:0000265,CHEMONTID:0000000;CHEMONTID:0000264;CHEMONTID:0000265;CHEMONTID:0001137,Organic compounds;Organic acids and derivatives;Carboxylic acids and derivatives;Monocarboxylic acids and derivatives
3851,Carbonyl compounds,0.95,CHEMONTID:0001831,4,CHEMONTID:0000323,CHEMONTID:0000000;CHEMONTID:0004603;CHEMONTID:0000323;CHEMONTID:0001831,Organic compounds;Organic oxygen compounds;Organooxygen compounds;Carbonyl compounds
4481,Carbonyl compounds,0.92,CHEMONTID:0001831,4,CHEMONTID:0000323,CHEMONTID:0000000;CHEMONTID:0004603;CHEMONTID:0000323;CHEMONTID:0001831,Organic compounds;Organic oxygen compounds;Organooxygen compounds;Carbonyl compounds
10016,Fatty acid methyl esters,0.88,CHEMONTID:0003417,5,CHEMONTID:0000324,CHEMONTID:0000000;CHEMONTID:0000012;CHEMONTID:0003909;CHEMONTID:0000324;CHEMONTID:0003417,Organic compounds;Lipids and lipid-like molecules;Fatty Acyls;Fatty acid esters;Fatty acid methyl esters
15533,Carbonyl compounds,0.84,CHEMONTID:0001831,4,CHEMONTID:0000323,CHEMONTID:0000000;CHEMONTID:0004603;CHEMONTID:0000323;CHEMONTID:0001831,Organic compounds;Organic oxygen compounds;Organooxygen compounds;Carbonyl compounds
10660,Carbonyl compounds,0.99,CHEMONTID:0001831,4,CHEMONTID:0000323,CHEMONTID:0000000;CHEMONTID:0004603;CHEMONTID:0000323;CHEMONTID:0001831,Organic compounds;Organic oxygen compounds;Organooxygen compounds;Carbonyl compounds
15601,Carboxylic acid derivatives,0.98,CHEMONTID:0001093,4,CHEMONTID:0000265,CHEMONTID:0000000;CHEMONTID:0000264;CHEMONTID:0000265;CHEMONTID:0001093,Organic compounds;Organic acids and derivatives;Carboxylic acids and derivatives;Carboxylic acid derivatives
2084,Carbonyl compounds,1,CHEMONTID:0001831,4,CHEMONTID:0000323,CHEMONTID:0000000;CHEMONTID:0004603;CHEMONTID:0000323;CHEMONTID:0001831,Organic compounds;Organic oxygen compounds;Organooxygen compounds;Carbonyl compounds
18920,Carbonyl compounds,0.9,CHEMONTID:0001831,4,CHEMONTID:0000323,CHEMONTID:0000000;CHEMONTID:0004603;CHEMONTID:0000323;CHEMONTID:0001831,Organic compounds;Organic oxygen compounds;Organooxygen compounds;Carbonyl compounds
6519,Carbonyl compounds,0.96,CHEMONTID:0001831,4,CHEMONTID:0000323,CHEMONTID:0000000;CHEMONTID:0004603;CHEMONTID:0000323;CHEMONTID:0001831,Organic compounds;Organic oxygen compounds;Organooxygen compounds;Carbonyl compounds
5060,Carbonyl compounds,0.92,CHEMONTID:0001831,4,CHEMONTID:0000323,CHEMONTID:0000000;CHEMONTID:0004603;CHEMONTID:0000323;CHEMONTID:0001831,Organic compounds;Organic oxygen compounds;Organooxygen compounds;Carbonyl compounds
18832,Monoalkylamines,0.99,CHEMONTID:0000469,6,CHEMONTID:0002450,CHEMONTID:0000000;CHEMONTID:0004707;CHEMONTID:0000278;CHEMONTID:0002449;CHEMONTID:0002450;CHEMONTID:0000469,Organic compounds;Organic nitrogen compounds;Organonitrogen compounds;Amines;Primary amines;Monoalkylamines
4939,Carboxylic acid derivatives,0.96,CHEMONTID:0001093,4,CHEMONTID:0000265,CHEMONTID:0000000;CHEMONTID:0000264;CHEMONTID:0000265;CHEMONTID:0001093,Organic compounds;Organic acids and derivatives;Carboxylic acids and derivatives;Carboxylic acid derivatives
20225,Carboxylic acids,0.82,CHEMONTID:0001205,4,CHEMONTID:0000265,CHEMONTID:0000000;CHEMONTID:0000264;CHEMONTID:0000265;CHEMONTID:0001205,Organic compounds;Organic acids and derivatives;Carboxylic acids and derivatives;Carboxylic acids
7274,Carbonyl compounds,0.91,CHEMONTID:0001831,4,CHEMONTID:0000323,CHEMONTID:0000000;CHEMONTID:0004603;CHEMONTID:0000323;CHEMONTID:0001831,Organic compounds;Organic oxygen compounds;Organooxygen compounds;Carbonyl compounds
11476,Monoalkylamines,1,CHEMONTID:0000469,6,CHEMONTID:0002450,CHEMONTID:0000000;CHEMONTID:0004707;CHEMONTID:0000278;CHEMONTID:0002449;CHEMONTID:0002450;CHEMONTID:0000469,Organic compounds;Organic nitrogen compounds;Organonitrogen compounds;Amines;Primary amines;Monoalkylamines
8365,Monoalkylamines,0.93,CHEMONTID:0000469,6,CHEMONTID:0002450,CHEMONTID:0000000;CHEMONTID:0004707;CHEMONTID:0000278;CHEMONTID:0002449;CHEMONTID:0002450;CHEMONTID:0000469,Organic compounds;Organic nitrogen compounds;Organonitrogen compounds;Amines;Primary amines;Monoalkylamines
15445,Phosphate esters,0.82,CHEMONTID:0000408,4,CHEMONTID:0000402,CHEMONTID:0000000;CHEMONTID:0000264;CHEMONTID:0000402;CHEMONTID:0000408,Organic compounds;Organic acids and derivatives;Organic phosphoric acids and derivatives;Phosphate esters
4676,Carbonyl compounds,0.84,CHEMONTID:0001831,4,CHEMONTID:0000323,CHEMONTID:0000000;CHEMONTID:0004603;CHEMONTID:0000323;CHEMONTID:0001831,Organic compounds;Organic oxygen compounds;Organooxygen compounds;Carbonyl compounds
19323,Carbonyl compounds,0.94,CHEMONTID:0001831,4,CHEMONTID:0000323,CHEMONTID:0000000;CHEMONTID:0004603;CHEMONTID:0000323;CHEMONTID:0001831,Organic compounds;Organic oxygen compounds;Organooxygen compounds;Carbonyl compounds
13055,Carbonyl compounds,0.86,CHEMONTID:0001831,4,CHEMONTID:0000323,CHEMONTID:0000000;CHEMONTID:0004603;CHEMONTID:0000323;CHEMONTID:0001831,Organic compounds;Organic oxygen compounds;Organooxygen compounds;Carbonyl compounds
11850,Carboxylic acid derivatives,0.99,CHEMONTID:0001093,4,CHEMONTID:0000265,CHEMONTID:0000000;CHEMONTID:0000264;CHEMONTID:0000265;CHEMONTID:0001093,Organic compounds;Organic acids and derivatives;Carboxylic acids and derivatives;Carboxylic acid derivatives
11724,Carboxylic acids,0.83,CHEMONTID:0001205,4,CHEMONTID:0000265,CHEMONTID:0000000;CHEMONTID:0000264;CHEMONTID:0000265;CHEMONTID:0001205,Organic compounds;Organic acids and derivatives;Carboxylic acids and derivatives;Carboxylic acids
7606,Alkyl phosphates,0.95,CHEMONTID:0003457,5,CHEMONTID:0000408,CHEMONTID:0000000;CHEMONTID:0000264;CHEMONTID:0000402;CHEMONTID:0000408;CHEMONTID:0003457,Organic compounds;Organic acids and derivatives;Organic phosphoric acids and derivatives;Phosphate esters;Alkyl phosphates
11259,Amines,0.88,CHEMONTID:0002449,4,CHEMONTID:0000278,CHEMONTID:0000000;CHEMONTID:0004707;CHEMONTID:0000278;CHEMONTID:0002449,Organic compounds;Organic nitrogen compounds;Organonitrogen compounds;Amines
4418,Phenoxy compounds,0.88,CHEMONTID:0004742,4,CHEMONTID:0002279,CHEMONTID:0000000;CHEMONTID:0002448;CHEMONTID:0002279;CHEMONTID:0004742,Organic compounds;Benzenoids;Benzene and substituted derivatives;Phenoxy compounds
10985,Carbonyl compounds,0.97,CHEMONTID:0001831,4,CHEMONTID:0000323,CHEMONTID:0000000;CHEMONTID:0004603;CHEMONTID:0000323;CHEMONTID:0001831,Organic compounds;Organic oxygen compounds;Organooxygen compounds;Carbonyl compounds
5666,Alcohols and polyols,0.98,CHEMONTID:0000129,4,CHEMONTID:0000323,CHEMONTID:0000000;CHEMONTID:0004603;CHEMONTID:0000323;CHEMONTID:0000129,Organic compounds;Organic oxygen compounds;Organooxygen compounds;Alcohols and polyols
8987,Amines,1,CHEMONTID:0002449,4,CHEMONTID:0000278,CHEMONTID:0000000;CHEMONTID:0004707;CHEMONTID:0000278;CHEMONTID:0002449,Organic compounds;Organic nitrogen compounds;Organonitrogen compounds;Amines
10084,Carboxylic acid derivatives,0.88,CHEMONTID:0001093,4,CHEMONTID:0000265,CHEMONTID:0000000;CHEMONTID:0000264;CHEMONTID:0000265;CHEMONTID:0001093,Organic compounds;Organic acids and derivatives;Carboxylic acids and derivatives;Carboxylic acid derivatives
24,Carbonyl compounds,0.8,CHEMONTID:0001831,4,CHEMONTID:0000323,CHEMONTID:0000000;CHEMONTID:0004603;CHEMONTID:0000323;CHEMONTID:0001831,Organic compounds;Organic oxygen compounds;Organooxygen compounds;Carbonyl compounds
13305,Carbonyl compounds,0.81,CHEMONTID:0001831,4,CHEMONTID:0000323,CHEMONTID:0000000;CHEMONTID:0004603;CHEMONTID:0000323;CHEMONTID:0001831,Organic compounds;Organic oxygen compounds;Organooxygen compounds;Carbonyl compounds
2594,Carbonyl compounds,0.92,CHEMONTID:0001831,4,CHEMONTID:0000323,CHEMONTID:0000000;CHEMONTID:0004603;CHEMONTID:0000323;CHEMONTID:0001831,Organic compounds;Organic oxygen compounds;Organooxygen compounds;Carbonyl compounds
4712,Carbonyl compounds,0.88,CHEMONTID:0001831,4,CHEMONTID:0000323,CHEMONTID:0000000;CHEMONTID:0004603;CHEMONTID:0000323;CHEMONTID:0001831,Organic compounds;Organic oxygen compounds;Organooxygen compounds;Carbonyl compounds
14230,Carbonyl compounds,0.82,CHEMONTID:0001831,4,CHEMONTID:0000323,CHEMONTID:0000000;CHEMONTID:0004603;CHEMONTID:0000323;CHEMONTID:0001831,Organic compounds;Organic oxygen compounds;Organooxygen compounds;Carbonyl compounds
15297,Alcohols and polyols,0.95,CHEMONTID:0000129,4,CHEMONTID:0000323,CHEMONTID:0000000;CHEMONTID:0004603;CHEMONTID:0000323;CHEMONTID:0000129,Organic compounds;Organic oxygen compounds;Organooxygen compounds;Alcohols and polyols
4835,Carbonyl compounds,0.93,CHEMONTID:0001831,4,CHEMONTID:0000323,CHEMONTID:0000000;CHEMONTID:0004603;CHEMONTID:0000323;CHEMONTID:0001831,Organic compounds;Organic oxygen compounds;Organooxygen compounds;Carbonyl compounds
5281,Carbohydrates and carbohydrate conjugates,1,CHEMONTID:0000011,4,CHEMONTID:0000323,CHEMONTID:0000000;CHEMONTID:0004603;CHEMONTID:0000323;CHEMONTID:0000011,Organic compounds;Organic oxygen compounds;Organooxygen compounds;Carbohydrates and carbohydrate conjugates
11791,Alcohols and polyols,0.88,CHEMONTID:0000129,4,CHEMONTID:0000323,CHEMONTID:0000000;CHEMONTID:0004603;CHEMONTID:0000323;CHEMONTID:0000129,Organic compounds;Organic oxygen compounds;Organooxygen compounds;Alcohols and polyols
13407,Primary amines,0.96,CHEMONTID:0002450,5,CHEMONTID:0002449,CHEMONTID:0000000;CHEMONTID:0004707;CHEMONTID:0000278;CHEMONTID:0002449;CHEMONTID:0002450,Organic compounds;Organic nitrogen compounds;Organonitrogen compounds;Amines;Primary amines
14143,Alcohols and polyols,0.84,CHEMONTID:0000129,4,CHEMONTID:0000323,CHEMONTID:0000000;CHEMONTID:0004603;CHEMONTID:0000323;CHEMONTID:0000129,Organic compounds;Organic oxygen compounds;Organooxygen compounds;Alcohols and polyols
3961,Alcohols and polyols,0.8,CHEMONTID:0000129,4,CHEMONTID:0000323,CHEMONTID:0000000;CHEMONTID:0004603;CHEMONTID:0000323;CHEMONTID:0000129,Organic compounds;Organic oxygen compounds;Organooxygen compounds;Alcohols and polyols
17618,Carboxylic acid derivatives,0.99,CHEMONTID:0001093,4,CHEMONTID:0000265,CHEMONTID:0000000;CHEMONTID:0000264;CHEMONTID:0000265;CHEMONTID:0001093,Organic compounds;Organic acids and derivatives;Carboxylic acids and derivatives;Carboxylic acid derivatives
19308,Alcohols and polyols,0.94,CHEMONTID:0000129,4,CHEMONTID:0000323,CHEMONTID:0000000;CHEMONTID:0004603;CHEMONTID:0000323;CHEMONTID:0000129,Organic compounds;Organic oxygen compounds;Organooxygen compounds;Alcohols and polyols
12094,Carbonyl compounds,0.98,CHEMONTID:0001831,4,CHEMONTID:0000323,CHEMONTID:0000000;CHEMONTID:0004603;CHEMONTID:0000323;CHEMONTID:0001831,Organic compounds;Organic oxygen compounds;Organooxygen compounds;Carbonyl compounds
2518,Carbonyl compounds,0.94,CHEMONTID:0001831,4,CHEMONTID:0000323,CHEMONTID:0000000;CHEMONTID:0004603;CHEMONTID:0000323;CHEMONTID:0001831,Organic compounds;Organic oxygen compounds;Organooxygen compounds;Carbonyl compounds
13153,Carbonyl compounds,0.96,CHEMONTID:0001831,4,CHEMONTID:0000323,CHEMONTID:0000000;CHEMONTID:0004603;CHEMONTID:0000323;CHEMONTID:0001831,Organic compounds;Organic oxygen compounds;Organooxygen compounds;Carbonyl compounds
18287,Monocarboxylic acids and derivatives,0.85,CHEMONTID:0001137,4,CHEMONTID:0000265,CHEMONTID:0000000;CHEMONTID:0000264;CHEMONTID:0000265;CHEMONTID:0001137,Organic compounds;Organic acids and derivatives;Carboxylic acids and derivatives;Monocarboxylic acids and derivatives
14020,Amines,0.93,CHEMONTID:0002449,4,CHEMONTID:0000278,CHEMONTID:0000000;CHEMONTID:0004707;CHEMONTID:0000278;CHEMONTID:0002449,Organic compounds;Organic nitrogen compounds;Organonitrogen compounds;Amines
15675,Primary amines,0.97,CHEMONTID:0002450,5,CHEMONTID:0002449,CHEMONTID:0000000;CHEMONTID:0004707;CHEMONTID:0000278;CHEMONTID:0002449;CHEMONTID:0002450,Organic compounds;Organic nitrogen compounds;Organonitrogen compounds;Amines;Primary amines
13595,Carbonyl compounds,0.98,CHEMONTID:0001831,4,CHEMONTID:0000323,CHEMONTID:0000000;CHEMONTID:0004603;CHEMONTID:0000323;CHEMONTID:0001831,Organic compounds;Organic oxygen compounds;Organooxygen compounds;Carbonyl compounds
11676,N-acyl amines,0.95,CHEMONTID:0001096,5,CHEMONTID:0000331,CHEMONTID:0000000;CHEMONTID:0000012;CHEMONTID:0003909;CHEMONTID:0000331;CHEMONTID:0001096,Organic compounds;Lipids and lipid-like molecules;Fatty Acyls;Fatty amides;N-acyl amines
4376,Carbonyl compounds,0.9,CHEMONTID:0001831,4,CHEMONTID:0000323,CHEMONTID:0000000;CHEMONTID:0004603;CHEMONTID:0000323;CHEMONTID:0001831,Organic compounds;Organic oxygen compounds;Organooxygen compounds;Carbonyl compounds
18164,Alcohols and polyols,1,CHEMONTID:0000129,4,CHEMONTID:0000323,CHEMONTID:0000000;CHEMONTID:0004603;CHEMONTID:0000323;CHEMONTID:0000129,Organic compounds;Organic oxygen compounds;Organooxygen compounds;Alcohols and polyols
4954,Carbonyl compounds,0.96,CHEMONTID:0001831,4,CHEMONTID:0000323,CHEMONTID:0000000;CHEMONTID:0004603;CHEMONTID:0000323;CHEMONTID:0001831,Organic compounds;Organic oxygen compounds;Organooxygen compounds;Carbonyl compounds
10882,Carbonyl compounds,0.97,CHEMONTID:0001831,4,CHEMONTID:0000323,CHEMONTID:0000000;CHEMONTID:0004603;CHEMONTID:0000323;CHEMONTID:0001831,Organic compounds;Organic oxygen compounds;Organooxygen compounds;Carbonyl compounds
2963,Phosphate esters,0.91,CHEMONTID:0000408,4,CHEMONTID:0000402,CHEMONTID:0000000;CHEMONTID:0000264;CHEMONTID:0000402;CHEMONTID:0000408,Organic compounds;Organic acids and derivatives;Organic phosphoric acids and derivatives;Phosphate esters
18290,Amines,0.97,CHEMONTID:0002449,4,CHEMONTID:0000278,CHEMONTID:0000000;CHEMONTID:0004707;CHEMONTID:0000278;CHEMONTID:0002449,Organic compounds;Organic nitrogen compounds;Organonitrogen compounds;Amines
1801,Amines,0.99,CHEMONTID:0002449,4,CHEMONTID:0000278,CHEMONTID:0000000;CHEMONTID:0004707;CHEMONTID:0000278;CHEMONTID:0002449,Organic compounds;Organic nitrogen compounds;Organonitrogen compounds;Amines
13354,Carboxylic acid derivatives,0.9,CHEMONTID:0001093,4,CHEMONTID:0000265,CHEMONTID:0000000;CHEMONTID:0000264;CHEMONTID:0000265;CHEMONTID:0001093,Organic compounds;Organic acids and derivatives;Carboxylic acids and derivatives;Carboxylic acid derivatives
1781,Alcohols and polyols,0.8,CHEMONTID:0000129,4,CHEMONTID:0000323,CHEMONTID:0000000;CHEMONTID:0004603;CHEMONTID:0000323;CHEMONTID:0000129,Organic compounds;Organic oxygen compounds;Organooxygen compounds;Alcohols and polyols
7160,Phosphate esters,0.92,CHEMONTID:0000408,4,CHEMONTID:0000402,CHEMONTID:0000000;CHEMONTID:0000264;CHEMONTID:0000402;CHEMONTID:0000408,Organic compounds;Organic acids and derivatives;Organic phosphoric acids and derivatives;Phosphate esters
1467,Carbonyl compounds,0.86,CHEMONTID:0001831,4,CHEMONTID:0000323,CHEMONTID:0000000;CHEMONTID:0004603;CHEMONTID:0000323;CHEMONTID:0001831,Organic compounds;Organic oxygen compounds;Organooxygen compounds;Carbonyl compounds
14600,Alcohols and polyols,0.89,CHEMONTID:0000129,4,CHEMONTID:0000323,CHEMONTID:0000000;CHEMONTID:0004603;CHEMONTID:0000323;CHEMONTID:0000129,Organic compounds;Organic oxygen compounds;Organooxygen compounds;Alcohols and polyols
693,Carbonyl compounds,0.97,CHEMONTID:0001831,4,CHEMONTID:0000323,CHEMONTID:0000000;CHEMONTID:0004603;CHEMONTID:0000323;CHEMONTID:0001831,Organic compounds;Organic oxygen compounds;Organooxygen compounds;Carbonyl compounds
12722,Ethers,0.95,CHEMONTID:0000254,4,CHEMONTID:0000323,CHEMONTID:0000000;CHEMONTID:0004603;CHEMONTID:0000323;CHEMONTID:0000254,Organic compounds;Organic oxygen compounds;Organooxygen compounds;Ethers
13543,Carboxylic acid derivatives,0.98,CHEMONTID:0001093,4,CHEMONTID:0000265,CHEMONTID:0000000;CHEMONTID:0000264;CHEMONTID:0000265;CHEMONTID:0001093,Organic compounds;Organic acids and derivatives;Carboxylic acids and derivatives;Carboxylic acid derivatives
3179,Carbonyl compounds,0.9,CHEMONTID:0001831,4,CHEMONTID:0000323,CHEMONTID:0000000;CHEMONTID:0004603;CHEMONTID:0000323;CHEMONTID:0001831,Organic compounds;Organic oxygen compounds;Organooxygen compounds;Carbonyl compounds
16984,Carboxylic acid derivatives,0.97,CHEMONTID:0001093,4,CHEMONTID:0000265,CHEMONTID:0000000;CHEMONTID:0000264;CHEMONTID:0000265;CHEMONTID:0001093,Organic compounds;Organic acids and derivatives;Carboxylic acids and derivatives;Carboxylic acid derivatives
8263,Monoalkylamines,0.95,CHEMONTID:0000469,6,CHEMONTID:0002450,CHEMONTID:0000000;CHEMONTID:0004707;CHEMONTID:0000278;CHEMONTID:0002449;CHEMONTID:0002450;CHEMONTID:0000469,Organic compounds;Organic nitrogen compounds;Organonitrogen compounds;Amines;Primary amines;Monoalkylamines
9849,Monocarboxylic acids and derivatives,0.85,CHEMONTID:0001137,4,CHEMONTID:0000265,CHEMONTID:0000000;CHEMONTID:0000264;CHEMONTID:0000265;CHEMONTID:0001137,Organic compounds;Organic acids and derivatives;Carboxylic acids and derivatives;Monocarboxylic acids and derivatives
11158,Alcohols and polyols,0.92,CHEMONTID:0000129,4,CHEMONTID:0000323,CHEMONTID:0000000;CHEMONTID:0004603;CHEMONTID:0000323;CHEMONTID:0000129,Organic compounds;Organic oxygen compounds;Organooxygen compounds;Alcohols and polyols
11962,Monocarboxylic acids and derivatives,0.84,CHEMONTID:0001137,4,CHEMONTID:0000265,CHEMONTID:0000000;CHEMONTID:0000264;CHEMONTID:0000265;CHEMONTID:0001137,Organic compounds;Organic acids and derivatives;Carboxylic acids and derivatives;Monocarboxylic acids and derivatives
20450,Carboxylic acid derivatives,0.99,CHEMONTID:0001093,4,CHEMONTID:0000265,CHEMONTID:0000000;CHEMONTID:0000264;CHEMONTID:0000265;CHEMONTID:0001093,Organic compounds;Organic acids and derivatives;Carboxylic acids and derivatives;Carboxylic acid derivatives
5268,Carboxylic acid derivatives,0.86,CHEMONTID:0001093,4,CHEMONTID:0000265,CHEMONTID:0000000;CHEMONTID:0000264;CHEMONTID:0000265;CHEMONTID:0001093,Organic compounds;Organic acids and derivatives;Carboxylic acids and derivatives;Carboxylic acid derivatives
15862,Amines,0.89,CHEMONTID:0002449,4,CHEMONTID:0000278,CHEMONTID:0000000;CHEMONTID:0004707;CHEMONTID:0000278;CHEMONTID:0002449,Organic compounds;Organic nitrogen compounds;Organonitrogen compounds;Amines
4538,Carbonyl compounds,0.93,CHEMONTID:0001831,4,CHEMONTID:0000323,CHEMONTID:0000000;CHEMONTID:0004603;CHEMONTID:0000323;CHEMONTID:0001831,Organic compounds;Organic oxygen compounds;Organooxygen compounds;Carbonyl compounds
17409,N-acyl-alpha amino acids and derivatives,1,CHEMONTID:0001189,7,CHEMONTID:0000060,CHEMONTID:0000000;CHEMONTID:0000264;CHEMONTID:0000265;CHEMONTID:0000013;CHEMONTID:0000347;CHEMONTID:0000060;CHEMONTID:0001189,"Organic compounds;Organic acids and derivatives;Carboxylic acids and derivatives;Amino acids, peptides, and analogues;Amino acids and derivatives;Alpha amino acids and derivatives;N-acyl-alpha amino acids and derivatives"
10179,Carbonyl compounds,0.89,CHEMONTID:0001831,4,CHEMONTID:0000323,CHEMONTID:0000000;CHEMONTID:0004603;CHEMONTID:0000323;CHEMONTID:0001831,Organic compounds;Organic oxygen compounds;Organooxygen compounds;Carbonyl compounds
18002,Carboxylic acid derivatives,0.9,CHEMONTID:0001093,4,CHEMONTID:0000265,CHEMONTID:0000000;CHEMONTID:0000264;CHEMONTID:0000265;CHEMONTID:0001093,Organic compounds;Organic acids and derivatives;Carboxylic acids and derivatives;Carboxylic acid derivatives
4199,Carbonyl compounds,0.88,CHEMONTID:0001831,4,CHEMONTID:0000323,CHEMONTID:0000000;CHEMONTID:0004603;CHEMONTID:0000323;CHEMONTID:0001831,Organic compounds;Organic oxygen compounds;Organooxygen compounds;Carbonyl compounds
1552,Alcohols and polyols,0.84,CHEMONTID:0000129,4,CHEMONTID:0000323,CHEMONTID:0000000;CHEMONTID:0004603;CHEMONTID:0000323;CHEMONTID:0000129,Organic compounds;Organic oxygen compounds;Organooxygen compounds;Alcohols and polyols
14583,Guanidines,0.91,CHEMONTID:0000375,4,CHEMONTID:0000278,CHEMONTID:0000000;CHEMONTID:0004707;CHEMONTID:0000278;CHEMONTID:0000375,Organic compounds;Organic nitrogen compounds;Organonitrogen compounds;Guanidines
5279,Secondary alcohols,0.99,CHEMONTID:0001661,5,CHEMONTID:0000129,CHEMONTID:0000000;CHEMONTID:0004603;CHEMONTID:0000323;CHEMONTID:0000129;CHEMONTID:0001661,Organic compounds;Organic oxygen compounds;Organooxygen compounds;Alcohols and polyols;Secondary alcohols
11546,Primary amines,0.93,CHEMONTID:0002450,5,CHEMONTID:0002449,CHEMONTID:0000000;CHEMONTID:0004707;CHEMONTID:0000278;CHEMONTID:0002449;CHEMONTID:0002450,Organic compounds;Organic nitrogen compounds;Organonitrogen compounds;Amines;Primary amines
12687,Carboxylic acid derivatives,0.87,CHEMONTID:0001093,4,CHEMONTID:0000265,CHEMONTID:0000000;CHEMONTID:0000264;CHEMONTID:0000265;CHEMONTID:0001093,Organic compounds;Organic acids and derivatives;Carboxylic acids and derivatives;Carboxylic acid derivatives
1258,Carbonyl compounds,0.86,CHEMONTID:0001831,4,CHEMONTID:0000323,CHEMONTID:0000000;CHEMONTID:0004603;CHEMONTID:0000323;CHEMONTID:0001831,Organic compounds;Organic oxygen compounds;Organooxygen compounds;Carbonyl compounds
8724,Amines,0.91,CHEMONTID:0002449,4,CHEMONTID:0000278,CHEMONTID:0000000;CHEMONTID:0004707;CHEMONTID:0000278;CHEMONTID:0002449,Organic compounds;Organic nitrogen compounds;Organonitrogen compounds;Amines
20019,Amines,1,CHEMONTID:0002449,4,CHEMONTID:0000278,CHEMONTID:0000000;CHEMONTID:0004707;CHEMONTID:0000278;CHEMONTID:0002449,Organic compounds;Organic nitrogen compounds;Organonitrogen compounds;Amines
20468,Phosphate esters,0.99,CHEMONTID:0000408,4,CHEMONTID:0000402,CHEMONTID:0000000;CHEMONTID:0000264;CHEMONTID:0000402;CHEMONTID:0000408,Organic compounds;Organic acids and derivatives;Organic phosphoric acids and derivatives;Phosphate esters
6063,Alkyl phosphates,0.99,CHEMONTID:0003457,5,CHEMONTID:0000408,CHEMONTID:0000000;CHEMONTID:0000264;CHEMONTID:0000402;CHEMONTID:0000408;CHEMONTID:0003457,Organic compounds;Organic acids and derivatives;Organic phosphoric acids and derivatives;Phosphate esters;Alkyl phosphates
10916,Amines,0.86,CHEMONTID:0002449,4,CHEMONTID:0000278,CHEMONTID:0000000;CHEMONTID:0004707;CHEMONTID:0000278;CHEMONTID:0002449,Organic compounds;Organic nitrogen compounds;Organonitrogen compounds;Amines
7471,Phosphate esters,1,CHEMONTID:0000408,4,CHEMONTID:0000402,CHEMONTID:0000000;CHEMONTID:0000264;CHEMONTID:0000402;CHEMONTID:0000408,Organic compounds;Organic acids and derivatives;Organic phosphoric acids and derivatives;Phosphate esters
15878,Amines,0.91,CHEMONTID:0002449,4,CHEMONTID:0000278,CHEMONTID:0000000;CHEMONTID:0004707;CHEMONTID:0000278;CHEMONTID:0002449,Organic compounds;Organic nitrogen compounds;Organonitrogen compounds;Amines
16478,Amines,0.91,CHEMONTID:0002449,4,CHEMONTID:0000278,CHEMONTID:0000000;CHEMONTID:0004707;CHEMONTID:0000278;CHEMONTID:0002449,Organic compounds;Organic nitrogen compounds;Organonitrogen compounds;Amines
2146,Carbonyl compounds,0.81,CHEMONTID:0001831,4,CHEMONTID:0000323,CHEMONTID:0000000;CHEMONTID:0004603;CHEMONTID:0000323;CHEMONTID:0001831,Organic compounds;Organic oxygen compounds;Organooxygen compounds;Carbonyl compounds
12755,Monocarboxylic acids and derivatives,0.8,CHEMONTID:0001137,4,CHEMONTID:0000265,CHEMONTID:0000000;CHEMONTID:0000264;CHEMONTID:0000265;CHEMONTID:0001137,Organic compounds;Organic acids and derivatives;Carboxylic acids and derivatives;Monocarboxylic acids and derivatives
7032,Monoalkylamines,1,CHEMONTID:0000469,6,CHEMONTID:0002450,CHEMONTID:0000000;CHEMONTID:0004707;CHEMONTID:0000278;CHEMONTID:0002449;CHEMONTID:0002450;CHEMONTID:0000469,Organic compounds;Organic nitrogen compounds;Organonitrogen compounds;Amines;Primary amines;Monoalkylamines
2211,Amines,0.96,CHEMONTID:0002449,4,CHEMONTID:0000278,CHEMONTID:0000000;CHEMONTID:0004707;CHEMONTID:0000278;CHEMONTID:0002449,Organic compounds;Organic nitrogen compounds;Organonitrogen compounds;Amines
4636,Carbonyl compounds,0.96,CHEMONTID:0001831,4,CHEMONTID:0000323,CHEMONTID:0000000;CHEMONTID:0004603;CHEMONTID:0000323;CHEMONTID:0001831,Organic compounds;Organic oxygen compounds;Organooxygen compounds;Carbonyl compounds
13816,Primary amines,1,CHEMONTID:0002450,5,CHEMONTID:0002449,CHEMONTID:0000000;CHEMONTID:0004707;CHEMONTID:0000278;CHEMONTID:0002449;CHEMONTID:0002450,Organic compounds;Organic nitrogen compounds;Organonitrogen compounds;Amines;Primary amines
13528,N-acyl-alpha amino acids,1,CHEMONTID:0002402,8,CHEMONTID:0001189,CHEMONTID:0000000;CHEMONTID:0000264;CHEMONTID:0000265;CHEMONTID:0000013;CHEMONTID:0000347;CHEMONTID:0000060;CHEMONTID:0001189;CHEMONTID:0002402,"Organic compounds;Organic acids and derivatives;Carboxylic acids and derivatives;Amino acids, peptides, and analogues;Amino acids and derivatives;Alpha amino acids and derivatives;N-acyl-alpha amino acids and derivatives;N-acyl-alpha amino acids"
190,Morpholines,0.97,CHEMONTID:0000392,4,CHEMONTID:0000107,CHEMONTID:0000000;CHEMONTID:0000002;CHEMONTID:0000107;CHEMONTID:0000392,Organic compounds;Organoheterocyclic compounds;Oxazinanes;Morpholines
2972,Carbonyl compounds,0.93,CHEMONTID:0001831,4,CHEMONTID:0000323,CHEMONTID:0000000;CHEMONTID:0004603;CHEMONTID:0000323;CHEMONTID:0001831,Organic compounds;Organic oxygen compounds;Organooxygen compounds;Carbonyl compounds
18248,Aminopyrimidines and derivatives,0.9,CHEMONTID:0001262,5,CHEMONTID:0000075,CHEMONTID:0000000;CHEMONTID:0000002;CHEMONTID:0001346;CHEMONTID:0000075;CHEMONTID:0001262,Organic compounds;Organoheterocyclic compounds;Diazines;Pyrimidines and pyrimidine derivatives;Aminopyrimidines and derivatives
11662,Monoalkylamines,1,CHEMONTID:0000469,6,CHEMONTID:0002450,CHEMONTID:0000000;CHEMONTID:0004707;CHEMONTID:0000278;CHEMONTID:0002449;CHEMONTID:0002450;CHEMONTID:0000469,Organic compounds;Organic nitrogen compounds;Organonitrogen compounds;Amines;Primary amines;Monoalkylamines
15634,Carbonyl compounds,0.91,CHEMONTID:0001831,4,CHEMONTID:0000323,CHEMONTID:0000000;CHEMONTID:0004603;CHEMONTID:0000323;CHEMONTID:0001831,Organic compounds;Organic oxygen compounds;Organooxygen compounds;Carbonyl compounds
12250,Carbonyl compounds,0.98,CHEMONTID:0001831,4,CHEMONTID:0000323,CHEMONTID:0000000;CHEMONTID:0004603;CHEMONTID:0000323;CHEMONTID:0001831,Organic compounds;Organic oxygen compounds;Organooxygen compounds;Carbonyl compounds
14157,Alcohols and polyols,0.97,CHEMONTID:0000129,4,CHEMONTID:0000323,CHEMONTID:0000000;CHEMONTID:0004603;CHEMONTID:0000323;CHEMONTID:0000129,Organic compounds;Organic oxygen compounds;Organooxygen compounds;Alcohols and polyols
1907,Carboxylic acid derivatives,0.89,CHEMONTID:0001093,4,CHEMONTID:0000265,CHEMONTID:0000000;CHEMONTID:0000264;CHEMONTID:0000265;CHEMONTID:0001093,Organic compounds;Organic acids and derivatives;Carboxylic acids and derivatives;Carboxylic acid derivatives
18035,Alcohols and polyols,0.94,CHEMONTID:0000129,4,CHEMONTID:0000323,CHEMONTID:0000000;CHEMONTID:0004603;CHEMONTID:0000323;CHEMONTID:0000129,Organic compounds;Organic oxygen compounds;Organooxygen compounds;Alcohols and polyols
4824,"Amino acids, peptides, and analogues",0.95,CHEMONTID:0000013,4,CHEMONTID:0000265,CHEMONTID:0000000;CHEMONTID:0000264;CHEMONTID:0000265;CHEMONTID:0000013,"Organic compounds;Organic acids and derivatives;Carboxylic acids and derivatives;Amino acids, peptides, and analogues"
8954,Carbonyl compounds,0.96,CHEMONTID:0001831,4,CHEMONTID:0000323,CHEMONTID:0000000;CHEMONTID:0004603;CHEMONTID:0000323;CHEMONTID:0001831,Organic compounds;Organic oxygen compounds;Organooxygen compounds;Carbonyl compounds
4413,Carbonyl compounds,0.98,CHEMONTID:0001831,4,CHEMONTID:0000323,CHEMONTID:0000000;CHEMONTID:0004603;CHEMONTID:0000323;CHEMONTID:0001831,Organic compounds;Organic oxygen compounds;Organooxygen compounds;Carbonyl compounds
9660,Alcohols and polyols,0.99,CHEMONTID:0000129,4,CHEMONTID:0000323,CHEMONTID:0000000;CHEMONTID:0004603;CHEMONTID:0000323;CHEMONTID:0000129,Organic compounds;Organic oxygen compounds;Organooxygen compounds;Alcohols and polyols
14102,Quaternary ammonium salts,0.91,CHEMONTID:0000503,4,CHEMONTID:0000278,CHEMONTID:0000000;CHEMONTID:0004707;CHEMONTID:0000278;CHEMONTID:0000503,Organic compounds;Organic nitrogen compounds;Organonitrogen compounds;Quaternary ammonium salts
7728,Carbonyl compounds,0.87,CHEMONTID:0001831,4,CHEMONTID:0000323,CHEMONTID:0000000;CHEMONTID:0004603;CHEMONTID:0000323;CHEMONTID:0001831,Organic compounds;Organic oxygen compounds;Organooxygen compounds;Carbonyl compounds
2928,Carbonyl compounds,0.87,CHEMONTID:0001831,4,CHEMONTID:0000323,CHEMONTID:0000000;CHEMONTID:0004603;CHEMONTID:0000323;CHEMONTID:0001831,Organic compounds;Organic oxygen compounds;Organooxygen compounds;Carbonyl compounds
1201,Amines,0.99,CHEMONTID:0002449,4,CHEMONTID:0000278,CHEMONTID:0000000;CHEMONTID:0004707;CHEMONTID:0000278;CHEMONTID:0002449,Organic compounds;Organic nitrogen compounds;Organonitrogen compounds;Amines
6076,Carbonyl compounds,0.98,CHEMONTID:0001831,4,CHEMONTID:0000323,CHEMONTID:0000000;CHEMONTID:0004603;CHEMONTID:0000323;CHEMONTID:0001831,Organic compounds;Organic oxygen compounds;Organooxygen compounds;Carbonyl compounds
14397,Alpha amino acids and derivatives,0.99,CHEMONTID:0000060,6,CHEMONTID:0000347,CHEMONTID:0000000;CHEMONTID:0000264;CHEMONTID:0000265;CHEMONTID:0000013;CHEMONTID:0000347;CHEMONTID:0000060,"Organic compounds;Organic acids and derivatives;Carboxylic acids and derivatives;Amino acids, peptides, and analogues;Amino acids and derivatives;Alpha amino acids and derivatives"
882,Carbonyl compounds,0.97,CHEMONTID:0001831,4,CHEMONTID:0000323,CHEMONTID:0000000;CHEMONTID:0004603;CHEMONTID:0000323;CHEMONTID:0001831,Organic compounds;Organic oxygen compounds;Organooxygen compounds;Carbonyl compounds
15147,Fatty acids and conjugates,0.81,CHEMONTID:0000262,4,CHEMONTID:0003909,CHEMONTID:0000000;CHEMONTID:0000012;CHEMONTID:0003909;CHEMONTID:0000262,Organic compounds;Lipids and lipid-like molecules;Fatty Acyls;Fatty acids and conjugates
5769,Dialkyl ethers,0.99,CHEMONTID:0001167,5,CHEMONTID:0000254,CHEMONTID:0000000;CHEMONTID:0004603;CHEMONTID:0000323;CHEMONTID:0000254;CHEMONTID:0001167,Organic compounds;Organic oxygen compounds;Organooxygen compounds;Ethers;Dialkyl ethers
17261,Carboxylic acid derivatives,1,CHEMONTID:0001093,4,CHEMONTID:0000265,CHEMONTID:0000000;CHEMONTID:0000264;CHEMONTID:0000265;CHEMONTID:0001093,Organic compounds;Organic acids and derivatives;Carboxylic acids and derivatives;Carboxylic acid derivatives
11985,Carbonyl compounds,0.95,CHEMONTID:0001831,4,CHEMONTID:0000323,CHEMONTID:0000000;CHEMONTID:0004603;CHEMONTID:0000323;CHEMONTID:0001831,Organic compounds;Organic oxygen compounds;Organooxygen compounds;Carbonyl compounds
4746,Carboxylic acid derivatives,0.91,CHEMONTID:0001093,4,CHEMONTID:0000265,CHEMONTID:0000000;CHEMONTID:0000264;CHEMONTID:0000265;CHEMONTID:0001093,Organic compounds;Organic acids and derivatives;Carboxylic acids and derivatives;Carboxylic acid derivatives
14030,Monoalkylamines,0.99,CHEMONTID:0000469,6,CHEMONTID:0002450,CHEMONTID:0000000;CHEMONTID:0004707;CHEMONTID:0000278;CHEMONTID:0002449;CHEMONTID:0002450;CHEMONTID:0000469,Organic compounds;Organic nitrogen compounds;Organonitrogen compounds;Amines;Primary amines;Monoalkylamines
5132,Carbonyl compounds,0.81,CHEMONTID:0001831,4,CHEMONTID:0000323,CHEMONTID:0000000;CHEMONTID:0004603;CHEMONTID:0000323;CHEMONTID:0001831,Organic compounds;Organic oxygen compounds;Organooxygen compounds;Carbonyl compounds
316,Amines,0.96,CHEMONTID:0002449,4,CHEMONTID:0000278,CHEMONTID:0000000;CHEMONTID:0004707;CHEMONTID:0000278;CHEMONTID:0002449,Organic compounds;Organic nitrogen compounds;Organonitrogen compounds;Amines
18197,Alcohols and polyols,1,CHEMONTID:0000129,4,CHEMONTID:0000323,CHEMONTID:0000000;CHEMONTID:0004603;CHEMONTID:0000323;CHEMONTID:0000129,Organic compounds;Organic oxygen compounds;Organooxygen compounds;Alcohols and polyols
9465,Carbonyl compounds,0.84,CHEMONTID:0001831,4,CHEMONTID:0000323,CHEMONTID:0000000;CHEMONTID:0004603;CHEMONTID:0000323;CHEMONTID:0001831,Organic compounds;Organic oxygen compounds;Organooxygen compounds;Carbonyl compounds
10123,Phosphate esters,0.98,CHEMONTID:0000408,4,CHEMONTID:0000402,CHEMONTID:0000000;CHEMONTID:0000264;CHEMONTID:0000402;CHEMONTID:0000408,Organic compounds;Organic acids and derivatives;Organic phosphoric acids and derivatives;Phosphate esters
4557,Carboxylic acid derivatives,0.92,CHEMONTID:0001093,4,CHEMONTID:0000265,CHEMONTID:0000000;CHEMONTID:0000264;CHEMONTID:0000265;CHEMONTID:0001093,Organic compounds;Organic acids and derivatives;Carboxylic acids and derivatives;Carboxylic acid derivatives
14812,Carbonyl compounds,0.87,CHEMONTID:0001831,4,CHEMONTID:0000323,CHEMONTID:0000000;CHEMONTID:0004603;CHEMONTID:0000323;CHEMONTID:0001831,Organic compounds;Organic oxygen compounds;Organooxygen compounds;Carbonyl compounds
18254,Carbonyl compounds,0.85,CHEMONTID:0001831,4,CHEMONTID:0000323,CHEMONTID:0000000;CHEMONTID:0004603;CHEMONTID:0000323;CHEMONTID:0001831,Organic compounds;Organic oxygen compounds;Organooxygen compounds;Carbonyl compounds
12400,Aminoimidazoles,0.97,CHEMONTID:0001225,6,CHEMONTID:0002310,CHEMONTID:0000000;CHEMONTID:0000002;CHEMONTID:0000436;CHEMONTID:0000078;CHEMONTID:0002310;CHEMONTID:0001225,Organic compounds;Organoheterocyclic compounds;Azoles;Imidazoles;Substituted imidazoles;Aminoimidazoles
16156,Carboxylic acid derivatives,0.99,CHEMONTID:0001093,4,CHEMONTID:0000265,CHEMONTID:0000000;CHEMONTID:0000264;CHEMONTID:0000265;CHEMONTID:0001093,Organic compounds;Organic acids and derivatives;Carboxylic acids and derivatives;Carboxylic acid derivatives
16703,Ethers,0.9,CHEMONTID:0000254,4,CHEMONTID:0000323,CHEMONTID:0000000;CHEMONTID:0004603;CHEMONTID:0000323;CHEMONTID:0000254,Organic compounds;Organic oxygen compounds;Organooxygen compounds;Ethers
13701,Primary amines,1,CHEMONTID:0002450,5,CHEMONTID:0002449,CHEMONTID:0000000;CHEMONTID:0004707;CHEMONTID:0000278;CHEMONTID:0002449;CHEMONTID:0002450,Organic compounds;Organic nitrogen compounds;Organonitrogen compounds;Amines;Primary amines
7228,Carbonyl compounds,0.96,CHEMONTID:0001831,4,CHEMONTID:0000323,CHEMONTID:0000000;CHEMONTID:0004603;CHEMONTID:0000323;CHEMONTID:0001831,Organic compounds;Organic oxygen compounds;Organooxygen compounds;Carbonyl compounds
2850,Primary amines,0.95,CHEMONTID:0002450,5,CHEMONTID:0002449,CHEMONTID:0000000;CHEMONTID:0004707;CHEMONTID:0000278;CHEMONTID:0002449;CHEMONTID:0002450,Organic compounds;Organic nitrogen compounds;Organonitrogen compounds;Amines;Primary amines
2701,Carbonyl compounds,0.97,CHEMONTID:0001831,4,CHEMONTID:0000323,CHEMONTID:0000000;CHEMONTID:0004603;CHEMONTID:0000323;CHEMONTID:0001831,Organic compounds;Organic oxygen compounds;Organooxygen compounds;Carbonyl compounds
2687,Carbonyl compounds,0.84,CHEMONTID:0001831,4,CHEMONTID:0000323,CHEMONTID:0000000;CHEMONTID:0004603;CHEMONTID:0000323;CHEMONTID:0001831,Organic compounds;Organic oxygen compounds;Organooxygen compounds;Carbonyl compounds
13034,Carbohydrates and carbohydrate conjugates,1,CHEMONTID:0000011,4,CHEMONTID:0000323,CHEMONTID:0000000;CHEMONTID:0004603;CHEMONTID:0000323;CHEMONTID:0000011,Organic compounds;Organic oxygen compounds;Organooxygen compounds;Carbohydrates and carbohydrate conjugates
20377,Carboxylic acid derivatives,0.99,CHEMONTID:0001093,4,CHEMONTID:0000265,CHEMONTID:0000000;CHEMONTID:0000264;CHEMONTID:0000265;CHEMONTID:0001093,Organic compounds;Organic acids and derivatives;Carboxylic acids and derivatives;Carboxylic acid derivatives
18012,Carboxylic acid derivatives,0.9,CHEMONTID:0001093,4,CHEMONTID:0000265,CHEMONTID:0000000;CHEMONTID:0000264;CHEMONTID:0000265;CHEMONTID:0001093,Organic compounds;Organic acids and derivatives;Carboxylic acids and derivatives;Carboxylic acid derivatives
8693,Cyclic olefins,0.99,CHEMONTID:0002840,5,CHEMONTID:0002838,CHEMONTID:0000000;CHEMONTID:0002837;CHEMONTID:0004475;CHEMONTID:0002838;CHEMONTID:0002840,Organic compounds;Hydrocarbons;Unsaturated hydrocarbons;Olefins;Cyclic olefins
15872,Amines,0.98,CHEMONTID:0002449,4,CHEMONTID:0000278,CHEMONTID:0000000;CHEMONTID:0004707;CHEMONTID:0000278;CHEMONTID:0002449,Organic compounds;Organic nitrogen compounds;Organonitrogen compounds;Amines
8844,Carbonyl compounds,0.98,CHEMONTID:0001831,4,CHEMONTID:0000323,CHEMONTID:0000000;CHEMONTID:0004603;CHEMONTID:0000323;CHEMONTID:0001831,Organic compounds;Organic oxygen compounds;Organooxygen compounds;Carbonyl compounds
10116,Carbonyl compounds,0.82,CHEMONTID:0001831,4,CHEMONTID:0000323,CHEMONTID:0000000;CHEMONTID:0004603;CHEMONTID:0000323;CHEMONTID:0001831,Organic compounds;Organic oxygen compounds;Organooxygen compounds;Carbonyl compounds
2227,Trialkylamines,0.91,CHEMONTID:0002239,6,CHEMONTID:0002452,CHEMONTID:0000000;CHEMONTID:0004707;CHEMONTID:0000278;CHEMONTID:0002449;CHEMONTID:0002452;CHEMONTID:0002239,Organic compounds;Organic nitrogen compounds;Organonitrogen compounds;Amines;Tertiary amines;Trialkylamines
9404,Primary amines,0.96,CHEMONTID:0002450,5,CHEMONTID:0002449,CHEMONTID:0000000;CHEMONTID:0004707;CHEMONTID:0000278;CHEMONTID:0002449;CHEMONTID:0002450,Organic compounds;Organic nitrogen compounds;Organonitrogen compounds;Amines;Primary amines
13217,Amines,0.87,CHEMONTID:0002449,4,CHEMONTID:0000278,CHEMONTID:0000000;CHEMONTID:0004707;CHEMONTID:0000278;CHEMONTID:0002449,Organic compounds;Organic nitrogen compounds;Organonitrogen compounds;Amines
13717,Carbonyl compounds,0.99,CHEMONTID:0001831,4,CHEMONTID:0000323,CHEMONTID:0000000;CHEMONTID:0004603;CHEMONTID:0000323;CHEMONTID:0001831,Organic compounds;Organic oxygen compounds;Organooxygen compounds;Carbonyl compounds
5699,Carbonyl compounds,0.92,CHEMONTID:0001831,4,CHEMONTID:0000323,CHEMONTID:0000000;CHEMONTID:0004603;CHEMONTID:0000323;CHEMONTID:0001831,Organic compounds;Organic oxygen compounds;Organooxygen compounds;Carbonyl compounds
6190,Carbonyl compounds,0.96,CHEMONTID:0001831,4,CHEMONTID:0000323,CHEMONTID:0000000;CHEMONTID:0004603;CHEMONTID:0000323;CHEMONTID:0001831,Organic compounds;Organic oxygen compounds;Organooxygen compounds;Carbonyl compounds
14501,Carboxylic acid derivatives,0.94,CHEMONTID:0001093,4,CHEMONTID:0000265,CHEMONTID:0000000;CHEMONTID:0000264;CHEMONTID:0000265;CHEMONTID:0001093,Organic compounds;Organic acids and derivatives;Carboxylic acids and derivatives;Carboxylic acid derivatives
6353,Amines,0.98,CHEMONTID:0002449,4,CHEMONTID:0000278,CHEMONTID:0000000;CHEMONTID:0004707;CHEMONTID:0000278;CHEMONTID:0002449,Organic compounds;Organic nitrogen compounds;Organonitrogen compounds;Amines
2643,Monoalkylamines,0.98,CHEMONTID:0000469,6,CHEMONTID:0002450,CHEMONTID:0000000;CHEMONTID:0004707;CHEMONTID:0000278;CHEMONTID:0002449;CHEMONTID:0002450;CHEMONTID:0000469,Organic compounds;Organic nitrogen compounds;Organonitrogen compounds;Amines;Primary amines;Monoalkylamines
1454,Dialkyl ethers,0.98,CHEMONTID:0001167,5,CHEMONTID:0000254,CHEMONTID:0000000;CHEMONTID:0004603;CHEMONTID:0000323;CHEMONTID:0000254;CHEMONTID:0001167,Organic compounds;Organic oxygen compounds;Organooxygen compounds;Ethers;Dialkyl ethers
14517,Carbonyl compounds,0.88,CHEMONTID:0001831,4,CHEMONTID:0000323,CHEMONTID:0000000;CHEMONTID:0004603;CHEMONTID:0000323;CHEMONTID:0001831,Organic compounds;Organic oxygen compounds;Organooxygen compounds;Carbonyl compounds
9738,Carboxylic acid derivatives,0.96,CHEMONTID:0001093,4,CHEMONTID:0000265,CHEMONTID:0000000;CHEMONTID:0000264;CHEMONTID:0000265;CHEMONTID:0001093,Organic compounds;Organic acids and derivatives;Carboxylic acids and derivatives;Carboxylic acid derivatives
2749,"1,3,5-triazines",0.95,CHEMONTID:0004105,4,CHEMONTID:0000098,CHEMONTID:0000000;CHEMONTID:0000002;CHEMONTID:0000098;CHEMONTID:0004105,"Organic compounds;Organoheterocyclic compounds;Triazines;1,3,5-triazines"
11020,Amines,0.98,CHEMONTID:0002449,4,CHEMONTID:0000278,CHEMONTID:0000000;CHEMONTID:0004707;CHEMONTID:0000278;CHEMONTID:0002449,Organic compounds;Organic nitrogen compounds;Organonitrogen compounds;Amines
5804,Glycosyl compounds,1,CHEMONTID:0002105,5,CHEMONTID:0000011,CHEMONTID:0000000;CHEMONTID:0004603;CHEMONTID:0000323;CHEMONTID:0000011;CHEMONTID:0002105,Organic compounds;Organic oxygen compounds;Organooxygen compounds;Carbohydrates and carbohydrate conjugates;Glycosyl compounds
12550,Alcohols and polyols,0.94,CHEMONTID:0000129,4,CHEMONTID:0000323,CHEMONTID:0000000;CHEMONTID:0004603;CHEMONTID:0000323;CHEMONTID:0000129,Organic compounds;Organic oxygen compounds;Organooxygen compounds;Alcohols and polyols
1837,Carbonyl compounds,0.92,CHEMONTID:0001831,4,CHEMONTID:0000323,CHEMONTID:0000000;CHEMONTID:0004603;CHEMONTID:0000323;CHEMONTID:0001831,Organic compounds;Organic oxygen compounds;Organooxygen compounds;Carbonyl compounds
15436,Carbonyl compounds,0.87,CHEMONTID:0001831,4,CHEMONTID:0000323,CHEMONTID:0000000;CHEMONTID:0004603;CHEMONTID:0000323;CHEMONTID:0001831,Organic compounds;Organic oxygen compounds;Organooxygen compounds;Carbonyl compounds
7791,Carbonyl compounds,0.97,CHEMONTID:0001831,4,CHEMONTID:0000323,CHEMONTID:0000000;CHEMONTID:0004603;CHEMONTID:0000323;CHEMONTID:0001831,Organic compounds;Organic oxygen compounds;Organooxygen compounds;Carbonyl compounds
4659,Alcohols and polyols,1,CHEMONTID:0000129,4,CHEMONTID:0000323,CHEMONTID:0000000;CHEMONTID:0004603;CHEMONTID:0000323;CHEMONTID:0000129,Organic compounds;Organic oxygen compounds;Organooxygen compounds;Alcohols and polyols
6181,Primary amines,1,CHEMONTID:0002450,5,CHEMONTID:0002449,CHEMONTID:0000000;CHEMONTID:0004707;CHEMONTID:0000278;CHEMONTID:0002449;CHEMONTID:0002450,Organic compounds;Organic nitrogen compounds;Organonitrogen compounds;Amines;Primary amines
19165,Amines,1,CHEMONTID:0002449,4,CHEMONTID:0000278,CHEMONTID:0000000;CHEMONTID:0004707;CHEMONTID:0000278;CHEMONTID:0002449,Organic compounds;Organic nitrogen compounds;Organonitrogen compounds;Amines
14632,Amines,0.92,CHEMONTID:0002449,4,CHEMONTID:0000278,CHEMONTID:0000000;CHEMONTID:0004707;CHEMONTID:0000278;CHEMONTID:0002449,Organic compounds;Organic nitrogen compounds;Organonitrogen compounds;Amines
19303,Primary amines,0.97,CHEMONTID:0002450,5,CHEMONTID:0002449,CHEMONTID:0000000;CHEMONTID:0004707;CHEMONTID:0000278;CHEMONTID:0002449;CHEMONTID:0002450,Organic compounds;Organic nitrogen compounds;Organonitrogen compounds;Amines;Primary amines
20531,Alkyl phosphates,0.98,CHEMONTID:0003457,5,CHEMONTID:0000408,CHEMONTID:0000000;CHEMONTID:0000264;CHEMONTID:0000402;CHEMONTID:0000408;CHEMONTID:0003457,Organic compounds;Organic acids and derivatives;Organic phosphoric acids and derivatives;Phosphate esters;Alkyl phosphates
17704,Primary amines,0.81,CHEMONTID:0002450,5,CHEMONTID:0002449,CHEMONTID:0000000;CHEMONTID:0004707;CHEMONTID:0000278;CHEMONTID:0002449;CHEMONTID:0002450,Organic compounds;Organic nitrogen compounds;Organonitrogen compounds;Amines;Primary amines
9729,Carbonyl compounds,0.99,CHEMONTID:0001831,4,CHEMONTID:0000323,CHEMONTID:0000000;CHEMONTID:0004603;CHEMONTID:0000323;CHEMONTID:0001831,Organic compounds;Organic oxygen compounds;Organooxygen compounds;Carbonyl compounds
2809,Carbonyl compounds,0.86,CHEMONTID:0001831,4,CHEMONTID:0000323,CHEMONTID:0000000;CHEMONTID:0004603;CHEMONTID:0000323;CHEMONTID:0001831,Organic compounds;Organic oxygen compounds;Organooxygen compounds;Carbonyl compounds
3987,Carboxylic acid derivatives,0.88,CHEMONTID:0001093,4,CHEMONTID:0000265,CHEMONTID:0000000;CHEMONTID:0000264;CHEMONTID:0000265;CHEMONTID:0001093,Organic compounds;Organic acids and derivatives;Carboxylic acids and derivatives;Carboxylic acid derivatives
18183,Monocarboxylic acids and derivatives,0.86,CHEMONTID:0001137,4,CHEMONTID:0000265,CHEMONTID:0000000;CHEMONTID:0000264;CHEMONTID:0000265;CHEMONTID:0001137,Organic compounds;Organic acids and derivatives;Carboxylic acids and derivatives;Monocarboxylic acids and derivatives
1445,Carbonyl compounds,0.95,CHEMONTID:0001831,4,CHEMONTID:0000323,CHEMONTID:0000000;CHEMONTID:0004603;CHEMONTID:0000323;CHEMONTID:0001831,Organic compounds;Organic oxygen compounds;Organooxygen compounds;Carbonyl compounds
11684,"Amino acids, peptides, and analogues",0.89,CHEMONTID:0000013,4,CHEMONTID:0000265,CHEMONTID:0000000;CHEMONTID:0000264;CHEMONTID:0000265;CHEMONTID:0000013,"Organic compounds;Organic acids and derivatives;Carboxylic acids and derivatives;Amino acids, peptides, and analogues"
2652,Secondary alcohols,1,CHEMONTID:0001661,5,CHEMONTID:0000129,CHEMONTID:0000000;CHEMONTID:0004603;CHEMONTID:0000323;CHEMONTID:0000129;CHEMONTID:0001661,Organic compounds;Organic oxygen compounds;Organooxygen compounds;Alcohols and polyols;Secondary alcohols
4351,Carbonyl compounds,0.86,CHEMONTID:0001831,4,CHEMONTID:0000323,CHEMONTID:0000000;CHEMONTID:0004603;CHEMONTID:0000323;CHEMONTID:0001831,Organic compounds;Organic oxygen compounds;Organooxygen compounds;Carbonyl compounds
2922,Monocarboxylic acids and derivatives,0.8,CHEMONTID:0001137,4,CHEMONTID:0000265,CHEMONTID:0000000;CHEMONTID:0000264;CHEMONTID:0000265;CHEMONTID:0001137,Organic compounds;Organic acids and derivatives;Carboxylic acids and derivatives;Monocarboxylic acids and derivatives
18686,Dialkyl ethers,0.98,CHEMONTID:0001167,5,CHEMONTID:0000254,CHEMONTID:0000000;CHEMONTID:0004603;CHEMONTID:0000323;CHEMONTID:0000254;CHEMONTID:0001167,Organic compounds;Organic oxygen compounds;Organooxygen compounds;Ethers;Dialkyl ethers
12033,Primary amines,0.85,CHEMONTID:0002450,5,CHEMONTID:0002449,CHEMONTID:0000000;CHEMONTID:0004707;CHEMONTID:0000278;CHEMONTID:0002449;CHEMONTID:0002450,Organic compounds;Organic nitrogen compounds;Organonitrogen compounds;Amines;Primary amines
5006,Carbonyl compounds,0.91,CHEMONTID:0001831,4,CHEMONTID:0000323,CHEMONTID:0000000;CHEMONTID:0004603;CHEMONTID:0000323;CHEMONTID:0001831,Organic compounds;Organic oxygen compounds;Organooxygen compounds;Carbonyl compounds
4337,Alcohols and polyols,1,CHEMONTID:0000129,4,CHEMONTID:0000323,CHEMONTID:0000000;CHEMONTID:0004603;CHEMONTID:0000323;CHEMONTID:0000129,Organic compounds;Organic oxygen compounds;Organooxygen compounds;Alcohols and polyols
2710,Carboxylic acid derivatives,0.91,CHEMONTID:0001093,4,CHEMONTID:0000265,CHEMONTID:0000000;CHEMONTID:0000264;CHEMONTID:0000265;CHEMONTID:0001093,Organic compounds;Organic acids and derivatives;Carboxylic acids and derivatives;Carboxylic acid derivatives
13046,Carbonyl compounds,0.93,CHEMONTID:0001831,4,CHEMONTID:0000323,CHEMONTID:0000000;CHEMONTID:0004603;CHEMONTID:0000323;CHEMONTID:0001831,Organic compounds;Organic oxygen compounds;Organooxygen compounds;Carbonyl compounds
14164,Carbohydrates and carbohydrate conjugates,0.96,CHEMONTID:0000011,4,CHEMONTID:0000323,CHEMONTID:0000000;CHEMONTID:0004603;CHEMONTID:0000323;CHEMONTID:0000011,Organic compounds;Organic oxygen compounds;Organooxygen compounds;Carbohydrates and carbohydrate conjugates
7805,Carbonyl compounds,0.81,CHEMONTID:0001831,4,CHEMONTID:0000323,CHEMONTID:0000000;CHEMONTID:0004603;CHEMONTID:0000323;CHEMONTID:0001831,Organic compounds;Organic oxygen compounds;Organooxygen compounds;Carbonyl compounds
6382,Carbonyl compounds,0.88,CHEMONTID:0001831,4,CHEMONTID:0000323,CHEMONTID:0000000;CHEMONTID:0004603;CHEMONTID:0000323;CHEMONTID:0001831,Organic compounds;Organic oxygen compounds;Organooxygen compounds;Carbonyl compounds
14702,Dialkyl phosphates,1,CHEMONTID:0003459,6,CHEMONTID:0003457,CHEMONTID:0000000;CHEMONTID:0000264;CHEMONTID:0000402;CHEMONTID:0000408;CHEMONTID:0003457;CHEMONTID:0003459,Organic compounds;Organic acids and derivatives;Organic phosphoric acids and derivatives;Phosphate esters;Alkyl phosphates;Dialkyl phosphates
15945,Carbonyl compounds,0.96,CHEMONTID:0001831,4,CHEMONTID:0000323,CHEMONTID:0000000;CHEMONTID:0004603;CHEMONTID:0000323;CHEMONTID:0001831,Organic compounds;Organic oxygen compounds;Organooxygen compounds;Carbonyl compounds
12295,Fatty acids and conjugates,0.91,CHEMONTID:0000262,4,CHEMONTID:0003909,CHEMONTID:0000000;CHEMONTID:0000012;CHEMONTID:0003909;CHEMONTID:0000262,Organic compounds;Lipids and lipid-like molecules;Fatty Acyls;Fatty acids and conjugates
8855,Monocarboxylic acids and derivatives,0.86,CHEMONTID:0001137,4,CHEMONTID:0000265,CHEMONTID:0000000;CHEMONTID:0000264;CHEMONTID:0000265;CHEMONTID:0001137,Organic compounds;Organic acids and derivatives;Carboxylic acids and derivatives;Monocarboxylic acids and derivatives
3943,Carbonyl compounds,0.81,CHEMONTID:0001831,4,CHEMONTID:0000323,CHEMONTID:0000000;CHEMONTID:0004603;CHEMONTID:0000323;CHEMONTID:0001831,Organic compounds;Organic oxygen compounds;Organooxygen compounds;Carbonyl compounds
12209,Carbonyl compounds,0.9,CHEMONTID:0001831,4,CHEMONTID:0000323,CHEMONTID:0000000;CHEMONTID:0004603;CHEMONTID:0000323;CHEMONTID:0001831,Organic compounds;Organic oxygen compounds;Organooxygen compounds;Carbonyl compounds
17640,Phosphate esters,0.99,CHEMONTID:0000408,4,CHEMONTID:0000402,CHEMONTID:0000000;CHEMONTID:0000264;CHEMONTID:0000402;CHEMONTID:0000408,Organic compounds;Organic acids and derivatives;Organic phosphoric acids and derivatives;Phosphate esters
1240,Amines,0.87,CHEMONTID:0002449,4,CHEMONTID:0000278,CHEMONTID:0000000;CHEMONTID:0004707;CHEMONTID:0000278;CHEMONTID:0002449,Organic compounds;Organic nitrogen compounds;Organonitrogen compounds;Amines
2245,Ethers,0.98,CHEMONTID:0000254,4,CHEMONTID:0000323,CHEMONTID:0000000;CHEMONTID:0004603;CHEMONTID:0000323;CHEMONTID:0000254,Organic compounds;Organic oxygen compounds;Organooxygen compounds;Ethers
8033,Carbonyl compounds,0.95,CHEMONTID:0001831,4,CHEMONTID:0000323,CHEMONTID:0000000;CHEMONTID:0004603;CHEMONTID:0000323;CHEMONTID:0001831,Organic compounds;Organic oxygen compounds;Organooxygen compounds;Carbonyl compounds
15668,Monoalkylamines,0.94,CHEMONTID:0000469,6,CHEMONTID:0002450,CHEMONTID:0000000;CHEMONTID:0004707;CHEMONTID:0000278;CHEMONTID:0002449;CHEMONTID:0002450;CHEMONTID:0000469,Organic compounds;Organic nitrogen compounds;Organonitrogen compounds;Amines;Primary amines;Monoalkylamines
19583,Methyl esters,0.98,CHEMONTID:0003416,6,CHEMONTID:0001238,CHEMONTID:0000000;CHEMONTID:0000264;CHEMONTID:0000265;CHEMONTID:0001093;CHEMONTID:0001238;CHEMONTID:0003416,Organic compounds;Organic acids and derivatives;Carboxylic acids and derivatives;Carboxylic acid derivatives;Carboxylic acid esters;Methyl esters
10888,Amines,0.93,CHEMONTID:0002449,4,CHEMONTID:0000278,CHEMONTID:0000000;CHEMONTID:0004707;CHEMONTID:0000278;CHEMONTID:0002449,Organic compounds;Organic nitrogen compounds;Organonitrogen compounds;Amines
7500,Primary amines,0.99,CHEMONTID:0002450,5,CHEMONTID:0002449,CHEMONTID:0000000;CHEMONTID:0004707;CHEMONTID:0000278;CHEMONTID:0002449;CHEMONTID:0002450,Organic compounds;Organic nitrogen compounds;Organonitrogen compounds;Amines;Primary amines
6547,Primary amines,0.96,CHEMONTID:0002450,5,CHEMONTID:0002449,CHEMONTID:0000000;CHEMONTID:0004707;CHEMONTID:0000278;CHEMONTID:0002449;CHEMONTID:0002450,Organic compounds;Organic nitrogen compounds;Organonitrogen compounds;Amines;Primary amines
10233,Carbonyl compounds,0.86,CHEMONTID:0001831,4,CHEMONTID:0000323,CHEMONTID:0000000;CHEMONTID:0004603;CHEMONTID:0000323;CHEMONTID:0001831,Organic compounds;Organic oxygen compounds;Organooxygen compounds;Carbonyl compounds
654,Carbohydrates and carbohydrate conjugates,1,CHEMONTID:0000011,4,CHEMONTID:0000323,CHEMONTID:0000000;CHEMONTID:0004603;CHEMONTID:0000323;CHEMONTID:0000011,Organic compounds;Organic oxygen compounds;Organooxygen compounds;Carbohydrates and carbohydrate conjugates
7369,Amines,0.98,CHEMONTID:0002449,4,CHEMONTID:0000278,CHEMONTID:0000000;CHEMONTID:0004707;CHEMONTID:0000278;CHEMONTID:0002449,Organic compounds;Organic nitrogen compounds;Organonitrogen compounds;Amines
5829,Carbohydrates and carbohydrate conjugates,1,CHEMONTID:0000011,4,CHEMONTID:0000323,CHEMONTID:0000000;CHEMONTID:0004603;CHEMONTID:0000323;CHEMONTID:0000011,Organic compounds;Organic oxygen compounds;Organooxygen compounds;Carbohydrates and carbohydrate conjugates
10164,Monoalkylamines,0.87,CHEMONTID:0000469,6,CHEMONTID:0002450,CHEMONTID:0000000;CHEMONTID:0004707;CHEMONTID:0000278;CHEMONTID:0002449;CHEMONTID:0002450;CHEMONTID:0000469,Organic compounds;Organic nitrogen compounds;Organonitrogen compounds;Amines;Primary amines;Monoalkylamines
2398,Carboxylic acid derivatives,0.99,CHEMONTID:0001093,4,CHEMONTID:0000265,CHEMONTID:0000000;CHEMONTID:0000264;CHEMONTID:0000265;CHEMONTID:0001093,Organic compounds;Organic acids and derivatives;Carboxylic acids and derivatives;Carboxylic acid derivatives
2114,Amines,0.8,CHEMONTID:0002449,4,CHEMONTID:0000278,CHEMONTID:0000000;CHEMONTID:0004707;CHEMONTID:0000278;CHEMONTID:0002449,Organic compounds;Organic nitrogen compounds;Organonitrogen compounds;Amines
4976,Carbonyl compounds,0.92,CHEMONTID:0001831,4,CHEMONTID:0000323,CHEMONTID:0000000;CHEMONTID:0004603;CHEMONTID:0000323;CHEMONTID:0001831,Organic compounds;Organic oxygen compounds;Organooxygen compounds;Carbonyl compounds
19146,Alcohols and polyols,0.86,CHEMONTID:0000129,4,CHEMONTID:0000323,CHEMONTID:0000000;CHEMONTID:0004603;CHEMONTID:0000323;CHEMONTID:0000129,Organic compounds;Organic oxygen compounds;Organooxygen compounds;Alcohols and polyols
8300,Carbonyl compounds,0.97,CHEMONTID:0001831,4,CHEMONTID:0000323,CHEMONTID:0000000;CHEMONTID:0004603;CHEMONTID:0000323;CHEMONTID:0001831,Organic compounds;Organic oxygen compounds;Organooxygen compounds;Carbonyl compounds
1577,Amines,0.98,CHEMONTID:0002449,4,CHEMONTID:0000278,CHEMONTID:0000000;CHEMONTID:0004707;CHEMONTID:0000278;CHEMONTID:0002449,Organic compounds;Organic nitrogen compounds;Organonitrogen compounds;Amines
16349,Alkyl phosphates,0.99,CHEMONTID:0003457,5,CHEMONTID:0000408,CHEMONTID:0000000;CHEMONTID:0000264;CHEMONTID:0000402;CHEMONTID:0000408;CHEMONTID:0003457,Organic compounds;Organic acids and derivatives;Organic phosphoric acids and derivatives;Phosphate esters;Alkyl phosphates
10405,Carbonyl compounds,0.99,CHEMONTID:0001831,4,CHEMONTID:0000323,CHEMONTID:0000000;CHEMONTID:0004603;CHEMONTID:0000323;CHEMONTID:0001831,Organic compounds;Organic oxygen compounds;Organooxygen compounds;Carbonyl compounds
16771,Amines,1,CHEMONTID:0002449,4,CHEMONTID:0000278,CHEMONTID:0000000;CHEMONTID:0004707;CHEMONTID:0000278;CHEMONTID:0002449,Organic compounds;Organic nitrogen compounds;Organonitrogen compounds;Amines
10225,Amines,0.98,CHEMONTID:0002449,4,CHEMONTID:0000278,CHEMONTID:0000000;CHEMONTID:0004707;CHEMONTID:0000278;CHEMONTID:0002449,Organic compounds;Organic nitrogen compounds;Organonitrogen compounds;Amines
13806,Carbonyl compounds,0.98,CHEMONTID:0001831,4,CHEMONTID:0000323,CHEMONTID:0000000;CHEMONTID:0004603;CHEMONTID:0000323;CHEMONTID:0001831,Organic compounds;Organic oxygen compounds;Organooxygen compounds;Carbonyl compounds
12180,Amines,0.96,CHEMONTID:0002449,4,CHEMONTID:0000278,CHEMONTID:0000000;CHEMONTID:0004707;CHEMONTID:0000278;CHEMONTID:0002449,Organic compounds;Organic nitrogen compounds;Organonitrogen compounds;Amines
17115,Monoalkylamines,1,CHEMONTID:0000469,6,CHEMONTID:0002450,CHEMONTID:0000000;CHEMONTID:0004707;CHEMONTID:0000278;CHEMONTID:0002449;CHEMONTID:0002450;CHEMONTID:0000469,Organic compounds;Organic nitrogen compounds;Organonitrogen compounds;Amines;Primary amines;Monoalkylamines
4560,Monoalkylamines,1,CHEMONTID:0000469,6,CHEMONTID:0002450,CHEMONTID:0000000;CHEMONTID:0004707;CHEMONTID:0000278;CHEMONTID:0002449;CHEMONTID:0002450;CHEMONTID:0000469,Organic compounds;Organic nitrogen compounds;Organonitrogen compounds;Amines;Primary amines;Monoalkylamines
4925,Alkyl phosphates,1,CHEMONTID:0003457,5,CHEMONTID:0000408,CHEMONTID:0000000;CHEMONTID:0000264;CHEMONTID:0000402;CHEMONTID:0000408;CHEMONTID:0003457,Organic compounds;Organic acids and derivatives;Organic phosphoric acids and derivatives;Phosphate esters;Alkyl phosphates
8751,Fatty amides,0.92,CHEMONTID:0000331,4,CHEMONTID:0003909,CHEMONTID:0000000;CHEMONTID:0000012;CHEMONTID:0003909;CHEMONTID:0000331,Organic compounds;Lipids and lipid-like molecules;Fatty Acyls;Fatty amides
15416,Carboxylic acid amides,0.82,CHEMONTID:0000475,5,CHEMONTID:0001093,CHEMONTID:0000000;CHEMONTID:0000264;CHEMONTID:0000265;CHEMONTID:0001093;CHEMONTID:0000475,Organic compounds;Organic acids and derivatives;Carboxylic acids and derivatives;Carboxylic acid derivatives;Carboxylic acid amides
17502,Alcohols and polyols,0.88,CHEMONTID:0000129,4,CHEMONTID:0000323,CHEMONTID:0000000;CHEMONTID:0004603;CHEMONTID:0000323;CHEMONTID:0000129,Organic compounds;Organic oxygen compounds;Organooxygen compounds;Alcohols and polyols
18802,Monoalkylamines,1,CHEMONTID:0000469,6,CHEMONTID:0002450,CHEMONTID:0000000;CHEMONTID:0004707;CHEMONTID:0000278;CHEMONTID:0002449;CHEMONTID:0002450;CHEMONTID:0000469,Organic compounds;Organic nitrogen compounds;Organonitrogen compounds;Amines;Primary amines;Monoalkylamines
9813,Carboxylic acid derivatives,0.98,CHEMONTID:0001093,4,CHEMONTID:0000265,CHEMONTID:0000000;CHEMONTID:0000264;CHEMONTID:0000265;CHEMONTID:0001093,Organic compounds;Organic acids and derivatives;Carboxylic acids and derivatives;Carboxylic acid derivatives
19086,Amines,0.99,CHEMONTID:0002449,4,CHEMONTID:0000278,CHEMONTID:0000000;CHEMONTID:0004707;CHEMONTID:0000278;CHEMONTID:0002449,Organic compounds;Organic nitrogen compounds;Organonitrogen compounds;Amines
14284,Carbonyl compounds,0.9,CHEMONTID:0001831,4,CHEMONTID:0000323,CHEMONTID:0000000;CHEMONTID:0004603;CHEMONTID:0000323;CHEMONTID:0001831,Organic compounds;Organic oxygen compounds;Organooxygen compounds;Carbonyl compounds
13277,Amines,0.91,CHEMONTID:0002449,4,CHEMONTID:0000278,CHEMONTID:0000000;CHEMONTID:0004707;CHEMONTID:0000278;CHEMONTID:0002449,Organic compounds;Organic nitrogen compounds;Organonitrogen compounds;Amines
7696,Amines,0.94,CHEMONTID:0002449,4,CHEMONTID:0000278,CHEMONTID:0000000;CHEMONTID:0004707;CHEMONTID:0000278;CHEMONTID:0002449,Organic compounds;Organic nitrogen compounds;Organonitrogen compounds;Amines
11523,Amines,0.91,CHEMONTID:0002449,4,CHEMONTID:0000278,CHEMONTID:0000000;CHEMONTID:0004707;CHEMONTID:0000278;CHEMONTID:0002449,Organic compounds;Organic nitrogen compounds;Organonitrogen compounds;Amines
5373,Carbonyl compounds,0.95,CHEMONTID:0001831,4,CHEMONTID:0000323,CHEMONTID:0000000;CHEMONTID:0004603;CHEMONTID:0000323;CHEMONTID:0001831,Organic compounds;Organic oxygen compounds;Organooxygen compounds;Carbonyl compounds
12700,Secondary alcohols,1,CHEMONTID:0001661,5,CHEMONTID:0000129,CHEMONTID:0000000;CHEMONTID:0004603;CHEMONTID:0000323;CHEMONTID:0000129;CHEMONTID:0001661,Organic compounds;Organic oxygen compounds;Organooxygen compounds;Alcohols and polyols;Secondary alcohols
4763,Carbonyl compounds,0.99,CHEMONTID:0001831,4,CHEMONTID:0000323,CHEMONTID:0000000;CHEMONTID:0004603;CHEMONTID:0000323;CHEMONTID:0001831,Organic compounds;Organic oxygen compounds;Organooxygen compounds;Carbonyl compounds
11606,Fatty acid methyl esters,0.81,CHEMONTID:0003417,5,CHEMONTID:0000324,CHEMONTID:0000000;CHEMONTID:0000012;CHEMONTID:0003909;CHEMONTID:0000324;CHEMONTID:0003417,Organic compounds;Lipids and lipid-like molecules;Fatty Acyls;Fatty acid esters;Fatty acid methyl esters
2216,Carbonyl compounds,0.97,CHEMONTID:0001831,4,CHEMONTID:0000323,CHEMONTID:0000000;CHEMONTID:0004603;CHEMONTID:0000323;CHEMONTID:0001831,Organic compounds;Organic oxygen compounds;Organooxygen compounds;Carbonyl compounds
4528,Carbonyl compounds,0.94,CHEMONTID:0001831,4,CHEMONTID:0000323,CHEMONTID:0000000;CHEMONTID:0004603;CHEMONTID:0000323;CHEMONTID:0001831,Organic compounds;Organic oxygen compounds;Organooxygen compounds;Carbonyl compounds
19706,Fatty amides,0.8,CHEMONTID:0000331,4,CHEMONTID:0003909,CHEMONTID:0000000;CHEMONTID:0000012;CHEMONTID:0003909;CHEMONTID:0000331,Organic compounds;Lipids and lipid-like molecules;Fatty Acyls;Fatty amides
2077,Monoalkylamines,0.95,CHEMONTID:0000469,6,CHEMONTID:0002450,CHEMONTID:0000000;CHEMONTID:0004707;CHEMONTID:0000278;CHEMONTID:0002449;CHEMONTID:0002450;CHEMONTID:0000469,Organic compounds;Organic nitrogen compounds;Organonitrogen compounds;Amines;Primary amines;Monoalkylamines
7177,Carboxylic acid derivatives,0.98,CHEMONTID:0001093,4,CHEMONTID:0000265,CHEMONTID:0000000;CHEMONTID:0000264;CHEMONTID:0000265;CHEMONTID:0001093,Organic compounds;Organic acids and derivatives;Carboxylic acids and derivatives;Carboxylic acid derivatives
10535,Carbonyl compounds,0.86,CHEMONTID:0001831,4,CHEMONTID:0000323,CHEMONTID:0000000;CHEMONTID:0004603;CHEMONTID:0000323;CHEMONTID:0001831,Organic compounds;Organic oxygen compounds;Organooxygen compounds;Carbonyl compounds
20715,Amines,0.9,CHEMONTID:0002449,4,CHEMONTID:0000278,CHEMONTID:0000000;CHEMONTID:0004707;CHEMONTID:0000278;CHEMONTID:0002449,Organic compounds;Organic nitrogen compounds;Organonitrogen compounds;Amines
20188,Monoalkylamines,0.85,CHEMONTID:0000469,6,CHEMONTID:0002450,CHEMONTID:0000000;CHEMONTID:0004707;CHEMONTID:0000278;CHEMONTID:0002449;CHEMONTID:0002450;CHEMONTID:0000469,Organic compounds;Organic nitrogen compounds;Organonitrogen compounds;Amines;Primary amines;Monoalkylamines
7290,Carbonyl compounds,0.99,CHEMONTID:0001831,4,CHEMONTID:0000323,CHEMONTID:0000000;CHEMONTID:0004603;CHEMONTID:0000323;CHEMONTID:0001831,Organic compounds;Organic oxygen compounds;Organooxygen compounds;Carbonyl compounds
7316,Primary amines,0.92,CHEMONTID:0002450,5,CHEMONTID:0002449,CHEMONTID:0000000;CHEMONTID:0004707;CHEMONTID:0000278;CHEMONTID:0002449;CHEMONTID:0002450,Organic compounds;Organic nitrogen compounds;Organonitrogen compounds;Amines;Primary amines
9563,N-acyl amines,0.89,CHEMONTID:0001096,5,CHEMONTID:0000331,CHEMONTID:0000000;CHEMONTID:0000012;CHEMONTID:0003909;CHEMONTID:0000331;CHEMONTID:0001096,Organic compounds;Lipids and lipid-like molecules;Fatty Acyls;Fatty amides;N-acyl amines
2508,Carbonyl compounds,0.81,CHEMONTID:0001831,4,CHEMONTID:0000323,CHEMONTID:0000000;CHEMONTID:0004603;CHEMONTID:0000323;CHEMONTID:0001831,Organic compounds;Organic oxygen compounds;Organooxygen compounds;Carbonyl compounds
1928,Monoalkylamines,0.92,CHEMONTID:0000469,6,CHEMONTID:0002450,CHEMONTID:0000000;CHEMONTID:0004707;CHEMONTID:0000278;CHEMONTID:0002449;CHEMONTID:0002450;CHEMONTID:0000469,Organic compounds;Organic nitrogen compounds;Organonitrogen compounds;Amines;Primary amines;Monoalkylamines
15070,Carboxylic acid derivatives,0.95,CHEMONTID:0001093,4,CHEMONTID:0000265,CHEMONTID:0000000;CHEMONTID:0000264;CHEMONTID:0000265;CHEMONTID:0001093,Organic compounds;Organic acids and derivatives;Carboxylic acids and derivatives;Carboxylic acid derivatives
7026,Primary amines,0.97,CHEMONTID:0002450,5,CHEMONTID:0002449,CHEMONTID:0000000;CHEMONTID:0004707;CHEMONTID:0000278;CHEMONTID:0002449;CHEMONTID:0002450,Organic compounds;Organic nitrogen compounds;Organonitrogen compounds;Amines;Primary amines
6996,Carbonyl compounds,0.96,CHEMONTID:0001831,4,CHEMONTID:0000323,CHEMONTID:0000000;CHEMONTID:0004603;CHEMONTID:0000323;CHEMONTID:0001831,Organic compounds;Organic oxygen compounds;Organooxygen compounds;Carbonyl compounds
16592,Carboxylic acid derivatives,0.95,CHEMONTID:0001093,4,CHEMONTID:0000265,CHEMONTID:0000000;CHEMONTID:0000264;CHEMONTID:0000265;CHEMONTID:0001093,Organic compounds;Organic acids and derivatives;Carboxylic acids and derivatives;Carboxylic acid derivatives
14486,Carbonyl compounds,0.92,CHEMONTID:0001831,4,CHEMONTID:0000323,CHEMONTID:0000000;CHEMONTID:0004603;CHEMONTID:0000323;CHEMONTID:0001831,Organic compounds;Organic oxygen compounds;Organooxygen compounds;Carbonyl compounds
4693,Trialkylamines,0.83,CHEMONTID:0002239,6,CHEMONTID:0002452,CHEMONTID:0000000;CHEMONTID:0004707;CHEMONTID:0000278;CHEMONTID:0002449;CHEMONTID:0002452;CHEMONTID:0002239,Organic compounds;Organic nitrogen compounds;Organonitrogen compounds;Amines;Tertiary amines;Trialkylamines
5997,Alcohols and polyols,1,CHEMONTID:0000129,4,CHEMONTID:0000323,CHEMONTID:0000000;CHEMONTID:0004603;CHEMONTID:0000323;CHEMONTID:0000129,Organic compounds;Organic oxygen compounds;Organooxygen compounds;Alcohols and polyols
17760,Alcohols and polyols,1,CHEMONTID:0000129,4,CHEMONTID:0000323,CHEMONTID:0000000;CHEMONTID:0004603;CHEMONTID:0000323;CHEMONTID:0000129,Organic compounds;Organic oxygen compounds;Organooxygen compounds;Alcohols and polyols
7375,Primary amines,1,CHEMONTID:0002450,5,CHEMONTID:0002449,CHEMONTID:0000000;CHEMONTID:0004707;CHEMONTID:0000278;CHEMONTID:0002449;CHEMONTID:0002450,Organic compounds;Organic nitrogen compounds;Organonitrogen compounds;Amines;Primary amines
7589,Monoalkylamines,1,CHEMONTID:0000469,6,CHEMONTID:0002450,CHEMONTID:0000000;CHEMONTID:0004707;CHEMONTID:0000278;CHEMONTID:0002449;CHEMONTID:0002450;CHEMONTID:0000469,Organic compounds;Organic nitrogen compounds;Organonitrogen compounds;Amines;Primary amines;Monoalkylamines
13327,Pyrimidines and pyrimidine derivatives,0.94,CHEMONTID:0000075,4,CHEMONTID:0001346,CHEMONTID:0000000;CHEMONTID:0000002;CHEMONTID:0001346;CHEMONTID:0000075,Organic compounds;Organoheterocyclic compounds;Diazines;Pyrimidines and pyrimidine derivatives
17732,N-substituted imidazoles,0.94,CHEMONTID:0002311,6,CHEMONTID:0002310,CHEMONTID:0000000;CHEMONTID:0000002;CHEMONTID:0000436;CHEMONTID:0000078;CHEMONTID:0002310;CHEMONTID:0002311,Organic compounds;Organoheterocyclic compounds;Azoles;Imidazoles;Substituted imidazoles;N-substituted imidazoles
17839,6-aminopurines,0.96,CHEMONTID:0002987,5,CHEMONTID:0000245,CHEMONTID:0000000;CHEMONTID:0000002;CHEMONTID:0001797;CHEMONTID:0000245;CHEMONTID:0002987,Organic compounds;Organoheterocyclic compounds;Imidazopyrimidines;Purines and purine derivatives;6-aminopurines
15646,Alcohols and polyols,0.9,CHEMONTID:0000129,4,CHEMONTID:0000323,CHEMONTID:0000000;CHEMONTID:0004603;CHEMONTID:0000323;CHEMONTID:0000129,Organic compounds;Organic oxygen compounds;Organooxygen compounds;Alcohols and polyols
4302,Guanidines,0.8,CHEMONTID:0000375,4,CHEMONTID:0000278,CHEMONTID:0000000;CHEMONTID:0004707;CHEMONTID:0000278;CHEMONTID:0000375,Organic compounds;Organic nitrogen compounds;Organonitrogen compounds;Guanidines
12978,Ethers,0.89,CHEMONTID:0000254,4,CHEMONTID:0000323,CHEMONTID:0000000;CHEMONTID:0004603;CHEMONTID:0000323;CHEMONTID:0000254,Organic compounds;Organic oxygen compounds;Organooxygen compounds;Ethers
76,Alcohols and polyols,0.99,CHEMONTID:0000129,4,CHEMONTID:0000323,CHEMONTID:0000000;CHEMONTID:0004603;CHEMONTID:0000323;CHEMONTID:0000129,Organic compounds;Organic oxygen compounds;Organooxygen compounds;Alcohols and polyols
8126,Carbonyl compounds,0.97,CHEMONTID:0001831,4,CHEMONTID:0000323,CHEMONTID:0000000;CHEMONTID:0004603;CHEMONTID:0000323;CHEMONTID:0001831,Organic compounds;Organic oxygen compounds;Organooxygen compounds;Carbonyl compounds
12853,Carboxylic acid derivatives,0.89,CHEMONTID:0001093,4,CHEMONTID:0000265,CHEMONTID:0000000;CHEMONTID:0000264;CHEMONTID:0000265;CHEMONTID:0001093,Organic compounds;Organic acids and derivatives;Carboxylic acids and derivatives;Carboxylic acid derivatives
4039,Carbonyl compounds,0.92,CHEMONTID:0001831,4,CHEMONTID:0000323,CHEMONTID:0000000;CHEMONTID:0004603;CHEMONTID:0000323;CHEMONTID:0001831,Organic compounds;Organic oxygen compounds;Organooxygen compounds;Carbonyl compounds
18239,Phosphate esters,0.98,CHEMONTID:0000408,4,CHEMONTID:0000402,CHEMONTID:0000000;CHEMONTID:0000264;CHEMONTID:0000402;CHEMONTID:0000408,Organic compounds;Organic acids and derivatives;Organic phosphoric acids and derivatives;Phosphate esters
12311,Primary amines,0.97,CHEMONTID:0002450,5,CHEMONTID:0002449,CHEMONTID:0000000;CHEMONTID:0004707;CHEMONTID:0000278;CHEMONTID:0002449;CHEMONTID:0002450,Organic compounds;Organic nitrogen compounds;Organonitrogen compounds;Amines;Primary amines
14175,Carboxylic acid derivatives,0.86,CHEMONTID:0001093,4,CHEMONTID:0000265,CHEMONTID:0000000;CHEMONTID:0000264;CHEMONTID:0000265;CHEMONTID:0001093,Organic compounds;Organic acids and derivatives;Carboxylic acids and derivatives;Carboxylic acid derivatives
12847,Carbonyl compounds,0.95,CHEMONTID:0001831,4,CHEMONTID:0000323,CHEMONTID:0000000;CHEMONTID:0004603;CHEMONTID:0000323;CHEMONTID:0001831,Organic compounds;Organic oxygen compounds;Organooxygen compounds;Carbonyl compounds
11412,Carbonyl compounds,0.94,CHEMONTID:0001831,4,CHEMONTID:0000323,CHEMONTID:0000000;CHEMONTID:0004603;CHEMONTID:0000323;CHEMONTID:0001831,Organic compounds;Organic oxygen compounds;Organooxygen compounds;Carbonyl compounds
15482,Primary amines,0.99,CHEMONTID:0002450,5,CHEMONTID:0002449,CHEMONTID:0000000;CHEMONTID:0004707;CHEMONTID:0000278;CHEMONTID:0002449;CHEMONTID:0002450,Organic compounds;Organic nitrogen compounds;Organonitrogen compounds;Amines;Primary amines
4072,Carbonyl compounds,0.89,CHEMONTID:0001831,4,CHEMONTID:0000323,CHEMONTID:0000000;CHEMONTID:0004603;CHEMONTID:0000323;CHEMONTID:0001831,Organic compounds;Organic oxygen compounds;Organooxygen compounds;Carbonyl compounds
3336,Pyrimidines and pyrimidine derivatives,0.98,CHEMONTID:0000075,4,CHEMONTID:0001346,CHEMONTID:0000000;CHEMONTID:0000002;CHEMONTID:0001346;CHEMONTID:0000075,Organic compounds;Organoheterocyclic compounds;Diazines;Pyrimidines and pyrimidine derivatives
17690,Monoalkylamines,0.99,CHEMONTID:0000469,6,CHEMONTID:0002450,CHEMONTID:0000000;CHEMONTID:0004707;CHEMONTID:0000278;CHEMONTID:0002449;CHEMONTID:0002450;CHEMONTID:0000469,Organic compounds;Organic nitrogen compounds;Organonitrogen compounds;Amines;Primary amines;Monoalkylamines
7488,Carbonyl compounds,0.84,CHEMONTID:0001831,4,CHEMONTID:0000323,CHEMONTID:0000000;CHEMONTID:0004603;CHEMONTID:0000323;CHEMONTID:0001831,Organic compounds;Organic oxygen compounds;Organooxygen compounds;Carbonyl compounds
17853,Alcohols and polyols,0.98,CHEMONTID:0000129,4,CHEMONTID:0000323,CHEMONTID:0000000;CHEMONTID:0004603;CHEMONTID:0000323;CHEMONTID:0000129,Organic compounds;Organic oxygen compounds;Organooxygen compounds;Alcohols and polyols
17867,Purines and purine derivatives,1,CHEMONTID:0000245,4,CHEMONTID:0001797,CHEMONTID:0000000;CHEMONTID:0000002;CHEMONTID:0001797;CHEMONTID:0000245,Organic compounds;Organoheterocyclic compounds;Imidazopyrimidines;Purines and purine derivatives
17027,Alcohols and polyols,0.88,CHEMONTID:0000129,4,CHEMONTID:0000323,CHEMONTID:0000000;CHEMONTID:0004603;CHEMONTID:0000323;CHEMONTID:0000129,Organic compounds;Organic oxygen compounds;Organooxygen compounds;Alcohols and polyols
4006,Carbonyl compounds,0.82,CHEMONTID:0001831,4,CHEMONTID:0000323,CHEMONTID:0000000;CHEMONTID:0004603;CHEMONTID:0000323;CHEMONTID:0001831,Organic compounds;Organic oxygen compounds;Organooxygen compounds;Carbonyl compounds
14924,Ethers,0.8,CHEMONTID:0000254,4,CHEMONTID:0000323,CHEMONTID:0000000;CHEMONTID:0004603;CHEMONTID:0000323;CHEMONTID:0000254,Organic compounds;Organic oxygen compounds;Organooxygen compounds;Ethers
17904,Monocarboxylic acids and derivatives,0.91,CHEMONTID:0001137,4,CHEMONTID:0000265,CHEMONTID:0000000;CHEMONTID:0000264;CHEMONTID:0000265;CHEMONTID:0001137,Organic compounds;Organic acids and derivatives;Carboxylic acids and derivatives;Monocarboxylic acids and derivatives
1197,Carbonyl compounds,0.94,CHEMONTID:0001831,4,CHEMONTID:0000323,CHEMONTID:0000000;CHEMONTID:0004603;CHEMONTID:0000323;CHEMONTID:0001831,Organic compounds;Organic oxygen compounds;Organooxygen compounds;Carbonyl compounds
4110,Carbonyl compounds,0.97,CHEMONTID:0001831,4,CHEMONTID:0000323,CHEMONTID:0000000;CHEMONTID:0004603;CHEMONTID:0000323;CHEMONTID:0001831,Organic compounds;Organic oxygen compounds;Organooxygen compounds;Carbonyl compounds
7281,Primary amines,1,CHEMONTID:0002450,5,CHEMONTID:0002449,CHEMONTID:0000000;CHEMONTID:0004707;CHEMONTID:0000278;CHEMONTID:0002449;CHEMONTID:0002450,Organic compounds;Organic nitrogen compounds;Organonitrogen compounds;Amines;Primary amines
19312,Carbonyl compounds,0.88,CHEMONTID:0001831,4,CHEMONTID:0000323,CHEMONTID:0000000;CHEMONTID:0004603;CHEMONTID:0000323;CHEMONTID:0001831,Organic compounds;Organic oxygen compounds;Organooxygen compounds;Carbonyl compounds
11855,Polyols,0.85,CHEMONTID:0002286,5,CHEMONTID:0000129,CHEMONTID:0000000;CHEMONTID:0004603;CHEMONTID:0000323;CHEMONTID:0000129;CHEMONTID:0002286,Organic compounds;Organic oxygen compounds;Organooxygen compounds;Alcohols and polyols;Polyols
3409,Pyrimidines and pyrimidine derivatives,0.87,CHEMONTID:0000075,4,CHEMONTID:0001346,CHEMONTID:0000000;CHEMONTID:0000002;CHEMONTID:0001346;CHEMONTID:0000075,Organic compounds;Organoheterocyclic compounds;Diazines;Pyrimidines and pyrimidine derivatives
1939,Carbonyl compounds,0.85,CHEMONTID:0001831,4,CHEMONTID:0000323,CHEMONTID:0000000;CHEMONTID:0004603;CHEMONTID:0000323;CHEMONTID:0001831,Organic compounds;Organic oxygen compounds;Organooxygen compounds;Carbonyl compounds
13229,Alcohols and polyols,0.87,CHEMONTID:0000129,4,CHEMONTID:0000323,CHEMONTID:0000000;CHEMONTID:0004603;CHEMONTID:0000323;CHEMONTID:0000129,Organic compounds;Organic oxygen compounds;Organooxygen compounds;Alcohols and polyols
8611,Carboxylic acid derivatives,0.84,CHEMONTID:0001093,4,CHEMONTID:0000265,CHEMONTID:0000000;CHEMONTID:0000264;CHEMONTID:0000265;CHEMONTID:0001093,Organic compounds;Organic acids and derivatives;Carboxylic acids and derivatives;Carboxylic acid derivatives
19988,Carbonyl compounds,0.9,CHEMONTID:0001831,4,CHEMONTID:0000323,CHEMONTID:0000000;CHEMONTID:0004603;CHEMONTID:0000323;CHEMONTID:0001831,Organic compounds;Organic oxygen compounds;Organooxygen compounds;Carbonyl compounds
7687,Carbonyl compounds,0.99,CHEMONTID:0001831,4,CHEMONTID:0000323,CHEMONTID:0000000;CHEMONTID:0004603;CHEMONTID:0000323;CHEMONTID:0001831,Organic compounds;Organic oxygen compounds;Organooxygen compounds;Carbonyl compounds
15539,N-acyl-alpha amino acids and derivatives,1,CHEMONTID:0001189,7,CHEMONTID:0000060,CHEMONTID:0000000;CHEMONTID:0000264;CHEMONTID:0000265;CHEMONTID:0000013;CHEMONTID:0000347;CHEMONTID:0000060;CHEMONTID:0001189,"Organic compounds;Organic acids and derivatives;Carboxylic acids and derivatives;Amino acids, peptides, and analogues;Amino acids and derivatives;Alpha amino acids and derivatives;N-acyl-alpha amino acids and derivatives"
5019,Carboxylic acid derivatives,0.89,CHEMONTID:0001093,4,CHEMONTID:0000265,CHEMONTID:0000000;CHEMONTID:0000264;CHEMONTID:0000265;CHEMONTID:0001093,Organic compounds;Organic acids and derivatives;Carboxylic acids and derivatives;Carboxylic acid derivatives
16007,Carboxylic acids,1,CHEMONTID:0001205,4,CHEMONTID:0000265,CHEMONTID:0000000;CHEMONTID:0000264;CHEMONTID:0000265;CHEMONTID:0001205,Organic compounds;Organic acids and derivatives;Carboxylic acids and derivatives;Carboxylic acids
14845,Carbonyl compounds,0.96,CHEMONTID:0001831,4,CHEMONTID:0000323,CHEMONTID:0000000;CHEMONTID:0004603;CHEMONTID:0000323;CHEMONTID:0001831,Organic compounds;Organic oxygen compounds;Organooxygen compounds;Carbonyl compounds
6903,Carbonyl compounds,0.96,CHEMONTID:0001831,4,CHEMONTID:0000323,CHEMONTID:0000000;CHEMONTID:0004603;CHEMONTID:0000323;CHEMONTID:0001831,Organic compounds;Organic oxygen compounds;Organooxygen compounds;Carbonyl compounds
5772,Dialkyl ethers,0.89,CHEMONTID:0001167,5,CHEMONTID:0000254,CHEMONTID:0000000;CHEMONTID:0004603;CHEMONTID:0000323;CHEMONTID:0000254;CHEMONTID:0001167,Organic compounds;Organic oxygen compounds;Organooxygen compounds;Ethers;Dialkyl ethers
15457,Carbohydrates and carbohydrate conjugates,1,CHEMONTID:0000011,4,CHEMONTID:0000323,CHEMONTID:0000000;CHEMONTID:0004603;CHEMONTID:0000323;CHEMONTID:0000011,Organic compounds;Organic oxygen compounds;Organooxygen compounds;Carbohydrates and carbohydrate conjugates
10792,Secondary alcohols,1,CHEMONTID:0001661,5,CHEMONTID:0000129,CHEMONTID:0000000;CHEMONTID:0004603;CHEMONTID:0000323;CHEMONTID:0000129;CHEMONTID:0001661,Organic compounds;Organic oxygen compounds;Organooxygen compounds;Alcohols and polyols;Secondary alcohols
8740,Monocarboxylic acids and derivatives,0.8,CHEMONTID:0001137,4,CHEMONTID:0000265,CHEMONTID:0000000;CHEMONTID:0000264;CHEMONTID:0000265;CHEMONTID:0001137,Organic compounds;Organic acids and derivatives;Carboxylic acids and derivatives;Monocarboxylic acids and derivatives
20659,Carboxylic acids,0.87,CHEMONTID:0001205,4,CHEMONTID:0000265,CHEMONTID:0000000;CHEMONTID:0000264;CHEMONTID:0000265;CHEMONTID:0001205,Organic compounds;Organic acids and derivatives;Carboxylic acids and derivatives;Carboxylic acids
11000,Monocarboxylic acids and derivatives,0.91,CHEMONTID:0001137,4,CHEMONTID:0000265,CHEMONTID:0000000;CHEMONTID:0000264;CHEMONTID:0000265;CHEMONTID:0001137,Organic compounds;Organic acids and derivatives;Carboxylic acids and derivatives;Monocarboxylic acids and derivatives
4571,Monoalkylamines,0.94,CHEMONTID:0000469,6,CHEMONTID:0002450,CHEMONTID:0000000;CHEMONTID:0004707;CHEMONTID:0000278;CHEMONTID:0002449;CHEMONTID:0002450;CHEMONTID:0000469,Organic compounds;Organic nitrogen compounds;Organonitrogen compounds;Amines;Primary amines;Monoalkylamines
14653,Amines,0.99,CHEMONTID:0002449,4,CHEMONTID:0000278,CHEMONTID:0000000;CHEMONTID:0004707;CHEMONTID:0000278;CHEMONTID:0002449,Organic compounds;Organic nitrogen compounds;Organonitrogen compounds;Amines
14540,Amines,0.98,CHEMONTID:0002449,4,CHEMONTID:0000278,CHEMONTID:0000000;CHEMONTID:0004707;CHEMONTID:0000278;CHEMONTID:0002449,Organic compounds;Organic nitrogen compounds;Organonitrogen compounds;Amines
7900,Carboxylic acid derivatives,1,CHEMONTID:0001093,4,CHEMONTID:0000265,CHEMONTID:0000000;CHEMONTID:0000264;CHEMONTID:0000265;CHEMONTID:0001093,Organic compounds;Organic acids and derivatives;Carboxylic acids and derivatives;Carboxylic acid derivatives
6528,Carboxylic acid derivatives,0.97,CHEMONTID:0001093,4,CHEMONTID:0000265,CHEMONTID:0000000;CHEMONTID:0000264;CHEMONTID:0000265;CHEMONTID:0001093,Organic compounds;Organic acids and derivatives;Carboxylic acids and derivatives;Carboxylic acid derivatives
6313,Carbonyl compounds,0.99,CHEMONTID:0001831,4,CHEMONTID:0000323,CHEMONTID:0000000;CHEMONTID:0004603;CHEMONTID:0000323;CHEMONTID:0001831,Organic compounds;Organic oxygen compounds;Organooxygen compounds;Carbonyl compounds
834,Ethers,0.91,CHEMONTID:0000254,4,CHEMONTID:0000323,CHEMONTID:0000000;CHEMONTID:0004603;CHEMONTID:0000323;CHEMONTID:0000254,Organic compounds;Organic oxygen compounds;Organooxygen compounds;Ethers
1448,N-acyl amines,0.92,CHEMONTID:0001096,5,CHEMONTID:0000331,CHEMONTID:0000000;CHEMONTID:0000012;CHEMONTID:0003909;CHEMONTID:0000331;CHEMONTID:0001096,Organic compounds;Lipids and lipid-like molecules;Fatty Acyls;Fatty amides;N-acyl amines
8369,Carbonyl compounds,0.88,CHEMONTID:0001831,4,CHEMONTID:0000323,CHEMONTID:0000000;CHEMONTID:0004603;CHEMONTID:0000323;CHEMONTID:0001831,Organic compounds;Organic oxygen compounds;Organooxygen compounds;Carbonyl compounds
1869,Amines,0.99,CHEMONTID:0002449,4,CHEMONTID:0000278,CHEMONTID:0000000;CHEMONTID:0004707;CHEMONTID:0000278;CHEMONTID:0002449,Organic compounds;Organic nitrogen compounds;Organonitrogen compounds;Amines
3860,Carboxylic acid derivatives,0.97,CHEMONTID:0001093,4,CHEMONTID:0000265,CHEMONTID:0000000;CHEMONTID:0000264;CHEMONTID:0000265;CHEMONTID:0001093,Organic compounds;Organic acids and derivatives;Carboxylic acids and derivatives;Carboxylic acid derivatives
10572,Carbonyl compounds,0.94,CHEMONTID:0001831,4,CHEMONTID:0000323,CHEMONTID:0000000;CHEMONTID:0004603;CHEMONTID:0000323;CHEMONTID:0001831,Organic compounds;Organic oxygen compounds;Organooxygen compounds;Carbonyl compounds
5750,Alcohols and polyols,1,CHEMONTID:0000129,4,CHEMONTID:0000323,CHEMONTID:0000000;CHEMONTID:0004603;CHEMONTID:0000323;CHEMONTID:0000129,Organic compounds;Organic oxygen compounds;Organooxygen compounds;Alcohols and polyols
19741,Dialkyl phosphates,1,CHEMONTID:0003459,6,CHEMONTID:0003457,CHEMONTID:0000000;CHEMONTID:0000264;CHEMONTID:0000402;CHEMONTID:0000408;CHEMONTID:0003457;CHEMONTID:0003459,Organic compounds;Organic acids and derivatives;Organic phosphoric acids and derivatives;Phosphate esters;Alkyl phosphates;Dialkyl phosphates
10132,Carbonyl compounds,0.95,CHEMONTID:0001831,4,CHEMONTID:0000323,CHEMONTID:0000000;CHEMONTID:0004603;CHEMONTID:0000323;CHEMONTID:0001831,Organic compounds;Organic oxygen compounds;Organooxygen compounds;Carbonyl compounds
9414,Dialkyl ethers,0.96,CHEMONTID:0001167,5,CHEMONTID:0000254,CHEMONTID:0000000;CHEMONTID:0004603;CHEMONTID:0000323;CHEMONTID:0000254;CHEMONTID:0001167,Organic compounds;Organic oxygen compounds;Organooxygen compounds;Ethers;Dialkyl ethers
8758,Carboxylic acid derivatives,0.89,CHEMONTID:0001093,4,CHEMONTID:0000265,CHEMONTID:0000000;CHEMONTID:0000264;CHEMONTID:0000265;CHEMONTID:0001093,Organic compounds;Organic acids and derivatives;Carboxylic acids and derivatives;Carboxylic acid derivatives
3377,Pyrimidines and pyrimidine derivatives,0.96,CHEMONTID:0000075,4,CHEMONTID:0001346,CHEMONTID:0000000;CHEMONTID:0000002;CHEMONTID:0001346;CHEMONTID:0000075,Organic compounds;Organoheterocyclic compounds;Diazines;Pyrimidines and pyrimidine derivatives
11505,Carbonyl compounds,0.98,CHEMONTID:0001831,4,CHEMONTID:0000323,CHEMONTID:0000000;CHEMONTID:0004603;CHEMONTID:0000323;CHEMONTID:0001831,Organic compounds;Organic oxygen compounds;Organooxygen compounds;Carbonyl compounds
7029,Carbonyl compounds,0.97,CHEMONTID:0001831,4,CHEMONTID:0000323,CHEMONTID:0000000;CHEMONTID:0004603;CHEMONTID:0000323;CHEMONTID:0001831,Organic compounds;Organic oxygen compounds;Organooxygen compounds;Carbonyl compounds
19959,Amines,0.98,CHEMONTID:0002449,4,CHEMONTID:0000278,CHEMONTID:0000000;CHEMONTID:0004707;CHEMONTID:0000278;CHEMONTID:0002449,Organic compounds;Organic nitrogen compounds;Organonitrogen compounds;Amines
5675,Carbonyl compounds,0.97,CHEMONTID:0001831,4,CHEMONTID:0000323,CHEMONTID:0000000;CHEMONTID:0004603;CHEMONTID:0000323;CHEMONTID:0001831,Organic compounds;Organic oxygen compounds;Organooxygen compounds;Carbonyl compounds
19566,Alcohols and polyols,0.88,CHEMONTID:0000129,4,CHEMONTID:0000323,CHEMONTID:0000000;CHEMONTID:0004603;CHEMONTID:0000323;CHEMONTID:0000129,Organic compounds;Organic oxygen compounds;Organooxygen compounds;Alcohols and polyols
12647,Primary amines,0.85,CHEMONTID:0002450,5,CHEMONTID:0002449,CHEMONTID:0000000;CHEMONTID:0004707;CHEMONTID:0000278;CHEMONTID:0002449;CHEMONTID:0002450,Organic compounds;Organic nitrogen compounds;Organonitrogen compounds;Amines;Primary amines
18481,Amines,0.98,CHEMONTID:0002449,4,CHEMONTID:0000278,CHEMONTID:0000000;CHEMONTID:0004707;CHEMONTID:0000278;CHEMONTID:0002449,Organic compounds;Organic nitrogen compounds;Organonitrogen compounds;Amines
16121,Carbonyl compounds,0.88,CHEMONTID:0001831,4,CHEMONTID:0000323,CHEMONTID:0000000;CHEMONTID:0004603;CHEMONTID:0000323;CHEMONTID:0001831,Organic compounds;Organic oxygen compounds;Organooxygen compounds;Carbonyl compounds
2300,Pyrimidines and pyrimidine derivatives,1,CHEMONTID:0000075,4,CHEMONTID:0001346,CHEMONTID:0000000;CHEMONTID:0000002;CHEMONTID:0001346;CHEMONTID:0000075,Organic compounds;Organoheterocyclic compounds;Diazines;Pyrimidines and pyrimidine derivatives
10578,Imidazoles,0.85,CHEMONTID:0000078,4,CHEMONTID:0000436,CHEMONTID:0000000;CHEMONTID:0000002;CHEMONTID:0000436;CHEMONTID:0000078,Organic compounds;Organoheterocyclic compounds;Azoles;Imidazoles
17784,Carboxylic acid derivatives,0.88,CHEMONTID:0001093,4,CHEMONTID:0000265,CHEMONTID:0000000;CHEMONTID:0000264;CHEMONTID:0000265;CHEMONTID:0001093,Organic compounds;Organic acids and derivatives;Carboxylic acids and derivatives;Carboxylic acid derivatives
2286,Alcohols and polyols,0.98,CHEMONTID:0000129,4,CHEMONTID:0000323,CHEMONTID:0000000;CHEMONTID:0004603;CHEMONTID:0000323;CHEMONTID:0000129,Organic compounds;Organic oxygen compounds;Organooxygen compounds;Alcohols and polyols
3348,Pyrimidines and pyrimidine derivatives,0.96,CHEMONTID:0000075,4,CHEMONTID:0001346,CHEMONTID:0000000;CHEMONTID:0000002;CHEMONTID:0001346;CHEMONTID:0000075,Organic compounds;Organoheterocyclic compounds;Diazines;Pyrimidines and pyrimidine derivatives
481,N-acyl amines,0.89,CHEMONTID:0001096,5,CHEMONTID:0000331,CHEMONTID:0000000;CHEMONTID:0000012;CHEMONTID:0003909;CHEMONTID:0000331;CHEMONTID:0001096,Organic compounds;Lipids and lipid-like molecules;Fatty Acyls;Fatty amides;N-acyl amines
14312,Carbonyl compounds,0.89,CHEMONTID:0001831,4,CHEMONTID:0000323,CHEMONTID:0000000;CHEMONTID:0004603;CHEMONTID:0000323;CHEMONTID:0001831,Organic compounds;Organic oxygen compounds;Organooxygen compounds;Carbonyl compounds
5143,Alcohols and polyols,0.83,CHEMONTID:0000129,4,CHEMONTID:0000323,CHEMONTID:0000000;CHEMONTID:0004603;CHEMONTID:0000323;CHEMONTID:0000129,Organic compounds;Organic oxygen compounds;Organooxygen compounds;Alcohols and polyols
2242,Trialkylamines,0.97,CHEMONTID:0002239,6,CHEMONTID:0002452,CHEMONTID:0000000;CHEMONTID:0004707;CHEMONTID:0000278;CHEMONTID:0002449;CHEMONTID:0002452;CHEMONTID:0002239,Organic compounds;Organic nitrogen compounds;Organonitrogen compounds;Amines;Tertiary amines;Trialkylamines
797,Primary amines,0.97,CHEMONTID:0002450,5,CHEMONTID:0002449,CHEMONTID:0000000;CHEMONTID:0004707;CHEMONTID:0000278;CHEMONTID:0002449;CHEMONTID:0002450,Organic compounds;Organic nitrogen compounds;Organonitrogen compounds;Amines;Primary amines
17125,Purines and purine derivatives,1,CHEMONTID:0000245,4,CHEMONTID:0001797,CHEMONTID:0000000;CHEMONTID:0000002;CHEMONTID:0001797;CHEMONTID:0000245,Organic compounds;Organoheterocyclic compounds;Imidazopyrimidines;Purines and purine derivatives
8417,Carbonyl compounds,0.99,CHEMONTID:0001831,4,CHEMONTID:0000323,CHEMONTID:0000000;CHEMONTID:0004603;CHEMONTID:0000323;CHEMONTID:0001831,Organic compounds;Organic oxygen compounds;Organooxygen compounds;Carbonyl compounds
11240,Carbonyl compounds,0.89,CHEMONTID:0001831,4,CHEMONTID:0000323,CHEMONTID:0000000;CHEMONTID:0004603;CHEMONTID:0000323;CHEMONTID:0001831,Organic compounds;Organic oxygen compounds;Organooxygen compounds;Carbonyl compounds
15365,Carbonyl compounds,0.88,CHEMONTID:0001831,4,CHEMONTID:0000323,CHEMONTID:0000000;CHEMONTID:0004603;CHEMONTID:0000323;CHEMONTID:0001831,Organic compounds;Organic oxygen compounds;Organooxygen compounds;Carbonyl compounds
12376,Carbonyl compounds,0.84,CHEMONTID:0001831,4,CHEMONTID:0000323,CHEMONTID:0000000;CHEMONTID:0004603;CHEMONTID:0000323;CHEMONTID:0001831,Organic compounds;Organic oxygen compounds;Organooxygen compounds;Carbonyl compounds
18936,Carbonyl compounds,0.89,CHEMONTID:0001831,4,CHEMONTID:0000323,CHEMONTID:0000000;CHEMONTID:0004603;CHEMONTID:0000323;CHEMONTID:0001831,Organic compounds;Organic oxygen compounds;Organooxygen compounds;Carbonyl compounds
15682,Carbonyl compounds,0.99,CHEMONTID:0001831,4,CHEMONTID:0000323,CHEMONTID:0000000;CHEMONTID:0004603;CHEMONTID:0000323;CHEMONTID:0001831,Organic compounds;Organic oxygen compounds;Organooxygen compounds;Carbonyl compounds
13651,Carbonyl compounds,1,CHEMONTID:0001831,4,CHEMONTID:0000323,CHEMONTID:0000000;CHEMONTID:0004603;CHEMONTID:0000323;CHEMONTID:0001831,Organic compounds;Organic oxygen compounds;Organooxygen compounds;Carbonyl compounds
12968,Amines,0.98,CHEMONTID:0002449,4,CHEMONTID:0000278,CHEMONTID:0000000;CHEMONTID:0004707;CHEMONTID:0000278;CHEMONTID:0002449,Organic compounds;Organic nitrogen compounds;Organonitrogen compounds;Amines
10288,Carbonyl compounds,0.9,CHEMONTID:0001831,4,CHEMONTID:0000323,CHEMONTID:0000000;CHEMONTID:0004603;CHEMONTID:0000323;CHEMONTID:0001831,Organic compounds;Organic oxygen compounds;Organooxygen compounds;Carbonyl compounds
2028,Amines,0.87,CHEMONTID:0002449,4,CHEMONTID:0000278,CHEMONTID:0000000;CHEMONTID:0004707;CHEMONTID:0000278;CHEMONTID:0002449,Organic compounds;Organic nitrogen compounds;Organonitrogen compounds;Amines
14192,Carbonyl compounds,0.83,CHEMONTID:0001831,4,CHEMONTID:0000323,CHEMONTID:0000000;CHEMONTID:0004603;CHEMONTID:0000323;CHEMONTID:0001831,Organic compounds;Organic oxygen compounds;Organooxygen compounds;Carbonyl compounds
15566,Amines,0.96,CHEMONTID:0002449,4,CHEMONTID:0000278,CHEMONTID:0000000;CHEMONTID:0004707;CHEMONTID:0000278;CHEMONTID:0002449,Organic compounds;Organic nitrogen compounds;Organonitrogen compounds;Amines
12423,Carbonyl compounds,0.9,CHEMONTID:0001831,4,CHEMONTID:0000323,CHEMONTID:0000000;CHEMONTID:0004603;CHEMONTID:0000323;CHEMONTID:0001831,Organic compounds;Organic oxygen compounds;Organooxygen compounds;Carbonyl compounds
12896,"1,2-diacylglycerols",0.96,CHEMONTID:0001644,6,CHEMONTID:0001129,CHEMONTID:0000000;CHEMONTID:0000012;CHEMONTID:0000175;CHEMONTID:0003809;CHEMONTID:0001129;CHEMONTID:0001644,"Organic compounds;Lipids and lipid-like molecules;Glycerolipids;Diradylglycerols;Diacylglycerols;1,2-diacylglycerols"
15290,Ethers,0.87,CHEMONTID:0000254,4,CHEMONTID:0000323,CHEMONTID:0000000;CHEMONTID:0004603;CHEMONTID:0000323;CHEMONTID:0000254,Organic compounds;Organic oxygen compounds;Organooxygen compounds;Ethers
5794,Carboxylic acid derivatives,0.91,CHEMONTID:0001093,4,CHEMONTID:0000265,CHEMONTID:0000000;CHEMONTID:0000264;CHEMONTID:0000265;CHEMONTID:0001093,Organic compounds;Organic acids and derivatives;Carboxylic acids and derivatives;Carboxylic acid derivatives
6262,Amines,1,CHEMONTID:0002449,4,CHEMONTID:0000278,CHEMONTID:0000000;CHEMONTID:0004707;CHEMONTID:0000278;CHEMONTID:0002449,Organic compounds;Organic nitrogen compounds;Organonitrogen compounds;Amines
15136,Monoalkylamines,1,CHEMONTID:0000469,6,CHEMONTID:0002450,CHEMONTID:0000000;CHEMONTID:0004707;CHEMONTID:0000278;CHEMONTID:0002449;CHEMONTID:0002450;CHEMONTID:0000469,Organic compounds;Organic nitrogen compounds;Organonitrogen compounds;Amines;Primary amines;Monoalkylamines
15694,Carbohydrates and carbohydrate conjugates,1,CHEMONTID:0000011,4,CHEMONTID:0000323,CHEMONTID:0000000;CHEMONTID:0004603;CHEMONTID:0000323;CHEMONTID:0000011,Organic compounds;Organic oxygen compounds;Organooxygen compounds;Carbohydrates and carbohydrate conjugates
13647,Carbonyl compounds,0.95,CHEMONTID:0001831,4,CHEMONTID:0000323,CHEMONTID:0000000;CHEMONTID:0004603;CHEMONTID:0000323;CHEMONTID:0001831,Organic compounds;Organic oxygen compounds;Organooxygen compounds;Carbonyl compounds
2060,Carbonyl compounds,0.9,CHEMONTID:0001831,4,CHEMONTID:0000323,CHEMONTID:0000000;CHEMONTID:0004603;CHEMONTID:0000323;CHEMONTID:0001831,Organic compounds;Organic oxygen compounds;Organooxygen compounds;Carbonyl compounds
1105,Carboximidamides,0.94,CHEMONTID:0003152,4,CHEMONTID:0000278,CHEMONTID:0000000;CHEMONTID:0004707;CHEMONTID:0000278;CHEMONTID:0003152,Organic compounds;Organic nitrogen compounds;Organonitrogen compounds;Carboximidamides
2492,Carboxylic acid derivatives,0.9,CHEMONTID:0001093,4,CHEMONTID:0000265,CHEMONTID:0000000;CHEMONTID:0000264;CHEMONTID:0000265;CHEMONTID:0001093,Organic compounds;Organic acids and derivatives;Carboxylic acids and derivatives;Carboxylic acid derivatives
10813,Carboxylic acid derivatives,0.87,CHEMONTID:0001093,4,CHEMONTID:0000265,CHEMONTID:0000000;CHEMONTID:0000264;CHEMONTID:0000265;CHEMONTID:0001093,Organic compounds;Organic acids and derivatives;Carboxylic acids and derivatives;Carboxylic acid derivatives
8402,Carbonyl compounds,0.97,CHEMONTID:0001831,4,CHEMONTID:0000323,CHEMONTID:0000000;CHEMONTID:0004603;CHEMONTID:0000323;CHEMONTID:0001831,Organic compounds;Organic oxygen compounds;Organooxygen compounds;Carbonyl compounds
7743,Carbonyl compounds,0.99,CHEMONTID:0001831,4,CHEMONTID:0000323,CHEMONTID:0000000;CHEMONTID:0004603;CHEMONTID:0000323;CHEMONTID:0001831,Organic compounds;Organic oxygen compounds;Organooxygen compounds;Carbonyl compounds
3082,Carboxylic acid derivatives,0.86,CHEMONTID:0001093,4,CHEMONTID:0000265,CHEMONTID:0000000;CHEMONTID:0000264;CHEMONTID:0000265;CHEMONTID:0001093,Organic compounds;Organic acids and derivatives;Carboxylic acids and derivatives;Carboxylic acid derivatives
20595,Carbonyl compounds,0.95,CHEMONTID:0001831,4,CHEMONTID:0000323,CHEMONTID:0000000;CHEMONTID:0004603;CHEMONTID:0000323;CHEMONTID:0001831,Organic compounds;Organic oxygen compounds;Organooxygen compounds;Carbonyl compounds
8449,Carbonyl compounds,0.9,CHEMONTID:0001831,4,CHEMONTID:0000323,CHEMONTID:0000000;CHEMONTID:0004603;CHEMONTID:0000323;CHEMONTID:0001831,Organic compounds;Organic oxygen compounds;Organooxygen compounds;Carbonyl compounds
11845,Alcohols and polyols,1,CHEMONTID:0000129,4,CHEMONTID:0000323,CHEMONTID:0000000;CHEMONTID:0004603;CHEMONTID:0000323;CHEMONTID:0000129,Organic compounds;Organic oxygen compounds;Organooxygen compounds;Alcohols and polyols
10807,Carboximidamides,0.93,CHEMONTID:0003152,4,CHEMONTID:0000278,CHEMONTID:0000000;CHEMONTID:0004707;CHEMONTID:0000278;CHEMONTID:0003152,Organic compounds;Organic nitrogen compounds;Organonitrogen compounds;Carboximidamides
9913,Carbonyl compounds,0.99,CHEMONTID:0001831,4,CHEMONTID:0000323,CHEMONTID:0000000;CHEMONTID:0004603;CHEMONTID:0000323;CHEMONTID:0001831,Organic compounds;Organic oxygen compounds;Organooxygen compounds;Carbonyl compounds
3093,Alkyl phosphates,0.89,CHEMONTID:0003457,5,CHEMONTID:0000408,CHEMONTID:0000000;CHEMONTID:0000264;CHEMONTID:0000402;CHEMONTID:0000408;CHEMONTID:0003457,Organic compounds;Organic acids and derivatives;Organic phosphoric acids and derivatives;Phosphate esters;Alkyl phosphates
18717,Carbonyl compounds,0.86,CHEMONTID:0001831,4,CHEMONTID:0000323,CHEMONTID:0000000;CHEMONTID:0004603;CHEMONTID:0000323;CHEMONTID:0001831,Organic compounds;Organic oxygen compounds;Organooxygen compounds;Carbonyl compounds
16753,Amines,0.93,CHEMONTID:0002449,4,CHEMONTID:0000278,CHEMONTID:0000000;CHEMONTID:0004707;CHEMONTID:0000278;CHEMONTID:0002449,Organic compounds;Organic nitrogen compounds;Organonitrogen compounds;Amines
17631,Triazoles,0.89,CHEMONTID:0000099,4,CHEMONTID:0000436,CHEMONTID:0000000;CHEMONTID:0000002;CHEMONTID:0000436;CHEMONTID:0000099,Organic compounds;Organoheterocyclic compounds;Azoles;Triazoles
8104,Monoalkylamines,1,CHEMONTID:0000469,6,CHEMONTID:0002450,CHEMONTID:0000000;CHEMONTID:0004707;CHEMONTID:0000278;CHEMONTID:0002449;CHEMONTID:0002450;CHEMONTID:0000469,Organic compounds;Organic nitrogen compounds;Organonitrogen compounds;Amines;Primary amines;Monoalkylamines
16338,Carbonyl compounds,0.81,CHEMONTID:0001831,4,CHEMONTID:0000323,CHEMONTID:0000000;CHEMONTID:0004603;CHEMONTID:0000323;CHEMONTID:0001831,Organic compounds;Organic oxygen compounds;Organooxygen compounds;Carbonyl compounds
2039,Dialkyl ethers,0.94,CHEMONTID:0001167,5,CHEMONTID:0000254,CHEMONTID:0000000;CHEMONTID:0004603;CHEMONTID:0000323;CHEMONTID:0000254;CHEMONTID:0001167,Organic compounds;Organic oxygen compounds;Organooxygen compounds;Ethers;Dialkyl ethers
7319,Fatty amides,0.88,CHEMONTID:0000331,4,CHEMONTID:0003909,CHEMONTID:0000000;CHEMONTID:0000012;CHEMONTID:0003909;CHEMONTID:0000331,Organic compounds;Lipids and lipid-like molecules;Fatty Acyls;Fatty amides
11896,Carbonyl compounds,0.96,CHEMONTID:0001831,4,CHEMONTID:0000323,CHEMONTID:0000000;CHEMONTID:0004603;CHEMONTID:0000323;CHEMONTID:0001831,Organic compounds;Organic oxygen compounds;Organooxygen compounds;Carbonyl compounds
12882,Amines,0.9,CHEMONTID:0002449,4,CHEMONTID:0000278,CHEMONTID:0000000;CHEMONTID:0004707;CHEMONTID:0000278;CHEMONTID:0002449,Organic compounds;Organic nitrogen compounds;Organonitrogen compounds;Amines
7801,Ethers,0.84,CHEMONTID:0000254,4,CHEMONTID:0000323,CHEMONTID:0000000;CHEMONTID:0004603;CHEMONTID:0000323;CHEMONTID:0000254,Organic compounds;Organic oxygen compounds;Organooxygen compounds;Ethers
15122,Ethers,1,CHEMONTID:0000254,4,CHEMONTID:0000323,CHEMONTID:0000000;CHEMONTID:0004603;CHEMONTID:0000323;CHEMONTID:0000254,Organic compounds;Organic oxygen compounds;Organooxygen compounds;Ethers
19612,Carbonyl compounds,0.96,CHEMONTID:0001831,4,CHEMONTID:0000323,CHEMONTID:0000000;CHEMONTID:0004603;CHEMONTID:0000323;CHEMONTID:0001831,Organic compounds;Organic oxygen compounds;Organooxygen compounds;Carbonyl compounds
17319,Amines,0.95,CHEMONTID:0002449,4,CHEMONTID:0000278,CHEMONTID:0000000;CHEMONTID:0004707;CHEMONTID:0000278;CHEMONTID:0002449,Organic compounds;Organic nitrogen compounds;Organonitrogen compounds;Amines
19074,Carboximidamides,0.84,CHEMONTID:0003152,4,CHEMONTID:0000278,CHEMONTID:0000000;CHEMONTID:0004707;CHEMONTID:0000278;CHEMONTID:0003152,Organic compounds;Organic nitrogen compounds;Organonitrogen compounds;Carboximidamides
4948,Carbonyl compounds,0.87,CHEMONTID:0001831,4,CHEMONTID:0000323,CHEMONTID:0000000;CHEMONTID:0004603;CHEMONTID:0000323;CHEMONTID:0001831,Organic compounds;Organic oxygen compounds;Organooxygen compounds;Carbonyl compounds
17676,Pyrimidines and pyrimidine derivatives,1,CHEMONTID:0000075,4,CHEMONTID:0001346,CHEMONTID:0000000;CHEMONTID:0000002;CHEMONTID:0001346;CHEMONTID:0000075,Organic compounds;Organoheterocyclic compounds;Diazines;Pyrimidines and pyrimidine derivatives
2104,Amines,0.95,CHEMONTID:0002449,4,CHEMONTID:0000278,CHEMONTID:0000000;CHEMONTID:0004707;CHEMONTID:0000278;CHEMONTID:0002449,Organic compounds;Organic nitrogen compounds;Organonitrogen compounds;Amines
9471,Carbonyl compounds,0.86,CHEMONTID:0001831,4,CHEMONTID:0000323,CHEMONTID:0000000;CHEMONTID:0004603;CHEMONTID:0000323;CHEMONTID:0001831,Organic compounds;Organic oxygen compounds;Organooxygen compounds;Carbonyl compounds
6273,Carbonyl compounds,0.9,CHEMONTID:0001831,4,CHEMONTID:0000323,CHEMONTID:0000000;CHEMONTID:0004603;CHEMONTID:0000323;CHEMONTID:0001831,Organic compounds;Organic oxygen compounds;Organooxygen compounds;Carbonyl compounds
2799,Carboxylic acid derivatives,0.88,CHEMONTID:0001093,4,CHEMONTID:0000265,CHEMONTID:0000000;CHEMONTID:0000264;CHEMONTID:0000265;CHEMONTID:0001093,Organic compounds;Organic acids and derivatives;Carboxylic acids and derivatives;Carboxylic acid derivatives
15324,Primary amines,0.98,CHEMONTID:0002450,5,CHEMONTID:0002449,CHEMONTID:0000000;CHEMONTID:0004707;CHEMONTID:0000278;CHEMONTID:0002449;CHEMONTID:0002450,Organic compounds;Organic nitrogen compounds;Organonitrogen compounds;Amines;Primary amines
7504,Amines,0.98,CHEMONTID:0002449,4,CHEMONTID:0000278,CHEMONTID:0000000;CHEMONTID:0004707;CHEMONTID:0000278;CHEMONTID:0002449,Organic compounds;Organic nitrogen compounds;Organonitrogen compounds;Amines
16878,Amines,1,CHEMONTID:0002449,4,CHEMONTID:0000278,CHEMONTID:0000000;CHEMONTID:0004707;CHEMONTID:0000278;CHEMONTID:0002449,Organic compounds;Organic nitrogen compounds;Organonitrogen compounds;Amines
13800,Carbonyl compounds,0.94,CHEMONTID:0001831,4,CHEMONTID:0000323,CHEMONTID:0000000;CHEMONTID:0004603;CHEMONTID:0000323;CHEMONTID:0001831,Organic compounds;Organic oxygen compounds;Organooxygen compounds;Carbonyl compounds
9328,Carboxylic acid derivatives,0.99,CHEMONTID:0001093,4,CHEMONTID:0000265,CHEMONTID:0000000;CHEMONTID:0000264;CHEMONTID:0000265;CHEMONTID:0001093,Organic compounds;Organic acids and derivatives;Carboxylic acids and derivatives;Carboxylic acid derivatives
18922,Amines,0.95,CHEMONTID:0002449,4,CHEMONTID:0000278,CHEMONTID:0000000;CHEMONTID:0004707;CHEMONTID:0000278;CHEMONTID:0002449,Organic compounds;Organic nitrogen compounds;Organonitrogen compounds;Amines
15603,Dialkyl ethers,0.95,CHEMONTID:0001167,5,CHEMONTID:0000254,CHEMONTID:0000000;CHEMONTID:0004603;CHEMONTID:0000323;CHEMONTID:0000254;CHEMONTID:0001167,Organic compounds;Organic oxygen compounds;Organooxygen compounds;Ethers;Dialkyl ethers
4265,Carbonyl compounds,0.93,CHEMONTID:0001831,4,CHEMONTID:0000323,CHEMONTID:0000000;CHEMONTID:0004603;CHEMONTID:0000323;CHEMONTID:0001831,Organic compounds;Organic oxygen compounds;Organooxygen compounds;Carbonyl compounds
11474,Carbonyl compounds,0.93,CHEMONTID:0001831,4,CHEMONTID:0000323,CHEMONTID:0000000;CHEMONTID:0004603;CHEMONTID:0000323;CHEMONTID:0001831,Organic compounds;Organic oxygen compounds;Organooxygen compounds;Carbonyl compounds
7781,Amines,0.95,CHEMONTID:0002449,4,CHEMONTID:0000278,CHEMONTID:0000000;CHEMONTID:0004707;CHEMONTID:0000278;CHEMONTID:0002449,Organic compounds;Organic nitrogen compounds;Organonitrogen compounds;Amines
15447,Amines,0.96,CHEMONTID:0002449,4,CHEMONTID:0000278,CHEMONTID:0000000;CHEMONTID:0004707;CHEMONTID:0000278;CHEMONTID:0002449,Organic compounds;Organic nitrogen compounds;Organonitrogen compounds;Amines
14643,Amines,0.86,CHEMONTID:0002449,4,CHEMONTID:0000278,CHEMONTID:0000000;CHEMONTID:0004707;CHEMONTID:0000278;CHEMONTID:0002449,Organic compounds;Organic nitrogen compounds;Organonitrogen compounds;Amines
1711,Monoalkylamines,0.98,CHEMONTID:0000469,6,CHEMONTID:0002450,CHEMONTID:0000000;CHEMONTID:0004707;CHEMONTID:0000278;CHEMONTID:0002449;CHEMONTID:0002450;CHEMONTID:0000469,Organic compounds;Organic nitrogen compounds;Organonitrogen compounds;Amines;Primary amines;Monoalkylamines
4258,Aminosaccharides,1,CHEMONTID:0003305,5,CHEMONTID:0000011,CHEMONTID:0000000;CHEMONTID:0004603;CHEMONTID:0000323;CHEMONTID:0000011;CHEMONTID:0003305,Organic compounds;Organic oxygen compounds;Organooxygen compounds;Carbohydrates and carbohydrate conjugates;Aminosaccharides
20227,Monoalkylamines,1,CHEMONTID:0000469,6,CHEMONTID:0002450,CHEMONTID:0000000;CHEMONTID:0004707;CHEMONTID:0000278;CHEMONTID:0002449;CHEMONTID:0002450;CHEMONTID:0000469,Organic compounds;Organic nitrogen compounds;Organonitrogen compounds;Amines;Primary amines;Monoalkylamines
6605,Carboxylic acid derivatives,0.94,CHEMONTID:0001093,4,CHEMONTID:0000265,CHEMONTID:0000000;CHEMONTID:0000264;CHEMONTID:0000265;CHEMONTID:0001093,Organic compounds;Organic acids and derivatives;Carboxylic acids and derivatives;Carboxylic acid derivatives
11852,Monoalkylamines,0.95,CHEMONTID:0000469,6,CHEMONTID:0002450,CHEMONTID:0000000;CHEMONTID:0004707;CHEMONTID:0000278;CHEMONTID:0002449;CHEMONTID:0002450;CHEMONTID:0000469,Organic compounds;Organic nitrogen compounds;Organonitrogen compounds;Amines;Primary amines;Monoalkylamines
588,Carbonyl compounds,0.95,CHEMONTID:0001831,4,CHEMONTID:0000323,CHEMONTID:0000000;CHEMONTID:0004603;CHEMONTID:0000323;CHEMONTID:0001831,Organic compounds;Organic oxygen compounds;Organooxygen compounds;Carbonyl compounds
14855,Amino acids and derivatives,0.98,CHEMONTID:0000347,5,CHEMONTID:0000013,CHEMONTID:0000000;CHEMONTID:0000264;CHEMONTID:0000265;CHEMONTID:0000013;CHEMONTID:0000347,"Organic compounds;Organic acids and derivatives;Carboxylic acids and derivatives;Amino acids, peptides, and analogues;Amino acids and derivatives"
4741,Secondary alcohols,0.84,CHEMONTID:0001661,5,CHEMONTID:0000129,CHEMONTID:0000000;CHEMONTID:0004603;CHEMONTID:0000323;CHEMONTID:0000129;CHEMONTID:0001661,Organic compounds;Organic oxygen compounds;Organooxygen compounds;Alcohols and polyols;Secondary alcohols
20577,Amines,0.97,CHEMONTID:0002449,4,CHEMONTID:0000278,CHEMONTID:0000000;CHEMONTID:0004707;CHEMONTID:0000278;CHEMONTID:0002449,Organic compounds;Organic nitrogen compounds;Organonitrogen compounds;Amines
15820,Ureas,0.88,CHEMONTID:0000517,4,CHEMONTID:0000364,CHEMONTID:0000000;CHEMONTID:0000264;CHEMONTID:0000364;CHEMONTID:0000517,Organic compounds;Organic acids and derivatives;Organic carbonic acids and derivatives;Ureas
14748,Carbonyl compounds,0.98,CHEMONTID:0001831,4,CHEMONTID:0000323,CHEMONTID:0000000;CHEMONTID:0004603;CHEMONTID:0000323;CHEMONTID:0001831,Organic compounds;Organic oxygen compounds;Organooxygen compounds;Carbonyl compounds
4327,Alcohols and polyols,0.83,CHEMONTID:0000129,4,CHEMONTID:0000323,CHEMONTID:0000000;CHEMONTID:0004603;CHEMONTID:0000323;CHEMONTID:0000129,Organic compounds;Organic oxygen compounds;Organooxygen compounds;Alcohols and polyols
8111,Carbohydrates and carbohydrate conjugates,1,CHEMONTID:0000011,4,CHEMONTID:0000323,CHEMONTID:0000000;CHEMONTID:0004603;CHEMONTID:0000323;CHEMONTID:0000011,Organic compounds;Organic oxygen compounds;Organooxygen compounds;Carbohydrates and carbohydrate conjugates
11792,Carboxylic acid derivatives,0.91,CHEMONTID:0001093,4,CHEMONTID:0000265,CHEMONTID:0000000;CHEMONTID:0000264;CHEMONTID:0000265;CHEMONTID:0001093,Organic compounds;Organic acids and derivatives;Carboxylic acids and derivatives;Carboxylic acid derivatives
15178,Amines,0.96,CHEMONTID:0002449,4,CHEMONTID:0000278,CHEMONTID:0000000;CHEMONTID:0004707;CHEMONTID:0000278;CHEMONTID:0002449,Organic compounds;Organic nitrogen compounds;Organonitrogen compounds;Amines
16357,Monoalkylamines,1,CHEMONTID:0000469,6,CHEMONTID:0002450,CHEMONTID:0000000;CHEMONTID:0004707;CHEMONTID:0000278;CHEMONTID:0002449;CHEMONTID:0002450;CHEMONTID:0000469,Organic compounds;Organic nitrogen compounds;Organonitrogen compounds;Amines;Primary amines;Monoalkylamines
16521,Dialkyl ethers,0.95,CHEMONTID:0001167,5,CHEMONTID:0000254,CHEMONTID:0000000;CHEMONTID:0004603;CHEMONTID:0000323;CHEMONTID:0000254;CHEMONTID:0001167,Organic compounds;Organic oxygen compounds;Organooxygen compounds;Ethers;Dialkyl ethers
8783,Carboxylic acid derivatives,0.85,CHEMONTID:0001093,4,CHEMONTID:0000265,CHEMONTID:0000000;CHEMONTID:0000264;CHEMONTID:0000265;CHEMONTID:0001093,Organic compounds;Organic acids and derivatives;Carboxylic acids and derivatives;Carboxylic acid derivatives
13307,Carbonyl compounds,0.81,CHEMONTID:0001831,4,CHEMONTID:0000323,CHEMONTID:0000000;CHEMONTID:0004603;CHEMONTID:0000323;CHEMONTID:0001831,Organic compounds;Organic oxygen compounds;Organooxygen compounds;Carbonyl compounds
14141,Porphyrins,0.94,CHEMONTID:0000212,4,CHEMONTID:0001455,CHEMONTID:0000000;CHEMONTID:0000002;CHEMONTID:0001455;CHEMONTID:0000212,Organic compounds;Organoheterocyclic compounds;Tetrapyrroles and derivatives;Porphyrins
17678,Dialkyl ethers,0.92,CHEMONTID:0001167,5,CHEMONTID:0000254,CHEMONTID:0000000;CHEMONTID:0004603;CHEMONTID:0000323;CHEMONTID:0000254;CHEMONTID:0001167,Organic compounds;Organic oxygen compounds;Organooxygen compounds;Ethers;Dialkyl ethers
16554,Carbonyl compounds,0.98,CHEMONTID:0001831,4,CHEMONTID:0000323,CHEMONTID:0000000;CHEMONTID:0004603;CHEMONTID:0000323;CHEMONTID:0001831,Organic compounds;Organic oxygen compounds;Organooxygen compounds;Carbonyl compounds
3340,Carbonyl compounds,0.91,CHEMONTID:0001831,4,CHEMONTID:0000323,CHEMONTID:0000000;CHEMONTID:0004603;CHEMONTID:0000323;CHEMONTID:0001831,Organic compounds;Organic oxygen compounds;Organooxygen compounds;Carbonyl compounds
157,Carbohydrates and carbohydrate conjugates,0.94,CHEMONTID:0000011,4,CHEMONTID:0000323,CHEMONTID:0000000;CHEMONTID:0004603;CHEMONTID:0000323;CHEMONTID:0000011,Organic compounds;Organic oxygen compounds;Organooxygen compounds;Carbohydrates and carbohydrate conjugates
12096,Ethers,0.91,CHEMONTID:0000254,4,CHEMONTID:0000323,CHEMONTID:0000000;CHEMONTID:0004603;CHEMONTID:0000323;CHEMONTID:0000254,Organic compounds;Organic oxygen compounds;Organooxygen compounds;Ethers
8960,Amines,0.9,CHEMONTID:0002449,4,CHEMONTID:0000278,CHEMONTID:0000000;CHEMONTID:0004707;CHEMONTID:0000278;CHEMONTID:0002449,Organic compounds;Organic nitrogen compounds;Organonitrogen compounds;Amines
14114,Carbonyl compounds,0.88,CHEMONTID:0001831,4,CHEMONTID:0000323,CHEMONTID:0000000;CHEMONTID:0004603;CHEMONTID:0000323;CHEMONTID:0001831,Organic compounds;Organic oxygen compounds;Organooxygen compounds;Carbonyl compounds
16340,Carboxylic acid derivatives,0.85,CHEMONTID:0001093,4,CHEMONTID:0000265,CHEMONTID:0000000;CHEMONTID:0000264;CHEMONTID:0000265;CHEMONTID:0001093,Organic compounds;Organic acids and derivatives;Carboxylic acids and derivatives;Carboxylic acid derivatives
11659,Amino acids and derivatives,0.98,CHEMONTID:0000347,5,CHEMONTID:0000013,CHEMONTID:0000000;CHEMONTID:0000264;CHEMONTID:0000265;CHEMONTID:0000013;CHEMONTID:0000347,"Organic compounds;Organic acids and derivatives;Carboxylic acids and derivatives;Amino acids, peptides, and analogues;Amino acids and derivatives"
13405,Amines,0.99,CHEMONTID:0002449,4,CHEMONTID:0000278,CHEMONTID:0000000;CHEMONTID:0004707;CHEMONTID:0000278;CHEMONTID:0002449,Organic compounds;Organic nitrogen compounds;Organonitrogen compounds;Amines
15040,Carbohydrates and carbohydrate conjugates,0.99,CHEMONTID:0000011,4,CHEMONTID:0000323,CHEMONTID:0000000;CHEMONTID:0004603;CHEMONTID:0000323;CHEMONTID:0000011,Organic compounds;Organic oxygen compounds;Organooxygen compounds;Carbohydrates and carbohydrate conjugates
2035,Carbonyl compounds,0.87,CHEMONTID:0001831,4,CHEMONTID:0000323,CHEMONTID:0000000;CHEMONTID:0004603;CHEMONTID:0000323;CHEMONTID:0001831,Organic compounds;Organic oxygen compounds;Organooxygen compounds;Carbonyl compounds
1335,Dialkyl ethers,0.96,CHEMONTID:0001167,5,CHEMONTID:0000254,CHEMONTID:0000000;CHEMONTID:0004603;CHEMONTID:0000323;CHEMONTID:0000254;CHEMONTID:0001167,Organic compounds;Organic oxygen compounds;Organooxygen compounds;Ethers;Dialkyl ethers
13488,Carbonyl compounds,0.95,CHEMONTID:0001831,4,CHEMONTID:0000323,CHEMONTID:0000000;CHEMONTID:0004603;CHEMONTID:0000323;CHEMONTID:0001831,Organic compounds;Organic oxygen compounds;Organooxygen compounds;Carbonyl compounds
15676,Trialkylamines,0.96,CHEMONTID:0002239,6,CHEMONTID:0002452,CHEMONTID:0000000;CHEMONTID:0004707;CHEMONTID:0000278;CHEMONTID:0002449;CHEMONTID:0002452;CHEMONTID:0002239,Organic compounds;Organic nitrogen compounds;Organonitrogen compounds;Amines;Tertiary amines;Trialkylamines
14367,Amino acids,1,CHEMONTID:0004176,6,CHEMONTID:0000347,CHEMONTID:0000000;CHEMONTID:0000264;CHEMONTID:0000265;CHEMONTID:0000013;CHEMONTID:0000347;CHEMONTID:0004176,"Organic compounds;Organic acids and derivatives;Carboxylic acids and derivatives;Amino acids, peptides, and analogues;Amino acids and derivatives;Amino acids"
12596,Carboxylic acid derivatives,0.89,CHEMONTID:0001093,4,CHEMONTID:0000265,CHEMONTID:0000000;CHEMONTID:0000264;CHEMONTID:0000265;CHEMONTID:0001093,Organic compounds;Organic acids and derivatives;Carboxylic acids and derivatives;Carboxylic acid derivatives
14022,Primary amines,0.99,CHEMONTID:0002450,5,CHEMONTID:0002449,CHEMONTID:0000000;CHEMONTID:0004707;CHEMONTID:0000278;CHEMONTID:0002449;CHEMONTID:0002450,Organic compounds;Organic nitrogen compounds;Organonitrogen compounds;Amines;Primary amines
6834,Amines,0.98,CHEMONTID:0002449,4,CHEMONTID:0000278,CHEMONTID:0000000;CHEMONTID:0004707;CHEMONTID:0000278;CHEMONTID:0002449,Organic compounds;Organic nitrogen compounds;Organonitrogen compounds;Amines
7620,Carbonyl compounds,0.96,CHEMONTID:0001831,4,CHEMONTID:0000323,CHEMONTID:0000000;CHEMONTID:0004603;CHEMONTID:0000323;CHEMONTID:0001831,Organic compounds;Organic oxygen compounds;Organooxygen compounds;Carbonyl compounds
17740,Carbonyl compounds,0.89,CHEMONTID:0001831,4,CHEMONTID:0000323,CHEMONTID:0000000;CHEMONTID:0004603;CHEMONTID:0000323;CHEMONTID:0001831,Organic compounds;Organic oxygen compounds;Organooxygen compounds;Carbonyl compounds
15106,Ethers,1,CHEMONTID:0000254,4,CHEMONTID:0000323,CHEMONTID:0000000;CHEMONTID:0004603;CHEMONTID:0000323;CHEMONTID:0000254,Organic compounds;Organic oxygen compounds;Organooxygen compounds;Ethers
554,Guanidines,0.86,CHEMONTID:0000375,4,CHEMONTID:0000278,CHEMONTID:0000000;CHEMONTID:0004707;CHEMONTID:0000278;CHEMONTID:0000375,Organic compounds;Organic nitrogen compounds;Organonitrogen compounds;Guanidines
13357,N-acyl-alpha amino acids,1,CHEMONTID:0002402,8,CHEMONTID:0001189,CHEMONTID:0000000;CHEMONTID:0000264;CHEMONTID:0000265;CHEMONTID:0000013;CHEMONTID:0000347;CHEMONTID:0000060;CHEMONTID:0001189;CHEMONTID:0002402,"Organic compounds;Organic acids and derivatives;Carboxylic acids and derivatives;Amino acids, peptides, and analogues;Amino acids and derivatives;Alpha amino acids and derivatives;N-acyl-alpha amino acids and derivatives;N-acyl-alpha amino acids"
10881,Carboxylic acid derivatives,0.98,CHEMONTID:0001093,4,CHEMONTID:0000265,CHEMONTID:0000000;CHEMONTID:0000264;CHEMONTID:0000265;CHEMONTID:0001093,Organic compounds;Organic acids and derivatives;Carboxylic acids and derivatives;Carboxylic acid derivatives
8606,Carboxylic acid derivatives,0.82,CHEMONTID:0001093,4,CHEMONTID:0000265,CHEMONTID:0000000;CHEMONTID:0000264;CHEMONTID:0000265;CHEMONTID:0001093,Organic compounds;Organic acids and derivatives;Carboxylic acids and derivatives;Carboxylic acid derivatives
3736,Amines,0.9,CHEMONTID:0002449,4,CHEMONTID:0000278,CHEMONTID:0000000;CHEMONTID:0004707;CHEMONTID:0000278;CHEMONTID:0002449,Organic compounds;Organic nitrogen compounds;Organonitrogen compounds;Amines
13541,Amines,0.92,CHEMONTID:0002449,4,CHEMONTID:0000278,CHEMONTID:0000000;CHEMONTID:0004707;CHEMONTID:0000278;CHEMONTID:0002449,Organic compounds;Organic nitrogen compounds;Organonitrogen compounds;Amines
12720,Dialkyl ethers,0.89,CHEMONTID:0001167,5,CHEMONTID:0000254,CHEMONTID:0000000;CHEMONTID:0004603;CHEMONTID:0000323;CHEMONTID:0000254;CHEMONTID:0001167,Organic compounds;Organic oxygen compounds;Organooxygen compounds;Ethers;Dialkyl ethers
480,Phenylphosphines and derivatives,0.97,CHEMONTID:0001814,4,CHEMONTID:0002279,CHEMONTID:0000000;CHEMONTID:0002448;CHEMONTID:0002279;CHEMONTID:0001814,Organic compounds;Benzenoids;Benzene and substituted derivatives;Phenylphosphines and derivatives
4363,Carboxylic acid derivatives,0.85,CHEMONTID:0001093,4,CHEMONTID:0000265,CHEMONTID:0000000;CHEMONTID:0000264;CHEMONTID:0000265;CHEMONTID:0001093,Organic compounds;Organic acids and derivatives;Carboxylic acids and derivatives;Carboxylic acid derivatives
6620,Carbonyl compounds,0.92,CHEMONTID:0001831,4,CHEMONTID:0000323,CHEMONTID:0000000;CHEMONTID:0004603;CHEMONTID:0000323;CHEMONTID:0001831,Organic compounds;Organic oxygen compounds;Organooxygen compounds;Carbonyl compounds
14602,Amines,0.86,CHEMONTID:0002449,4,CHEMONTID:0000278,CHEMONTID:0000000;CHEMONTID:0004707;CHEMONTID:0000278;CHEMONTID:0002449,Organic compounds;Organic nitrogen compounds;Organonitrogen compounds;Amines
6700,Carbonyl compounds,0.97,CHEMONTID:0001831,4,CHEMONTID:0000323,CHEMONTID:0000000;CHEMONTID:0004603;CHEMONTID:0000323;CHEMONTID:0001831,Organic compounds;Organic oxygen compounds;Organooxygen compounds;Carbonyl compounds
19726,Phosphate esters,0.98,CHEMONTID:0000408,4,CHEMONTID:0000402,CHEMONTID:0000000;CHEMONTID:0000264;CHEMONTID:0000402;CHEMONTID:0000408,Organic compounds;Organic acids and derivatives;Organic phosphoric acids and derivatives;Phosphate esters
11960,Carbonyl compounds,0.87,CHEMONTID:0001831,4,CHEMONTID:0000323,CHEMONTID:0000000;CHEMONTID:0004603;CHEMONTID:0000323;CHEMONTID:0001831,Organic compounds;Organic oxygen compounds;Organooxygen compounds;Carbonyl compounds
6471,Carboxylic acid derivatives,0.84,CHEMONTID:0001093,4,CHEMONTID:0000265,CHEMONTID:0000000;CHEMONTID:0000264;CHEMONTID:0000265;CHEMONTID:0001093,Organic compounds;Organic acids and derivatives;Carboxylic acids and derivatives;Carboxylic acid derivatives
6884,Amines,0.99,CHEMONTID:0002449,4,CHEMONTID:0000278,CHEMONTID:0000000;CHEMONTID:0004707;CHEMONTID:0000278;CHEMONTID:0002449,Organic compounds;Organic nitrogen compounds;Organonitrogen compounds;Amines
15978,Amines,0.93,CHEMONTID:0002449,4,CHEMONTID:0000278,CHEMONTID:0000000;CHEMONTID:0004707;CHEMONTID:0000278;CHEMONTID:0002449,Organic compounds;Organic nitrogen compounds;Organonitrogen compounds;Amines
8486,Amines,0.98,CHEMONTID:0002449,4,CHEMONTID:0000278,CHEMONTID:0000000;CHEMONTID:0004707;CHEMONTID:0000278;CHEMONTID:0002449,Organic compounds;Organic nitrogen compounds;Organonitrogen compounds;Amines
17106,Imidazoles,0.94,CHEMONTID:0000078,4,CHEMONTID:0000436,CHEMONTID:0000000;CHEMONTID:0000002;CHEMONTID:0000436;CHEMONTID:0000078,Organic compounds;Organoheterocyclic compounds;Azoles;Imidazoles
16167,Carbonyl compounds,0.92,CHEMONTID:0001831,4,CHEMONTID:0000323,CHEMONTID:0000000;CHEMONTID:0004603;CHEMONTID:0000323;CHEMONTID:0001831,Organic compounds;Organic oxygen compounds;Organooxygen compounds;Carbonyl compounds
6609,Glycosylamines,0.99,CHEMONTID:0002203,6,CHEMONTID:0002105,CHEMONTID:0000000;CHEMONTID:0004603;CHEMONTID:0000323;CHEMONTID:0000011;CHEMONTID:0002105;CHEMONTID:0002203,Organic compounds;Organic oxygen compounds;Organooxygen compounds;Carbohydrates and carbohydrate conjugates;Glycosyl compounds;Glycosylamines
2780,Delta-5-steroids,0.85,CHEMONTID:0002979,4,CHEMONTID:0000258,CHEMONTID:0000000;CHEMONTID:0000012;CHEMONTID:0000258;CHEMONTID:0002979,Organic compounds;Lipids and lipid-like molecules;Steroids and steroid derivatives;Delta-5-steroids
6685,Primary amines,0.99,CHEMONTID:0002450,5,CHEMONTID:0002449,CHEMONTID:0000000;CHEMONTID:0004707;CHEMONTID:0000278;CHEMONTID:0002449;CHEMONTID:0002450,Organic compounds;Organic nitrogen compounds;Organonitrogen compounds;Amines;Primary amines
20452,Carboxylic acid derivatives,0.96,CHEMONTID:0001093,4,CHEMONTID:0000265,CHEMONTID:0000000;CHEMONTID:0000264;CHEMONTID:0000265;CHEMONTID:0001093,Organic compounds;Organic acids and derivatives;Carboxylic acids and derivatives;Carboxylic acid derivatives
1910,Monoalkylamines,0.99,CHEMONTID:0000469,6,CHEMONTID:0002450,CHEMONTID:0000000;CHEMONTID:0004707;CHEMONTID:0000278;CHEMONTID:0002449;CHEMONTID:0002450;CHEMONTID:0000469,Organic compounds;Organic nitrogen compounds;Organonitrogen compounds;Amines;Primary amines;Monoalkylamines
8803,Fatty acids and conjugates,0.93,CHEMONTID:0000262,4,CHEMONTID:0003909,CHEMONTID:0000000;CHEMONTID:0000012;CHEMONTID:0003909;CHEMONTID:0000262,Organic compounds;Lipids and lipid-like molecules;Fatty Acyls;Fatty acids and conjugates
12718,Carboxylic acid derivatives,0.95,CHEMONTID:0001093,4,CHEMONTID:0000265,CHEMONTID:0000000;CHEMONTID:0000264;CHEMONTID:0000265;CHEMONTID:0001093,Organic compounds;Organic acids and derivatives;Carboxylic acids and derivatives;Carboxylic acid derivatives
11544,Carboxylic acid derivatives,0.92,CHEMONTID:0001093,4,CHEMONTID:0000265,CHEMONTID:0000000;CHEMONTID:0000264;CHEMONTID:0000265;CHEMONTID:0001093,Organic compounds;Organic acids and derivatives;Carboxylic acids and derivatives;Carboxylic acid derivatives
2791,Alkyl phosphates,0.97,CHEMONTID:0003457,5,CHEMONTID:0000408,CHEMONTID:0000000;CHEMONTID:0000264;CHEMONTID:0000402;CHEMONTID:0000408;CHEMONTID:0003457,Organic compounds;Organic acids and derivatives;Organic phosphoric acids and derivatives;Phosphate esters;Alkyl phosphates
11140,Carbonyl compounds,0.86,CHEMONTID:0001831,4,CHEMONTID:0000323,CHEMONTID:0000000;CHEMONTID:0004603;CHEMONTID:0000323;CHEMONTID:0001831,Organic compounds;Organic oxygen compounds;Organooxygen compounds;Carbonyl compounds
20098,Purines and purine derivatives,0.99,CHEMONTID:0000245,4,CHEMONTID:0001797,CHEMONTID:0000000;CHEMONTID:0000002;CHEMONTID:0001797;CHEMONTID:0000245,Organic compounds;Organoheterocyclic compounds;Imidazopyrimidines;Purines and purine derivatives
3557,Carboxylic acid derivatives,0.95,CHEMONTID:0001093,4,CHEMONTID:0000265,CHEMONTID:0000000;CHEMONTID:0000264;CHEMONTID:0000265;CHEMONTID:0001093,Organic compounds;Organic acids and derivatives;Carboxylic acids and derivatives;Carboxylic acid derivatives
9418,Amines,0.95,CHEMONTID:0002449,4,CHEMONTID:0000278,CHEMONTID:0000000;CHEMONTID:0004707;CHEMONTID:0000278;CHEMONTID:0002449,Organic compounds;Organic nitrogen compounds;Organonitrogen compounds;Amines
10552,"Amino acids, peptides, and analogues",0.98,CHEMONTID:0000013,4,CHEMONTID:0000265,CHEMONTID:0000000;CHEMONTID:0000264;CHEMONTID:0000265;CHEMONTID:0000013,"Organic compounds;Organic acids and derivatives;Carboxylic acids and derivatives;Amino acids, peptides, and analogues"
11238,Carboxylic acid derivatives,0.96,CHEMONTID:0001093,4,CHEMONTID:0000265,CHEMONTID:0000000;CHEMONTID:0000264;CHEMONTID:0000265;CHEMONTID:0001093,Organic compounds;Organic acids and derivatives;Carboxylic acids and derivatives;Carboxylic acid derivatives
16836,Carboxylic acid derivatives,0.99,CHEMONTID:0001093,4,CHEMONTID:0000265,CHEMONTID:0000000;CHEMONTID:0000264;CHEMONTID:0000265;CHEMONTID:0001093,Organic compounds;Organic acids and derivatives;Carboxylic acids and derivatives;Carboxylic acid derivatives
8812,Carbonyl compounds,0.99,CHEMONTID:0001831,4,CHEMONTID:0000323,CHEMONTID:0000000;CHEMONTID:0004603;CHEMONTID:0000323;CHEMONTID:0001831,Organic compounds;Organic oxygen compounds;Organooxygen compounds;Carbonyl compounds
16221,Carbonyl compounds,0.94,CHEMONTID:0001831,4,CHEMONTID:0000323,CHEMONTID:0000000;CHEMONTID:0004603;CHEMONTID:0000323;CHEMONTID:0001831,Organic compounds;Organic oxygen compounds;Organooxygen compounds;Carbonyl compounds
5903,Carbonyl compounds,0.93,CHEMONTID:0001831,4,CHEMONTID:0000323,CHEMONTID:0000000;CHEMONTID:0004603;CHEMONTID:0000323;CHEMONTID:0001831,Organic compounds;Organic oxygen compounds;Organooxygen compounds;Carbonyl compounds
2344,Carbonyl compounds,0.85,CHEMONTID:0001831,4,CHEMONTID:0000323,CHEMONTID:0000000;CHEMONTID:0004603;CHEMONTID:0000323;CHEMONTID:0001831,Organic compounds;Organic oxygen compounds;Organooxygen compounds;Carbonyl compounds
3478,Amines,0.89,CHEMONTID:0002449,4,CHEMONTID:0000278,CHEMONTID:0000000;CHEMONTID:0004707;CHEMONTID:0000278;CHEMONTID:0002449,Organic compounds;Organic nitrogen compounds;Organonitrogen compounds;Amines
10914,Carbohydrates and carbohydrate conjugates,0.94,CHEMONTID:0000011,4,CHEMONTID:0000323,CHEMONTID:0000000;CHEMONTID:0004603;CHEMONTID:0000323;CHEMONTID:0000011,Organic compounds;Organic oxygen compounds;Organooxygen compounds;Carbohydrates and carbohydrate conjugates
20509,Carbonyl compounds,0.99,CHEMONTID:0001831,4,CHEMONTID:0000323,CHEMONTID:0000000;CHEMONTID:0004603;CHEMONTID:0000323;CHEMONTID:0001831,Organic compounds;Organic oxygen compounds;Organooxygen compounds;Carbonyl compounds
15752,Carboxylic acid derivatives,0.97,CHEMONTID:0001093,4,CHEMONTID:0000265,CHEMONTID:0000000;CHEMONTID:0000264;CHEMONTID:0000265;CHEMONTID:0001093,Organic compounds;Organic acids and derivatives;Carboxylic acids and derivatives;Carboxylic acid derivatives
13209,Carboxylic acid derivatives,0.81,CHEMONTID:0001093,4,CHEMONTID:0000265,CHEMONTID:0000000;CHEMONTID:0000264;CHEMONTID:0000265;CHEMONTID:0001093,Organic compounds;Organic acids and derivatives;Carboxylic acids and derivatives;Carboxylic acid derivatives
18313,Monoalkylamines,0.87,CHEMONTID:0000469,6,CHEMONTID:0002450,CHEMONTID:0000000;CHEMONTID:0004707;CHEMONTID:0000278;CHEMONTID:0002449;CHEMONTID:0002450;CHEMONTID:0000469,Organic compounds;Organic nitrogen compounds;Organonitrogen compounds;Amines;Primary amines;Monoalkylamines
18853,Monoalkylamines,0.99,CHEMONTID:0000469,6,CHEMONTID:0002450,CHEMONTID:0000000;CHEMONTID:0004707;CHEMONTID:0000278;CHEMONTID:0002449;CHEMONTID:0002450;CHEMONTID:0000469,Organic compounds;Organic nitrogen compounds;Organonitrogen compounds;Amines;Primary amines;Monoalkylamines
16649,Amines,1,CHEMONTID:0002449,4,CHEMONTID:0000278,CHEMONTID:0000000;CHEMONTID:0004707;CHEMONTID:0000278;CHEMONTID:0002449,Organic compounds;Organic nitrogen compounds;Organonitrogen compounds;Amines
336,Alcohols and polyols,0.95,CHEMONTID:0000129,4,CHEMONTID:0000323,CHEMONTID:0000000;CHEMONTID:0004603;CHEMONTID:0000323;CHEMONTID:0000129,Organic compounds;Organic oxygen compounds;Organooxygen compounds;Alcohols and polyols
1602,Monoalkylamines,0.99,CHEMONTID:0000469,6,CHEMONTID:0002450,CHEMONTID:0000000;CHEMONTID:0004707;CHEMONTID:0000278;CHEMONTID:0002449;CHEMONTID:0002450;CHEMONTID:0000469,Organic compounds;Organic nitrogen compounds;Organonitrogen compounds;Amines;Primary amines;Monoalkylamines
6283,Carbonyl compounds,0.92,CHEMONTID:0001831,4,CHEMONTID:0000323,CHEMONTID:0000000;CHEMONTID:0004603;CHEMONTID:0000323;CHEMONTID:0001831,Organic compounds;Organic oxygen compounds;Organooxygen compounds;Carbonyl compounds
15620,Monoalkylamines,1,CHEMONTID:0000469,6,CHEMONTID:0002450,CHEMONTID:0000000;CHEMONTID:0004707;CHEMONTID:0000278;CHEMONTID:0002449;CHEMONTID:0002450;CHEMONTID:0000469,Organic compounds;Organic nitrogen compounds;Organonitrogen compounds;Amines;Primary amines;Monoalkylamines
1324,Amines,0.98,CHEMONTID:0002449,4,CHEMONTID:0000278,CHEMONTID:0000000;CHEMONTID:0004707;CHEMONTID:0000278;CHEMONTID:0002449,Organic compounds;Organic nitrogen compounds;Organonitrogen compounds;Amines
3928,Sulfones,0.8,CHEMONTID:0000505,4,CHEMONTID:0001157,CHEMONTID:0000000;CHEMONTID:0000004;CHEMONTID:0001157;CHEMONTID:0000505,Organic compounds;Organosulfur compounds;Sulfonyls;Sulfones
2125,Carboxylic acid derivatives,0.88,CHEMONTID:0001093,4,CHEMONTID:0000265,CHEMONTID:0000000;CHEMONTID:0000264;CHEMONTID:0000265;CHEMONTID:0001093,Organic compounds;Organic acids and derivatives;Carboxylic acids and derivatives;Carboxylic acid derivatives
8323,"1,3,5-triazines",1,CHEMONTID:0004105,4,CHEMONTID:0000098,CHEMONTID:0000000;CHEMONTID:0000002;CHEMONTID:0000098;CHEMONTID:0004105,"Organic compounds;Organoheterocyclic compounds;Triazines;1,3,5-triazines"
13724,Carbonyl compounds,0.99,CHEMONTID:0001831,4,CHEMONTID:0000323,CHEMONTID:0000000;CHEMONTID:0004603;CHEMONTID:0000323;CHEMONTID:0001831,Organic compounds;Organic oxygen compounds;Organooxygen compounds;Carbonyl compounds
4467,Carbonyl compounds,0.88,CHEMONTID:0001831,4,CHEMONTID:0000323,CHEMONTID:0000000;CHEMONTID:0004603;CHEMONTID:0000323;CHEMONTID:0001831,Organic compounds;Organic oxygen compounds;Organooxygen compounds;Carbonyl compounds
18663,Carboxylic acid derivatives,0.96,CHEMONTID:0001093,4,CHEMONTID:0000265,CHEMONTID:0000000;CHEMONTID:0000264;CHEMONTID:0000265;CHEMONTID:0001093,Organic compounds;Organic acids and derivatives;Carboxylic acids and derivatives;Carboxylic acid derivatives
14100,Dialkyl peroxides,0.94,CHEMONTID:0003951,5,CHEMONTID:0000414,CHEMONTID:0000000;CHEMONTID:0004603;CHEMONTID:0003940;CHEMONTID:0000414;CHEMONTID:0003951,Organic compounds;Organic oxygen compounds;Organic oxides;Organic peroxides;Dialkyl peroxides
8792,Amines,0.92,CHEMONTID:0002449,4,CHEMONTID:0000278,CHEMONTID:0000000;CHEMONTID:0004707;CHEMONTID:0000278;CHEMONTID:0002449,Organic compounds;Organic nitrogen compounds;Organonitrogen compounds;Amines
14155,Primary amines,0.9,CHEMONTID:0002450,5,CHEMONTID:0002449,CHEMONTID:0000000;CHEMONTID:0004707;CHEMONTID:0000278;CHEMONTID:0002449;CHEMONTID:0002450,Organic compounds;Organic nitrogen compounds;Organonitrogen compounds;Amines;Primary amines
4250,Primary amines,0.88,CHEMONTID:0002450,5,CHEMONTID:0002449,CHEMONTID:0000000;CHEMONTID:0004707;CHEMONTID:0000278;CHEMONTID:0002449;CHEMONTID:0002450,Organic compounds;Organic nitrogen compounds;Organonitrogen compounds;Amines;Primary amines
11618,Carbonyl compounds,0.85,CHEMONTID:0001831,4,CHEMONTID:0000323,CHEMONTID:0000000;CHEMONTID:0004603;CHEMONTID:0000323;CHEMONTID:0001831,Organic compounds;Organic oxygen compounds;Organooxygen compounds;Carbonyl compounds
7914,Carbonyl compounds,0.88,CHEMONTID:0001831,4,CHEMONTID:0000323,CHEMONTID:0000000;CHEMONTID:0004603;CHEMONTID:0000323;CHEMONTID:0001831,Organic compounds;Organic oxygen compounds;Organooxygen compounds;Carbonyl compounds
16862,Carbonyl compounds,0.94,CHEMONTID:0001831,4,CHEMONTID:0000323,CHEMONTID:0000000;CHEMONTID:0004603;CHEMONTID:0000323;CHEMONTID:0001831,Organic compounds;Organic oxygen compounds;Organooxygen compounds;Carbonyl compounds
14394,Pyrimidines and pyrimidine derivatives,0.99,CHEMONTID:0000075,4,CHEMONTID:0001346,CHEMONTID:0000000;CHEMONTID:0000002;CHEMONTID:0001346;CHEMONTID:0000075,Organic compounds;Organoheterocyclic compounds;Diazines;Pyrimidines and pyrimidine derivatives
6788,Carbonyl compounds,0.96,CHEMONTID:0001831,4,CHEMONTID:0000323,CHEMONTID:0000000;CHEMONTID:0004603;CHEMONTID:0000323;CHEMONTID:0001831,Organic compounds;Organic oxygen compounds;Organooxygen compounds;Carbonyl compounds
18775,Monocarboxylic acids and derivatives,0.9,CHEMONTID:0001137,4,CHEMONTID:0000265,CHEMONTID:0000000;CHEMONTID:0000264;CHEMONTID:0000265;CHEMONTID:0001137,Organic compounds;Organic acids and derivatives;Carboxylic acids and derivatives;Monocarboxylic acids and derivatives
9320,Carboxylic acids,0.9,CHEMONTID:0001205,4,CHEMONTID:0000265,CHEMONTID:0000000;CHEMONTID:0000264;CHEMONTID:0000265;CHEMONTID:0001205,Organic compounds;Organic acids and derivatives;Carboxylic acids and derivatives;Carboxylic acids
19519,Carbonyl compounds,0.84,CHEMONTID:0001831,4,CHEMONTID:0000323,CHEMONTID:0000000;CHEMONTID:0004603;CHEMONTID:0000323;CHEMONTID:0001831,Organic compounds;Organic oxygen compounds;Organooxygen compounds;Carbonyl compounds
19280,Carbohydrates and carbohydrate conjugates,0.99,CHEMONTID:0000011,4,CHEMONTID:0000323,CHEMONTID:0000000;CHEMONTID:0004603;CHEMONTID:0000323;CHEMONTID:0000011,Organic compounds;Organic oxygen compounds;Organooxygen compounds;Carbohydrates and carbohydrate conjugates
15170,Carbonyl compounds,0.93,CHEMONTID:0001831,4,CHEMONTID:0000323,CHEMONTID:0000000;CHEMONTID:0004603;CHEMONTID:0000323;CHEMONTID:0001831,Organic compounds;Organic oxygen compounds;Organooxygen compounds;Carbonyl compounds
5661,Carbonyl compounds,1,CHEMONTID:0001831,4,CHEMONTID:0000323,CHEMONTID:0000000;CHEMONTID:0004603;CHEMONTID:0000323;CHEMONTID:0001831,Organic compounds;Organic oxygen compounds;Organooxygen compounds;Carbonyl compounds
12258,Carboxylic acid derivatives,0.95,CHEMONTID:0001093,4,CHEMONTID:0000265,CHEMONTID:0000000;CHEMONTID:0000264;CHEMONTID:0000265;CHEMONTID:0001093,Organic compounds;Organic acids and derivatives;Carboxylic acids and derivatives;Carboxylic acid derivatives
9300,Primary amines,0.89,CHEMONTID:0002450,5,CHEMONTID:0002449,CHEMONTID:0000000;CHEMONTID:0004707;CHEMONTID:0000278;CHEMONTID:0002449;CHEMONTID:0002450,Organic compounds;Organic nitrogen compounds;Organonitrogen compounds;Amines;Primary amines
12713,Primary amines,0.94,CHEMONTID:0002450,5,CHEMONTID:0002449,CHEMONTID:0000000;CHEMONTID:0004707;CHEMONTID:0000278;CHEMONTID:0002449;CHEMONTID:0002450,Organic compounds;Organic nitrogen compounds;Organonitrogen compounds;Amines;Primary amines
13498,Monocarboxylic acids and derivatives,0.96,CHEMONTID:0001137,4,CHEMONTID:0000265,CHEMONTID:0000000;CHEMONTID:0000264;CHEMONTID:0000265;CHEMONTID:0001137,Organic compounds;Organic acids and derivatives;Carboxylic acids and derivatives;Monocarboxylic acids and derivatives
8886,Carbonyl compounds,1,CHEMONTID:0001831,4,CHEMONTID:0000323,CHEMONTID:0000000;CHEMONTID:0004603;CHEMONTID:0000323;CHEMONTID:0001831,Organic compounds;Organic oxygen compounds;Organooxygen compounds;Carbonyl compounds
14032,Carbonyl compounds,0.96,CHEMONTID:0001831,4,CHEMONTID:0000323,CHEMONTID:0000000;CHEMONTID:0004603;CHEMONTID:0000323;CHEMONTID:0001831,Organic compounds;Organic oxygen compounds;Organooxygen compounds;Carbonyl compounds
9983,Monoalkylamines,1,CHEMONTID:0000469,6,CHEMONTID:0002450,CHEMONTID:0000000;CHEMONTID:0004707;CHEMONTID:0000278;CHEMONTID:0002449;CHEMONTID:0002450;CHEMONTID:0000469,Organic compounds;Organic nitrogen compounds;Organonitrogen compounds;Amines;Primary amines;Monoalkylamines
17239,Carboxylic acid derivatives,0.94,CHEMONTID:0001093,4,CHEMONTID:0000265,CHEMONTID:0000000;CHEMONTID:0000264;CHEMONTID:0000265;CHEMONTID:0001093,Organic compounds;Organic acids and derivatives;Carboxylic acids and derivatives;Carboxylic acid derivatives
1082,Fatty amides,0.93,CHEMONTID:0000331,4,CHEMONTID:0003909,CHEMONTID:0000000;CHEMONTID:0000012;CHEMONTID:0003909;CHEMONTID:0000331,Organic compounds;Lipids and lipid-like molecules;Fatty Acyls;Fatty amides
2529,Primary amines,1,CHEMONTID:0002450,5,CHEMONTID:0002449,CHEMONTID:0000000;CHEMONTID:0004707;CHEMONTID:0000278;CHEMONTID:0002449;CHEMONTID:0002450,Organic compounds;Organic nitrogen compounds;Organonitrogen compounds;Amines;Primary amines
4132,Carboxylic acid derivatives,0.81,CHEMONTID:0001093,4,CHEMONTID:0000265,CHEMONTID:0000000;CHEMONTID:0000264;CHEMONTID:0000265;CHEMONTID:0001093,Organic compounds;Organic acids and derivatives;Carboxylic acids and derivatives;Carboxylic acid derivatives
14986,Carbonyl compounds,0.98,CHEMONTID:0001831,4,CHEMONTID:0000323,CHEMONTID:0000000;CHEMONTID:0004603;CHEMONTID:0000323;CHEMONTID:0001831,Organic compounds;Organic oxygen compounds;Organooxygen compounds;Carbonyl compounds
11649,Monoalkylamines,0.96,CHEMONTID:0000469,6,CHEMONTID:0002450,CHEMONTID:0000000;CHEMONTID:0004707;CHEMONTID:0000278;CHEMONTID:0002449;CHEMONTID:0002450;CHEMONTID:0000469,Organic compounds;Organic nitrogen compounds;Organonitrogen compounds;Amines;Primary amines;Monoalkylamines
8543,Alcohols and polyols,0.95,CHEMONTID:0000129,4,CHEMONTID:0000323,CHEMONTID:0000000;CHEMONTID:0004603;CHEMONTID:0000323;CHEMONTID:0000129,Organic compounds;Organic oxygen compounds;Organooxygen compounds;Alcohols and polyols
2172,Carbonyl compounds,0.86,CHEMONTID:0001831,4,CHEMONTID:0000323,CHEMONTID:0000000;CHEMONTID:0004603;CHEMONTID:0000323;CHEMONTID:0001831,Organic compounds;Organic oxygen compounds;Organooxygen compounds;Carbonyl compounds
16154,Carboxylic acid derivatives,0.92,CHEMONTID:0001093,4,CHEMONTID:0000265,CHEMONTID:0000000;CHEMONTID:0000264;CHEMONTID:0000265;CHEMONTID:0001093,Organic compounds;Organic acids and derivatives;Carboxylic acids and derivatives;Carboxylic acid derivatives
19455,"1,3,5-triazines",0.99,CHEMONTID:0004105,4,CHEMONTID:0000098,CHEMONTID:0000000;CHEMONTID:0000002;CHEMONTID:0000098;CHEMONTID:0004105,"Organic compounds;Organoheterocyclic compounds;Triazines;1,3,5-triazines"
8640,Carbonyl compounds,0.86,CHEMONTID:0001831,4,CHEMONTID:0000323,CHEMONTID:0000000;CHEMONTID:0004603;CHEMONTID:0000323;CHEMONTID:0001831,Organic compounds;Organic oxygen compounds;Organooxygen compounds;Carbonyl compounds
9234,Carbonyl compounds,0.92,CHEMONTID:0001831,4,CHEMONTID:0000323,CHEMONTID:0000000;CHEMONTID:0004603;CHEMONTID:0000323;CHEMONTID:0001831,Organic compounds;Organic oxygen compounds;Organooxygen compounds;Carbonyl compounds
13536,Carbonyl compounds,1,CHEMONTID:0001831,4,CHEMONTID:0000323,CHEMONTID:0000000;CHEMONTID:0004603;CHEMONTID:0000323;CHEMONTID:0001831,Organic compounds;Organic oxygen compounds;Organooxygen compounds;Carbonyl compounds
12403,Primary amines,0.87,CHEMONTID:0002450,5,CHEMONTID:0002449,CHEMONTID:0000000;CHEMONTID:0004707;CHEMONTID:0000278;CHEMONTID:0002449;CHEMONTID:0002450,Organic compounds;Organic nitrogen compounds;Organonitrogen compounds;Amines;Primary amines
11389,Primary amines,0.98,CHEMONTID:0002450,5,CHEMONTID:0002449,CHEMONTID:0000000;CHEMONTID:0004707;CHEMONTID:0000278;CHEMONTID:0002449;CHEMONTID:0002450,Organic compounds;Organic nitrogen compounds;Organonitrogen compounds;Amines;Primary amines
1176,Carbonyl compounds,0.9,CHEMONTID:0001831,4,CHEMONTID:0000323,CHEMONTID:0000000;CHEMONTID:0004603;CHEMONTID:0000323;CHEMONTID:0001831,Organic compounds;Organic oxygen compounds;Organooxygen compounds;Carbonyl compounds
13808,Carbonyl compounds,0.87,CHEMONTID:0001831,4,CHEMONTID:0000323,CHEMONTID:0000000;CHEMONTID:0004603;CHEMONTID:0000323;CHEMONTID:0001831,Organic compounds;Organic oxygen compounds;Organooxygen compounds;Carbonyl compounds
8508,Alcohols and polyols,0.94,CHEMONTID:0000129,4,CHEMONTID:0000323,CHEMONTID:0000000;CHEMONTID:0004603;CHEMONTID:0000323;CHEMONTID:0000129,Organic compounds;Organic oxygen compounds;Organooxygen compounds;Alcohols and polyols
4445,Alcohols and polyols,0.85,CHEMONTID:0000129,4,CHEMONTID:0000323,CHEMONTID:0000000;CHEMONTID:0004603;CHEMONTID:0000323;CHEMONTID:0000129,Organic compounds;Organic oxygen compounds;Organooxygen compounds;Alcohols and polyols
4534,Carbonyl compounds,0.96,CHEMONTID:0001831,4,CHEMONTID:0000323,CHEMONTID:0000000;CHEMONTID:0004603;CHEMONTID:0000323;CHEMONTID:0001831,Organic compounds;Organic oxygen compounds;Organooxygen compounds;Carbonyl compounds
3824,Carboxylic acids,0.83,CHEMONTID:0001205,4,CHEMONTID:0000265,CHEMONTID:0000000;CHEMONTID:0000264;CHEMONTID:0000265;CHEMONTID:0001205,Organic compounds;Organic acids and derivatives;Carboxylic acids and derivatives;Carboxylic acids
5125,Carbonyl compounds,0.98,CHEMONTID:0001831,4,CHEMONTID:0000323,CHEMONTID:0000000;CHEMONTID:0004603;CHEMONTID:0000323;CHEMONTID:0001831,Organic compounds;Organic oxygen compounds;Organooxygen compounds;Carbonyl compounds
14807,Alcohols and polyols,0.98,CHEMONTID:0000129,4,CHEMONTID:0000323,CHEMONTID:0000000;CHEMONTID:0004603;CHEMONTID:0000323;CHEMONTID:0000129,Organic compounds;Organic oxygen compounds;Organooxygen compounds;Alcohols and polyols
5340,Alcohols and polyols,0.98,CHEMONTID:0000129,4,CHEMONTID:0000323,CHEMONTID:0000000;CHEMONTID:0004603;CHEMONTID:0000323;CHEMONTID:0000129,Organic compounds;Organic oxygen compounds;Organooxygen compounds;Alcohols and polyols
16177,Amines,0.87,CHEMONTID:0002449,4,CHEMONTID:0000278,CHEMONTID:0000000;CHEMONTID:0004707;CHEMONTID:0000278;CHEMONTID:0002449,Organic compounds;Organic nitrogen compounds;Organonitrogen compounds;Amines
6581,Alkyl phosphates,1,CHEMONTID:0003457,5,CHEMONTID:0000408,CHEMONTID:0000000;CHEMONTID:0000264;CHEMONTID:0000402;CHEMONTID:0000408;CHEMONTID:0003457,Organic compounds;Organic acids and derivatives;Organic phosphoric acids and derivatives;Phosphate esters;Alkyl phosphates
4195,Aminopyrimidines and derivatives,0.98,CHEMONTID:0001262,5,CHEMONTID:0000075,CHEMONTID:0000000;CHEMONTID:0000002;CHEMONTID:0001346;CHEMONTID:0000075;CHEMONTID:0001262,Organic compounds;Organoheterocyclic compounds;Diazines;Pyrimidines and pyrimidine derivatives;Aminopyrimidines and derivatives
13715,Carboxylic acid derivatives,0.92,CHEMONTID:0001093,4,CHEMONTID:0000265,CHEMONTID:0000000;CHEMONTID:0000264;CHEMONTID:0000265;CHEMONTID:0001093,Organic compounds;Organic acids and derivatives;Carboxylic acids and derivatives;Carboxylic acid derivatives
17962,Alcohols and polyols,0.92,CHEMONTID:0000129,4,CHEMONTID:0000323,CHEMONTID:0000000;CHEMONTID:0004603;CHEMONTID:0000323;CHEMONTID:0000129,Organic compounds;Organic oxygen compounds;Organooxygen compounds;Alcohols and polyols
9361,Primary amines,1,CHEMONTID:0002450,5,CHEMONTID:0002449,CHEMONTID:0000000;CHEMONTID:0004707;CHEMONTID:0000278;CHEMONTID:0002449;CHEMONTID:0002450,Organic compounds;Organic nitrogen compounds;Organonitrogen compounds;Amines;Primary amines
2475,Carbonyl compounds,0.92,CHEMONTID:0001831,4,CHEMONTID:0000323,CHEMONTID:0000000;CHEMONTID:0004603;CHEMONTID:0000323;CHEMONTID:0001831,Organic compounds;Organic oxygen compounds;Organooxygen compounds;Carbonyl compounds
12818,Carboxylic acid derivatives,0.88,CHEMONTID:0001093,4,CHEMONTID:0000265,CHEMONTID:0000000;CHEMONTID:0000264;CHEMONTID:0000265;CHEMONTID:0001093,Organic compounds;Organic acids and derivatives;Carboxylic acids and derivatives;Carboxylic acid derivatives
13571,Phosphate esters,1,CHEMONTID:0000408,4,CHEMONTID:0000402,CHEMONTID:0000000;CHEMONTID:0000264;CHEMONTID:0000402;CHEMONTID:0000408,Organic compounds;Organic acids and derivatives;Organic phosphoric acids and derivatives;Phosphate esters
437,Carbonyl compounds,0.92,CHEMONTID:0001831,4,CHEMONTID:0000323,CHEMONTID:0000000;CHEMONTID:0004603;CHEMONTID:0000323;CHEMONTID:0001831,Organic compounds;Organic oxygen compounds;Organooxygen compounds;Carbonyl compounds
13739,Carbonyl compounds,0.97,CHEMONTID:0001831,4,CHEMONTID:0000323,CHEMONTID:0000000;CHEMONTID:0004603;CHEMONTID:0000323;CHEMONTID:0001831,Organic compounds;Organic oxygen compounds;Organooxygen compounds;Carbonyl compounds
10558,Carbonyl compounds,1,CHEMONTID:0001831,4,CHEMONTID:0000323,CHEMONTID:0000000;CHEMONTID:0004603;CHEMONTID:0000323;CHEMONTID:0001831,Organic compounds;Organic oxygen compounds;Organooxygen compounds;Carbonyl compounds
16536,Alcohols and polyols,0.87,CHEMONTID:0000129,4,CHEMONTID:0000323,CHEMONTID:0000000;CHEMONTID:0004603;CHEMONTID:0000323;CHEMONTID:0000129,Organic compounds;Organic oxygen compounds;Organooxygen compounds;Alcohols and polyols
10966,Glycosyl compounds,0.99,CHEMONTID:0002105,5,CHEMONTID:0000011,CHEMONTID:0000000;CHEMONTID:0004603;CHEMONTID:0000323;CHEMONTID:0000011;CHEMONTID:0002105,Organic compounds;Organic oxygen compounds;Organooxygen compounds;Carbohydrates and carbohydrate conjugates;Glycosyl compounds
14515,Monoalkylamines,0.98,CHEMONTID:0000469,6,CHEMONTID:0002450,CHEMONTID:0000000;CHEMONTID:0004707;CHEMONTID:0000278;CHEMONTID:0002449;CHEMONTID:0002450;CHEMONTID:0000469,Organic compounds;Organic nitrogen compounds;Organonitrogen compounds;Amines;Primary amines;Monoalkylamines
429,Monoalkylamines,1,CHEMONTID:0000469,6,CHEMONTID:0002450,CHEMONTID:0000000;CHEMONTID:0004707;CHEMONTID:0000278;CHEMONTID:0002449;CHEMONTID:0002450;CHEMONTID:0000469,Organic compounds;Organic nitrogen compounds;Organonitrogen compounds;Amines;Primary amines;Monoalkylamines
11232,Alcohols and polyols,0.87,CHEMONTID:0000129,4,CHEMONTID:0000323,CHEMONTID:0000000;CHEMONTID:0004603;CHEMONTID:0000323;CHEMONTID:0000129,Organic compounds;Organic oxygen compounds;Organooxygen compounds;Alcohols and polyols
12552,Carbonyl compounds,0.91,CHEMONTID:0001831,4,CHEMONTID:0000323,CHEMONTID:0000000;CHEMONTID:0004603;CHEMONTID:0000323;CHEMONTID:0001831,Organic compounds;Organic oxygen compounds;Organooxygen compounds;Carbonyl compounds
3078,Carboxylic acid derivatives,0.88,CHEMONTID:0001093,4,CHEMONTID:0000265,CHEMONTID:0000000;CHEMONTID:0000264;CHEMONTID:0000265;CHEMONTID:0001093,Organic compounds;Organic acids and derivatives;Carboxylic acids and derivatives;Carboxylic acid derivatives
41,Monocarboxylic acids and derivatives,0.93,CHEMONTID:0001137,4,CHEMONTID:0000265,CHEMONTID:0000000;CHEMONTID:0000264;CHEMONTID:0000265;CHEMONTID:0001137,Organic compounds;Organic acids and derivatives;Carboxylic acids and derivatives;Monocarboxylic acids and derivatives
6524,Monocarboxylic acids and derivatives,0.84,CHEMONTID:0001137,4,CHEMONTID:0000265,CHEMONTID:0000000;CHEMONTID:0000264;CHEMONTID:0000265;CHEMONTID:0001137,Organic compounds;Organic acids and derivatives;Carboxylic acids and derivatives;Monocarboxylic acids and derivatives
7298,Carboxylic acid derivatives,0.98,CHEMONTID:0001093,4,CHEMONTID:0000265,CHEMONTID:0000000;CHEMONTID:0000264;CHEMONTID:0000265;CHEMONTID:0001093,Organic compounds;Organic acids and derivatives;Carboxylic acids and derivatives;Carboxylic acid derivatives
19862,N-substituted imidazoles,1,CHEMONTID:0002311,6,CHEMONTID:0002310,CHEMONTID:0000000;CHEMONTID:0000002;CHEMONTID:0000436;CHEMONTID:0000078;CHEMONTID:0002310;CHEMONTID:0002311,Organic compounds;Organoheterocyclic compounds;Azoles;Imidazoles;Substituted imidazoles;N-substituted imidazoles
858,Carbonyl compounds,0.95,CHEMONTID:0001831,4,CHEMONTID:0000323,CHEMONTID:0000000;CHEMONTID:0004603;CHEMONTID:0000323;CHEMONTID:0001831,Organic compounds;Organic oxygen compounds;Organooxygen compounds;Carbonyl compounds
17295,Monosaccharide phosphates,1,CHEMONTID:0001541,6,CHEMONTID:0001540,CHEMONTID:0000000;CHEMONTID:0004603;CHEMONTID:0000323;CHEMONTID:0000011;CHEMONTID:0001540;CHEMONTID:0001541,Organic compounds;Organic oxygen compounds;Organooxygen compounds;Carbohydrates and carbohydrate conjugates;Monosaccharides;Monosaccharide phosphates
5326,Carboxylic acid derivatives,0.9,CHEMONTID:0001093,4,CHEMONTID:0000265,CHEMONTID:0000000;CHEMONTID:0000264;CHEMONTID:0000265;CHEMONTID:0001093,Organic compounds;Organic acids and derivatives;Carboxylic acids and derivatives;Carboxylic acid derivatives
19167,Carboxylic acid derivatives,0.98,CHEMONTID:0001093,4,CHEMONTID:0000265,CHEMONTID:0000000;CHEMONTID:0000264;CHEMONTID:0000265;CHEMONTID:0001093,Organic compounds;Organic acids and derivatives;Carboxylic acids and derivatives;Carboxylic acid derivatives
14630,Amines,1,CHEMONTID:0002449,4,CHEMONTID:0000278,CHEMONTID:0000000;CHEMONTID:0004707;CHEMONTID:0000278;CHEMONTID:0002449,Organic compounds;Organic nitrogen compounds;Organonitrogen compounds;Amines
18843,Alcohols and polyols,0.85,CHEMONTID:0000129,4,CHEMONTID:0000323,CHEMONTID:0000000;CHEMONTID:0004603;CHEMONTID:0000323;CHEMONTID:0000129,Organic compounds;Organic oxygen compounds;Organooxygen compounds;Alcohols and polyols
4929,Carbonyl compounds,0.87,CHEMONTID:0001831,4,CHEMONTID:0000323,CHEMONTID:0000000;CHEMONTID:0004603;CHEMONTID:0000323;CHEMONTID:0001831,Organic compounds;Organic oxygen compounds;Organooxygen compounds;Carbonyl compounds
11273,Carbonyl compounds,0.81,CHEMONTID:0001831,4,CHEMONTID:0000323,CHEMONTID:0000000;CHEMONTID:0004603;CHEMONTID:0000323;CHEMONTID:0001831,Organic compounds;Organic oxygen compounds;Organooxygen compounds;Carbonyl compounds
11578,Carbonyl compounds,0.89,CHEMONTID:0001831,4,CHEMONTID:0000323,CHEMONTID:0000000;CHEMONTID:0004603;CHEMONTID:0000323;CHEMONTID:0001831,Organic compounds;Organic oxygen compounds;Organooxygen compounds;Carbonyl compounds
15434,Carboxylic acid derivatives,0.87,CHEMONTID:0001093,4,CHEMONTID:0000265,CHEMONTID:0000000;CHEMONTID:0000264;CHEMONTID:0000265;CHEMONTID:0001093,Organic compounds;Organic acids and derivatives;Carboxylic acids and derivatives;Carboxylic acid derivatives
10204,Carboxylic acid derivatives,0.95,CHEMONTID:0001093,4,CHEMONTID:0000265,CHEMONTID:0000000;CHEMONTID:0000264;CHEMONTID:0000265;CHEMONTID:0001093,Organic compounds;Organic acids and derivatives;Carboxylic acids and derivatives;Carboxylic acid derivatives
5337,Carboxylic acid derivatives,0.99,CHEMONTID:0001093,4,CHEMONTID:0000265,CHEMONTID:0000000;CHEMONTID:0000264;CHEMONTID:0000265;CHEMONTID:0001093,Organic compounds;Organic acids and derivatives;Carboxylic acids and derivatives;Carboxylic acid derivatives
6742,Imidazoles,0.82,CHEMONTID:0000078,4,CHEMONTID:0000436,CHEMONTID:0000000;CHEMONTID:0000002;CHEMONTID:0000436;CHEMONTID:0000078,Organic compounds;Organoheterocyclic compounds;Azoles;Imidazoles
15800,Alpha amino acids,1,CHEMONTID:0002404,7,CHEMONTID:0000060,CHEMONTID:0000000;CHEMONTID:0000264;CHEMONTID:0000265;CHEMONTID:0000013;CHEMONTID:0000347;CHEMONTID:0000060;CHEMONTID:0002404,"Organic compounds;Organic acids and derivatives;Carboxylic acids and derivatives;Amino acids, peptides, and analogues;Amino acids and derivatives;Alpha amino acids and derivatives;Alpha amino acids"
4382,Carbonyl compounds,0.91,CHEMONTID:0001831,4,CHEMONTID:0000323,CHEMONTID:0000000;CHEMONTID:0004603;CHEMONTID:0000323;CHEMONTID:0001831,Organic compounds;Organic oxygen compounds;Organooxygen compounds;Carbonyl compounds
7452,Amines,1,CHEMONTID:0002449,4,CHEMONTID:0000278,CHEMONTID:0000000;CHEMONTID:0004707;CHEMONTID:0000278;CHEMONTID:0002449,Organic compounds;Organic nitrogen compounds;Organonitrogen compounds;Amines
1874,Phosphate esters,0.99,CHEMONTID:0000408,4,CHEMONTID:0000402,CHEMONTID:0000000;CHEMONTID:0000264;CHEMONTID:0000402;CHEMONTID:0000408,Organic compounds;Organic acids and derivatives;Organic phosphoric acids and derivatives;Phosphate esters
9632,Alcohols and polyols,0.91,CHEMONTID:0000129,4,CHEMONTID:0000323,CHEMONTID:0000000;CHEMONTID:0004603;CHEMONTID:0000323;CHEMONTID:0000129,Organic compounds;Organic oxygen compounds;Organooxygen compounds;Alcohols and polyols
5275,Carbonyl compounds,0.8,CHEMONTID:0001831,4,CHEMONTID:0000323,CHEMONTID:0000000;CHEMONTID:0004603;CHEMONTID:0000323;CHEMONTID:0001831,Organic compounds;Organic oxygen compounds;Organooxygen compounds;Carbonyl compounds
9097,Phosphate esters,0.99,CHEMONTID:0000408,4,CHEMONTID:0000402,CHEMONTID:0000000;CHEMONTID:0000264;CHEMONTID:0000402;CHEMONTID:0000408,Organic compounds;Organic acids and derivatives;Organic phosphoric acids and derivatives;Phosphate esters
16136,Carbonyl compounds,0.99,CHEMONTID:0001831,4,CHEMONTID:0000323,CHEMONTID:0000000;CHEMONTID:0004603;CHEMONTID:0000323;CHEMONTID:0001831,Organic compounds;Organic oxygen compounds;Organooxygen compounds;Carbonyl compounds
17591,Carbonyl compounds,0.96,CHEMONTID:0001831,4,CHEMONTID:0000323,CHEMONTID:0000000;CHEMONTID:0004603;CHEMONTID:0000323;CHEMONTID:0001831,Organic compounds;Organic oxygen compounds;Organooxygen compounds;Carbonyl compounds
10742,Amines,1,CHEMONTID:0002449,4,CHEMONTID:0000278,CHEMONTID:0000000;CHEMONTID:0004707;CHEMONTID:0000278;CHEMONTID:0002449,Organic compounds;Organic nitrogen compounds;Organonitrogen compounds;Amines
12031,Carboxylic acid derivatives,0.94,CHEMONTID:0001093,4,CHEMONTID:0000265,CHEMONTID:0000000;CHEMONTID:0000264;CHEMONTID:0000265;CHEMONTID:0001093,Organic compounds;Organic acids and derivatives;Carboxylic acids and derivatives;Carboxylic acid derivatives
15947,Dialkyl ethers,0.88,CHEMONTID:0001167,5,CHEMONTID:0000254,CHEMONTID:0000000;CHEMONTID:0004603;CHEMONTID:0000323;CHEMONTID:0000254;CHEMONTID:0001167,Organic compounds;Organic oxygen compounds;Organooxygen compounds;Ethers;Dialkyl ethers
11554,Monosaccharide phosphates,0.99,CHEMONTID:0001541,6,CHEMONTID:0001540,CHEMONTID:0000000;CHEMONTID:0004603;CHEMONTID:0000323;CHEMONTID:0000011;CHEMONTID:0001540;CHEMONTID:0001541,Organic compounds;Organic oxygen compounds;Organooxygen compounds;Carbohydrates and carbohydrate conjugates;Monosaccharides;Monosaccharide phosphates
14700,Monocarboxylic acids and derivatives,0.93,CHEMONTID:0001137,4,CHEMONTID:0000265,CHEMONTID:0000000;CHEMONTID:0000264;CHEMONTID:0000265;CHEMONTID:0001137,Organic compounds;Organic acids and derivatives;Carboxylic acids and derivatives;Monocarboxylic acids and derivatives
8567,Carbonyl compounds,0.97,CHEMONTID:0001831,4,CHEMONTID:0000323,CHEMONTID:0000000;CHEMONTID:0004603;CHEMONTID:0000323;CHEMONTID:0001831,Organic compounds;Organic oxygen compounds;Organooxygen compounds;Carbonyl compounds
6590,Guanidines,0.86,CHEMONTID:0000375,4,CHEMONTID:0000278,CHEMONTID:0000000;CHEMONTID:0004707;CHEMONTID:0000278;CHEMONTID:0000375,Organic compounds;Organic nitrogen compounds;Organonitrogen compounds;Guanidines
4961,Carboxylic acid derivatives,0.93,CHEMONTID:0001093,4,CHEMONTID:0000265,CHEMONTID:0000000;CHEMONTID:0000264;CHEMONTID:0000265;CHEMONTID:0001093,Organic compounds;Organic acids and derivatives;Carboxylic acids and derivatives;Carboxylic acid derivatives
7866,Amines,0.95,CHEMONTID:0002449,4,CHEMONTID:0000278,CHEMONTID:0000000;CHEMONTID:0004707;CHEMONTID:0000278;CHEMONTID:0002449,Organic compounds;Organic nitrogen compounds;Organonitrogen compounds;Amines
7724,Carboxylic acid derivatives,0.96,CHEMONTID:0001093,4,CHEMONTID:0000265,CHEMONTID:0000000;CHEMONTID:0000264;CHEMONTID:0000265;CHEMONTID:0001093,Organic compounds;Organic acids and derivatives;Carboxylic acids and derivatives;Carboxylic acid derivatives
9767,Guanidines,0.99,CHEMONTID:0000375,4,CHEMONTID:0000278,CHEMONTID:0000000;CHEMONTID:0004707;CHEMONTID:0000278;CHEMONTID:0000375,Organic compounds;Organic nitrogen compounds;Organonitrogen compounds;Guanidines
6447,Carbonyl compounds,0.9,CHEMONTID:0001831,4,CHEMONTID:0000323,CHEMONTID:0000000;CHEMONTID:0004603;CHEMONTID:0000323;CHEMONTID:0001831,Organic compounds;Organic oxygen compounds;Organooxygen compounds;Carbonyl compounds
19441,Alcohols and polyols,0.99,CHEMONTID:0000129,4,CHEMONTID:0000323,CHEMONTID:0000000;CHEMONTID:0004603;CHEMONTID:0000323;CHEMONTID:0000129,Organic compounds;Organic oxygen compounds;Organooxygen compounds;Alcohols and polyols
2504,Carbonyl compounds,0.83,CHEMONTID:0001831,4,CHEMONTID:0000323,CHEMONTID:0000000;CHEMONTID:0004603;CHEMONTID:0000323;CHEMONTID:0001831,Organic compounds;Organic oxygen compounds;Organooxygen compounds;Carbonyl compounds
9992,Glycosylamines,0.99,CHEMONTID:0002203,6,CHEMONTID:0002105,CHEMONTID:0000000;CHEMONTID:0004603;CHEMONTID:0000323;CHEMONTID:0000011;CHEMONTID:0002105;CHEMONTID:0002203,Organic compounds;Organic oxygen compounds;Organooxygen compounds;Carbohydrates and carbohydrate conjugates;Glycosyl compounds;Glycosylamines
19580,Carboxylic acid derivatives,0.97,CHEMONTID:0001093,4,CHEMONTID:0000265,CHEMONTID:0000000;CHEMONTID:0000264;CHEMONTID:0000265;CHEMONTID:0001093,Organic compounds;Organic acids and derivatives;Carboxylic acids and derivatives;Carboxylic acid derivatives
2428,Amines,0.98,CHEMONTID:0002449,4,CHEMONTID:0000278,CHEMONTID:0000000;CHEMONTID:0004707;CHEMONTID:0000278;CHEMONTID:0002449,Organic compounds;Organic nitrogen compounds;Organonitrogen compounds;Amines
1995,Carboxylic acid derivatives,0.95,CHEMONTID:0001093,4,CHEMONTID:0000265,CHEMONTID:0000000;CHEMONTID:0000264;CHEMONTID:0000265;CHEMONTID:0001093,Organic compounds;Organic acids and derivatives;Carboxylic acids and derivatives;Carboxylic acid derivatives
8651,Amines,0.86,CHEMONTID:0002449,4,CHEMONTID:0000278,CHEMONTID:0000000;CHEMONTID:0004707;CHEMONTID:0000278;CHEMONTID:0002449,Organic compounds;Organic nitrogen compounds;Organonitrogen compounds;Amines
7672,Primary amines,0.95,CHEMONTID:0002450,5,CHEMONTID:0002449,CHEMONTID:0000000;CHEMONTID:0004707;CHEMONTID:0000278;CHEMONTID:0002449;CHEMONTID:0002450,Organic compounds;Organic nitrogen compounds;Organonitrogen compounds;Amines;Primary amines
15950,Primary alcohols,0.92,CHEMONTID:0000286,5,CHEMONTID:0000129,CHEMONTID:0000000;CHEMONTID:0004603;CHEMONTID:0000323;CHEMONTID:0000129;CHEMONTID:0000286,Organic compounds;Organic oxygen compounds;Organooxygen compounds;Alcohols and polyols;Primary alcohols
20736,Alcohols and polyols,0.88,CHEMONTID:0000129,4,CHEMONTID:0000323,CHEMONTID:0000000;CHEMONTID:0004603;CHEMONTID:0000323;CHEMONTID:0000129,Organic compounds;Organic oxygen compounds;Organooxygen compounds;Alcohols and polyols
16679,Dialkyl ethers,0.99,CHEMONTID:0001167,5,CHEMONTID:0000254,CHEMONTID:0000000;CHEMONTID:0004603;CHEMONTID:0000323;CHEMONTID:0000254;CHEMONTID:0001167,Organic compounds;Organic oxygen compounds;Organooxygen compounds;Ethers;Dialkyl ethers
2177,Amines,0.94,CHEMONTID:0002449,4,CHEMONTID:0000278,CHEMONTID:0000000;CHEMONTID:0004707;CHEMONTID:0000278;CHEMONTID:0002449,Organic compounds;Organic nitrogen compounds;Organonitrogen compounds;Amines
20604,Carbonyl compounds,0.92,CHEMONTID:0001831,4,CHEMONTID:0000323,CHEMONTID:0000000;CHEMONTID:0004603;CHEMONTID:0000323;CHEMONTID:0001831,Organic compounds;Organic oxygen compounds;Organooxygen compounds;Carbonyl compounds
1404,Amines,0.88,CHEMONTID:0002449,4,CHEMONTID:0000278,CHEMONTID:0000000;CHEMONTID:0004707;CHEMONTID:0000278;CHEMONTID:0002449,Organic compounds;Organic nitrogen compounds;Organonitrogen compounds;Amines
10231,Carboxylic acid derivatives,1,CHEMONTID:0001093,4,CHEMONTID:0000265,CHEMONTID:0000000;CHEMONTID:0000264;CHEMONTID:0000265;CHEMONTID:0001093,Organic compounds;Organic acids and derivatives;Carboxylic acids and derivatives;Carboxylic acid derivatives
17664,Dialkyl ethers,0.99,CHEMONTID:0001167,5,CHEMONTID:0000254,CHEMONTID:0000000;CHEMONTID:0004603;CHEMONTID:0000323;CHEMONTID:0000254;CHEMONTID:0001167,Organic compounds;Organic oxygen compounds;Organooxygen compounds;Ethers;Dialkyl ethers
3631,Carbonyl compounds,0.95,CHEMONTID:0001831,4,CHEMONTID:0000323,CHEMONTID:0000000;CHEMONTID:0004603;CHEMONTID:0000323;CHEMONTID:0001831,Organic compounds;Organic oxygen compounds;Organooxygen compounds;Carbonyl compounds
17611,Carbonyl compounds,0.97,CHEMONTID:0001831,4,CHEMONTID:0000323,CHEMONTID:0000000;CHEMONTID:0004603;CHEMONTID:0000323;CHEMONTID:0001831,Organic compounds;Organic oxygen compounds;Organooxygen compounds;Carbonyl compounds
9678,Primary amines,0.89,CHEMONTID:0002450,5,CHEMONTID:0002449,CHEMONTID:0000000;CHEMONTID:0004707;CHEMONTID:0000278;CHEMONTID:0002449;CHEMONTID:0002450,Organic compounds;Organic nitrogen compounds;Organonitrogen compounds;Amines;Primary amines
8619,Primary amines,1,CHEMONTID:0002450,5,CHEMONTID:0002449,CHEMONTID:0000000;CHEMONTID:0004707;CHEMONTID:0000278;CHEMONTID:0002449;CHEMONTID:0002450,Organic compounds;Organic nitrogen compounds;Organonitrogen compounds;Amines;Primary amines
16773,Monocarboxylic acids and derivatives,0.88,CHEMONTID:0001137,4,CHEMONTID:0000265,CHEMONTID:0000000;CHEMONTID:0000264;CHEMONTID:0000265;CHEMONTID:0001137,Organic compounds;Organic acids and derivatives;Carboxylic acids and derivatives;Monocarboxylic acids and derivatives
16422,Carbonyl compounds,0.94,CHEMONTID:0001831,4,CHEMONTID:0000323,CHEMONTID:0000000;CHEMONTID:0004603;CHEMONTID:0000323;CHEMONTID:0001831,Organic compounds;Organic oxygen compounds;Organooxygen compounds;Carbonyl compounds
8897,Phosphate esters,1,CHEMONTID:0000408,4,CHEMONTID:0000402,CHEMONTID:0000000;CHEMONTID:0000264;CHEMONTID:0000402;CHEMONTID:0000408,Organic compounds;Organic acids and derivatives;Organic phosphoric acids and derivatives;Phosphate esters
6731,Alcohols and polyols,1,CHEMONTID:0000129,4,CHEMONTID:0000323,CHEMONTID:0000000;CHEMONTID:0004603;CHEMONTID:0000323;CHEMONTID:0000129,Organic compounds;Organic oxygen compounds;Organooxygen compounds;Alcohols and polyols
16612,"1,3,5-triazines",1,CHEMONTID:0004105,4,CHEMONTID:0000098,CHEMONTID:0000000;CHEMONTID:0000002;CHEMONTID:0000098;CHEMONTID:0004105,"Organic compounds;Organoheterocyclic compounds;Triazines;1,3,5-triazines"
9772,Monocarboxylic acids and derivatives,0.93,CHEMONTID:0001137,4,CHEMONTID:0000265,CHEMONTID:0000000;CHEMONTID:0000264;CHEMONTID:0000265;CHEMONTID:0001137,Organic compounds;Organic acids and derivatives;Carboxylic acids and derivatives;Monocarboxylic acids and derivatives
19880,Carbonyl compounds,0.91,CHEMONTID:0001831,4,CHEMONTID:0000323,CHEMONTID:0000000;CHEMONTID:0004603;CHEMONTID:0000323;CHEMONTID:0001831,Organic compounds;Organic oxygen compounds;Organooxygen compounds;Carbonyl compounds
12614,Ethers,0.83,CHEMONTID:0000254,4,CHEMONTID:0000323,CHEMONTID:0000000;CHEMONTID:0004603;CHEMONTID:0000323;CHEMONTID:0000254,Organic compounds;Organic oxygen compounds;Organooxygen compounds;Ethers
566,Ethers,0.88,CHEMONTID:0000254,4,CHEMONTID:0000323,CHEMONTID:0000000;CHEMONTID:0004603;CHEMONTID:0000323;CHEMONTID:0000254,Organic compounds;Organic oxygen compounds;Organooxygen compounds;Ethers
12487,Carboxylic acid derivatives,0.85,CHEMONTID:0001093,4,CHEMONTID:0000265,CHEMONTID:0000000;CHEMONTID:0000264;CHEMONTID:0000265;CHEMONTID:0001093,Organic compounds;Organic acids and derivatives;Carboxylic acids and derivatives;Carboxylic acid derivatives
10810,Carbonyl compounds,0.93,CHEMONTID:0001831,4,CHEMONTID:0000323,CHEMONTID:0000000;CHEMONTID:0004603;CHEMONTID:0000323;CHEMONTID:0001831,Organic compounds;Organic oxygen compounds;Organooxygen compounds;Carbonyl compounds
5126,Carbonyl compounds,0.83,CHEMONTID:0001831,4,CHEMONTID:0000323,CHEMONTID:0000000;CHEMONTID:0004603;CHEMONTID:0000323;CHEMONTID:0001831,Organic compounds;Organic oxygen compounds;Organooxygen compounds;Carbonyl compounds
13539,Primary amines,0.84,CHEMONTID:0002450,5,CHEMONTID:0002449,CHEMONTID:0000000;CHEMONTID:0004707;CHEMONTID:0000278;CHEMONTID:0002449;CHEMONTID:0002450,Organic compounds;Organic nitrogen compounds;Organonitrogen compounds;Amines;Primary amines
16685,Carbonyl compounds,0.92,CHEMONTID:0001831,4,CHEMONTID:0000323,CHEMONTID:0000000;CHEMONTID:0004603;CHEMONTID:0000323;CHEMONTID:0001831,Organic compounds;Organic oxygen compounds;Organooxygen compounds;Carbonyl compounds
2110,Dialkyl ethers,0.98,CHEMONTID:0001167,5,CHEMONTID:0000254,CHEMONTID:0000000;CHEMONTID:0004603;CHEMONTID:0000323;CHEMONTID:0000254;CHEMONTID:0001167,Organic compounds;Organic oxygen compounds;Organooxygen compounds;Ethers;Dialkyl ethers
12632,Carbonyl compounds,0.93,CHEMONTID:0001831,4,CHEMONTID:0000323,CHEMONTID:0000000;CHEMONTID:0004603;CHEMONTID:0000323;CHEMONTID:0001831,Organic compounds;Organic oxygen compounds;Organooxygen compounds;Carbonyl compounds
19777,Carbonyl compounds,0.98,CHEMONTID:0001831,4,CHEMONTID:0000323,CHEMONTID:0000000;CHEMONTID:0004603;CHEMONTID:0000323;CHEMONTID:0001831,Organic compounds;Organic oxygen compounds;Organooxygen compounds;Carbonyl compounds
15834,Phosphate esters,0.97,CHEMONTID:0000408,4,CHEMONTID:0000402,CHEMONTID:0000000;CHEMONTID:0000264;CHEMONTID:0000402;CHEMONTID:0000408,Organic compounds;Organic acids and derivatives;Organic phosphoric acids and derivatives;Phosphate esters
13431,Carboxylic acid derivatives,0.88,CHEMONTID:0001093,4,CHEMONTID:0000265,CHEMONTID:0000000;CHEMONTID:0000264;CHEMONTID:0000265;CHEMONTID:0001093,Organic compounds;Organic acids and derivatives;Carboxylic acids and derivatives;Carboxylic acid derivatives
19321,Primary amines,0.82,CHEMONTID:0002450,5,CHEMONTID:0002449,CHEMONTID:0000000;CHEMONTID:0004707;CHEMONTID:0000278;CHEMONTID:0002449;CHEMONTID:0002450,Organic compounds;Organic nitrogen compounds;Organonitrogen compounds;Amines;Primary amines
12504,Carbonyl compounds,0.99,CHEMONTID:0001831,4,CHEMONTID:0000323,CHEMONTID:0000000;CHEMONTID:0004603;CHEMONTID:0000323;CHEMONTID:0001831,Organic compounds;Organic oxygen compounds;Organooxygen compounds;Carbonyl compounds
793,Dialkyl ethers,0.98,CHEMONTID:0001167,5,CHEMONTID:0000254,CHEMONTID:0000000;CHEMONTID:0004603;CHEMONTID:0000323;CHEMONTID:0000254;CHEMONTID:0001167,Organic compounds;Organic oxygen compounds;Organooxygen compounds;Ethers;Dialkyl ethers
8458,Primary amines,0.92,CHEMONTID:0002450,5,CHEMONTID:0002449,CHEMONTID:0000000;CHEMONTID:0004707;CHEMONTID:0000278;CHEMONTID:0002449;CHEMONTID:0002450,Organic compounds;Organic nitrogen compounds;Organonitrogen compounds;Amines;Primary amines
8036,Monoalkylamines,0.99,CHEMONTID:0000469,6,CHEMONTID:0002450,CHEMONTID:0000000;CHEMONTID:0004707;CHEMONTID:0000278;CHEMONTID:0002449;CHEMONTID:0002450;CHEMONTID:0000469,Organic compounds;Organic nitrogen compounds;Organonitrogen compounds;Amines;Primary amines;Monoalkylamines
3767,Amines,0.97,CHEMONTID:0002449,4,CHEMONTID:0000278,CHEMONTID:0000000;CHEMONTID:0004707;CHEMONTID:0000278;CHEMONTID:0002449,Organic compounds;Organic nitrogen compounds;Organonitrogen compounds;Amines
12534,Dialkyl ethers,0.87,CHEMONTID:0001167,5,CHEMONTID:0000254,CHEMONTID:0000000;CHEMONTID:0004603;CHEMONTID:0000323;CHEMONTID:0000254;CHEMONTID:0001167,Organic compounds;Organic oxygen compounds;Organooxygen compounds;Ethers;Dialkyl ethers
9362,Carbonyl compounds,0.83,CHEMONTID:0001831,4,CHEMONTID:0000323,CHEMONTID:0000000;CHEMONTID:0004603;CHEMONTID:0000323;CHEMONTID:0001831,Organic compounds;Organic oxygen compounds;Organooxygen compounds;Carbonyl compounds
5735,Carbonyl compounds,1,CHEMONTID:0001831,4,CHEMONTID:0000323,CHEMONTID:0000000;CHEMONTID:0004603;CHEMONTID:0000323;CHEMONTID:0001831,Organic compounds;Organic oxygen compounds;Organooxygen compounds;Carbonyl compounds
3219,Primary amines,0.98,CHEMONTID:0002450,5,CHEMONTID:0002449,CHEMONTID:0000000;CHEMONTID:0004707;CHEMONTID:0000278;CHEMONTID:0002449;CHEMONTID:0002450,Organic compounds;Organic nitrogen compounds;Organonitrogen compounds;Amines;Primary amines
10662,"Amino acids, peptides, and analogues",0.98,CHEMONTID:0000013,4,CHEMONTID:0000265,CHEMONTID:0000000;CHEMONTID:0000264;CHEMONTID:0000265;CHEMONTID:0000013,"Organic compounds;Organic acids and derivatives;Carboxylic acids and derivatives;Amino acids, peptides, and analogues"
18594,Carboxylic acid derivatives,0.98,CHEMONTID:0001093,4,CHEMONTID:0000265,CHEMONTID:0000000;CHEMONTID:0000264;CHEMONTID:0000265;CHEMONTID:0001093,Organic compounds;Organic acids and derivatives;Carboxylic acids and derivatives;Carboxylic acid derivatives
3946,Amines,0.96,CHEMONTID:0002449,4,CHEMONTID:0000278,CHEMONTID:0000000;CHEMONTID:0004707;CHEMONTID:0000278;CHEMONTID:0002449,Organic compounds;Organic nitrogen compounds;Organonitrogen compounds;Amines
10309,Ethers,0.91,CHEMONTID:0000254,4,CHEMONTID:0000323,CHEMONTID:0000000;CHEMONTID:0004603;CHEMONTID:0000323;CHEMONTID:0000254,Organic compounds;Organic oxygen compounds;Organooxygen compounds;Ethers
5140,Amines,0.93,CHEMONTID:0002449,4,CHEMONTID:0000278,CHEMONTID:0000000;CHEMONTID:0004707;CHEMONTID:0000278;CHEMONTID:0002449,Organic compounds;Organic nitrogen compounds;Organonitrogen compounds;Amines
14089,Carboxylic acid derivatives,0.89,CHEMONTID:0001093,4,CHEMONTID:0000265,CHEMONTID:0000000;CHEMONTID:0000264;CHEMONTID:0000265;CHEMONTID:0001093,Organic compounds;Organic acids and derivatives;Carboxylic acids and derivatives;Carboxylic acid derivatives
7539,Alkyl phosphates,1,CHEMONTID:0003457,5,CHEMONTID:0000408,CHEMONTID:0000000;CHEMONTID:0000264;CHEMONTID:0000402;CHEMONTID:0000408;CHEMONTID:0003457,Organic compounds;Organic acids and derivatives;Organic phosphoric acids and derivatives;Phosphate esters;Alkyl phosphates
18472,Carbonyl compounds,0.98,CHEMONTID:0001831,4,CHEMONTID:0000323,CHEMONTID:0000000;CHEMONTID:0004603;CHEMONTID:0000323;CHEMONTID:0001831,Organic compounds;Organic oxygen compounds;Organooxygen compounds;Carbonyl compounds
6948,Alcohols and polyols,0.91,CHEMONTID:0000129,4,CHEMONTID:0000323,CHEMONTID:0000000;CHEMONTID:0004603;CHEMONTID:0000323;CHEMONTID:0000129,Organic compounds;Organic oxygen compounds;Organooxygen compounds;Alcohols and polyols
19976,Carbonyl compounds,0.81,CHEMONTID:0001831,4,CHEMONTID:0000323,CHEMONTID:0000000;CHEMONTID:0004603;CHEMONTID:0000323;CHEMONTID:0001831,Organic compounds;Organic oxygen compounds;Organooxygen compounds;Carbonyl compounds
5662,Monoalkylamines,0.83,CHEMONTID:0000469,6,CHEMONTID:0002450,CHEMONTID:0000000;CHEMONTID:0004707;CHEMONTID:0000278;CHEMONTID:0002449;CHEMONTID:0002450;CHEMONTID:0000469,Organic compounds;Organic nitrogen compounds;Organonitrogen compounds;Amines;Primary amines;Monoalkylamines
8983,Carboxylic acid derivatives,0.92,CHEMONTID:0001093,4,CHEMONTID:0000265,CHEMONTID:0000000;CHEMONTID:0000264;CHEMONTID:0000265;CHEMONTID:0001093,Organic compounds;Organic acids and derivatives;Carboxylic acids and derivatives;Carboxylic acid derivatives
11066,Carbonyl compounds,0.95,CHEMONTID:0001831,4,CHEMONTID:0000323,CHEMONTID:0000000;CHEMONTID:0004603;CHEMONTID:0000323;CHEMONTID:0001831,Organic compounds;Organic oxygen compounds;Organooxygen compounds;Carbonyl compounds
20540,Alpha amino acids and derivatives,0.93,CHEMONTID:0000060,6,CHEMONTID:0000347,CHEMONTID:0000000;CHEMONTID:0000264;CHEMONTID:0000265;CHEMONTID:0000013;CHEMONTID:0000347;CHEMONTID:0000060,"Organic compounds;Organic acids and derivatives;Carboxylic acids and derivatives;Amino acids, peptides, and analogues;Amino acids and derivatives;Alpha amino acids and derivatives"
14878,Triazoles,0.96,CHEMONTID:0000099,4,CHEMONTID:0000436,CHEMONTID:0000000;CHEMONTID:0000002;CHEMONTID:0000436;CHEMONTID:0000099,Organic compounds;Organoheterocyclic compounds;Azoles;Triazoles
5603,Carboxylic acid derivatives,0.89,CHEMONTID:0001093,4,CHEMONTID:0000265,CHEMONTID:0000000;CHEMONTID:0000264;CHEMONTID:0000265;CHEMONTID:0001093,Organic compounds;Organic acids and derivatives;Carboxylic acids and derivatives;Carboxylic acid derivatives
20117,Amines,0.99,CHEMONTID:0002449,4,CHEMONTID:0000278,CHEMONTID:0000000;CHEMONTID:0004707;CHEMONTID:0000278;CHEMONTID:0002449,Organic compounds;Organic nitrogen compounds;Organonitrogen compounds;Amines
4379,Carbonyl compounds,0.92,CHEMONTID:0001831,4,CHEMONTID:0000323,CHEMONTID:0000000;CHEMONTID:0004603;CHEMONTID:0000323;CHEMONTID:0001831,Organic compounds;Organic oxygen compounds;Organooxygen compounds;Carbonyl compounds
1317,Alcohols and polyols,0.98,CHEMONTID:0000129,4,CHEMONTID:0000323,CHEMONTID:0000000;CHEMONTID:0004603;CHEMONTID:0000323;CHEMONTID:0000129,Organic compounds;Organic oxygen compounds;Organooxygen compounds;Alcohols and polyols
14547,Amines,1,CHEMONTID:0002449,4,CHEMONTID:0000278,CHEMONTID:0000000;CHEMONTID:0004707;CHEMONTID:0000278;CHEMONTID:0002449,Organic compounds;Organic nitrogen compounds;Organonitrogen compounds;Amines
305,Dialkyl ethers,0.94,CHEMONTID:0001167,5,CHEMONTID:0000254,CHEMONTID:0000000;CHEMONTID:0004603;CHEMONTID:0000323;CHEMONTID:0000254;CHEMONTID:0001167,Organic compounds;Organic oxygen compounds;Organooxygen compounds;Ethers;Dialkyl ethers
12797,N-acyl-alpha amino acids,1,CHEMONTID:0002402,8,CHEMONTID:0001189,CHEMONTID:0000000;CHEMONTID:0000264;CHEMONTID:0000265;CHEMONTID:0000013;CHEMONTID:0000347;CHEMONTID:0000060;CHEMONTID:0001189;CHEMONTID:0002402,"Organic compounds;Organic acids and derivatives;Carboxylic acids and derivatives;Amino acids, peptides, and analogues;Amino acids and derivatives;Alpha amino acids and derivatives;N-acyl-alpha amino acids and derivatives;N-acyl-alpha amino acids"
9138,Guanidines,0.92,CHEMONTID:0000375,4,CHEMONTID:0000278,CHEMONTID:0000000;CHEMONTID:0004707;CHEMONTID:0000278;CHEMONTID:0000375,Organic compounds;Organic nitrogen compounds;Organonitrogen compounds;Guanidines
5194,Carboxylic acid derivatives,1,CHEMONTID:0001093,4,CHEMONTID:0000265,CHEMONTID:0000000;CHEMONTID:0000264;CHEMONTID:0000265;CHEMONTID:0001093,Organic compounds;Organic acids and derivatives;Carboxylic acids and derivatives;Carboxylic acid derivatives
4796,Amines,0.97,CHEMONTID:0002449,4,CHEMONTID:0000278,CHEMONTID:0000000;CHEMONTID:0004707;CHEMONTID:0000278;CHEMONTID:0002449,Organic compounds;Organic nitrogen compounds;Organonitrogen compounds;Amines
2844,Carboxylic acid derivatives,0.99,CHEMONTID:0001093,4,CHEMONTID:0000265,CHEMONTID:0000000;CHEMONTID:0000264;CHEMONTID:0000265;CHEMONTID:0001093,Organic compounds;Organic acids and derivatives;Carboxylic acids and derivatives;Carboxylic acid derivatives
10441,Carbonyl compounds,0.93,CHEMONTID:0001831,4,CHEMONTID:0000323,CHEMONTID:0000000;CHEMONTID:0004603;CHEMONTID:0000323;CHEMONTID:0001831,Organic compounds;Organic oxygen compounds;Organooxygen compounds;Carbonyl compounds
15014,Amines,0.9,CHEMONTID:0002449,4,CHEMONTID:0000278,CHEMONTID:0000000;CHEMONTID:0004707;CHEMONTID:0000278;CHEMONTID:0002449,Organic compounds;Organic nitrogen compounds;Organonitrogen compounds;Amines
17920,Carbonyl compounds,0.83,CHEMONTID:0001831,4,CHEMONTID:0000323,CHEMONTID:0000000;CHEMONTID:0004603;CHEMONTID:0000323;CHEMONTID:0001831,Organic compounds;Organic oxygen compounds;Organooxygen compounds;Carbonyl compounds
1440,Monoalkylamines,0.99,CHEMONTID:0000469,6,CHEMONTID:0002450,CHEMONTID:0000000;CHEMONTID:0004707;CHEMONTID:0000278;CHEMONTID:0002449;CHEMONTID:0002450;CHEMONTID:0000469,Organic compounds;Organic nitrogen compounds;Organonitrogen compounds;Amines;Primary amines;Monoalkylamines
3953,Carbonyl compounds,0.92,CHEMONTID:0001831,4,CHEMONTID:0000323,CHEMONTID:0000000;CHEMONTID:0004603;CHEMONTID:0000323;CHEMONTID:0001831,Organic compounds;Organic oxygen compounds;Organooxygen compounds;Carbonyl compounds
18117,Alcohols and polyols,0.96,CHEMONTID:0000129,4,CHEMONTID:0000323,CHEMONTID:0000000;CHEMONTID:0004603;CHEMONTID:0000323;CHEMONTID:0000129,Organic compounds;Organic oxygen compounds;Organooxygen compounds;Alcohols and polyols
12490,Carbonyl compounds,0.96,CHEMONTID:0001831,4,CHEMONTID:0000323,CHEMONTID:0000000;CHEMONTID:0004603;CHEMONTID:0000323;CHEMONTID:0001831,Organic compounds;Organic oxygen compounds;Organooxygen compounds;Carbonyl compounds
5446,Primary amines,0.98,CHEMONTID:0002450,5,CHEMONTID:0002449,CHEMONTID:0000000;CHEMONTID:0004707;CHEMONTID:0000278;CHEMONTID:0002449;CHEMONTID:0002450,Organic compounds;Organic nitrogen compounds;Organonitrogen compounds;Amines;Primary amines
18230,Carbohydrates and carbohydrate conjugates,0.98,CHEMONTID:0000011,4,CHEMONTID:0000323,CHEMONTID:0000000;CHEMONTID:0004603;CHEMONTID:0000323;CHEMONTID:0000011,Organic compounds;Organic oxygen compounds;Organooxygen compounds;Carbohydrates and carbohydrate conjugates
12644,Carbonyl compounds,0.99,CHEMONTID:0001831,4,CHEMONTID:0000323,CHEMONTID:0000000;CHEMONTID:0004603;CHEMONTID:0000323;CHEMONTID:0001831,Organic compounds;Organic oxygen compounds;Organooxygen compounds;Carbonyl compounds
4547,Carbonyl compounds,0.92,CHEMONTID:0001831,4,CHEMONTID:0000323,CHEMONTID:0000000;CHEMONTID:0004603;CHEMONTID:0000323;CHEMONTID:0001831,Organic compounds;Organic oxygen compounds;Organooxygen compounds;Carbonyl compounds
1451,Pyrimidines and pyrimidine derivatives,1,CHEMONTID:0000075,4,CHEMONTID:0001346,CHEMONTID:0000000;CHEMONTID:0000002;CHEMONTID:0001346;CHEMONTID:0000075,Organic compounds;Organoheterocyclic compounds;Diazines;Pyrimidines and pyrimidine derivatives
12650,Dialkyl ethers,0.99,CHEMONTID:0001167,5,CHEMONTID:0000254,CHEMONTID:0000000;CHEMONTID:0004603;CHEMONTID:0000323;CHEMONTID:0000254;CHEMONTID:0001167,Organic compounds;Organic oxygen compounds;Organooxygen compounds;Ethers;Dialkyl ethers
794,Carbonyl compounds,0.84,CHEMONTID:0001831,4,CHEMONTID:0000323,CHEMONTID:0000000;CHEMONTID:0004603;CHEMONTID:0000323;CHEMONTID:0001831,Organic compounds;Organic oxygen compounds;Organooxygen compounds;Carbonyl compounds
15055,Carbonyl compounds,0.99,CHEMONTID:0001831,4,CHEMONTID:0000323,CHEMONTID:0000000;CHEMONTID:0004603;CHEMONTID:0000323;CHEMONTID:0001831,Organic compounds;Organic oxygen compounds;Organooxygen compounds;Carbonyl compounds
11419,"Amino acids, peptides, and analogues",0.97,CHEMONTID:0000013,4,CHEMONTID:0000265,CHEMONTID:0000000;CHEMONTID:0000264;CHEMONTID:0000265;CHEMONTID:0000013,"Organic compounds;Organic acids and derivatives;Carboxylic acids and derivatives;Amino acids, peptides, and analogues"
11490,Carbonyl compounds,0.94,CHEMONTID:0001831,4,CHEMONTID:0000323,CHEMONTID:0000000;CHEMONTID:0004603;CHEMONTID:0000323;CHEMONTID:0001831,Organic compounds;Organic oxygen compounds;Organooxygen compounds;Carbonyl compounds
17744,Alcohols and polyols,0.97,CHEMONTID:0000129,4,CHEMONTID:0000323,CHEMONTID:0000000;CHEMONTID:0004603;CHEMONTID:0000323;CHEMONTID:0000129,Organic compounds;Organic oxygen compounds;Organooxygen compounds;Alcohols and polyols
8841,Pyrimidines and pyrimidine derivatives,0.95,CHEMONTID:0000075,4,CHEMONTID:0001346,CHEMONTID:0000000;CHEMONTID:0000002;CHEMONTID:0001346;CHEMONTID:0000075,Organic compounds;Organoheterocyclic compounds;Diazines;Pyrimidines and pyrimidine derivatives
13783,Carbonyl compounds,0.99,CHEMONTID:0001831,4,CHEMONTID:0000323,CHEMONTID:0000000;CHEMONTID:0004603;CHEMONTID:0000323;CHEMONTID:0001831,Organic compounds;Organic oxygen compounds;Organooxygen compounds;Carbonyl compounds
2363,Carboxylic acid derivatives,0.92,CHEMONTID:0001093,4,CHEMONTID:0000265,CHEMONTID:0000000;CHEMONTID:0000264;CHEMONTID:0000265;CHEMONTID:0001093,Organic compounds;Organic acids and derivatives;Carboxylic acids and derivatives;Carboxylic acid derivatives
18261,Amines,0.8,CHEMONTID:0002449,4,CHEMONTID:0000278,CHEMONTID:0000000;CHEMONTID:0004707;CHEMONTID:0000278;CHEMONTID:0002449,Organic compounds;Organic nitrogen compounds;Organonitrogen compounds;Amines
11797,Alkyl phosphates,1,CHEMONTID:0003457,5,CHEMONTID:0000408,CHEMONTID:0000000;CHEMONTID:0000264;CHEMONTID:0000402;CHEMONTID:0000408;CHEMONTID:0003457,Organic compounds;Organic acids and derivatives;Organic phosphoric acids and derivatives;Phosphate esters;Alkyl phosphates
8627,Alcohols and polyols,0.98,CHEMONTID:0000129,4,CHEMONTID:0000323,CHEMONTID:0000000;CHEMONTID:0004603;CHEMONTID:0000323;CHEMONTID:0000129,Organic compounds;Organic oxygen compounds;Organooxygen compounds;Alcohols and polyols
8697,Carbonyl compounds,0.85,CHEMONTID:0001831,4,CHEMONTID:0000323,CHEMONTID:0000000;CHEMONTID:0004603;CHEMONTID:0000323;CHEMONTID:0001831,Organic compounds;Organic oxygen compounds;Organooxygen compounds;Carbonyl compounds
2704,Carboxylic acid derivatives,0.86,CHEMONTID:0001093,4,CHEMONTID:0000265,CHEMONTID:0000000;CHEMONTID:0000264;CHEMONTID:0000265;CHEMONTID:0001093,Organic compounds;Organic acids and derivatives;Carboxylic acids and derivatives;Carboxylic acid derivatives
18098,Carbonyl compounds,1,CHEMONTID:0001831,4,CHEMONTID:0000323,CHEMONTID:0000000;CHEMONTID:0004603;CHEMONTID:0000323;CHEMONTID:0001831,Organic compounds;Organic oxygen compounds;Organooxygen compounds;Carbonyl compounds
6130,Carboxylic acid derivatives,0.96,CHEMONTID:0001093,4,CHEMONTID:0000265,CHEMONTID:0000000;CHEMONTID:0000264;CHEMONTID:0000265;CHEMONTID:0001093,Organic compounds;Organic acids and derivatives;Carboxylic acids and derivatives;Carboxylic acid derivatives
5012,Carbonyl compounds,0.97,CHEMONTID:0001831,4,CHEMONTID:0000323,CHEMONTID:0000000;CHEMONTID:0004603;CHEMONTID:0000323;CHEMONTID:0001831,Organic compounds;Organic oxygen compounds;Organooxygen compounds;Carbonyl compounds
18478,Carbonyl compounds,0.8,CHEMONTID:0001831,4,CHEMONTID:0000323,CHEMONTID:0000000;CHEMONTID:0004603;CHEMONTID:0000323;CHEMONTID:0001831,Organic compounds;Organic oxygen compounds;Organooxygen compounds;Carbonyl compounds
9129,Carbonyl compounds,0.8,CHEMONTID:0001831,4,CHEMONTID:0000323,CHEMONTID:0000000;CHEMONTID:0004603;CHEMONTID:0000323;CHEMONTID:0001831,Organic compounds;Organic oxygen compounds;Organooxygen compounds;Carbonyl compounds
989,Alcohols and polyols,0.82,CHEMONTID:0000129,4,CHEMONTID:0000323,CHEMONTID:0000000;CHEMONTID:0004603;CHEMONTID:0000323;CHEMONTID:0000129,Organic compounds;Organic oxygen compounds;Organooxygen compounds;Alcohols and polyols
2049,Amines,0.94,CHEMONTID:0002449,4,CHEMONTID:0000278,CHEMONTID:0000000;CHEMONTID:0004707;CHEMONTID:0000278;CHEMONTID:0002449,Organic compounds;Organic nitrogen compounds;Organonitrogen compounds;Amines
14598,Alcohols and polyols,0.97,CHEMONTID:0000129,4,CHEMONTID:0000323,CHEMONTID:0000000;CHEMONTID:0004603;CHEMONTID:0000323;CHEMONTID:0000129,Organic compounds;Organic oxygen compounds;Organooxygen compounds;Alcohols and polyols
16104,Amines,0.98,CHEMONTID:0002449,4,CHEMONTID:0000278,CHEMONTID:0000000;CHEMONTID:0004707;CHEMONTID:0000278;CHEMONTID:0002449,Organic compounds;Organic nitrogen compounds;Organonitrogen compounds;Amines
8339,Alcohols and polyols,0.82,CHEMONTID:0000129,4,CHEMONTID:0000323,CHEMONTID:0000000;CHEMONTID:0004603;CHEMONTID:0000323;CHEMONTID:0000129,Organic compounds;Organic oxygen compounds;Organooxygen compounds;Alcohols and polyols
17266,Dialkyl ethers,0.84,CHEMONTID:0001167,5,CHEMONTID:0000254,CHEMONTID:0000000;CHEMONTID:0004603;CHEMONTID:0000323;CHEMONTID:0000254;CHEMONTID:0001167,Organic compounds;Organic oxygen compounds;Organooxygen compounds;Ethers;Dialkyl ethers
155,Amines,0.85,CHEMONTID:0002449,4,CHEMONTID:0000278,CHEMONTID:0000000;CHEMONTID:0004707;CHEMONTID:0000278;CHEMONTID:0002449,Organic compounds;Organic nitrogen compounds;Organonitrogen compounds;Amines
4381,Carboxylic acid derivatives,0.9,CHEMONTID:0001093,4,CHEMONTID:0000265,CHEMONTID:0000000;CHEMONTID:0000264;CHEMONTID:0000265;CHEMONTID:0001093,Organic compounds;Organic acids and derivatives;Carboxylic acids and derivatives;Carboxylic acid derivatives
7528,Dialkyl ethers,0.96,CHEMONTID:0001167,5,CHEMONTID:0000254,CHEMONTID:0000000;CHEMONTID:0004603;CHEMONTID:0000323;CHEMONTID:0000254;CHEMONTID:0001167,Organic compounds;Organic oxygen compounds;Organooxygen compounds;Ethers;Dialkyl ethers
9460,Carbonyl compounds,0.9,CHEMONTID:0001831,4,CHEMONTID:0000323,CHEMONTID:0000000;CHEMONTID:0004603;CHEMONTID:0000323;CHEMONTID:0001831,Organic compounds;Organic oxygen compounds;Organooxygen compounds;Carbonyl compounds
15253,Carboxylic acid derivatives,0.93,CHEMONTID:0001093,4,CHEMONTID:0000265,CHEMONTID:0000000;CHEMONTID:0000264;CHEMONTID:0000265;CHEMONTID:0001093,Organic compounds;Organic acids and derivatives;Carboxylic acids and derivatives;Carboxylic acid derivatives
7920,Carbonyl compounds,0.92,CHEMONTID:0001831,4,CHEMONTID:0000323,CHEMONTID:0000000;CHEMONTID:0004603;CHEMONTID:0000323;CHEMONTID:0001831,Organic compounds;Organic oxygen compounds;Organooxygen compounds;Carbonyl compounds
12673,Amino acids and derivatives,0.98,CHEMONTID:0000347,5,CHEMONTID:0000013,CHEMONTID:0000000;CHEMONTID:0000264;CHEMONTID:0000265;CHEMONTID:0000013;CHEMONTID:0000347,"Organic compounds;Organic acids and derivatives;Carboxylic acids and derivatives;Amino acids, peptides, and analogues;Amino acids and derivatives"
15193,Carboxylic acid derivatives,0.91,CHEMONTID:0001093,4,CHEMONTID:0000265,CHEMONTID:0000000;CHEMONTID:0000264;CHEMONTID:0000265;CHEMONTID:0001093,Organic compounds;Organic acids and derivatives;Carboxylic acids and derivatives;Carboxylic acid derivatives
1563,Carbonyl compounds,0.93,CHEMONTID:0001831,4,CHEMONTID:0000323,CHEMONTID:0000000;CHEMONTID:0004603;CHEMONTID:0000323;CHEMONTID:0001831,Organic compounds;Organic oxygen compounds;Organooxygen compounds;Carbonyl compounds
14658,Dialkyl phosphates,1,CHEMONTID:0003459,6,CHEMONTID:0003457,CHEMONTID:0000000;CHEMONTID:0000264;CHEMONTID:0000402;CHEMONTID:0000408;CHEMONTID:0003457;CHEMONTID:0003459,Organic compounds;Organic acids and derivatives;Organic phosphoric acids and derivatives;Phosphate esters;Alkyl phosphates;Dialkyl phosphates
16260,Carbonyl compounds,0.98,CHEMONTID:0001831,4,CHEMONTID:0000323,CHEMONTID:0000000;CHEMONTID:0004603;CHEMONTID:0000323;CHEMONTID:0001831,Organic compounds;Organic oxygen compounds;Organooxygen compounds;Carbonyl compounds
19936,Carbonyl compounds,0.92,CHEMONTID:0001831,4,CHEMONTID:0000323,CHEMONTID:0000000;CHEMONTID:0004603;CHEMONTID:0000323;CHEMONTID:0001831,Organic compounds;Organic oxygen compounds;Organooxygen compounds;Carbonyl compounds
14247,Ethers,0.91,CHEMONTID:0000254,4,CHEMONTID:0000323,CHEMONTID:0000000;CHEMONTID:0004603;CHEMONTID:0000323;CHEMONTID:0000254,Organic compounds;Organic oxygen compounds;Organooxygen compounds;Ethers
19828,Amines,0.81,CHEMONTID:0002449,4,CHEMONTID:0000278,CHEMONTID:0000000;CHEMONTID:0004707;CHEMONTID:0000278;CHEMONTID:0002449,Organic compounds;Organic nitrogen compounds;Organonitrogen compounds;Amines
4962,Carbonyl compounds,0.95,CHEMONTID:0001831,4,CHEMONTID:0000323,CHEMONTID:0000000;CHEMONTID:0004603;CHEMONTID:0000323;CHEMONTID:0001831,Organic compounds;Organic oxygen compounds;Organooxygen compounds;Carbonyl compounds
11114,Dialkyl ethers,0.91,CHEMONTID:0001167,5,CHEMONTID:0000254,CHEMONTID:0000000;CHEMONTID:0004603;CHEMONTID:0000323;CHEMONTID:0000254;CHEMONTID:0001167,Organic compounds;Organic oxygen compounds;Organooxygen compounds;Ethers;Dialkyl ethers
556,Amines,0.94,CHEMONTID:0002449,4,CHEMONTID:0000278,CHEMONTID:0000000;CHEMONTID:0004707;CHEMONTID:0000278;CHEMONTID:0002449,Organic compounds;Organic nitrogen compounds;Organonitrogen compounds;Amines
2237,Carbonyl compounds,0.82,CHEMONTID:0001831,4,CHEMONTID:0000323,CHEMONTID:0000000;CHEMONTID:0004603;CHEMONTID:0000323;CHEMONTID:0001831,Organic compounds;Organic oxygen compounds;Organooxygen compounds;Carbonyl compounds
14956,Amines,0.95,CHEMONTID:0002449,4,CHEMONTID:0000278,CHEMONTID:0000000;CHEMONTID:0004707;CHEMONTID:0000278;CHEMONTID:0002449,Organic compounds;Organic nitrogen compounds;Organonitrogen compounds;Amines
4436,Carboxylic acid derivatives,0.91,CHEMONTID:0001093,4,CHEMONTID:0000265,CHEMONTID:0000000;CHEMONTID:0000264;CHEMONTID:0000265;CHEMONTID:0001093,Organic compounds;Organic acids and derivatives;Carboxylic acids and derivatives;Carboxylic acid derivatives
16297,Carbonyl compounds,0.92,CHEMONTID:0001831,4,CHEMONTID:0000323,CHEMONTID:0000000;CHEMONTID:0004603;CHEMONTID:0000323;CHEMONTID:0001831,Organic compounds;Organic oxygen compounds;Organooxygen compounds;Carbonyl compounds
7722,Alcohols and polyols,0.86,CHEMONTID:0000129,4,CHEMONTID:0000323,CHEMONTID:0000000;CHEMONTID:0004603;CHEMONTID:0000323;CHEMONTID:0000129,Organic compounds;Organic oxygen compounds;Organooxygen compounds;Alcohols and polyols
15774,Monocarboxylic acids and derivatives,0.95,CHEMONTID:0001137,4,CHEMONTID:0000265,CHEMONTID:0000000;CHEMONTID:0000264;CHEMONTID:0000265;CHEMONTID:0001137,Organic compounds;Organic acids and derivatives;Carboxylic acids and derivatives;Monocarboxylic acids and derivatives
6073,Guanidines,0.98,CHEMONTID:0000375,4,CHEMONTID:0000278,CHEMONTID:0000000;CHEMONTID:0004707;CHEMONTID:0000278;CHEMONTID:0000375,Organic compounds;Organic nitrogen compounds;Organonitrogen compounds;Guanidines
7461,Pyrimidines and pyrimidine derivatives,0.81,CHEMONTID:0000075,4,CHEMONTID:0001346,CHEMONTID:0000000;CHEMONTID:0000002;CHEMONTID:0001346;CHEMONTID:0000075,Organic compounds;Organoheterocyclic compounds;Diazines;Pyrimidines and pyrimidine derivatives
9587,Carboxylic acid derivatives,0.99,CHEMONTID:0001093,4,CHEMONTID:0000265,CHEMONTID:0000000;CHEMONTID:0000264;CHEMONTID:0000265;CHEMONTID:0001093,Organic compounds;Organic acids and derivatives;Carboxylic acids and derivatives;Carboxylic acid derivatives
5702,Amines,1,CHEMONTID:0002449,4,CHEMONTID:0000278,CHEMONTID:0000000;CHEMONTID:0004707;CHEMONTID:0000278;CHEMONTID:0002449,Organic compounds;Organic nitrogen compounds;Organonitrogen compounds;Amines
16809,Dialkyl ethers,0.96,CHEMONTID:0001167,5,CHEMONTID:0000254,CHEMONTID:0000000;CHEMONTID:0004603;CHEMONTID:0000323;CHEMONTID:0000254;CHEMONTID:0001167,Organic compounds;Organic oxygen compounds;Organooxygen compounds;Ethers;Dialkyl ethers
19478,Monoalkylamines,1,CHEMONTID:0000469,6,CHEMONTID:0002450,CHEMONTID:0000000;CHEMONTID:0004707;CHEMONTID:0000278;CHEMONTID:0002449;CHEMONTID:0002450;CHEMONTID:0000469,Organic compounds;Organic nitrogen compounds;Organonitrogen compounds;Amines;Primary amines;Monoalkylamines
9168,Carboxylic acid derivatives,0.96,CHEMONTID:0001093,4,CHEMONTID:0000265,CHEMONTID:0000000;CHEMONTID:0000264;CHEMONTID:0000265;CHEMONTID:0001093,Organic compounds;Organic acids and derivatives;Carboxylic acids and derivatives;Carboxylic acid derivatives
10367,Amines,0.98,CHEMONTID:0002449,4,CHEMONTID:0000278,CHEMONTID:0000000;CHEMONTID:0004707;CHEMONTID:0000278;CHEMONTID:0002449,Organic compounds;Organic nitrogen compounds;Organonitrogen compounds;Amines
14128,Carbonyl compounds,0.88,CHEMONTID:0001831,4,CHEMONTID:0000323,CHEMONTID:0000000;CHEMONTID:0004603;CHEMONTID:0000323;CHEMONTID:0001831,Organic compounds;Organic oxygen compounds;Organooxygen compounds;Carbonyl compounds
2457,Carboxylic acid derivatives,0.97,CHEMONTID:0001093,4,CHEMONTID:0000265,CHEMONTID:0000000;CHEMONTID:0000264;CHEMONTID:0000265;CHEMONTID:0001093,Organic compounds;Organic acids and derivatives;Carboxylic acids and derivatives;Carboxylic acid derivatives
14067,Amines,0.98,CHEMONTID:0002449,4,CHEMONTID:0000278,CHEMONTID:0000000;CHEMONTID:0004707;CHEMONTID:0000278;CHEMONTID:0002449,Organic compounds;Organic nitrogen compounds;Organonitrogen compounds;Amines
4821,Carbonyl compounds,0.99,CHEMONTID:0001831,4,CHEMONTID:0000323,CHEMONTID:0000000;CHEMONTID:0004603;CHEMONTID:0000323;CHEMONTID:0001831,Organic compounds;Organic oxygen compounds;Organooxygen compounds;Carbonyl compounds
11298,Ethers,0.94,CHEMONTID:0000254,4,CHEMONTID:0000323,CHEMONTID:0000000;CHEMONTID:0004603;CHEMONTID:0000323;CHEMONTID:0000254,Organic compounds;Organic oxygen compounds;Organooxygen compounds;Ethers
3289,Monocarboxylic acids and derivatives,0.92,CHEMONTID:0001137,4,CHEMONTID:0000265,CHEMONTID:0000000;CHEMONTID:0000264;CHEMONTID:0000265;CHEMONTID:0001137,Organic compounds;Organic acids and derivatives;Carboxylic acids and derivatives;Monocarboxylic acids and derivatives
6000,Carbonyl compounds,0.91,CHEMONTID:0001831,4,CHEMONTID:0000323,CHEMONTID:0000000;CHEMONTID:0004603;CHEMONTID:0000323;CHEMONTID:0001831,Organic compounds;Organic oxygen compounds;Organooxygen compounds;Carbonyl compounds
3420,Carboxylic acid derivatives,0.96,CHEMONTID:0001093,4,CHEMONTID:0000265,CHEMONTID:0000000;CHEMONTID:0000264;CHEMONTID:0000265;CHEMONTID:0001093,Organic compounds;Organic acids and derivatives;Carboxylic acids and derivatives;Carboxylic acid derivatives
13447,Carbonyl compounds,0.92,CHEMONTID:0001831,4,CHEMONTID:0000323,CHEMONTID:0000000;CHEMONTID:0004603;CHEMONTID:0000323;CHEMONTID:0001831,Organic compounds;Organic oxygen compounds;Organooxygen compounds;Carbonyl compounds
12349,Ethers,0.84,CHEMONTID:0000254,4,CHEMONTID:0000323,CHEMONTID:0000000;CHEMONTID:0004603;CHEMONTID:0000323;CHEMONTID:0000254,Organic compounds;Organic oxygen compounds;Organooxygen compounds;Ethers
19767,Alcohols and polyols,0.94,CHEMONTID:0000129,4,CHEMONTID:0000323,CHEMONTID:0000000;CHEMONTID:0004603;CHEMONTID:0000323;CHEMONTID:0000129,Organic compounds;Organic oxygen compounds;Organooxygen compounds;Alcohols and polyols
4940,Carbonyl compounds,0.85,CHEMONTID:0001831,4,CHEMONTID:0000323,CHEMONTID:0000000;CHEMONTID:0004603;CHEMONTID:0000323;CHEMONTID:0001831,Organic compounds;Organic oxygen compounds;Organooxygen compounds;Carbonyl compounds
3779,Carbonyl compounds,0.89,CHEMONTID:0001831,4,CHEMONTID:0000323,CHEMONTID:0000000;CHEMONTID:0004603;CHEMONTID:0000323;CHEMONTID:0001831,Organic compounds;Organic oxygen compounds;Organooxygen compounds;Carbonyl compounds
10301,Carbohydrates and carbohydrate conjugates,1,CHEMONTID:0000011,4,CHEMONTID:0000323,CHEMONTID:0000000;CHEMONTID:0004603;CHEMONTID:0000323;CHEMONTID:0000011,Organic compounds;Organic oxygen compounds;Organooxygen compounds;Carbohydrates and carbohydrate conjugates
15027,Secondary alcohols,0.96,CHEMONTID:0001661,5,CHEMONTID:0000129,CHEMONTID:0000000;CHEMONTID:0004603;CHEMONTID:0000323;CHEMONTID:0000129;CHEMONTID:0001661,Organic compounds;Organic oxygen compounds;Organooxygen compounds;Alcohols and polyols;Secondary alcohols
5717,Amines,0.93,CHEMONTID:0002449,4,CHEMONTID:0000278,CHEMONTID:0000000;CHEMONTID:0004707;CHEMONTID:0000278;CHEMONTID:0002449,Organic compounds;Organic nitrogen compounds;Organonitrogen compounds;Amines
16431,Carbonyl compounds,0.96,CHEMONTID:0001831,4,CHEMONTID:0000323,CHEMONTID:0000000;CHEMONTID:0004603;CHEMONTID:0000323;CHEMONTID:0001831,Organic compounds;Organic oxygen compounds;Organooxygen compounds;Carbonyl compounds
15804,Amines,0.98,CHEMONTID:0002449,4,CHEMONTID:0000278,CHEMONTID:0000000;CHEMONTID:0004707;CHEMONTID:0000278;CHEMONTID:0002449,Organic compounds;Organic nitrogen compounds;Organonitrogen compounds;Amines
4163,Amino acids and derivatives,0.86,CHEMONTID:0000347,5,CHEMONTID:0000013,CHEMONTID:0000000;CHEMONTID:0000264;CHEMONTID:0000265;CHEMONTID:0000013;CHEMONTID:0000347,"Organic compounds;Organic acids and derivatives;Carboxylic acids and derivatives;Amino acids, peptides, and analogues;Amino acids and derivatives"
14199,Carbonyl compounds,0.9,CHEMONTID:0001831,4,CHEMONTID:0000323,CHEMONTID:0000000;CHEMONTID:0004603;CHEMONTID:0000323;CHEMONTID:0001831,Organic compounds;Organic oxygen compounds;Organooxygen compounds;Carbonyl compounds
19687,Carbonyl compounds,0.91,CHEMONTID:0001831,4,CHEMONTID:0000323,CHEMONTID:0000000;CHEMONTID:0004603;CHEMONTID:0000323;CHEMONTID:0001831,Organic compounds;Organic oxygen compounds;Organooxygen compounds;Carbonyl compounds
5589,Amines,0.98,CHEMONTID:0002449,4,CHEMONTID:0000278,CHEMONTID:0000000;CHEMONTID:0004707;CHEMONTID:0000278;CHEMONTID:0002449,Organic compounds;Organic nitrogen compounds;Organonitrogen compounds;Amines
17551,Pyrimidines and pyrimidine derivatives,1,CHEMONTID:0000075,4,CHEMONTID:0001346,CHEMONTID:0000000;CHEMONTID:0000002;CHEMONTID:0001346;CHEMONTID:0000075,Organic compounds;Organoheterocyclic compounds;Diazines;Pyrimidines and pyrimidine derivatives
13460,Carbonyl compounds,0.98,CHEMONTID:0001831,4,CHEMONTID:0000323,CHEMONTID:0000000;CHEMONTID:0004603;CHEMONTID:0000323;CHEMONTID:0001831,Organic compounds;Organic oxygen compounds;Organooxygen compounds;Carbonyl compounds
9538,Alcohols and polyols,0.99,CHEMONTID:0000129,4,CHEMONTID:0000323,CHEMONTID:0000000;CHEMONTID:0004603;CHEMONTID:0000323;CHEMONTID:0000129,Organic compounds;Organic oxygen compounds;Organooxygen compounds;Alcohols and polyols
11125,Dialkyl phosphates,1,CHEMONTID:0003459,6,CHEMONTID:0003457,CHEMONTID:0000000;CHEMONTID:0000264;CHEMONTID:0000402;CHEMONTID:0000408;CHEMONTID:0003457;CHEMONTID:0003459,Organic compounds;Organic acids and derivatives;Organic phosphoric acids and derivatives;Phosphate esters;Alkyl phosphates;Dialkyl phosphates
3536,Monocarboxylic acids and derivatives,0.84,CHEMONTID:0001137,4,CHEMONTID:0000265,CHEMONTID:0000000;CHEMONTID:0000264;CHEMONTID:0000265;CHEMONTID:0001137,Organic compounds;Organic acids and derivatives;Carboxylic acids and derivatives;Monocarboxylic acids and derivatives
13119,Carbonyl compounds,0.97,CHEMONTID:0001831,4,CHEMONTID:0000323,CHEMONTID:0000000;CHEMONTID:0004603;CHEMONTID:0000323;CHEMONTID:0001831,Organic compounds;Organic oxygen compounds;Organooxygen compounds;Carbonyl compounds
4893,Carbonyl compounds,0.91,CHEMONTID:0001831,4,CHEMONTID:0000323,CHEMONTID:0000000;CHEMONTID:0004603;CHEMONTID:0000323;CHEMONTID:0001831,Organic compounds;Organic oxygen compounds;Organooxygen compounds;Carbonyl compounds
4403,Carbonyl compounds,0.99,CHEMONTID:0001831,4,CHEMONTID:0000323,CHEMONTID:0000000;CHEMONTID:0004603;CHEMONTID:0000323;CHEMONTID:0001831,Organic compounds;Organic oxygen compounds;Organooxygen compounds;Carbonyl compounds
10482,Alcohols and polyols,1,CHEMONTID:0000129,4,CHEMONTID:0000323,CHEMONTID:0000000;CHEMONTID:0004603;CHEMONTID:0000323;CHEMONTID:0000129,Organic compounds;Organic oxygen compounds;Organooxygen compounds;Alcohols and polyols
5311,Carbonyl compounds,0.98,CHEMONTID:0001831,4,CHEMONTID:0000323,CHEMONTID:0000000;CHEMONTID:0004603;CHEMONTID:0000323;CHEMONTID:0001831,Organic compounds;Organic oxygen compounds;Organooxygen compounds;Carbonyl compounds
10449,Carbonyl compounds,0.96,CHEMONTID:0001831,4,CHEMONTID:0000323,CHEMONTID:0000000;CHEMONTID:0004603;CHEMONTID:0000323;CHEMONTID:0001831,Organic compounds;Organic oxygen compounds;Organooxygen compounds;Carbonyl compounds
3849,Primary amines,0.98,CHEMONTID:0002450,5,CHEMONTID:0002449,CHEMONTID:0000000;CHEMONTID:0004707;CHEMONTID:0000278;CHEMONTID:0002449;CHEMONTID:0002450,Organic compounds;Organic nitrogen compounds;Organonitrogen compounds;Amines;Primary amines
11133,Amines,0.85,CHEMONTID:0002449,4,CHEMONTID:0000278,CHEMONTID:0000000;CHEMONTID:0004707;CHEMONTID:0000278;CHEMONTID:0002449,Organic compounds;Organic nitrogen compounds;Organonitrogen compounds;Amines
17929,Alcohols and polyols,0.98,CHEMONTID:0000129,4,CHEMONTID:0000323,CHEMONTID:0000000;CHEMONTID:0004603;CHEMONTID:0000323;CHEMONTID:0000129,Organic compounds;Organic oxygen compounds;Organooxygen compounds;Alcohols and polyols
18911,Amines,0.97,CHEMONTID:0002449,4,CHEMONTID:0000278,CHEMONTID:0000000;CHEMONTID:0004707;CHEMONTID:0000278;CHEMONTID:0002449,Organic compounds;Organic nitrogen compounds;Organonitrogen compounds;Amines
9181,Carbohydrates and carbohydrate conjugates,0.87,CHEMONTID:0000011,4,CHEMONTID:0000323,CHEMONTID:0000000;CHEMONTID:0004603;CHEMONTID:0000323;CHEMONTID:0000011,Organic compounds;Organic oxygen compounds;Organooxygen compounds;Carbohydrates and carbohydrate conjugates
8119,Alcohols and polyols,0.99,CHEMONTID:0000129,4,CHEMONTID:0000323,CHEMONTID:0000000;CHEMONTID:0004603;CHEMONTID:0000323;CHEMONTID:0000129,Organic compounds;Organic oxygen compounds;Organooxygen compounds;Alcohols and polyols
18883,Carbonyl compounds,0.87,CHEMONTID:0001831,4,CHEMONTID:0000323,CHEMONTID:0000000;CHEMONTID:0004603;CHEMONTID:0000323;CHEMONTID:0001831,Organic compounds;Organic oxygen compounds;Organooxygen compounds;Carbonyl compounds
11088,Carbonyl compounds,0.83,CHEMONTID:0001831,4,CHEMONTID:0000323,CHEMONTID:0000000;CHEMONTID:0004603;CHEMONTID:0000323;CHEMONTID:0001831,Organic compounds;Organic oxygen compounds;Organooxygen compounds;Carbonyl compounds
16896,Methyl esters,0.97,CHEMONTID:0003416,6,CHEMONTID:0001238,CHEMONTID:0000000;CHEMONTID:0000264;CHEMONTID:0000265;CHEMONTID:0001093;CHEMONTID:0001238;CHEMONTID:0003416,Organic compounds;Organic acids and derivatives;Carboxylic acids and derivatives;Carboxylic acid derivatives;Carboxylic acid esters;Methyl esters
16023,Primary amines,1,CHEMONTID:0002450,5,CHEMONTID:0002449,CHEMONTID:0000000;CHEMONTID:0004707;CHEMONTID:0000278;CHEMONTID:0002449;CHEMONTID:0002450,Organic compounds;Organic nitrogen compounds;Organonitrogen compounds;Amines;Primary amines
7748,Carbonyl compounds,0.92,CHEMONTID:0001831,4,CHEMONTID:0000323,CHEMONTID:0000000;CHEMONTID:0004603;CHEMONTID:0000323;CHEMONTID:0001831,Organic compounds;Organic oxygen compounds;Organooxygen compounds;Carbonyl compounds
11592,Carbonyl compounds,0.87,CHEMONTID:0001831,4,CHEMONTID:0000323,CHEMONTID:0000000;CHEMONTID:0004603;CHEMONTID:0000323;CHEMONTID:0001831,Organic compounds;Organic oxygen compounds;Organooxygen compounds;Carbonyl compounds
10059,Alcohols and polyols,0.8,CHEMONTID:0000129,4,CHEMONTID:0000323,CHEMONTID:0000000;CHEMONTID:0004603;CHEMONTID:0000323;CHEMONTID:0000129,Organic compounds;Organic oxygen compounds;Organooxygen compounds;Alcohols and polyols
5030,Carbonyl compounds,0.86,CHEMONTID:0001831,4,CHEMONTID:0000323,CHEMONTID:0000000;CHEMONTID:0004603;CHEMONTID:0000323;CHEMONTID:0001831,Organic compounds;Organic oxygen compounds;Organooxygen compounds;Carbonyl compounds
8605,Carbonyl compounds,0.91,CHEMONTID:0001831,4,CHEMONTID:0000323,CHEMONTID:0000000;CHEMONTID:0004603;CHEMONTID:0000323;CHEMONTID:0001831,Organic compounds;Organic oxygen compounds;Organooxygen compounds;Carbonyl compounds
5818,Alcohols and polyols,1,CHEMONTID:0000129,4,CHEMONTID:0000323,CHEMONTID:0000000;CHEMONTID:0004603;CHEMONTID:0000323;CHEMONTID:0000129,Organic compounds;Organic oxygen compounds;Organooxygen compounds;Alcohols and polyols
17001,Primary amines,0.95,CHEMONTID:0002450,5,CHEMONTID:0002449,CHEMONTID:0000000;CHEMONTID:0004707;CHEMONTID:0000278;CHEMONTID:0002449;CHEMONTID:0002450,Organic compounds;Organic nitrogen compounds;Organonitrogen compounds;Amines;Primary amines
4294,Carbonyl compounds,0.99,CHEMONTID:0001831,4,CHEMONTID:0000323,CHEMONTID:0000000;CHEMONTID:0004603;CHEMONTID:0000323;CHEMONTID:0001831,Organic compounds;Organic oxygen compounds;Organooxygen compounds;Carbonyl compounds
11206,Carbonyl compounds,0.8,CHEMONTID:0001831,4,CHEMONTID:0000323,CHEMONTID:0000000;CHEMONTID:0004603;CHEMONTID:0000323;CHEMONTID:0001831,Organic compounds;Organic oxygen compounds;Organooxygen compounds;Carbonyl compounds
4984,Carbonyl compounds,0.94,CHEMONTID:0001831,4,CHEMONTID:0000323,CHEMONTID:0000000;CHEMONTID:0004603;CHEMONTID:0000323;CHEMONTID:0001831,Organic compounds;Organic oxygen compounds;Organooxygen compounds;Carbonyl compounds
11109,Carbonyl compounds,1,CHEMONTID:0001831,4,CHEMONTID:0000323,CHEMONTID:0000000;CHEMONTID:0004603;CHEMONTID:0000323;CHEMONTID:0001831,Organic compounds;Organic oxygen compounds;Organooxygen compounds;Carbonyl compounds
5923,Pyrimidines and pyrimidine derivatives,0.9,CHEMONTID:0000075,4,CHEMONTID:0001346,CHEMONTID:0000000;CHEMONTID:0000002;CHEMONTID:0001346;CHEMONTID:0000075,Organic compounds;Organoheterocyclic compounds;Diazines;Pyrimidines and pyrimidine derivatives
12747,Carboxylic acid derivatives,0.89,CHEMONTID:0001093,4,CHEMONTID:0000265,CHEMONTID:0000000;CHEMONTID:0000264;CHEMONTID:0000265;CHEMONTID:0001093,Organic compounds;Organic acids and derivatives;Carboxylic acids and derivatives;Carboxylic acid derivatives
16626,Carbonyl compounds,0.99,CHEMONTID:0001831,4,CHEMONTID:0000323,CHEMONTID:0000000;CHEMONTID:0004603;CHEMONTID:0000323;CHEMONTID:0001831,Organic compounds;Organic oxygen compounds;Organooxygen compounds;Carbonyl compounds
18985,Alcohols and polyols,0.9,CHEMONTID:0000129,4,CHEMONTID:0000323,CHEMONTID:0000000;CHEMONTID:0004603;CHEMONTID:0000323;CHEMONTID:0000129,Organic compounds;Organic oxygen compounds;Organooxygen compounds;Alcohols and polyols
8730,Carbonyl compounds,0.84,CHEMONTID:0001831,4,CHEMONTID:0000323,CHEMONTID:0000000;CHEMONTID:0004603;CHEMONTID:0000323;CHEMONTID:0001831,Organic compounds;Organic oxygen compounds;Organooxygen compounds;Carbonyl compounds
12406,Monocarboxylic acids and derivatives,0.95,CHEMONTID:0001137,4,CHEMONTID:0000265,CHEMONTID:0000000;CHEMONTID:0000264;CHEMONTID:0000265;CHEMONTID:0001137,Organic compounds;Organic acids and derivatives;Carboxylic acids and derivatives;Monocarboxylic acids and derivatives
20139,Amines,0.9,CHEMONTID:0002449,4,CHEMONTID:0000278,CHEMONTID:0000000;CHEMONTID:0004707;CHEMONTID:0000278;CHEMONTID:0002449,Organic compounds;Organic nitrogen compounds;Organonitrogen compounds;Amines
11486,Primary amines,0.92,CHEMONTID:0002450,5,CHEMONTID:0002449,CHEMONTID:0000000;CHEMONTID:0004707;CHEMONTID:0000278;CHEMONTID:0002449;CHEMONTID:0002450,Organic compounds;Organic nitrogen compounds;Organonitrogen compounds;Amines;Primary amines
12386,Carbonyl compounds,0.95,CHEMONTID:0001831,4,CHEMONTID:0000323,CHEMONTID:0000000;CHEMONTID:0004603;CHEMONTID:0000323;CHEMONTID:0001831,Organic compounds;Organic oxygen compounds;Organooxygen compounds;Carbonyl compounds
20702,Alkyl aryl ethers,0.92,CHEMONTID:0000128,5,CHEMONTID:0000254,CHEMONTID:0000000;CHEMONTID:0004603;CHEMONTID:0000323;CHEMONTID:0000254;CHEMONTID:0000128,Organic compounds;Organic oxygen compounds;Organooxygen compounds;Ethers;Alkyl aryl ethers
8266,Organic phosphonic acids,0.95,CHEMONTID:0001302,4,CHEMONTID:0000419,CHEMONTID:0000000;CHEMONTID:0000264;CHEMONTID:0000419;CHEMONTID:0001302,Organic compounds;Organic acids and derivatives;Organic phosphonic acids and derivatives;Organic phosphonic acids
13066,Amino acids and derivatives,0.96,CHEMONTID:0000347,5,CHEMONTID:0000013,CHEMONTID:0000000;CHEMONTID:0000264;CHEMONTID:0000265;CHEMONTID:0000013;CHEMONTID:0000347,"Organic compounds;Organic acids and derivatives;Carboxylic acids and derivatives;Amino acids, peptides, and analogues;Amino acids and derivatives"
435,Carbonyl compounds,1,CHEMONTID:0001831,4,CHEMONTID:0000323,CHEMONTID:0000000;CHEMONTID:0004603;CHEMONTID:0000323;CHEMONTID:0001831,Organic compounds;Organic oxygen compounds;Organooxygen compounds;Carbonyl compounds
9529,Carbonyl compounds,0.91,CHEMONTID:0001831,4,CHEMONTID:0000323,CHEMONTID:0000000;CHEMONTID:0004603;CHEMONTID:0000323;CHEMONTID:0001831,Organic compounds;Organic oxygen compounds;Organooxygen compounds;Carbonyl compounds
13104,Carbonyl compounds,0.96,CHEMONTID:0001831,4,CHEMONTID:0000323,CHEMONTID:0000000;CHEMONTID:0004603;CHEMONTID:0000323;CHEMONTID:0001831,Organic compounds;Organic oxygen compounds;Organooxygen compounds;Carbonyl compounds
1462,Monocarboxylic acids and derivatives,0.9,CHEMONTID:0001137,4,CHEMONTID:0000265,CHEMONTID:0000000;CHEMONTID:0000264;CHEMONTID:0000265;CHEMONTID:0001137,Organic compounds;Organic acids and derivatives;Carboxylic acids and derivatives;Monocarboxylic acids and derivatives
4488,Carbonyl compounds,0.93,CHEMONTID:0001831,4,CHEMONTID:0000323,CHEMONTID:0000000;CHEMONTID:0004603;CHEMONTID:0000323;CHEMONTID:0001831,Organic compounds;Organic oxygen compounds;Organooxygen compounds;Carbonyl compounds
14779,Carbonyl compounds,0.8,CHEMONTID:0001831,4,CHEMONTID:0000323,CHEMONTID:0000000;CHEMONTID:0004603;CHEMONTID:0000323;CHEMONTID:0001831,Organic compounds;Organic oxygen compounds;Organooxygen compounds;Carbonyl compounds
4459,Carboxylic acids,0.9,CHEMONTID:0001205,4,CHEMONTID:0000265,CHEMONTID:0000000;CHEMONTID:0000264;CHEMONTID:0000265;CHEMONTID:0001205,Organic compounds;Organic acids and derivatives;Carboxylic acids and derivatives;Carboxylic acids
12441,Amines,0.99,CHEMONTID:0002449,4,CHEMONTID:0000278,CHEMONTID:0000000;CHEMONTID:0004707;CHEMONTID:0000278;CHEMONTID:0002449,Organic compounds;Organic nitrogen compounds;Organonitrogen compounds;Amines
19555,Alcohols and polyols,0.96,CHEMONTID:0000129,4,CHEMONTID:0000323,CHEMONTID:0000000;CHEMONTID:0004603;CHEMONTID:0000323;CHEMONTID:0000129,Organic compounds;Organic oxygen compounds;Organooxygen compounds;Alcohols and polyols
17709,Ethers,0.91,CHEMONTID:0000254,4,CHEMONTID:0000323,CHEMONTID:0000000;CHEMONTID:0004603;CHEMONTID:0000323;CHEMONTID:0000254,Organic compounds;Organic oxygen compounds;Organooxygen compounds;Ethers
3768,Pyrimidines and pyrimidine derivatives,0.83,CHEMONTID:0000075,4,CHEMONTID:0001346,CHEMONTID:0000000;CHEMONTID:0000002;CHEMONTID:0001346;CHEMONTID:0000075,Organic compounds;Organoheterocyclic compounds;Diazines;Pyrimidines and pyrimidine derivatives
12235,Alcohols and polyols,0.91,CHEMONTID:0000129,4,CHEMONTID:0000323,CHEMONTID:0000000;CHEMONTID:0004603;CHEMONTID:0000323;CHEMONTID:0000129,Organic compounds;Organic oxygen compounds;Organooxygen compounds;Alcohols and polyols
15033,Primary amines,0.86,CHEMONTID:0002450,5,CHEMONTID:0002449,CHEMONTID:0000000;CHEMONTID:0004707;CHEMONTID:0000278;CHEMONTID:0002449;CHEMONTID:0002450,Organic compounds;Organic nitrogen compounds;Organonitrogen compounds;Amines;Primary amines
13516,Amino acids,0.93,CHEMONTID:0004176,6,CHEMONTID:0000347,CHEMONTID:0000000;CHEMONTID:0000264;CHEMONTID:0000265;CHEMONTID:0000013;CHEMONTID:0000347;CHEMONTID:0004176,"Organic compounds;Organic acids and derivatives;Carboxylic acids and derivatives;Amino acids, peptides, and analogues;Amino acids and derivatives;Amino acids"
14946,Carbonyl compounds,0.9,CHEMONTID:0001831,4,CHEMONTID:0000323,CHEMONTID:0000000;CHEMONTID:0004603;CHEMONTID:0000323;CHEMONTID:0001831,Organic compounds;Organic oxygen compounds;Organooxygen compounds;Carbonyl compounds
15717,Carboxylic acid derivatives,0.96,CHEMONTID:0001093,4,CHEMONTID:0000265,CHEMONTID:0000000;CHEMONTID:0000264;CHEMONTID:0000265;CHEMONTID:0001093,Organic compounds;Organic acids and derivatives;Carboxylic acids and derivatives;Carboxylic acid derivatives
18058,Carbonyl compounds,0.89,CHEMONTID:0001831,4,CHEMONTID:0000323,CHEMONTID:0000000;CHEMONTID:0004603;CHEMONTID:0000323;CHEMONTID:0001831,Organic compounds;Organic oxygen compounds;Organooxygen compounds;Carbonyl compounds
15608,Monoalkylamines,0.99,CHEMONTID:0000469,6,CHEMONTID:0002450,CHEMONTID:0000000;CHEMONTID:0004707;CHEMONTID:0000278;CHEMONTID:0002449;CHEMONTID:0002450;CHEMONTID:0000469,Organic compounds;Organic nitrogen compounds;Organonitrogen compounds;Amines;Primary amines;Monoalkylamines
16194,Pyrimidines and pyrimidine derivatives,0.98,CHEMONTID:0000075,4,CHEMONTID:0001346,CHEMONTID:0000000;CHEMONTID:0000002;CHEMONTID:0001346;CHEMONTID:0000075,Organic compounds;Organoheterocyclic compounds;Diazines;Pyrimidines and pyrimidine derivatives
12663,Carbonyl compounds,0.95,CHEMONTID:0001831,4,CHEMONTID:0000323,CHEMONTID:0000000;CHEMONTID:0004603;CHEMONTID:0000323;CHEMONTID:0001831,Organic compounds;Organic oxygen compounds;Organooxygen compounds;Carbonyl compounds
10516,Carbonyl compounds,0.98,CHEMONTID:0001831,4,CHEMONTID:0000323,CHEMONTID:0000000;CHEMONTID:0004603;CHEMONTID:0000323;CHEMONTID:0001831,Organic compounds;Organic oxygen compounds;Organooxygen compounds;Carbonyl compounds
6416,Carbonyl compounds,0.85,CHEMONTID:0001831,4,CHEMONTID:0000323,CHEMONTID:0000000;CHEMONTID:0004603;CHEMONTID:0000323;CHEMONTID:0001831,Organic compounds;Organic oxygen compounds;Organooxygen compounds;Carbonyl compounds
10336,Pyrimidines and pyrimidine derivatives,0.93,CHEMONTID:0000075,4,CHEMONTID:0001346,CHEMONTID:0000000;CHEMONTID:0000002;CHEMONTID:0001346;CHEMONTID:0000075,Organic compounds;Organoheterocyclic compounds;Diazines;Pyrimidines and pyrimidine derivatives
6855,Carboxylic acid derivatives,0.96,CHEMONTID:0001093,4,CHEMONTID:0000265,CHEMONTID:0000000;CHEMONTID:0000264;CHEMONTID:0000265;CHEMONTID:0001093,Organic compounds;Organic acids and derivatives;Carboxylic acids and derivatives;Carboxylic acid derivatives
9179,Phosphate esters,0.95,CHEMONTID:0000408,4,CHEMONTID:0000402,CHEMONTID:0000000;CHEMONTID:0000264;CHEMONTID:0000402;CHEMONTID:0000408,Organic compounds;Organic acids and derivatives;Organic phosphoric acids and derivatives;Phosphate esters
14576,Carbonyl compounds,0.85,CHEMONTID:0001831,4,CHEMONTID:0000323,CHEMONTID:0000000;CHEMONTID:0004603;CHEMONTID:0000323;CHEMONTID:0001831,Organic compounds;Organic oxygen compounds;Organooxygen compounds;Carbonyl compounds
17102,Carbonyl compounds,0.91,CHEMONTID:0001831,4,CHEMONTID:0000323,CHEMONTID:0000000;CHEMONTID:0004603;CHEMONTID:0000323;CHEMONTID:0001831,Organic compounds;Organic oxygen compounds;Organooxygen compounds;Carbonyl compounds
18435,Alkyl phosphates,0.87,CHEMONTID:0003457,5,CHEMONTID:0000408,CHEMONTID:0000000;CHEMONTID:0000264;CHEMONTID:0000402;CHEMONTID:0000408;CHEMONTID:0003457,Organic compounds;Organic acids and derivatives;Organic phosphoric acids and derivatives;Phosphate esters;Alkyl phosphates
3660,Carbonyl compounds,0.92,CHEMONTID:0001831,4,CHEMONTID:0000323,CHEMONTID:0000000;CHEMONTID:0004603;CHEMONTID:0000323;CHEMONTID:0001831,Organic compounds;Organic oxygen compounds;Organooxygen compounds;Carbonyl compounds
20208,Alcohols and polyols,0.87,CHEMONTID:0000129,4,CHEMONTID:0000323,CHEMONTID:0000000;CHEMONTID:0004603;CHEMONTID:0000323;CHEMONTID:0000129,Organic compounds;Organic oxygen compounds;Organooxygen compounds;Alcohols and polyols
15243,Carbonyl compounds,0.96,CHEMONTID:0001831,4,CHEMONTID:0000323,CHEMONTID:0000000;CHEMONTID:0004603;CHEMONTID:0000323;CHEMONTID:0001831,Organic compounds;Organic oxygen compounds;Organooxygen compounds;Carbonyl compounds
17224,Alcohols and polyols,0.81,CHEMONTID:0000129,4,CHEMONTID:0000323,CHEMONTID:0000000;CHEMONTID:0004603;CHEMONTID:0000323;CHEMONTID:0000129,Organic compounds;Organic oxygen compounds;Organooxygen compounds;Alcohols and polyols
8147,Carbonyl compounds,0.91,CHEMONTID:0001831,4,CHEMONTID:0000323,CHEMONTID:0000000;CHEMONTID:0004603;CHEMONTID:0000323;CHEMONTID:0001831,Organic compounds;Organic oxygen compounds;Organooxygen compounds;Carbonyl compounds
6011,Amines,1,CHEMONTID:0002449,4,CHEMONTID:0000278,CHEMONTID:0000000;CHEMONTID:0004707;CHEMONTID:0000278;CHEMONTID:0002449,Organic compounds;Organic nitrogen compounds;Organonitrogen compounds;Amines
15260,Carbonyl compounds,0.97,CHEMONTID:0001831,4,CHEMONTID:0000323,CHEMONTID:0000000;CHEMONTID:0004603;CHEMONTID:0000323;CHEMONTID:0001831,Organic compounds;Organic oxygen compounds;Organooxygen compounds;Carbonyl compounds
11359,Primary amines,0.96,CHEMONTID:0002450,5,CHEMONTID:0002449,CHEMONTID:0000000;CHEMONTID:0004707;CHEMONTID:0000278;CHEMONTID:0002449;CHEMONTID:0002450,Organic compounds;Organic nitrogen compounds;Organonitrogen compounds;Amines;Primary amines
4830,Carbonyl compounds,0.89,CHEMONTID:0001831,4,CHEMONTID:0000323,CHEMONTID:0000000;CHEMONTID:0004603;CHEMONTID:0000323;CHEMONTID:0001831,Organic compounds;Organic oxygen compounds;Organooxygen compounds;Carbonyl compounds
8940,Dialkyl ethers,0.98,CHEMONTID:0001167,5,CHEMONTID:0000254,CHEMONTID:0000000;CHEMONTID:0004603;CHEMONTID:0000323;CHEMONTID:0000254;CHEMONTID:0001167,Organic compounds;Organic oxygen compounds;Organooxygen compounds;Ethers;Dialkyl ethers
20053,Carbonyl compounds,0.88,CHEMONTID:0001831,4,CHEMONTID:0000323,CHEMONTID:0000000;CHEMONTID:0004603;CHEMONTID:0000323;CHEMONTID:0001831,Organic compounds;Organic oxygen compounds;Organooxygen compounds;Carbonyl compounds
12439,Carbonyl compounds,0.84,CHEMONTID:0001831,4,CHEMONTID:0000323,CHEMONTID:0000000;CHEMONTID:0004603;CHEMONTID:0000323;CHEMONTID:0001831,Organic compounds;Organic oxygen compounds;Organooxygen compounds;Carbonyl compounds
10407,Aminosaccharides,1,CHEMONTID:0003305,5,CHEMONTID:0000011,CHEMONTID:0000000;CHEMONTID:0004603;CHEMONTID:0000323;CHEMONTID:0000011;CHEMONTID:0003305,Organic compounds;Organic oxygen compounds;Organooxygen compounds;Carbohydrates and carbohydrate conjugates;Aminosaccharides
10927,Carbonyl compounds,1,CHEMONTID:0001831,4,CHEMONTID:0000323,CHEMONTID:0000000;CHEMONTID:0004603;CHEMONTID:0000323;CHEMONTID:0001831,Organic compounds;Organic oxygen compounds;Organooxygen compounds;Carbonyl compounds
17389,Carbonyl compounds,0.83,CHEMONTID:0001831,4,CHEMONTID:0000323,CHEMONTID:0000000;CHEMONTID:0004603;CHEMONTID:0000323;CHEMONTID:0001831,Organic compounds;Organic oxygen compounds;Organooxygen compounds;Carbonyl compounds
10166,Amines,0.87,CHEMONTID:0002449,4,CHEMONTID:0000278,CHEMONTID:0000000;CHEMONTID:0004707;CHEMONTID:0000278;CHEMONTID:0002449,Organic compounds;Organic nitrogen compounds;Organonitrogen compounds;Amines
2692,Carbohydrates and carbohydrate conjugates,0.98,CHEMONTID:0000011,4,CHEMONTID:0000323,CHEMONTID:0000000;CHEMONTID:0004603;CHEMONTID:0000323;CHEMONTID:0000011,Organic compounds;Organic oxygen compounds;Organooxygen compounds;Carbohydrates and carbohydrate conjugates
18385,Phosphate esters,0.99,CHEMONTID:0000408,4,CHEMONTID:0000402,CHEMONTID:0000000;CHEMONTID:0000264;CHEMONTID:0000402;CHEMONTID:0000408,Organic compounds;Organic acids and derivatives;Organic phosphoric acids and derivatives;Phosphate esters
20121,Amines,0.99,CHEMONTID:0002449,4,CHEMONTID:0000278,CHEMONTID:0000000;CHEMONTID:0004707;CHEMONTID:0000278;CHEMONTID:0002449,Organic compounds;Organic nitrogen compounds;Organonitrogen compounds;Amines
877,Monoalkylamines,0.88,CHEMONTID:0000469,6,CHEMONTID:0002450,CHEMONTID:0000000;CHEMONTID:0004707;CHEMONTID:0000278;CHEMONTID:0002449;CHEMONTID:0002450;CHEMONTID:0000469,Organic compounds;Organic nitrogen compounds;Organonitrogen compounds;Amines;Primary amines;Monoalkylamines
811,Alcohols and polyols,0.96,CHEMONTID:0000129,4,CHEMONTID:0000323,CHEMONTID:0000000;CHEMONTID:0004603;CHEMONTID:0000323;CHEMONTID:0000129,Organic compounds;Organic oxygen compounds;Organooxygen compounds;Alcohols and polyols
241,Olefins,0.96,CHEMONTID:0002838,4,CHEMONTID:0004475,CHEMONTID:0000000;CHEMONTID:0002837;CHEMONTID:0004475;CHEMONTID:0002838,Organic compounds;Hydrocarbons;Unsaturated hydrocarbons;Olefins
5229,Pyrimidines and pyrimidine derivatives,0.99,CHEMONTID:0000075,4,CHEMONTID:0001346,CHEMONTID:0000000;CHEMONTID:0000002;CHEMONTID:0001346;CHEMONTID:0000075,Organic compounds;Organoheterocyclic compounds;Diazines;Pyrimidines and pyrimidine derivatives
4027,Carboxylic acid derivatives,0.87,CHEMONTID:0001093,4,CHEMONTID:0000265,CHEMONTID:0000000;CHEMONTID:0000264;CHEMONTID:0000265;CHEMONTID:0001093,Organic compounds;Organic acids and derivatives;Carboxylic acids and derivatives;Carboxylic acid derivatives
10561,Monoalkylamines,0.98,CHEMONTID:0000469,6,CHEMONTID:0002450,CHEMONTID:0000000;CHEMONTID:0004707;CHEMONTID:0000278;CHEMONTID:0002449;CHEMONTID:0002450;CHEMONTID:0000469,Organic compounds;Organic nitrogen compounds;Organonitrogen compounds;Amines;Primary amines;Monoalkylamines
20397,Carboxylic acid derivatives,0.8,CHEMONTID:0001093,4,CHEMONTID:0000265,CHEMONTID:0000000;CHEMONTID:0000264;CHEMONTID:0000265;CHEMONTID:0001093,Organic compounds;Organic acids and derivatives;Carboxylic acids and derivatives;Carboxylic acid derivatives
12302,Amines,0.92,CHEMONTID:0002449,4,CHEMONTID:0000278,CHEMONTID:0000000;CHEMONTID:0004707;CHEMONTID:0000278;CHEMONTID:0002449,Organic compounds;Organic nitrogen compounds;Organonitrogen compounds;Amines
14166,Amines,0.95,CHEMONTID:0002449,4,CHEMONTID:0000278,CHEMONTID:0000000;CHEMONTID:0004707;CHEMONTID:0000278;CHEMONTID:0002449,Organic compounds;Organic nitrogen compounds;Organonitrogen compounds;Amines
12297,Carboxylic acid derivatives,0.9,CHEMONTID:0001093,4,CHEMONTID:0000265,CHEMONTID:0000000;CHEMONTID:0000264;CHEMONTID:0000265;CHEMONTID:0001093,Organic compounds;Organic acids and derivatives;Carboxylic acids and derivatives;Carboxylic acid derivatives
16367,Dialkyl ethers,0.99,CHEMONTID:0001167,5,CHEMONTID:0000254,CHEMONTID:0000000;CHEMONTID:0004603;CHEMONTID:0000323;CHEMONTID:0000254;CHEMONTID:0001167,Organic compounds;Organic oxygen compounds;Organooxygen compounds;Ethers;Dialkyl ethers
1478,Monocarboxylic acids and derivatives,0.84,CHEMONTID:0001137,4,CHEMONTID:0000265,CHEMONTID:0000000;CHEMONTID:0000264;CHEMONTID:0000265;CHEMONTID:0001137,Organic compounds;Organic acids and derivatives;Carboxylic acids and derivatives;Monocarboxylic acids and derivatives
11875,Monocarboxylic acids and derivatives,0.93,CHEMONTID:0001137,4,CHEMONTID:0000265,CHEMONTID:0000000;CHEMONTID:0000264;CHEMONTID:0000265;CHEMONTID:0001137,Organic compounds;Organic acids and derivatives;Carboxylic acids and derivatives;Monocarboxylic acids and derivatives
3920,Carbonyl compounds,1,CHEMONTID:0001831,4,CHEMONTID:0000323,CHEMONTID:0000000;CHEMONTID:0004603;CHEMONTID:0000323;CHEMONTID:0001831,Organic compounds;Organic oxygen compounds;Organooxygen compounds;Carbonyl compounds
2285,Carboxylic acid derivatives,0.97,CHEMONTID:0001093,4,CHEMONTID:0000265,CHEMONTID:0000000;CHEMONTID:0000264;CHEMONTID:0000265;CHEMONTID:0001093,Organic compounds;Organic acids and derivatives;Carboxylic acids and derivatives;Carboxylic acid derivatives
8630,Alcohols and polyols,0.92,CHEMONTID:0000129,4,CHEMONTID:0000323,CHEMONTID:0000000;CHEMONTID:0004603;CHEMONTID:0000323;CHEMONTID:0000129,Organic compounds;Organic oxygen compounds;Organooxygen compounds;Alcohols and polyols
6040,Dialkyl ethers,0.99,CHEMONTID:0001167,5,CHEMONTID:0000254,CHEMONTID:0000000;CHEMONTID:0004603;CHEMONTID:0000323;CHEMONTID:0000254;CHEMONTID:0001167,Organic compounds;Organic oxygen compounds;Organooxygen compounds;Ethers;Dialkyl ethers
4440,Carbonyl compounds,0.94,CHEMONTID:0001831,4,CHEMONTID:0000323,CHEMONTID:0000000;CHEMONTID:0004603;CHEMONTID:0000323;CHEMONTID:0001831,Organic compounds;Organic oxygen compounds;Organooxygen compounds;Carbonyl compounds
4020,Monocarboxylic acids and derivatives,0.91,CHEMONTID:0001137,4,CHEMONTID:0000265,CHEMONTID:0000000;CHEMONTID:0000264;CHEMONTID:0000265;CHEMONTID:0001137,Organic compounds;Organic acids and derivatives;Carboxylic acids and derivatives;Monocarboxylic acids and derivatives
344,Amines,0.99,CHEMONTID:0002449,4,CHEMONTID:0000278,CHEMONTID:0000000;CHEMONTID:0004707;CHEMONTID:0000278;CHEMONTID:0002449,Organic compounds;Organic nitrogen compounds;Organonitrogen compounds;Amines
3841,Carboxylic acid derivatives,1,CHEMONTID:0001093,4,CHEMONTID:0000265,CHEMONTID:0000000;CHEMONTID:0000264;CHEMONTID:0000265;CHEMONTID:0001093,Organic compounds;Organic acids and derivatives;Carboxylic acids and derivatives;Carboxylic acid derivatives
8375,Carbonyl compounds,0.99,CHEMONTID:0001831,4,CHEMONTID:0000323,CHEMONTID:0000000;CHEMONTID:0004603;CHEMONTID:0000323;CHEMONTID:0001831,Organic compounds;Organic oxygen compounds;Organooxygen compounds;Carbonyl compounds
10212,Guanidines,0.87,CHEMONTID:0000375,4,CHEMONTID:0000278,CHEMONTID:0000000;CHEMONTID:0004707;CHEMONTID:0000278;CHEMONTID:0000375,Organic compounds;Organic nitrogen compounds;Organonitrogen compounds;Guanidines
7433,Amino acids and derivatives,0.99,CHEMONTID:0000347,5,CHEMONTID:0000013,CHEMONTID:0000000;CHEMONTID:0000264;CHEMONTID:0000265;CHEMONTID:0000013;CHEMONTID:0000347,"Organic compounds;Organic acids and derivatives;Carboxylic acids and derivatives;Amino acids, peptides, and analogues;Amino acids and derivatives"
6453,Ethers,0.99,CHEMONTID:0000254,4,CHEMONTID:0000323,CHEMONTID:0000000;CHEMONTID:0004603;CHEMONTID:0000323;CHEMONTID:0000254,Organic compounds;Organic oxygen compounds;Organooxygen compounds;Ethers
7730,Monocarboxylic acids and derivatives,0.82,CHEMONTID:0001137,4,CHEMONTID:0000265,CHEMONTID:0000000;CHEMONTID:0000264;CHEMONTID:0000265;CHEMONTID:0001137,Organic compounds;Organic acids and derivatives;Carboxylic acids and derivatives;Monocarboxylic acids and derivatives
14315,Carbonyl compounds,0.96,CHEMONTID:0001831,4,CHEMONTID:0000323,CHEMONTID:0000000;CHEMONTID:0004603;CHEMONTID:0000323;CHEMONTID:0001831,Organic compounds;Organic oxygen compounds;Organooxygen compounds;Carbonyl compounds
5971,Carbonyl compounds,0.93,CHEMONTID:0001831,4,CHEMONTID:0000323,CHEMONTID:0000000;CHEMONTID:0004603;CHEMONTID:0000323;CHEMONTID:0001831,Organic compounds;Organic oxygen compounds;Organooxygen compounds;Carbonyl compounds
1244,Alcohols and polyols,0.97,CHEMONTID:0000129,4,CHEMONTID:0000323,CHEMONTID:0000000;CHEMONTID:0004603;CHEMONTID:0000323;CHEMONTID:0000129,Organic compounds;Organic oxygen compounds;Organooxygen compounds;Alcohols and polyols
19579,Guanidines,0.84,CHEMONTID:0000375,4,CHEMONTID:0000278,CHEMONTID:0000000;CHEMONTID:0004707;CHEMONTID:0000278;CHEMONTID:0000375,Organic compounds;Organic nitrogen compounds;Organonitrogen compounds;Guanidines
12332,Amines,0.99,CHEMONTID:0002449,4,CHEMONTID:0000278,CHEMONTID:0000000;CHEMONTID:0004707;CHEMONTID:0000278;CHEMONTID:0002449,Organic compounds;Organic nitrogen compounds;Organonitrogen compounds;Amines
8054,Amines,0.87,CHEMONTID:0002449,4,CHEMONTID:0000278,CHEMONTID:0000000;CHEMONTID:0004707;CHEMONTID:0000278;CHEMONTID:0002449,Organic compounds;Organic nitrogen compounds;Organonitrogen compounds;Amines
12566,Carbonyl compounds,0.94,CHEMONTID:0001831,4,CHEMONTID:0000323,CHEMONTID:0000000;CHEMONTID:0004603;CHEMONTID:0000323;CHEMONTID:0001831,Organic compounds;Organic oxygen compounds;Organooxygen compounds;Carbonyl compounds
8233,Carbonyl compounds,0.95,CHEMONTID:0001831,4,CHEMONTID:0000323,CHEMONTID:0000000;CHEMONTID:0004603;CHEMONTID:0000323;CHEMONTID:0001831,Organic compounds;Organic oxygen compounds;Organooxygen compounds;Carbonyl compounds
2166,Ethers,0.98,CHEMONTID:0000254,4,CHEMONTID:0000323,CHEMONTID:0000000;CHEMONTID:0004603;CHEMONTID:0000323;CHEMONTID:0000254,Organic compounds;Organic oxygen compounds;Organooxygen compounds;Ethers
6552,Alcohols and polyols,0.86,CHEMONTID:0000129,4,CHEMONTID:0000323,CHEMONTID:0000000;CHEMONTID:0004603;CHEMONTID:0000323;CHEMONTID:0000129,Organic compounds;Organic oxygen compounds;Organooxygen compounds;Alcohols and polyols
13910,Amines,1,CHEMONTID:0002449,4,CHEMONTID:0000278,CHEMONTID:0000000;CHEMONTID:0004707;CHEMONTID:0000278;CHEMONTID:0002449,Organic compounds;Organic nitrogen compounds;Organonitrogen compounds;Amines
8968,Monoalkylamines,0.93,CHEMONTID:0000469,6,CHEMONTID:0002450,CHEMONTID:0000000;CHEMONTID:0004707;CHEMONTID:0000278;CHEMONTID:0002449;CHEMONTID:0002450;CHEMONTID:0000469,Organic compounds;Organic nitrogen compounds;Organonitrogen compounds;Amines;Primary amines;Monoalkylamines
4266,Monoalkylamines,1,CHEMONTID:0000469,6,CHEMONTID:0002450,CHEMONTID:0000000;CHEMONTID:0004707;CHEMONTID:0000278;CHEMONTID:0002449;CHEMONTID:0002450;CHEMONTID:0000469,Organic compounds;Organic nitrogen compounds;Organonitrogen compounds;Amines;Primary amines;Monoalkylamines
4127,Carbohydrates and carbohydrate conjugates,0.99,CHEMONTID:0000011,4,CHEMONTID:0000323,CHEMONTID:0000000;CHEMONTID:0004603;CHEMONTID:0000323;CHEMONTID:0000011,Organic compounds;Organic oxygen compounds;Organooxygen compounds;Carbohydrates and carbohydrate conjugates
14625,Amines,0.99,CHEMONTID:0002449,4,CHEMONTID:0000278,CHEMONTID:0000000;CHEMONTID:0004707;CHEMONTID:0000278;CHEMONTID:0002449,Organic compounds;Organic nitrogen compounds;Organonitrogen compounds;Amines
4451,Carboxylic acid derivatives,0.95,CHEMONTID:0001093,4,CHEMONTID:0000265,CHEMONTID:0000000;CHEMONTID:0000264;CHEMONTID:0000265;CHEMONTID:0001093,Organic compounds;Organic acids and derivatives;Carboxylic acids and derivatives;Carboxylic acid derivatives
1712,Primary amines,0.8,CHEMONTID:0002450,5,CHEMONTID:0002449,CHEMONTID:0000000;CHEMONTID:0004707;CHEMONTID:0000278;CHEMONTID:0002449;CHEMONTID:0002450,Organic compounds;Organic nitrogen compounds;Organonitrogen compounds;Amines;Primary amines
9521,Monoalkylamines,0.95,CHEMONTID:0000469,6,CHEMONTID:0002450,CHEMONTID:0000000;CHEMONTID:0004707;CHEMONTID:0000278;CHEMONTID:0002449;CHEMONTID:0002450;CHEMONTID:0000469,Organic compounds;Organic nitrogen compounds;Organonitrogen compounds;Amines;Primary amines;Monoalkylamines
4068,Monoalkylamines,0.99,CHEMONTID:0000469,6,CHEMONTID:0002450,CHEMONTID:0000000;CHEMONTID:0004707;CHEMONTID:0000278;CHEMONTID:0002449;CHEMONTID:0002450;CHEMONTID:0000469,Organic compounds;Organic nitrogen compounds;Organonitrogen compounds;Amines;Primary amines;Monoalkylamines
6815,Amines,0.97,CHEMONTID:0002449,4,CHEMONTID:0000278,CHEMONTID:0000000;CHEMONTID:0004707;CHEMONTID:0000278;CHEMONTID:0002449,Organic compounds;Organic nitrogen compounds;Organonitrogen compounds;Amines
15343,Dialkyl ethers,1,CHEMONTID:0001167,5,CHEMONTID:0000254,CHEMONTID:0000000;CHEMONTID:0004603;CHEMONTID:0000323;CHEMONTID:0000254;CHEMONTID:0001167,Organic compounds;Organic oxygen compounds;Organooxygen compounds;Ethers;Dialkyl ethers
7422,Carboxylic acid derivatives,0.99,CHEMONTID:0001093,4,CHEMONTID:0000265,CHEMONTID:0000000;CHEMONTID:0000264;CHEMONTID:0000265;CHEMONTID:0001093,Organic compounds;Organic acids and derivatives;Carboxylic acids and derivatives;Carboxylic acid derivatives
19916,"Amino acids, peptides, and analogues",1,CHEMONTID:0000013,4,CHEMONTID:0000265,CHEMONTID:0000000;CHEMONTID:0000264;CHEMONTID:0000265;CHEMONTID:0000013,"Organic compounds;Organic acids and derivatives;Carboxylic acids and derivatives;Amino acids, peptides, and analogues"
7782,Carboxylic acid derivatives,0.97,CHEMONTID:0001093,4,CHEMONTID:0000265,CHEMONTID:0000000;CHEMONTID:0000264;CHEMONTID:0000265;CHEMONTID:0001093,Organic compounds;Organic acids and derivatives;Carboxylic acids and derivatives;Carboxylic acid derivatives
19808,Amines,0.99,CHEMONTID:0002449,4,CHEMONTID:0000278,CHEMONTID:0000000;CHEMONTID:0004707;CHEMONTID:0000278;CHEMONTID:0002449,Organic compounds;Organic nitrogen compounds;Organonitrogen compounds;Amines
4742,Carbonyl compounds,0.96,CHEMONTID:0001831,4,CHEMONTID:0000323,CHEMONTID:0000000;CHEMONTID:0004603;CHEMONTID:0000323;CHEMONTID:0001831,Organic compounds;Organic oxygen compounds;Organooxygen compounds;Carbonyl compounds
16512,Monocarboxylic acids and derivatives,0.85,CHEMONTID:0001137,4,CHEMONTID:0000265,CHEMONTID:0000000;CHEMONTID:0000264;CHEMONTID:0000265;CHEMONTID:0001137,Organic compounds;Organic acids and derivatives;Carboxylic acids and derivatives;Monocarboxylic acids and derivatives
20148,Carbonyl compounds,0.85,CHEMONTID:0001831,4,CHEMONTID:0000323,CHEMONTID:0000000;CHEMONTID:0004603;CHEMONTID:0000323;CHEMONTID:0001831,Organic compounds;Organic oxygen compounds;Organooxygen compounds;Carbonyl compounds
9223,Carboxylic acids,0.88,CHEMONTID:0001205,4,CHEMONTID:0000265,CHEMONTID:0000000;CHEMONTID:0000264;CHEMONTID:0000265;CHEMONTID:0001205,Organic compounds;Organic acids and derivatives;Carboxylic acids and derivatives;Carboxylic acids
18858,Amino acids and derivatives,1,CHEMONTID:0000347,5,CHEMONTID:0000013,CHEMONTID:0000000;CHEMONTID:0000264;CHEMONTID:0000265;CHEMONTID:0000013;CHEMONTID:0000347,"Organic compounds;Organic acids and derivatives;Carboxylic acids and derivatives;Amino acids, peptides, and analogues;Amino acids and derivatives"
6606,Primary amines,0.97,CHEMONTID:0002450,5,CHEMONTID:0002449,CHEMONTID:0000000;CHEMONTID:0004707;CHEMONTID:0000278;CHEMONTID:0002449;CHEMONTID:0002450,Organic compounds;Organic nitrogen compounds;Organonitrogen compounds;Amines;Primary amines
7581,Proline and derivatives,0.99,CHEMONTID:0004322,7,CHEMONTID:0000060,CHEMONTID:0000000;CHEMONTID:0000264;CHEMONTID:0000265;CHEMONTID:0000013;CHEMONTID:0000347;CHEMONTID:0000060;CHEMONTID:0004322,"Organic compounds;Organic acids and derivatives;Carboxylic acids and derivatives;Amino acids, peptides, and analogues;Amino acids and derivatives;Alpha amino acids and derivatives;Proline and derivatives"
3775,Primary amines,0.98,CHEMONTID:0002450,5,CHEMONTID:0002449,CHEMONTID:0000000;CHEMONTID:0004707;CHEMONTID:0000278;CHEMONTID:0002449;CHEMONTID:0002450,Organic compounds;Organic nitrogen compounds;Organonitrogen compounds;Amines;Primary amines
18786,Organic phosphonic acids,0.85,CHEMONTID:0001302,4,CHEMONTID:0000419,CHEMONTID:0000000;CHEMONTID:0000264;CHEMONTID:0000419;CHEMONTID:0001302,Organic compounds;Organic acids and derivatives;Organic phosphonic acids and derivatives;Organic phosphonic acids
422,Alcohols and polyols,0.98,CHEMONTID:0000129,4,CHEMONTID:0000323,CHEMONTID:0000000;CHEMONTID:0004603;CHEMONTID:0000323;CHEMONTID:0000129,Organic compounds;Organic oxygen compounds;Organooxygen compounds;Alcohols and polyols
18010,Carboxylic acid derivatives,0.97,CHEMONTID:0001093,4,CHEMONTID:0000265,CHEMONTID:0000000;CHEMONTID:0000264;CHEMONTID:0000265;CHEMONTID:0001093,Organic compounds;Organic acids and derivatives;Carboxylic acids and derivatives;Carboxylic acid derivatives
6037,Carbonyl compounds,0.9,CHEMONTID:0001831,4,CHEMONTID:0000323,CHEMONTID:0000000;CHEMONTID:0004603;CHEMONTID:0000323;CHEMONTID:0001831,Organic compounds;Organic oxygen compounds;Organooxygen compounds;Carbonyl compounds
5391,Amines,0.86,CHEMONTID:0002449,4,CHEMONTID:0000278,CHEMONTID:0000000;CHEMONTID:0004707;CHEMONTID:0000278;CHEMONTID:0002449,Organic compounds;Organic nitrogen compounds;Organonitrogen compounds;Amines
10028,Amines,0.9,CHEMONTID:0002449,4,CHEMONTID:0000278,CHEMONTID:0000000;CHEMONTID:0004707;CHEMONTID:0000278;CHEMONTID:0002449,Organic compounds;Organic nitrogen compounds;Organonitrogen compounds;Amines
5238,Glycosyl compounds,0.99,CHEMONTID:0002105,5,CHEMONTID:0000011,CHEMONTID:0000000;CHEMONTID:0004603;CHEMONTID:0000323;CHEMONTID:0000011;CHEMONTID:0002105,Organic compounds;Organic oxygen compounds;Organooxygen compounds;Carbohydrates and carbohydrate conjugates;Glycosyl compounds
18241,Monoalkylamines,0.98,CHEMONTID:0000469,6,CHEMONTID:0002450,CHEMONTID:0000000;CHEMONTID:0004707;CHEMONTID:0000278;CHEMONTID:0002449;CHEMONTID:0002450;CHEMONTID:0000469,Organic compounds;Organic nitrogen compounds;Organonitrogen compounds;Amines;Primary amines;Monoalkylamines
9534,Carbonyl compounds,0.98,CHEMONTID:0001831,4,CHEMONTID:0000323,CHEMONTID:0000000;CHEMONTID:0004603;CHEMONTID:0000323;CHEMONTID:0001831,Organic compounds;Organic oxygen compounds;Organooxygen compounds;Carbonyl compounds
15759,Monoalkylamines,0.99,CHEMONTID:0000469,6,CHEMONTID:0002450,CHEMONTID:0000000;CHEMONTID:0004707;CHEMONTID:0000278;CHEMONTID:0002449;CHEMONTID:0002450;CHEMONTID:0000469,Organic compounds;Organic nitrogen compounds;Organonitrogen compounds;Amines;Primary amines;Monoalkylamines
13322,Pyrimidines and pyrimidine derivatives,0.97,CHEMONTID:0000075,4,CHEMONTID:0001346,CHEMONTID:0000000;CHEMONTID:0000002;CHEMONTID:0001346;CHEMONTID:0000075,Organic compounds;Organoheterocyclic compounds;Diazines;Pyrimidines and pyrimidine derivatives
1480,Carbonyl compounds,0.94,CHEMONTID:0001831,4,CHEMONTID:0000323,CHEMONTID:0000000;CHEMONTID:0004603;CHEMONTID:0000323;CHEMONTID:0001831,Organic compounds;Organic oxygen compounds;Organooxygen compounds;Carbonyl compounds
13158,Dialkyl phosphates,1,CHEMONTID:0003459,6,CHEMONTID:0003457,CHEMONTID:0000000;CHEMONTID:0000264;CHEMONTID:0000402;CHEMONTID:0000408;CHEMONTID:0003457;CHEMONTID:0003459,Organic compounds;Organic acids and derivatives;Organic phosphoric acids and derivatives;Phosphate esters;Alkyl phosphates;Dialkyl phosphates
6924,Aralkylamines,0.94,CHEMONTID:0003899,5,CHEMONTID:0002449,CHEMONTID:0000000;CHEMONTID:0004707;CHEMONTID:0000278;CHEMONTID:0002449;CHEMONTID:0003899,Organic compounds;Organic nitrogen compounds;Organonitrogen compounds;Amines;Aralkylamines
6628,Carboxylic acid derivatives,0.83,CHEMONTID:0001093,4,CHEMONTID:0000265,CHEMONTID:0000000;CHEMONTID:0000264;CHEMONTID:0000265;CHEMONTID:0001093,Organic compounds;Organic acids and derivatives;Carboxylic acids and derivatives;Carboxylic acid derivatives
19100,Carboxylic acid derivatives,0.96,CHEMONTID:0001093,4,CHEMONTID:0000265,CHEMONTID:0000000;CHEMONTID:0000264;CHEMONTID:0000265;CHEMONTID:0001093,Organic compounds;Organic acids and derivatives;Carboxylic acids and derivatives;Carboxylic acid derivatives
10697,Carbonyl compounds,0.85,CHEMONTID:0001831,4,CHEMONTID:0000323,CHEMONTID:0000000;CHEMONTID:0004603;CHEMONTID:0000323;CHEMONTID:0001831,Organic compounds;Organic oxygen compounds;Organooxygen compounds;Carbonyl compounds
19095,Amino acids and derivatives,0.93,CHEMONTID:0000347,5,CHEMONTID:0000013,CHEMONTID:0000000;CHEMONTID:0000264;CHEMONTID:0000265;CHEMONTID:0000013;CHEMONTID:0000347,"Organic compounds;Organic acids and derivatives;Carboxylic acids and derivatives;Amino acids, peptides, and analogues;Amino acids and derivatives"
14899,Carboxylic acid derivatives,0.96,CHEMONTID:0001093,4,CHEMONTID:0000265,CHEMONTID:0000000;CHEMONTID:0000264;CHEMONTID:0000265;CHEMONTID:0001093,Organic compounds;Organic acids and derivatives;Carboxylic acids and derivatives;Carboxylic acid derivatives
10121,Carboxylic acid derivatives,0.98,CHEMONTID:0001093,4,CHEMONTID:0000265,CHEMONTID:0000000;CHEMONTID:0000264;CHEMONTID:0000265;CHEMONTID:0001093,Organic compounds;Organic acids and derivatives;Carboxylic acids and derivatives;Carboxylic acid derivatives
17573,Carbonyl compounds,0.99,CHEMONTID:0001831,4,CHEMONTID:0000323,CHEMONTID:0000000;CHEMONTID:0004603;CHEMONTID:0000323;CHEMONTID:0001831,Organic compounds;Organic oxygen compounds;Organooxygen compounds;Carbonyl compounds
7802,Carbonyl compounds,0.95,CHEMONTID:0001831,4,CHEMONTID:0000323,CHEMONTID:0000000;CHEMONTID:0004603;CHEMONTID:0000323;CHEMONTID:0001831,Organic compounds;Organic oxygen compounds;Organooxygen compounds;Carbonyl compounds
6022,Carbonyl compounds,0.89,CHEMONTID:0001831,4,CHEMONTID:0000323,CHEMONTID:0000000;CHEMONTID:0004603;CHEMONTID:0000323;CHEMONTID:0001831,Organic compounds;Organic oxygen compounds;Organooxygen compounds;Carbonyl compounds
5557,Pentose phosphates,1,CHEMONTID:0002259,7,CHEMONTID:0001497,CHEMONTID:0000000;CHEMONTID:0004603;CHEMONTID:0000323;CHEMONTID:0000011;CHEMONTID:0001540;CHEMONTID:0001497;CHEMONTID:0002259,Organic compounds;Organic oxygen compounds;Organooxygen compounds;Carbohydrates and carbohydrate conjugates;Monosaccharides;Pentoses;Pentose phosphates
16960,Amines,0.99,CHEMONTID:0002449,4,CHEMONTID:0000278,CHEMONTID:0000000;CHEMONTID:0004707;CHEMONTID:0000278;CHEMONTID:0002449,Organic compounds;Organic nitrogen compounds;Organonitrogen compounds;Amines
15145,Amines,0.96,CHEMONTID:0002449,4,CHEMONTID:0000278,CHEMONTID:0000000;CHEMONTID:0004707;CHEMONTID:0000278;CHEMONTID:0002449,Organic compounds;Organic nitrogen compounds;Organonitrogen compounds;Amines
1007,Carbonyl compounds,0.85,CHEMONTID:0001831,4,CHEMONTID:0000323,CHEMONTID:0000000;CHEMONTID:0004603;CHEMONTID:0000323;CHEMONTID:0001831,Organic compounds;Organic oxygen compounds;Organooxygen compounds;Carbonyl compounds
18967,Carbonyl compounds,0.94,CHEMONTID:0001831,4,CHEMONTID:0000323,CHEMONTID:0000000;CHEMONTID:0004603;CHEMONTID:0000323;CHEMONTID:0001831,Organic compounds;Organic oxygen compounds;Organooxygen compounds;Carbonyl compounds
17136,Secondary alcohols,0.9,CHEMONTID:0001661,5,CHEMONTID:0000129,CHEMONTID:0000000;CHEMONTID:0004603;CHEMONTID:0000323;CHEMONTID:0000129;CHEMONTID:0001661,Organic compounds;Organic oxygen compounds;Organooxygen compounds;Alcohols and polyols;Secondary alcohols
17263,Primary amines,0.99,CHEMONTID:0002450,5,CHEMONTID:0002449,CHEMONTID:0000000;CHEMONTID:0004707;CHEMONTID:0000278;CHEMONTID:0002449;CHEMONTID:0002450,Organic compounds;Organic nitrogen compounds;Organonitrogen compounds;Amines;Primary amines
17457,Primary amines,0.96,CHEMONTID:0002450,5,CHEMONTID:0002449,CHEMONTID:0000000;CHEMONTID:0004707;CHEMONTID:0000278;CHEMONTID:0002449;CHEMONTID:0002450,Organic compounds;Organic nitrogen compounds;Organonitrogen compounds;Amines;Primary amines
11990,Carboxylic acid derivatives,0.81,CHEMONTID:0001093,4,CHEMONTID:0000265,CHEMONTID:0000000;CHEMONTID:0000264;CHEMONTID:0000265;CHEMONTID:0001093,Organic compounds;Organic acids and derivatives;Carboxylic acids and derivatives;Carboxylic acid derivatives
13732,Carbonyl compounds,0.96,CHEMONTID:0001831,4,CHEMONTID:0000323,CHEMONTID:0000000;CHEMONTID:0004603;CHEMONTID:0000323;CHEMONTID:0001831,Organic compounds;Organic oxygen compounds;Organooxygen compounds;Carbonyl compounds
19617,Guanidines,1,CHEMONTID:0000375,4,CHEMONTID:0000278,CHEMONTID:0000000;CHEMONTID:0004707;CHEMONTID:0000278;CHEMONTID:0000375,Organic compounds;Organic nitrogen compounds;Organonitrogen compounds;Guanidines
8183,Ethers,0.9,CHEMONTID:0000254,4,CHEMONTID:0000323,CHEMONTID:0000000;CHEMONTID:0004603;CHEMONTID:0000323;CHEMONTID:0000254,Organic compounds;Organic oxygen compounds;Organooxygen compounds;Ethers
6398,Phosphate esters,0.99,CHEMONTID:0000408,4,CHEMONTID:0000402,CHEMONTID:0000000;CHEMONTID:0000264;CHEMONTID:0000402;CHEMONTID:0000408,Organic compounds;Organic acids and derivatives;Organic phosphoric acids and derivatives;Phosphate esters
8063,Carbonyl compounds,0.89,CHEMONTID:0001831,4,CHEMONTID:0000323,CHEMONTID:0000000;CHEMONTID:0004603;CHEMONTID:0000323;CHEMONTID:0001831,Organic compounds;Organic oxygen compounds;Organooxygen compounds;Carbonyl compounds
11892,Monosaccharide phosphates,1,CHEMONTID:0001541,6,CHEMONTID:0001540,CHEMONTID:0000000;CHEMONTID:0004603;CHEMONTID:0000323;CHEMONTID:0000011;CHEMONTID:0001540;CHEMONTID:0001541,Organic compounds;Organic oxygen compounds;Organooxygen compounds;Carbohydrates and carbohydrate conjugates;Monosaccharides;Monosaccharide phosphates
3061,Amines,0.96,CHEMONTID:0002449,4,CHEMONTID:0000278,CHEMONTID:0000000;CHEMONTID:0004707;CHEMONTID:0000278;CHEMONTID:0002449,Organic compounds;Organic nitrogen compounds;Organonitrogen compounds;Amines
9731,Carbonyl compounds,0.91,CHEMONTID:0001831,4,CHEMONTID:0000323,CHEMONTID:0000000;CHEMONTID:0004603;CHEMONTID:0000323;CHEMONTID:0001831,Organic compounds;Organic oxygen compounds;Organooxygen compounds;Carbonyl compounds
20387,Carbonyl compounds,0.94,CHEMONTID:0001831,4,CHEMONTID:0000323,CHEMONTID:0000000;CHEMONTID:0004603;CHEMONTID:0000323;CHEMONTID:0001831,Organic compounds;Organic oxygen compounds;Organooxygen compounds;Carbonyl compounds
9944,Carboxylic acids,0.9,CHEMONTID:0001205,4,CHEMONTID:0000265,CHEMONTID:0000000;CHEMONTID:0000264;CHEMONTID:0000265;CHEMONTID:0001205,Organic compounds;Organic acids and derivatives;Carboxylic acids and derivatives;Carboxylic acids
7235,Amines,0.99,CHEMONTID:0002449,4,CHEMONTID:0000278,CHEMONTID:0000000;CHEMONTID:0004707;CHEMONTID:0000278;CHEMONTID:0002449,Organic compounds;Organic nitrogen compounds;Organonitrogen compounds;Amines
10724,Amines,0.99,CHEMONTID:0002449,4,CHEMONTID:0000278,CHEMONTID:0000000;CHEMONTID:0004707;CHEMONTID:0000278;CHEMONTID:0002449,Organic compounds;Organic nitrogen compounds;Organonitrogen compounds;Amines
1354,Carbonyl compounds,0.93,CHEMONTID:0001831,4,CHEMONTID:0000323,CHEMONTID:0000000;CHEMONTID:0004603;CHEMONTID:0000323;CHEMONTID:0001831,Organic compounds;Organic oxygen compounds;Organooxygen compounds;Carbonyl compounds
5056,Amines,0.98,CHEMONTID:0002449,4,CHEMONTID:0000278,CHEMONTID:0000000;CHEMONTID:0004707;CHEMONTID:0000278;CHEMONTID:0002449,Organic compounds;Organic nitrogen compounds;Organonitrogen compounds;Amines
1169,Carbonyl compounds,0.84,CHEMONTID:0001831,4,CHEMONTID:0000323,CHEMONTID:0000000;CHEMONTID:0004603;CHEMONTID:0000323;CHEMONTID:0001831,Organic compounds;Organic oxygen compounds;Organooxygen compounds;Carbonyl compounds
14382,Pyrimidines and pyrimidine derivatives,0.98,CHEMONTID:0000075,4,CHEMONTID:0001346,CHEMONTID:0000000;CHEMONTID:0000002;CHEMONTID:0001346;CHEMONTID:0000075,Organic compounds;Organoheterocyclic compounds;Diazines;Pyrimidines and pyrimidine derivatives
19179,"Amino acids, peptides, and analogues",0.95,CHEMONTID:0000013,4,CHEMONTID:0000265,CHEMONTID:0000000;CHEMONTID:0000264;CHEMONTID:0000265;CHEMONTID:0000013,"Organic compounds;Organic acids and derivatives;Carboxylic acids and derivatives;Amino acids, peptides, and analogues"
15882,Amines,0.82,CHEMONTID:0002449,4,CHEMONTID:0000278,CHEMONTID:0000000;CHEMONTID:0004707;CHEMONTID:0000278;CHEMONTID:0002449,Organic compounds;Organic nitrogen compounds;Organonitrogen compounds;Amines
18553,Carbonyl compounds,0.98,CHEMONTID:0001831,4,CHEMONTID:0000323,CHEMONTID:0000000;CHEMONTID:0004603;CHEMONTID:0000323;CHEMONTID:0001831,Organic compounds;Organic oxygen compounds;Organooxygen compounds;Carbonyl compounds
16948,Amines,0.96,CHEMONTID:0002449,4,CHEMONTID:0000278,CHEMONTID:0000000;CHEMONTID:0004707;CHEMONTID:0000278;CHEMONTID:0002449,Organic compounds;Organic nitrogen compounds;Organonitrogen compounds;Amines
7025,Carbonyl compounds,0.87,CHEMONTID:0001831,4,CHEMONTID:0000323,CHEMONTID:0000000;CHEMONTID:0004603;CHEMONTID:0000323;CHEMONTID:0001831,Organic compounds;Organic oxygen compounds;Organooxygen compounds;Carbonyl compounds
7789,Carbonyl compounds,0.89,CHEMONTID:0001831,4,CHEMONTID:0000323,CHEMONTID:0000000;CHEMONTID:0004603;CHEMONTID:0000323;CHEMONTID:0001831,Organic compounds;Organic oxygen compounds;Organooxygen compounds;Carbonyl compounds
15859,Alkanolamines,0.95,CHEMONTID:0002460,5,CHEMONTID:0002449,CHEMONTID:0000000;CHEMONTID:0004707;CHEMONTID:0000278;CHEMONTID:0002449;CHEMONTID:0002460,Organic compounds;Organic nitrogen compounds;Organonitrogen compounds;Amines;Alkanolamines
5413,Amines,0.96,CHEMONTID:0002449,4,CHEMONTID:0000278,CHEMONTID:0000000;CHEMONTID:0004707;CHEMONTID:0000278;CHEMONTID:0002449,Organic compounds;Organic nitrogen compounds;Organonitrogen compounds;Amines
5643,Carboxylic acid derivatives,0.94,CHEMONTID:0001093,4,CHEMONTID:0000265,CHEMONTID:0000000;CHEMONTID:0000264;CHEMONTID:0000265;CHEMONTID:0001093,Organic compounds;Organic acids and derivatives;Carboxylic acids and derivatives;Carboxylic acid derivatives
6969,Carbonyl compounds,0.83,CHEMONTID:0001831,4,CHEMONTID:0000323,CHEMONTID:0000000;CHEMONTID:0004603;CHEMONTID:0000323;CHEMONTID:0001831,Organic compounds;Organic oxygen compounds;Organooxygen compounds;Carbonyl compounds
5465,Amines,0.81,CHEMONTID:0002449,4,CHEMONTID:0000278,CHEMONTID:0000000;CHEMONTID:0004707;CHEMONTID:0000278;CHEMONTID:0002449,Organic compounds;Organic nitrogen compounds;Organonitrogen compounds;Amines
19154,Monoalkylamines,1,CHEMONTID:0000469,6,CHEMONTID:0002450,CHEMONTID:0000000;CHEMONTID:0004707;CHEMONTID:0000278;CHEMONTID:0002449;CHEMONTID:0002450;CHEMONTID:0000469,Organic compounds;Organic nitrogen compounds;Organonitrogen compounds;Amines;Primary amines;Monoalkylamines
17191,Alcohols and polyols,0.95,CHEMONTID:0000129,4,CHEMONTID:0000323,CHEMONTID:0000000;CHEMONTID:0004603;CHEMONTID:0000323;CHEMONTID:0000129,Organic compounds;Organic oxygen compounds;Organooxygen compounds;Alcohols and polyols
1239,Purines and purine derivatives,1,CHEMONTID:0000245,4,CHEMONTID:0001797,CHEMONTID:0000000;CHEMONTID:0000002;CHEMONTID:0001797;CHEMONTID:0000245,Organic compounds;Organoheterocyclic compounds;Imidazopyrimidines;Purines and purine derivatives
304,Alcohols and polyols,0.86,CHEMONTID:0000129,4,CHEMONTID:0000323,CHEMONTID:0000000;CHEMONTID:0004603;CHEMONTID:0000323;CHEMONTID:0000129,Organic compounds;Organic oxygen compounds;Organooxygen compounds;Alcohols and polyols
14798,Carbonyl compounds,0.85,CHEMONTID:0001831,4,CHEMONTID:0000323,CHEMONTID:0000000;CHEMONTID:0004603;CHEMONTID:0000323;CHEMONTID:0001831,Organic compounds;Organic oxygen compounds;Organooxygen compounds;Carbonyl compounds
4301,Carbonyl compounds,0.92,CHEMONTID:0001831,4,CHEMONTID:0000323,CHEMONTID:0000000;CHEMONTID:0004603;CHEMONTID:0000323;CHEMONTID:0001831,Organic compounds;Organic oxygen compounds;Organooxygen compounds;Carbonyl compounds
7820,Carbonyl compounds,0.96,CHEMONTID:0001831,4,CHEMONTID:0000323,CHEMONTID:0000000;CHEMONTID:0004603;CHEMONTID:0000323;CHEMONTID:0001831,Organic compounds;Organic oxygen compounds;Organooxygen compounds;Carbonyl compounds
17232,Pentose phosphates,1,CHEMONTID:0002259,7,CHEMONTID:0001497,CHEMONTID:0000000;CHEMONTID:0004603;CHEMONTID:0000323;CHEMONTID:0000011;CHEMONTID:0001540;CHEMONTID:0001497;CHEMONTID:0002259,Organic compounds;Organic oxygen compounds;Organooxygen compounds;Carbohydrates and carbohydrate conjugates;Monosaccharides;Pentoses;Pentose phosphates
12164,Secondary alcohols,0.92,CHEMONTID:0001661,5,CHEMONTID:0000129,CHEMONTID:0000000;CHEMONTID:0004603;CHEMONTID:0000323;CHEMONTID:0000129;CHEMONTID:0001661,Organic compounds;Organic oxygen compounds;Organooxygen compounds;Alcohols and polyols;Secondary alcohols
11828,Guanidines,0.83,CHEMONTID:0000375,4,CHEMONTID:0000278,CHEMONTID:0000000;CHEMONTID:0004707;CHEMONTID:0000278;CHEMONTID:0000375,Organic compounds;Organic nitrogen compounds;Organonitrogen compounds;Guanidines
1817,Alcohols and polyols,0.9,CHEMONTID:0000129,4,CHEMONTID:0000323,CHEMONTID:0000000;CHEMONTID:0004603;CHEMONTID:0000323;CHEMONTID:0000129,Organic compounds;Organic oxygen compounds;Organooxygen compounds;Alcohols and polyols
19739,Phosphate esters,0.91,CHEMONTID:0000408,4,CHEMONTID:0000402,CHEMONTID:0000000;CHEMONTID:0000264;CHEMONTID:0000402;CHEMONTID:0000408,Organic compounds;Organic acids and derivatives;Organic phosphoric acids and derivatives;Phosphate esters
19180,Carbonyl compounds,0.81,CHEMONTID:0001831,4,CHEMONTID:0000323,CHEMONTID:0000000;CHEMONTID:0004603;CHEMONTID:0000323;CHEMONTID:0001831,Organic compounds;Organic oxygen compounds;Organooxygen compounds;Carbonyl compounds
11768,Carboxylic acids,0.84,CHEMONTID:0001205,4,CHEMONTID:0000265,CHEMONTID:0000000;CHEMONTID:0000264;CHEMONTID:0000265;CHEMONTID:0001205,Organic compounds;Organic acids and derivatives;Carboxylic acids and derivatives;Carboxylic acids
15744,Primary amines,0.98,CHEMONTID:0002450,5,CHEMONTID:0002449,CHEMONTID:0000000;CHEMONTID:0004707;CHEMONTID:0000278;CHEMONTID:0002449;CHEMONTID:0002450,Organic compounds;Organic nitrogen compounds;Organonitrogen compounds;Amines;Primary amines
16205,Monoalkylamines,0.99,CHEMONTID:0000469,6,CHEMONTID:0002450,CHEMONTID:0000000;CHEMONTID:0004707;CHEMONTID:0000278;CHEMONTID:0002449;CHEMONTID:0002450;CHEMONTID:0000469,Organic compounds;Organic nitrogen compounds;Organonitrogen compounds;Amines;Primary amines;Monoalkylamines
4926,Monoalkylamines,1,CHEMONTID:0000469,6,CHEMONTID:0002450,CHEMONTID:0000000;CHEMONTID:0004707;CHEMONTID:0000278;CHEMONTID:0002449;CHEMONTID:0002450;CHEMONTID:0000469,Organic compounds;Organic nitrogen compounds;Organonitrogen compounds;Amines;Primary amines;Monoalkylamines
13774,Carbonyl compounds,0.98,CHEMONTID:0001831,4,CHEMONTID:0000323,CHEMONTID:0000000;CHEMONTID:0004603;CHEMONTID:0000323;CHEMONTID:0001831,Organic compounds;Organic oxygen compounds;Organooxygen compounds;Carbonyl compounds
18305,Amines,1,CHEMONTID:0002449,4,CHEMONTID:0000278,CHEMONTID:0000000;CHEMONTID:0004707;CHEMONTID:0000278;CHEMONTID:0002449,Organic compounds;Organic nitrogen compounds;Organonitrogen compounds;Amines
9724,Monoalkylamines,0.98,CHEMONTID:0000469,6,CHEMONTID:0002450,CHEMONTID:0000000;CHEMONTID:0004707;CHEMONTID:0000278;CHEMONTID:0002449;CHEMONTID:0002450;CHEMONTID:0000469,Organic compounds;Organic nitrogen compounds;Organonitrogen compounds;Amines;Primary amines;Monoalkylamines
4244,Carboxylic acid derivatives,1,CHEMONTID:0001093,4,CHEMONTID:0000265,CHEMONTID:0000000;CHEMONTID:0000264;CHEMONTID:0000265;CHEMONTID:0001093,Organic compounds;Organic acids and derivatives;Carboxylic acids and derivatives;Carboxylic acid derivatives
12172,Carbonyl compounds,0.97,CHEMONTID:0001831,4,CHEMONTID:0000323,CHEMONTID:0000000;CHEMONTID:0004603;CHEMONTID:0000323;CHEMONTID:0001831,Organic compounds;Organic oxygen compounds;Organooxygen compounds;Carbonyl compounds
8076,Carbonyl compounds,0.99,CHEMONTID:0001831,4,CHEMONTID:0000323,CHEMONTID:0000000;CHEMONTID:0004603;CHEMONTID:0000323;CHEMONTID:0001831,Organic compounds;Organic oxygen compounds;Organooxygen compounds;Carbonyl compounds
10601,"1,3,5-triazines",1,CHEMONTID:0004105,4,CHEMONTID:0000098,CHEMONTID:0000000;CHEMONTID:0000002;CHEMONTID:0000098;CHEMONTID:0004105,"Organic compounds;Organoheterocyclic compounds;Triazines;1,3,5-triazines"
4516,Carbonyl compounds,0.99,CHEMONTID:0001831,4,CHEMONTID:0000323,CHEMONTID:0000000;CHEMONTID:0004603;CHEMONTID:0000323;CHEMONTID:0001831,Organic compounds;Organic oxygen compounds;Organooxygen compounds;Carbonyl compounds
10347,Carbonyl compounds,0.96,CHEMONTID:0001831,4,CHEMONTID:0000323,CHEMONTID:0000000;CHEMONTID:0004603;CHEMONTID:0000323;CHEMONTID:0001831,Organic compounds;Organic oxygen compounds;Organooxygen compounds;Carbonyl compounds
14095,Carboxylic acid derivatives,0.97,CHEMONTID:0001093,4,CHEMONTID:0000265,CHEMONTID:0000000;CHEMONTID:0000264;CHEMONTID:0000265;CHEMONTID:0001093,Organic compounds;Organic acids and derivatives;Carboxylic acids and derivatives;Carboxylic acid derivatives
12559,Carbonyl compounds,0.97,CHEMONTID:0001831,4,CHEMONTID:0000323,CHEMONTID:0000000;CHEMONTID:0004603;CHEMONTID:0000323;CHEMONTID:0001831,Organic compounds;Organic oxygen compounds;Organooxygen compounds;Carbonyl compounds
8194,Monocarboxylic acids and derivatives,0.91,CHEMONTID:0001137,4,CHEMONTID:0000265,CHEMONTID:0000000;CHEMONTID:0000264;CHEMONTID:0000265;CHEMONTID:0001137,Organic compounds;Organic acids and derivatives;Carboxylic acids and derivatives;Monocarboxylic acids and derivatives
3590,Carbonyl compounds,0.89,CHEMONTID:0001831,4,CHEMONTID:0000323,CHEMONTID:0000000;CHEMONTID:0004603;CHEMONTID:0000323;CHEMONTID:0001831,Organic compounds;Organic oxygen compounds;Organooxygen compounds;Carbonyl compounds
2215,Amines,0.99,CHEMONTID:0002449,4,CHEMONTID:0000278,CHEMONTID:0000000;CHEMONTID:0004707;CHEMONTID:0000278;CHEMONTID:0002449,Organic compounds;Organic nitrogen compounds;Organonitrogen compounds;Amines
7208,Alcohols and polyols,0.98,CHEMONTID:0000129,4,CHEMONTID:0000323,CHEMONTID:0000000;CHEMONTID:0004603;CHEMONTID:0000323;CHEMONTID:0000129,Organic compounds;Organic oxygen compounds;Organooxygen compounds;Alcohols and polyols
16581,Amines,1,CHEMONTID:0002449,4,CHEMONTID:0000278,CHEMONTID:0000000;CHEMONTID:0004707;CHEMONTID:0000278;CHEMONTID:0002449,Organic compounds;Organic nitrogen compounds;Organonitrogen compounds;Amines
14823,Imines,0.8,CHEMONTID:0000117,4,CHEMONTID:0000278,CHEMONTID:0000000;CHEMONTID:0004707;CHEMONTID:0000278;CHEMONTID:0000117,Organic compounds;Organic nitrogen compounds;Organonitrogen compounds;Imines
17040,Dialkyl ethers,0.96,CHEMONTID:0001167,5,CHEMONTID:0000254,CHEMONTID:0000000;CHEMONTID:0004603;CHEMONTID:0000323;CHEMONTID:0000254;CHEMONTID:0001167,Organic compounds;Organic oxygen compounds;Organooxygen compounds;Ethers;Dialkyl ethers
18000,Carboxylic acid derivatives,0.91,CHEMONTID:0001093,4,CHEMONTID:0000265,CHEMONTID:0000000;CHEMONTID:0000264;CHEMONTID:0000265;CHEMONTID:0001093,Organic compounds;Organic acids and derivatives;Carboxylic acids and derivatives;Carboxylic acid derivatives
5771,Carboxylic acid derivatives,0.94,CHEMONTID:0001093,4,CHEMONTID:0000265,CHEMONTID:0000000;CHEMONTID:0000264;CHEMONTID:0000265;CHEMONTID:0001093,Organic compounds;Organic acids and derivatives;Carboxylic acids and derivatives;Carboxylic acid derivatives
10878,"Amino acids, peptides, and analogues",0.96,CHEMONTID:0000013,4,CHEMONTID:0000265,CHEMONTID:0000000;CHEMONTID:0000264;CHEMONTID:0000265;CHEMONTID:0000013,"Organic compounds;Organic acids and derivatives;Carboxylic acids and derivatives;Amino acids, peptides, and analogues"
12338,Dicarboxylic acids and derivatives,0.93,CHEMONTID:0000346,4,CHEMONTID:0000265,CHEMONTID:0000000;CHEMONTID:0000264;CHEMONTID:0000265;CHEMONTID:0000346,Organic compounds;Organic acids and derivatives;Carboxylic acids and derivatives;Dicarboxylic acids and derivatives
14616,Phosphate esters,0.94,CHEMONTID:0000408,4,CHEMONTID:0000402,CHEMONTID:0000000;CHEMONTID:0000264;CHEMONTID:0000402;CHEMONTID:0000408,Organic compounds;Organic acids and derivatives;Organic phosphoric acids and derivatives;Phosphate esters
17250,Carboxylic acid derivatives,0.99,CHEMONTID:0001093,4,CHEMONTID:0000265,CHEMONTID:0000000;CHEMONTID:0000264;CHEMONTID:0000265;CHEMONTID:0001093,Organic compounds;Organic acids and derivatives;Carboxylic acids and derivatives;Carboxylic acid derivatives
15353,"1,3,5-triazines",1,CHEMONTID:0004105,4,CHEMONTID:0000098,CHEMONTID:0000000;CHEMONTID:0000002;CHEMONTID:0000098;CHEMONTID:0004105,"Organic compounds;Organoheterocyclic compounds;Triazines;1,3,5-triazines"
805,Carbonyl compounds,0.95,CHEMONTID:0001831,4,CHEMONTID:0000323,CHEMONTID:0000000;CHEMONTID:0004603;CHEMONTID:0000323;CHEMONTID:0001831,Organic compounds;Organic oxygen compounds;Organooxygen compounds;Carbonyl compounds
154,Amines,0.98,CHEMONTID:0002449,4,CHEMONTID:0000278,CHEMONTID:0000000;CHEMONTID:0004707;CHEMONTID:0000278;CHEMONTID:0002449,Organic compounds;Organic nitrogen compounds;Organonitrogen compounds;Amines
14370,Carbonyl compounds,0.96,CHEMONTID:0001831,4,CHEMONTID:0000323,CHEMONTID:0000000;CHEMONTID:0004603;CHEMONTID:0000323;CHEMONTID:0001831,Organic compounds;Organic oxygen compounds;Organooxygen compounds;Carbonyl compounds
15730,Carboxylic acid derivatives,0.96,CHEMONTID:0001093,4,CHEMONTID:0000265,CHEMONTID:0000000;CHEMONTID:0000264;CHEMONTID:0000265;CHEMONTID:0001093,Organic compounds;Organic acids and derivatives;Carboxylic acids and derivatives;Carboxylic acid derivatives
10749,Carbonyl compounds,0.83,CHEMONTID:0001831,4,CHEMONTID:0000323,CHEMONTID:0000000;CHEMONTID:0004603;CHEMONTID:0000323;CHEMONTID:0001831,Organic compounds;Organic oxygen compounds;Organooxygen compounds;Carbonyl compounds
16498,Trialkylamines,0.98,CHEMONTID:0002239,6,CHEMONTID:0002452,CHEMONTID:0000000;CHEMONTID:0004707;CHEMONTID:0000278;CHEMONTID:0002449;CHEMONTID:0002452;CHEMONTID:0002239,Organic compounds;Organic nitrogen compounds;Organonitrogen compounds;Amines;Tertiary amines;Trialkylamines
15155,Alcohols and polyols,0.86,CHEMONTID:0000129,4,CHEMONTID:0000323,CHEMONTID:0000000;CHEMONTID:0004603;CHEMONTID:0000323;CHEMONTID:0000129,Organic compounds;Organic oxygen compounds;Organooxygen compounds;Alcohols and polyols
3335,Carbonyl compounds,0.92,CHEMONTID:0001831,4,CHEMONTID:0000323,CHEMONTID:0000000;CHEMONTID:0004603;CHEMONTID:0000323;CHEMONTID:0001831,Organic compounds;Organic oxygen compounds;Organooxygen compounds;Carbonyl compounds
2659,Carbonyl compounds,0.97,CHEMONTID:0001831,4,CHEMONTID:0000323,CHEMONTID:0000000;CHEMONTID:0004603;CHEMONTID:0000323;CHEMONTID:0001831,Organic compounds;Organic oxygen compounds;Organooxygen compounds;Carbonyl compounds
13146,Amines,0.88,CHEMONTID:0002449,4,CHEMONTID:0000278,CHEMONTID:0000000;CHEMONTID:0004707;CHEMONTID:0000278;CHEMONTID:0002449,Organic compounds;Organic nitrogen compounds;Organonitrogen compounds;Amines
11052,Carbonyl compounds,0.87,CHEMONTID:0001831,4,CHEMONTID:0000323,CHEMONTID:0000000;CHEMONTID:0004603;CHEMONTID:0000323;CHEMONTID:0001831,Organic compounds;Organic oxygen compounds;Organooxygen compounds;Carbonyl compounds
3917,Carbonyl compounds,0.86,CHEMONTID:0001831,4,CHEMONTID:0000323,CHEMONTID:0000000;CHEMONTID:0004603;CHEMONTID:0000323;CHEMONTID:0001831,Organic compounds;Organic oxygen compounds;Organooxygen compounds;Carbonyl compounds
13151,Dialkyl ethers,0.93,CHEMONTID:0001167,5,CHEMONTID:0000254,CHEMONTID:0000000;CHEMONTID:0004603;CHEMONTID:0000323;CHEMONTID:0000254;CHEMONTID:0001167,Organic compounds;Organic oxygen compounds;Organooxygen compounds;Ethers;Dialkyl ethers
7230,Carbonyl compounds,0.86,CHEMONTID:0001831,4,CHEMONTID:0000323,CHEMONTID:0000000;CHEMONTID:0004603;CHEMONTID:0000323;CHEMONTID:0001831,Organic compounds;Organic oxygen compounds;Organooxygen compounds;Carbonyl compounds
3583,Triazoles,0.8,CHEMONTID:0000099,4,CHEMONTID:0000436,CHEMONTID:0000000;CHEMONTID:0000002;CHEMONTID:0000436;CHEMONTID:0000099,Organic compounds;Organoheterocyclic compounds;Azoles;Triazoles
10895,Carboxylic acid derivatives,0.91,CHEMONTID:0001093,4,CHEMONTID:0000265,CHEMONTID:0000000;CHEMONTID:0000264;CHEMONTID:0000265;CHEMONTID:0001093,Organic compounds;Organic acids and derivatives;Carboxylic acids and derivatives;Carboxylic acid derivatives
11674,Carbonyl compounds,0.93,CHEMONTID:0001831,4,CHEMONTID:0000323,CHEMONTID:0000000;CHEMONTID:0004603;CHEMONTID:0000323;CHEMONTID:0001831,Organic compounds;Organic oxygen compounds;Organooxygen compounds;Carbonyl compounds
12433,Amines,0.92,CHEMONTID:0002449,4,CHEMONTID:0000278,CHEMONTID:0000000;CHEMONTID:0004707;CHEMONTID:0000278;CHEMONTID:0002449,Organic compounds;Organic nitrogen compounds;Organonitrogen compounds;Amines
483,Ethers,0.84,CHEMONTID:0000254,4,CHEMONTID:0000323,CHEMONTID:0000000;CHEMONTID:0004603;CHEMONTID:0000323;CHEMONTID:0000254,Organic compounds;Organic oxygen compounds;Organooxygen compounds;Ethers
18676,Carbohydrates and carbohydrate conjugates,0.99,CHEMONTID:0000011,4,CHEMONTID:0000323,CHEMONTID:0000000;CHEMONTID:0004603;CHEMONTID:0000323;CHEMONTID:0000011,Organic compounds;Organic oxygen compounds;Organooxygen compounds;Carbohydrates and carbohydrate conjugates
18512,Amines,0.96,CHEMONTID:0002449,4,CHEMONTID:0000278,CHEMONTID:0000000;CHEMONTID:0004707;CHEMONTID:0000278;CHEMONTID:0002449,Organic compounds;Organic nitrogen compounds;Organonitrogen compounds;Amines
2800,Carbohydrates and carbohydrate conjugates,0.98,CHEMONTID:0000011,4,CHEMONTID:0000323,CHEMONTID:0000000;CHEMONTID:0004603;CHEMONTID:0000323;CHEMONTID:0000011,Organic compounds;Organic oxygen compounds;Organooxygen compounds;Carbohydrates and carbohydrate conjugates
16170,Carbohydrates and carbohydrate conjugates,0.96,CHEMONTID:0000011,4,CHEMONTID:0000323,CHEMONTID:0000000;CHEMONTID:0004603;CHEMONTID:0000323;CHEMONTID:0000011,Organic compounds;Organic oxygen compounds;Organooxygen compounds;Carbohydrates and carbohydrate conjugates
7007,Carbonyl compounds,0.96,CHEMONTID:0001831,4,CHEMONTID:0000323,CHEMONTID:0000000;CHEMONTID:0004603;CHEMONTID:0000323;CHEMONTID:0001831,Organic compounds;Organic oxygen compounds;Organooxygen compounds;Carbonyl compounds
14340,Carbonyl compounds,0.99,CHEMONTID:0001831,4,CHEMONTID:0000323,CHEMONTID:0000000;CHEMONTID:0004603;CHEMONTID:0000323;CHEMONTID:0001831,Organic compounds;Organic oxygen compounds;Organooxygen compounds;Carbonyl compounds
16014,Carboxylic acid derivatives,0.98,CHEMONTID:0001093,4,CHEMONTID:0000265,CHEMONTID:0000000;CHEMONTID:0000264;CHEMONTID:0000265;CHEMONTID:0001093,Organic compounds;Organic acids and derivatives;Carboxylic acids and derivatives;Carboxylic acid derivatives
6554,Carbonyl compounds,0.96,CHEMONTID:0001831,4,CHEMONTID:0000323,CHEMONTID:0000000;CHEMONTID:0004603;CHEMONTID:0000323;CHEMONTID:0001831,Organic compounds;Organic oxygen compounds;Organooxygen compounds;Carbonyl compounds
2460,Trialkylamines,0.9,CHEMONTID:0002239,6,CHEMONTID:0002452,CHEMONTID:0000000;CHEMONTID:0004707;CHEMONTID:0000278;CHEMONTID:0002449;CHEMONTID:0002452;CHEMONTID:0002239,Organic compounds;Organic nitrogen compounds;Organonitrogen compounds;Amines;Tertiary amines;Trialkylamines
4041,Monoalkylamines,0.94,CHEMONTID:0000469,6,CHEMONTID:0002450,CHEMONTID:0000000;CHEMONTID:0004707;CHEMONTID:0000278;CHEMONTID:0002449;CHEMONTID:0002450;CHEMONTID:0000469,Organic compounds;Organic nitrogen compounds;Organonitrogen compounds;Amines;Primary amines;Monoalkylamines
16975,Carboxylic acid derivatives,0.9,CHEMONTID:0001093,4,CHEMONTID:0000265,CHEMONTID:0000000;CHEMONTID:0000264;CHEMONTID:0000265;CHEMONTID:0001093,Organic compounds;Organic acids and derivatives;Carboxylic acids and derivatives;Carboxylic acid derivatives
8235,Monocarboxylic acids and derivatives,0.83,CHEMONTID:0001137,4,CHEMONTID:0000265,CHEMONTID:0000000;CHEMONTID:0000264;CHEMONTID:0000265;CHEMONTID:0001137,Organic compounds;Organic acids and derivatives;Carboxylic acids and derivatives;Monocarboxylic acids and derivatives
16920,Amines,0.99,CHEMONTID:0002449,4,CHEMONTID:0000278,CHEMONTID:0000000;CHEMONTID:0004707;CHEMONTID:0000278;CHEMONTID:0002449,Organic compounds;Organic nitrogen compounds;Organonitrogen compounds;Amines
3417,Carbonyl compounds,0.99,CHEMONTID:0001831,4,CHEMONTID:0000323,CHEMONTID:0000000;CHEMONTID:0004603;CHEMONTID:0000323;CHEMONTID:0001831,Organic compounds;Organic oxygen compounds;Organooxygen compounds;Carbonyl compounds
19145,Fatty acids and conjugates,0.94,CHEMONTID:0000262,4,CHEMONTID:0003909,CHEMONTID:0000000;CHEMONTID:0000012;CHEMONTID:0003909;CHEMONTID:0000262,Organic compounds;Lipids and lipid-like molecules;Fatty Acyls;Fatty acids and conjugates
12729,Amines,0.99,CHEMONTID:0002449,4,CHEMONTID:0000278,CHEMONTID:0000000;CHEMONTID:0004707;CHEMONTID:0000278;CHEMONTID:0002449,Organic compounds;Organic nitrogen compounds;Organonitrogen compounds;Amines
160,Guanidines,0.95,CHEMONTID:0000375,4,CHEMONTID:0000278,CHEMONTID:0000000;CHEMONTID:0004707;CHEMONTID:0000278;CHEMONTID:0000375,Organic compounds;Organic nitrogen compounds;Organonitrogen compounds;Guanidines
9046,Carbohydrates and carbohydrate conjugates,0.99,CHEMONTID:0000011,4,CHEMONTID:0000323,CHEMONTID:0000000;CHEMONTID:0004603;CHEMONTID:0000323;CHEMONTID:0000011,Organic compounds;Organic oxygen compounds;Organooxygen compounds;Carbohydrates and carbohydrate conjugates
20628,Primary amines,0.99,CHEMONTID:0002450,5,CHEMONTID:0002449,CHEMONTID:0000000;CHEMONTID:0004707;CHEMONTID:0000278;CHEMONTID:0002449;CHEMONTID:0002450,Organic compounds;Organic nitrogen compounds;Organonitrogen compounds;Amines;Primary amines
20120,N-acyl amines,0.83,CHEMONTID:0001096,5,CHEMONTID:0000331,CHEMONTID:0000000;CHEMONTID:0000012;CHEMONTID:0003909;CHEMONTID:0000331;CHEMONTID:0001096,Organic compounds;Lipids and lipid-like molecules;Fatty Acyls;Fatty amides;N-acyl amines
11147,Carbonyl compounds,0.97,CHEMONTID:0001831,4,CHEMONTID:0000323,CHEMONTID:0000000;CHEMONTID:0004603;CHEMONTID:0000323;CHEMONTID:0001831,Organic compounds;Organic oxygen compounds;Organooxygen compounds;Carbonyl compounds
16959,Carboxylic acid derivatives,0.99,CHEMONTID:0001093,4,CHEMONTID:0000265,CHEMONTID:0000000;CHEMONTID:0000264;CHEMONTID:0000265;CHEMONTID:0001093,Organic compounds;Organic acids and derivatives;Carboxylic acids and derivatives;Carboxylic acid derivatives
13975,Dialkyl ethers,0.95,CHEMONTID:0001167,5,CHEMONTID:0000254,CHEMONTID:0000000;CHEMONTID:0004603;CHEMONTID:0000323;CHEMONTID:0000254;CHEMONTID:0001167,Organic compounds;Organic oxygen compounds;Organooxygen compounds;Ethers;Dialkyl ethers
1830,Alcohols and polyols,0.95,CHEMONTID:0000129,4,CHEMONTID:0000323,CHEMONTID:0000000;CHEMONTID:0004603;CHEMONTID:0000323;CHEMONTID:0000129,Organic compounds;Organic oxygen compounds;Organooxygen compounds;Alcohols and polyols
7147,Carbonyl compounds,0.85,CHEMONTID:0001831,4,CHEMONTID:0000323,CHEMONTID:0000000;CHEMONTID:0004603;CHEMONTID:0000323;CHEMONTID:0001831,Organic compounds;Organic oxygen compounds;Organooxygen compounds;Carbonyl compounds
4744,Carboxylic acid derivatives,0.99,CHEMONTID:0001093,4,CHEMONTID:0000265,CHEMONTID:0000000;CHEMONTID:0000264;CHEMONTID:0000265;CHEMONTID:0001093,Organic compounds;Organic acids and derivatives;Carboxylic acids and derivatives;Carboxylic acid derivatives
9886,Carbonyl compounds,0.98,CHEMONTID:0001831,4,CHEMONTID:0000323,CHEMONTID:0000000;CHEMONTID:0004603;CHEMONTID:0000323;CHEMONTID:0001831,Organic compounds;Organic oxygen compounds;Organooxygen compounds;Carbonyl compounds
18178,Amines,0.99,CHEMONTID:0002449,4,CHEMONTID:0000278,CHEMONTID:0000000;CHEMONTID:0004707;CHEMONTID:0000278;CHEMONTID:0002449,Organic compounds;Organic nitrogen compounds;Organonitrogen compounds;Amines
13482,Amino acids and derivatives,0.93,CHEMONTID:0000347,5,CHEMONTID:0000013,CHEMONTID:0000000;CHEMONTID:0000264;CHEMONTID:0000265;CHEMONTID:0000013;CHEMONTID:0000347,"Organic compounds;Organic acids and derivatives;Carboxylic acids and derivatives;Amino acids, peptides, and analogues;Amino acids and derivatives"
11489,N-acyl-alpha amino acids and derivatives,1,CHEMONTID:0001189,7,CHEMONTID:0000060,CHEMONTID:0000000;CHEMONTID:0000264;CHEMONTID:0000265;CHEMONTID:0000013;CHEMONTID:0000347;CHEMONTID:0000060;CHEMONTID:0001189,"Organic compounds;Organic acids and derivatives;Carboxylic acids and derivatives;Amino acids, peptides, and analogues;Amino acids and derivatives;Alpha amino acids and derivatives;N-acyl-alpha amino acids and derivatives"
13254,Carboxylic acid derivatives,1,CHEMONTID:0001093,4,CHEMONTID:0000265,CHEMONTID:0000000;CHEMONTID:0000264;CHEMONTID:0000265;CHEMONTID:0001093,Organic compounds;Organic acids and derivatives;Carboxylic acids and derivatives;Carboxylic acid derivatives
6192,Carboxylic acid derivatives,0.81,CHEMONTID:0001093,4,CHEMONTID:0000265,CHEMONTID:0000000;CHEMONTID:0000264;CHEMONTID:0000265;CHEMONTID:0001093,Organic compounds;Organic acids and derivatives;Carboxylic acids and derivatives;Carboxylic acid derivatives
6922,Carbonyl compounds,1,CHEMONTID:0001831,4,CHEMONTID:0000323,CHEMONTID:0000000;CHEMONTID:0004603;CHEMONTID:0000323;CHEMONTID:0001831,Organic compounds;Organic oxygen compounds;Organooxygen compounds;Carbonyl compounds
254,Monocarboxylic acids and derivatives,0.97,CHEMONTID:0001137,4,CHEMONTID:0000265,CHEMONTID:0000000;CHEMONTID:0000264;CHEMONTID:0000265;CHEMONTID:0001137,Organic compounds;Organic acids and derivatives;Carboxylic acids and derivatives;Monocarboxylic acids and derivatives
9532,Monoalkylamines,0.95,CHEMONTID:0000469,6,CHEMONTID:0002450,CHEMONTID:0000000;CHEMONTID:0004707;CHEMONTID:0000278;CHEMONTID:0002449;CHEMONTID:0002450;CHEMONTID:0000469,Organic compounds;Organic nitrogen compounds;Organonitrogen compounds;Amines;Primary amines;Monoalkylamines
19878,Carbonyl compounds,0.88,CHEMONTID:0001831,4,CHEMONTID:0000323,CHEMONTID:0000000;CHEMONTID:0004603;CHEMONTID:0000323;CHEMONTID:0001831,Organic compounds;Organic oxygen compounds;Organooxygen compounds;Carbonyl compounds
17279,Phosphate esters,0.94,CHEMONTID:0000408,4,CHEMONTID:0000402,CHEMONTID:0000000;CHEMONTID:0000264;CHEMONTID:0000402;CHEMONTID:0000408,Organic compounds;Organic acids and derivatives;Organic phosphoric acids and derivatives;Phosphate esters
19406,Dialkyl ethers,0.89,CHEMONTID:0001167,5,CHEMONTID:0000254,CHEMONTID:0000000;CHEMONTID:0004603;CHEMONTID:0000323;CHEMONTID:0000254;CHEMONTID:0001167,Organic compounds;Organic oxygen compounds;Organooxygen compounds;Ethers;Dialkyl ethers
11074,Amino acids and derivatives,0.93,CHEMONTID:0000347,5,CHEMONTID:0000013,CHEMONTID:0000000;CHEMONTID:0000264;CHEMONTID:0000265;CHEMONTID:0000013;CHEMONTID:0000347,"Organic compounds;Organic acids and derivatives;Carboxylic acids and derivatives;Amino acids, peptides, and analogues;Amino acids and derivatives"
4780,Carbonyl compounds,0.86,CHEMONTID:0001831,4,CHEMONTID:0000323,CHEMONTID:0000000;CHEMONTID:0004603;CHEMONTID:0000323;CHEMONTID:0001831,Organic compounds;Organic oxygen compounds;Organooxygen compounds;Carbonyl compounds
2685,Alkyl phosphates,0.99,CHEMONTID:0003457,5,CHEMONTID:0000408,CHEMONTID:0000000;CHEMONTID:0000264;CHEMONTID:0000402;CHEMONTID:0000408;CHEMONTID:0003457,Organic compounds;Organic acids and derivatives;Organic phosphoric acids and derivatives;Phosphate esters;Alkyl phosphates
11687,Carbonyl compounds,1,CHEMONTID:0001831,4,CHEMONTID:0000323,CHEMONTID:0000000;CHEMONTID:0004603;CHEMONTID:0000323;CHEMONTID:0001831,Organic compounds;Organic oxygen compounds;Organooxygen compounds;Carbonyl compounds
7152,Carboxylic acid derivatives,0.93,CHEMONTID:0001093,4,CHEMONTID:0000265,CHEMONTID:0000000;CHEMONTID:0000264;CHEMONTID:0000265;CHEMONTID:0001093,Organic compounds;Organic acids and derivatives;Carboxylic acids and derivatives;Carboxylic acid derivatives
8846,Carbonyl compounds,0.95,CHEMONTID:0001831,4,CHEMONTID:0000323,CHEMONTID:0000000;CHEMONTID:0004603;CHEMONTID:0000323;CHEMONTID:0001831,Organic compounds;Organic oxygen compounds;Organooxygen compounds;Carbonyl compounds
5527,Carbonyl compounds,0.98,CHEMONTID:0001831,4,CHEMONTID:0000323,CHEMONTID:0000000;CHEMONTID:0004603;CHEMONTID:0000323;CHEMONTID:0001831,Organic compounds;Organic oxygen compounds;Organooxygen compounds;Carbonyl compounds
12526,Carbonyl compounds,0.96,CHEMONTID:0001831,4,CHEMONTID:0000323,CHEMONTID:0000000;CHEMONTID:0004603;CHEMONTID:0000323;CHEMONTID:0001831,Organic compounds;Organic oxygen compounds;Organooxygen compounds;Carbonyl compounds
6024,Amines,0.95,CHEMONTID:0002449,4,CHEMONTID:0000278,CHEMONTID:0000000;CHEMONTID:0004707;CHEMONTID:0000278;CHEMONTID:0002449,Organic compounds;Organic nitrogen compounds;Organonitrogen compounds;Amines
9406,Monoalkylamines,0.93,CHEMONTID:0000469,6,CHEMONTID:0002450,CHEMONTID:0000000;CHEMONTID:0004707;CHEMONTID:0000278;CHEMONTID:0002449;CHEMONTID:0002450;CHEMONTID:0000469,Organic compounds;Organic nitrogen compounds;Organonitrogen compounds;Amines;Primary amines;Monoalkylamines
19578,Amines,0.88,CHEMONTID:0002449,4,CHEMONTID:0000278,CHEMONTID:0000000;CHEMONTID:0004707;CHEMONTID:0000278;CHEMONTID:0002449,Organic compounds;Organic nitrogen compounds;Organonitrogen compounds;Amines
14004,N-acyl amines,0.86,CHEMONTID:0001096,5,CHEMONTID:0000331,CHEMONTID:0000000;CHEMONTID:0000012;CHEMONTID:0003909;CHEMONTID:0000331;CHEMONTID:0001096,Organic compounds;Lipids and lipid-like molecules;Fatty Acyls;Fatty amides;N-acyl amines
14314,Amines,1,CHEMONTID:0002449,4,CHEMONTID:0000278,CHEMONTID:0000000;CHEMONTID:0004707;CHEMONTID:0000278;CHEMONTID:0002449,Organic compounds;Organic nitrogen compounds;Organonitrogen compounds;Amines
15796,Carbonyl compounds,0.99,CHEMONTID:0001831,4,CHEMONTID:0000323,CHEMONTID:0000000;CHEMONTID:0004603;CHEMONTID:0000323;CHEMONTID:0001831,Organic compounds;Organic oxygen compounds;Organooxygen compounds;Carbonyl compounds
15203,Amines,1,CHEMONTID:0002449,4,CHEMONTID:0000278,CHEMONTID:0000000;CHEMONTID:0004707;CHEMONTID:0000278;CHEMONTID:0002449,Organic compounds;Organic nitrogen compounds;Organonitrogen compounds;Amines
11613,Carboxylic acid derivatives,0.92,CHEMONTID:0001093,4,CHEMONTID:0000265,CHEMONTID:0000000;CHEMONTID:0000264;CHEMONTID:0000265;CHEMONTID:0001093,Organic compounds;Organic acids and derivatives;Carboxylic acids and derivatives;Carboxylic acid derivatives
19900,Primary amines,1,CHEMONTID:0002450,5,CHEMONTID:0002449,CHEMONTID:0000000;CHEMONTID:0004707;CHEMONTID:0000278;CHEMONTID:0002449;CHEMONTID:0002450,Organic compounds;Organic nitrogen compounds;Organonitrogen compounds;Amines;Primary amines
12567,Monoalkylamines,1,CHEMONTID:0000469,6,CHEMONTID:0002450,CHEMONTID:0000000;CHEMONTID:0004707;CHEMONTID:0000278;CHEMONTID:0002449;CHEMONTID:0002450;CHEMONTID:0000469,Organic compounds;Organic nitrogen compounds;Organonitrogen compounds;Amines;Primary amines;Monoalkylamines
20172,Carbonyl compounds,0.86,CHEMONTID:0001831,4,CHEMONTID:0000323,CHEMONTID:0000000;CHEMONTID:0004603;CHEMONTID:0000323;CHEMONTID:0001831,Organic compounds;Organic oxygen compounds;Organooxygen compounds;Carbonyl compounds
8085,Monoalkylamines,0.92,CHEMONTID:0000469,6,CHEMONTID:0002450,CHEMONTID:0000000;CHEMONTID:0004707;CHEMONTID:0000278;CHEMONTID:0002449;CHEMONTID:0002450;CHEMONTID:0000469,Organic compounds;Organic nitrogen compounds;Organonitrogen compounds;Amines;Primary amines;Monoalkylamines
11023,Ethers,0.99,CHEMONTID:0000254,4,CHEMONTID:0000323,CHEMONTID:0000000;CHEMONTID:0004603;CHEMONTID:0000323;CHEMONTID:0000254,Organic compounds;Organic oxygen compounds;Organooxygen compounds;Ethers
14457,Carbonyl compounds,0.95,CHEMONTID:0001831,4,CHEMONTID:0000323,CHEMONTID:0000000;CHEMONTID:0004603;CHEMONTID:0000323;CHEMONTID:0001831,Organic compounds;Organic oxygen compounds;Organooxygen compounds;Carbonyl compounds
5536,Primary amines,0.92,CHEMONTID:0002450,5,CHEMONTID:0002449,CHEMONTID:0000000;CHEMONTID:0004707;CHEMONTID:0000278;CHEMONTID:0002449;CHEMONTID:0002450,Organic compounds;Organic nitrogen compounds;Organonitrogen compounds;Amines;Primary amines
8857,Carbonyl compounds,0.99,CHEMONTID:0001831,4,CHEMONTID:0000323,CHEMONTID:0000000;CHEMONTID:0004603;CHEMONTID:0000323;CHEMONTID:0001831,Organic compounds;Organic oxygen compounds;Organooxygen compounds;Carbonyl compounds
15051,"Amino acids, peptides, and analogues",0.98,CHEMONTID:0000013,4,CHEMONTID:0000265,CHEMONTID:0000000;CHEMONTID:0000264;CHEMONTID:0000265;CHEMONTID:0000013,"Organic compounds;Organic acids and derivatives;Carboxylic acids and derivatives;Amino acids, peptides, and analogues"
16470,Carboxylic acid derivatives,0.92,CHEMONTID:0001093,4,CHEMONTID:0000265,CHEMONTID:0000000;CHEMONTID:0000264;CHEMONTID:0000265;CHEMONTID:0001093,Organic compounds;Organic acids and derivatives;Carboxylic acids and derivatives;Carboxylic acid derivatives
7550,Primary amines,0.99,CHEMONTID:0002450,5,CHEMONTID:0002449,CHEMONTID:0000000;CHEMONTID:0004707;CHEMONTID:0000278;CHEMONTID:0002449;CHEMONTID:0002450,Organic compounds;Organic nitrogen compounds;Organonitrogen compounds;Amines;Primary amines
7793,Carbonyl compounds,0.92,CHEMONTID:0001831,4,CHEMONTID:0000323,CHEMONTID:0000000;CHEMONTID:0004603;CHEMONTID:0000323;CHEMONTID:0001831,Organic compounds;Organic oxygen compounds;Organooxygen compounds;Carbonyl compounds
15844,Dialkyl ethers,0.98,CHEMONTID:0001167,5,CHEMONTID:0000254,CHEMONTID:0000000;CHEMONTID:0004603;CHEMONTID:0000323;CHEMONTID:0000254;CHEMONTID:0001167,Organic compounds;Organic oxygen compounds;Organooxygen compounds;Ethers;Dialkyl ethers
8929,Amines,1,CHEMONTID:0002449,4,CHEMONTID:0000278,CHEMONTID:0000000;CHEMONTID:0004707;CHEMONTID:0000278;CHEMONTID:0002449,Organic compounds;Organic nitrogen compounds;Organonitrogen compounds;Amines
11763,Guanidines,0.95,CHEMONTID:0000375,4,CHEMONTID:0000278,CHEMONTID:0000000;CHEMONTID:0004707;CHEMONTID:0000278;CHEMONTID:0000375,Organic compounds;Organic nitrogen compounds;Organonitrogen compounds;Guanidines
14235,Carbonyl compounds,0.99,CHEMONTID:0001831,4,CHEMONTID:0000323,CHEMONTID:0000000;CHEMONTID:0004603;CHEMONTID:0000323;CHEMONTID:0001831,Organic compounds;Organic oxygen compounds;Organooxygen compounds;Carbonyl compounds
18787,Primary alcohols,0.98,CHEMONTID:0000286,5,CHEMONTID:0000129,CHEMONTID:0000000;CHEMONTID:0004603;CHEMONTID:0000323;CHEMONTID:0000129;CHEMONTID:0000286,Organic compounds;Organic oxygen compounds;Organooxygen compounds;Alcohols and polyols;Primary alcohols
9079,Alcohols and polyols,0.95,CHEMONTID:0000129,4,CHEMONTID:0000323,CHEMONTID:0000000;CHEMONTID:0004603;CHEMONTID:0000323;CHEMONTID:0000129,Organic compounds;Organic oxygen compounds;Organooxygen compounds;Alcohols and polyols
4859,Carboxylic acid derivatives,0.98,CHEMONTID:0001093,4,CHEMONTID:0000265,CHEMONTID:0000000;CHEMONTID:0000264;CHEMONTID:0000265;CHEMONTID:0001093,Organic compounds;Organic acids and derivatives;Carboxylic acids and derivatives;Carboxylic acid derivatives
8366,Secondary alcohols,0.86,CHEMONTID:0001661,5,CHEMONTID:0000129,CHEMONTID:0000000;CHEMONTID:0004603;CHEMONTID:0000323;CHEMONTID:0000129;CHEMONTID:0001661,Organic compounds;Organic oxygen compounds;Organooxygen compounds;Alcohols and polyols;Secondary alcohols
18011,Carbonyl compounds,0.9,CHEMONTID:0001831,4,CHEMONTID:0000323,CHEMONTID:0000000;CHEMONTID:0004603;CHEMONTID:0000323;CHEMONTID:0001831,Organic compounds;Organic oxygen compounds;Organooxygen compounds;Carbonyl compounds
5592,Fatty acids and conjugates,0.82,CHEMONTID:0000262,4,CHEMONTID:0003909,CHEMONTID:0000000;CHEMONTID:0000012;CHEMONTID:0003909;CHEMONTID:0000262,Organic compounds;Lipids and lipid-like molecules;Fatty Acyls;Fatty acids and conjugates
9370,Primary amines,0.99,CHEMONTID:0002450,5,CHEMONTID:0002449,CHEMONTID:0000000;CHEMONTID:0004707;CHEMONTID:0000278;CHEMONTID:0002449;CHEMONTID:0002450,Organic compounds;Organic nitrogen compounds;Organonitrogen compounds;Amines;Primary amines
18240,Primary amines,0.99,CHEMONTID:0002450,5,CHEMONTID:0002449,CHEMONTID:0000000;CHEMONTID:0004707;CHEMONTID:0000278;CHEMONTID:0002449;CHEMONTID:0002450,Organic compounds;Organic nitrogen compounds;Organonitrogen compounds;Amines;Primary amines
3622,Carbonyl compounds,0.99,CHEMONTID:0001831,4,CHEMONTID:0000323,CHEMONTID:0000000;CHEMONTID:0004603;CHEMONTID:0000323;CHEMONTID:0001831,Organic compounds;Organic oxygen compounds;Organooxygen compounds;Carbonyl compounds
9057,Monoalkylamines,0.98,CHEMONTID:0000469,6,CHEMONTID:0002450,CHEMONTID:0000000;CHEMONTID:0004707;CHEMONTID:0000278;CHEMONTID:0002449;CHEMONTID:0002450;CHEMONTID:0000469,Organic compounds;Organic nitrogen compounds;Organonitrogen compounds;Amines;Primary amines;Monoalkylamines
13323,Phenethylamines,1,CHEMONTID:0000186,4,CHEMONTID:0002279,CHEMONTID:0000000;CHEMONTID:0002448;CHEMONTID:0002279;CHEMONTID:0000186,Organic compounds;Benzenoids;Benzene and substituted derivatives;Phenethylamines
15867,Alcohols and polyols,0.95,CHEMONTID:0000129,4,CHEMONTID:0000323,CHEMONTID:0000000;CHEMONTID:0004603;CHEMONTID:0000323;CHEMONTID:0000129,Organic compounds;Organic oxygen compounds;Organooxygen compounds;Alcohols and polyols
4036,Amino acids and derivatives,0.95,CHEMONTID:0000347,5,CHEMONTID:0000013,CHEMONTID:0000000;CHEMONTID:0000264;CHEMONTID:0000265;CHEMONTID:0000013;CHEMONTID:0000347,"Organic compounds;Organic acids and derivatives;Carboxylic acids and derivatives;Amino acids, peptides, and analogues;Amino acids and derivatives"
20642,Primary amines,0.86,CHEMONTID:0002450,5,CHEMONTID:0002449,CHEMONTID:0000000;CHEMONTID:0004707;CHEMONTID:0000278;CHEMONTID:0002449;CHEMONTID:0002450,Organic compounds;Organic nitrogen compounds;Organonitrogen compounds;Amines;Primary amines
16642,Dialkyl ethers,0.97,CHEMONTID:0001167,5,CHEMONTID:0000254,CHEMONTID:0000000;CHEMONTID:0004603;CHEMONTID:0000323;CHEMONTID:0000254;CHEMONTID:0001167,Organic compounds;Organic oxygen compounds;Organooxygen compounds;Ethers;Dialkyl ethers
13159,Carboxylic acid derivatives,0.98,CHEMONTID:0001093,4,CHEMONTID:0000265,CHEMONTID:0000000;CHEMONTID:0000264;CHEMONTID:0000265;CHEMONTID:0001093,Organic compounds;Organic acids and derivatives;Carboxylic acids and derivatives;Carboxylic acid derivatives
9411,Carbonyl compounds,0.97,CHEMONTID:0001831,4,CHEMONTID:0000323,CHEMONTID:0000000;CHEMONTID:0004603;CHEMONTID:0000323;CHEMONTID:0001831,Organic compounds;Organic oxygen compounds;Organooxygen compounds;Carbonyl compounds
8226,Primary amines,0.89,CHEMONTID:0002450,5,CHEMONTID:0002449,CHEMONTID:0000000;CHEMONTID:0004707;CHEMONTID:0000278;CHEMONTID:0002449;CHEMONTID:0002450,Organic compounds;Organic nitrogen compounds;Organonitrogen compounds;Amines;Primary amines
7487,Amines,0.98,CHEMONTID:0002449,4,CHEMONTID:0000278,CHEMONTID:0000000;CHEMONTID:0004707;CHEMONTID:0000278;CHEMONTID:0002449,Organic compounds;Organic nitrogen compounds;Organonitrogen compounds;Amines
16918,Phosphate esters,0.99,CHEMONTID:0000408,4,CHEMONTID:0000402,CHEMONTID:0000000;CHEMONTID:0000264;CHEMONTID:0000402;CHEMONTID:0000408,Organic compounds;Organic acids and derivatives;Organic phosphoric acids and derivatives;Phosphate esters
13769,Carbonyl compounds,0.94,CHEMONTID:0001831,4,CHEMONTID:0000323,CHEMONTID:0000000;CHEMONTID:0004603;CHEMONTID:0000323;CHEMONTID:0001831,Organic compounds;Organic oxygen compounds;Organooxygen compounds;Carbonyl compounds
15944,Carbonyl compounds,0.8,CHEMONTID:0001831,4,CHEMONTID:0000323,CHEMONTID:0000000;CHEMONTID:0004603;CHEMONTID:0000323;CHEMONTID:0001831,Organic compounds;Organic oxygen compounds;Organooxygen compounds;Carbonyl compounds
10696,Methyl esters,0.96,CHEMONTID:0003416,6,CHEMONTID:0001238,CHEMONTID:0000000;CHEMONTID:0000264;CHEMONTID:0000265;CHEMONTID:0001093;CHEMONTID:0001238;CHEMONTID:0003416,Organic compounds;Organic acids and derivatives;Carboxylic acids and derivatives;Carboxylic acid derivatives;Carboxylic acid esters;Methyl esters
8373,Pyrimidines and pyrimidine derivatives,0.87,CHEMONTID:0000075,4,CHEMONTID:0001346,CHEMONTID:0000000;CHEMONTID:0000002;CHEMONTID:0001346;CHEMONTID:0000075,Organic compounds;Organoheterocyclic compounds;Diazines;Pyrimidines and pyrimidine derivatives
16961,Carbonyl compounds,0.81,CHEMONTID:0001831,4,CHEMONTID:0000323,CHEMONTID:0000000;CHEMONTID:0004603;CHEMONTID:0000323;CHEMONTID:0001831,Organic compounds;Organic oxygen compounds;Organooxygen compounds;Carbonyl compounds
15144,Fatty acid esters,0.83,CHEMONTID:0000324,4,CHEMONTID:0003909,CHEMONTID:0000000;CHEMONTID:0000012;CHEMONTID:0003909;CHEMONTID:0000324,Organic compounds;Lipids and lipid-like molecules;Fatty Acyls;Fatty acid esters
3760,Carbonyl compounds,0.95,CHEMONTID:0001831,4,CHEMONTID:0000323,CHEMONTID:0000000;CHEMONTID:0004603;CHEMONTID:0000323;CHEMONTID:0001831,Organic compounds;Organic oxygen compounds;Organooxygen compounds;Carbonyl compounds
14300,Monocarboxylic acids and derivatives,0.88,CHEMONTID:0001137,4,CHEMONTID:0000265,CHEMONTID:0000000;CHEMONTID:0000264;CHEMONTID:0000265;CHEMONTID:0001137,Organic compounds;Organic acids and derivatives;Carboxylic acids and derivatives;Monocarboxylic acids and derivatives
3471,Carbonyl compounds,0.87,CHEMONTID:0001831,4,CHEMONTID:0000323,CHEMONTID:0000000;CHEMONTID:0004603;CHEMONTID:0000323;CHEMONTID:0001831,Organic compounds;Organic oxygen compounds;Organooxygen compounds;Carbonyl compounds
10967,Carboxylic acid derivatives,0.9,CHEMONTID:0001093,4,CHEMONTID:0000265,CHEMONTID:0000000;CHEMONTID:0000264;CHEMONTID:0000265;CHEMONTID:0001093,Organic compounds;Organic acids and derivatives;Carboxylic acids and derivatives;Carboxylic acid derivatives
4050,Carbonyl compounds,0.95,CHEMONTID:0001831,4,CHEMONTID:0000323,CHEMONTID:0000000;CHEMONTID:0004603;CHEMONTID:0000323;CHEMONTID:0001831,Organic compounds;Organic oxygen compounds;Organooxygen compounds;Carbonyl compounds
11991,Guanidines,0.95,CHEMONTID:0000375,4,CHEMONTID:0000278,CHEMONTID:0000000;CHEMONTID:0004707;CHEMONTID:0000278;CHEMONTID:0000375,Organic compounds;Organic nitrogen compounds;Organonitrogen compounds;Guanidines
7502,Carbonyl compounds,0.96,CHEMONTID:0001831,4,CHEMONTID:0000323,CHEMONTID:0000000;CHEMONTID:0004603;CHEMONTID:0000323;CHEMONTID:0001831,Organic compounds;Organic oxygen compounds;Organooxygen compounds;Carbonyl compounds
17137,Primary amines,0.96,CHEMONTID:0002450,5,CHEMONTID:0002449,CHEMONTID:0000000;CHEMONTID:0004707;CHEMONTID:0000278;CHEMONTID:0002449;CHEMONTID:0002450,Organic compounds;Organic nitrogen compounds;Organonitrogen compounds;Amines;Primary amines
11893,Carbonyl compounds,0.94,CHEMONTID:0001831,4,CHEMONTID:0000323,CHEMONTID:0000000;CHEMONTID:0004603;CHEMONTID:0000323;CHEMONTID:0001831,Organic compounds;Organic oxygen compounds;Organooxygen compounds;Carbonyl compounds
14508,Secondary alcohols,1,CHEMONTID:0001661,5,CHEMONTID:0000129,CHEMONTID:0000000;CHEMONTID:0004603;CHEMONTID:0000323;CHEMONTID:0000129;CHEMONTID:0001661,Organic compounds;Organic oxygen compounds;Organooxygen compounds;Alcohols and polyols;Secondary alcohols
9433,Carbonyl compounds,0.98,CHEMONTID:0001831,4,CHEMONTID:0000323,CHEMONTID:0000000;CHEMONTID:0004603;CHEMONTID:0000323;CHEMONTID:0001831,Organic compounds;Organic oxygen compounds;Organooxygen compounds;Carbonyl compounds
12719,Alcohols and polyols,0.96,CHEMONTID:0000129,4,CHEMONTID:0000323,CHEMONTID:0000000;CHEMONTID:0004603;CHEMONTID:0000323;CHEMONTID:0000129,Organic compounds;Organic oxygen compounds;Organooxygen compounds;Alcohols and polyols
12813,Monoalkylamines,0.88,CHEMONTID:0000469,6,CHEMONTID:0002450,CHEMONTID:0000000;CHEMONTID:0004707;CHEMONTID:0000278;CHEMONTID:0002449;CHEMONTID:0002450;CHEMONTID:0000469,Organic compounds;Organic nitrogen compounds;Organonitrogen compounds;Amines;Primary amines;Monoalkylamines
10725,Alcohols and polyols,0.83,CHEMONTID:0000129,4,CHEMONTID:0000323,CHEMONTID:0000000;CHEMONTID:0004603;CHEMONTID:0000323;CHEMONTID:0000129,Organic compounds;Organic oxygen compounds;Organooxygen compounds;Alcohols and polyols
486,Amino acids and derivatives,1,CHEMONTID:0000347,5,CHEMONTID:0000013,CHEMONTID:0000000;CHEMONTID:0000264;CHEMONTID:0000265;CHEMONTID:0000013;CHEMONTID:0000347,"Organic compounds;Organic acids and derivatives;Carboxylic acids and derivatives;Amino acids, peptides, and analogues;Amino acids and derivatives"
19178,Amines,0.87,CHEMONTID:0002449,4,CHEMONTID:0000278,CHEMONTID:0000000;CHEMONTID:0004707;CHEMONTID:0000278;CHEMONTID:0002449,Organic compounds;Organic nitrogen compounds;Organonitrogen compounds;Amines
14383,Carbonyl compounds,0.97,CHEMONTID:0001831,4,CHEMONTID:0000323,CHEMONTID:0000000;CHEMONTID:0004603;CHEMONTID:0000323;CHEMONTID:0001831,Organic compounds;Organic oxygen compounds;Organooxygen compounds;Carbonyl compounds
10553,Carboxylic acid derivatives,0.97,CHEMONTID:0001093,4,CHEMONTID:0000265,CHEMONTID:0000000;CHEMONTID:0000264;CHEMONTID:0000265;CHEMONTID:0001093,Organic compounds;Organic acids and derivatives;Carboxylic acids and derivatives;Carboxylic acid derivatives
16949,Amines,0.99,CHEMONTID:0002449,4,CHEMONTID:0000278,CHEMONTID:0000000;CHEMONTID:0004707;CHEMONTID:0000278;CHEMONTID:0002449,Organic compounds;Organic nitrogen compounds;Organonitrogen compounds;Amines
1546,Alcohols and polyols,0.99,CHEMONTID:0000129,4,CHEMONTID:0000323,CHEMONTID:0000000;CHEMONTID:0004603;CHEMONTID:0000323;CHEMONTID:0000129,Organic compounds;Organic oxygen compounds;Organooxygen compounds;Alcohols and polyols
2596,Carbonyl compounds,0.97,CHEMONTID:0001831,4,CHEMONTID:0000323,CHEMONTID:0000000;CHEMONTID:0004603;CHEMONTID:0000323;CHEMONTID:0001831,Organic compounds;Organic oxygen compounds;Organooxygen compounds;Carbonyl compounds
17471,Monoalkylamines,0.99,CHEMONTID:0000469,6,CHEMONTID:0002450,CHEMONTID:0000000;CHEMONTID:0004707;CHEMONTID:0000278;CHEMONTID:0002449;CHEMONTID:0002450;CHEMONTID:0000469,Organic compounds;Organic nitrogen compounds;Organonitrogen compounds;Amines;Primary amines;Monoalkylamines
13208,Alkyl phosphates,0.98,CHEMONTID:0003457,5,CHEMONTID:0000408,CHEMONTID:0000000;CHEMONTID:0000264;CHEMONTID:0000402;CHEMONTID:0000408;CHEMONTID:0003457,Organic compounds;Organic acids and derivatives;Organic phosphoric acids and derivatives;Phosphate esters;Alkyl phosphates
1025,Benzoyl derivatives,1,CHEMONTID:0000321,4,CHEMONTID:0002279,CHEMONTID:0000000;CHEMONTID:0002448;CHEMONTID:0002279;CHEMONTID:0000321,Organic compounds;Benzenoids;Benzene and substituted derivatives;Benzoyl derivatives
19155,Monoalkylamines,0.96,CHEMONTID:0000469,6,CHEMONTID:0002450,CHEMONTID:0000000;CHEMONTID:0004707;CHEMONTID:0000278;CHEMONTID:0002449;CHEMONTID:0002450;CHEMONTID:0000469,Organic compounds;Organic nitrogen compounds;Organonitrogen compounds;Amines;Primary amines;Monoalkylamines
5164,Carbonyl compounds,0.97,CHEMONTID:0001831,4,CHEMONTID:0000323,CHEMONTID:0000000;CHEMONTID:0004603;CHEMONTID:0000323;CHEMONTID:0001831,Organic compounds;Organic oxygen compounds;Organooxygen compounds;Carbonyl compounds
11634,Monoalkylamines,1,CHEMONTID:0000469,6,CHEMONTID:0002450,CHEMONTID:0000000;CHEMONTID:0004707;CHEMONTID:0000278;CHEMONTID:0002449;CHEMONTID:0002450;CHEMONTID:0000469,Organic compounds;Organic nitrogen compounds;Organonitrogen compounds;Amines;Primary amines;Monoalkylamines
3319,Carbonyl compounds,0.81,CHEMONTID:0001831,4,CHEMONTID:0000323,CHEMONTID:0000000;CHEMONTID:0004603;CHEMONTID:0000323;CHEMONTID:0001831,Organic compounds;Organic oxygen compounds;Organooxygen compounds;Carbonyl compounds
16906,Carboxylic acid derivatives,0.91,CHEMONTID:0001093,4,CHEMONTID:0000265,CHEMONTID:0000000;CHEMONTID:0000264;CHEMONTID:0000265;CHEMONTID:0001093,Organic compounds;Organic acids and derivatives;Carboxylic acids and derivatives;Carboxylic acid derivatives
16406,Carbonyl compounds,0.99,CHEMONTID:0001831,4,CHEMONTID:0000323,CHEMONTID:0000000;CHEMONTID:0004603;CHEMONTID:0000323;CHEMONTID:0001831,Organic compounds;Organic oxygen compounds;Organooxygen compounds;Carbonyl compounds
8446,Carboximidamides,0.95,CHEMONTID:0003152,4,CHEMONTID:0000278,CHEMONTID:0000000;CHEMONTID:0004707;CHEMONTID:0000278;CHEMONTID:0003152,Organic compounds;Organic nitrogen compounds;Organonitrogen compounds;Carboximidamides
10034,Carboxylic acid derivatives,0.96,CHEMONTID:0001093,4,CHEMONTID:0000265,CHEMONTID:0000000;CHEMONTID:0000264;CHEMONTID:0000265;CHEMONTID:0001093,Organic compounds;Organic acids and derivatives;Carboxylic acids and derivatives;Carboxylic acid derivatives
17233,Carboxylic acid derivatives,0.83,CHEMONTID:0001093,4,CHEMONTID:0000265,CHEMONTID:0000000;CHEMONTID:0000264;CHEMONTID:0000265;CHEMONTID:0001093,Organic compounds;Organic acids and derivatives;Carboxylic acids and derivatives;Carboxylic acid derivatives
10936,Dialkyl ethers,0.95,CHEMONTID:0001167,5,CHEMONTID:0000254,CHEMONTID:0000000;CHEMONTID:0004603;CHEMONTID:0000323;CHEMONTID:0000254;CHEMONTID:0001167,Organic compounds;Organic oxygen compounds;Organooxygen compounds;Ethers;Dialkyl ethers
16728,Secondary carboxylic acid amides,0.85,CHEMONTID:0001663,6,CHEMONTID:0000475,CHEMONTID:0000000;CHEMONTID:0000264;CHEMONTID:0000265;CHEMONTID:0001093;CHEMONTID:0000475;CHEMONTID:0001663,Organic compounds;Organic acids and derivatives;Carboxylic acids and derivatives;Carboxylic acid derivatives;Carboxylic acid amides;Secondary carboxylic acid amides
19738,Monoalkylamines,0.99,CHEMONTID:0000469,6,CHEMONTID:0002450,CHEMONTID:0000000;CHEMONTID:0004707;CHEMONTID:0000278;CHEMONTID:0002449;CHEMONTID:0002450;CHEMONTID:0000469,Organic compounds;Organic nitrogen compounds;Organonitrogen compounds;Amines;Primary amines;Monoalkylamines
19181,Monocarboxylic acids and derivatives,0.81,CHEMONTID:0001137,4,CHEMONTID:0000265,CHEMONTID:0000000;CHEMONTID:0000264;CHEMONTID:0000265;CHEMONTID:0001137,Organic compounds;Organic acids and derivatives;Carboxylic acids and derivatives;Monocarboxylic acids and derivatives
7400,Carbonyl compounds,0.89,CHEMONTID:0001831,4,CHEMONTID:0000323,CHEMONTID:0000000;CHEMONTID:0004603;CHEMONTID:0000323;CHEMONTID:0001831,Organic compounds;Organic oxygen compounds;Organooxygen compounds;Carbonyl compounds
16913,Carboxylic acid derivatives,1,CHEMONTID:0001093,4,CHEMONTID:0000265,CHEMONTID:0000000;CHEMONTID:0000264;CHEMONTID:0000265;CHEMONTID:0001093,Organic compounds;Organic acids and derivatives;Carboxylic acids and derivatives;Carboxylic acid derivatives
4279,Amines,0.96,CHEMONTID:0002449,4,CHEMONTID:0000278,CHEMONTID:0000000;CHEMONTID:0004707;CHEMONTID:0000278;CHEMONTID:0002449,Organic compounds;Organic nitrogen compounds;Organonitrogen compounds;Amines
15598,Primary amines,0.99,CHEMONTID:0002450,5,CHEMONTID:0002449,CHEMONTID:0000000;CHEMONTID:0004707;CHEMONTID:0000278;CHEMONTID:0002449;CHEMONTID:0002450,Organic compounds;Organic nitrogen compounds;Organonitrogen compounds;Amines;Primary amines
18304,Alcohols and polyols,0.93,CHEMONTID:0000129,4,CHEMONTID:0000323,CHEMONTID:0000000;CHEMONTID:0004603;CHEMONTID:0000323;CHEMONTID:0000129,Organic compounds;Organic oxygen compounds;Organooxygen compounds;Alcohols and polyols
12039,Purines and purine derivatives,1,CHEMONTID:0000245,4,CHEMONTID:0001797,CHEMONTID:0000000;CHEMONTID:0000002;CHEMONTID:0001797;CHEMONTID:0000245,Organic compounds;Organoheterocyclic compounds;Imidazopyrimidines;Purines and purine derivatives
2382,Primary amines,1,CHEMONTID:0002450,5,CHEMONTID:0002449,CHEMONTID:0000000;CHEMONTID:0004707;CHEMONTID:0000278;CHEMONTID:0002449;CHEMONTID:0002450,Organic compounds;Organic nitrogen compounds;Organonitrogen compounds;Amines;Primary amines
10600,Monoalkylamines,0.95,CHEMONTID:0000469,6,CHEMONTID:0002450,CHEMONTID:0000000;CHEMONTID:0004707;CHEMONTID:0000278;CHEMONTID:0002449;CHEMONTID:0002450;CHEMONTID:0000469,Organic compounds;Organic nitrogen compounds;Organonitrogen compounds;Amines;Primary amines;Monoalkylamines
7080,Monoalkylamines,0.89,CHEMONTID:0000469,6,CHEMONTID:0002450,CHEMONTID:0000000;CHEMONTID:0004707;CHEMONTID:0000278;CHEMONTID:0002449;CHEMONTID:0002450;CHEMONTID:0000469,Organic compounds;Organic nitrogen compounds;Organonitrogen compounds;Amines;Primary amines;Monoalkylamines
8989,Monocarboxylic acids and derivatives,0.81,CHEMONTID:0001137,4,CHEMONTID:0000265,CHEMONTID:0000000;CHEMONTID:0000264;CHEMONTID:0000265;CHEMONTID:0001137,Organic compounds;Organic acids and derivatives;Carboxylic acids and derivatives;Monocarboxylic acids and derivatives
1550,Monoalkylamines,0.87,CHEMONTID:0000469,6,CHEMONTID:0002450,CHEMONTID:0000000;CHEMONTID:0004707;CHEMONTID:0000278;CHEMONTID:0002449;CHEMONTID:0002450;CHEMONTID:0000469,Organic compounds;Organic nitrogen compounds;Organonitrogen compounds;Amines;Primary amines;Monoalkylamines
12516,Carbonyl compounds,0.97,CHEMONTID:0001831,4,CHEMONTID:0000323,CHEMONTID:0000000;CHEMONTID:0004603;CHEMONTID:0000323;CHEMONTID:0001831,Organic compounds;Organic oxygen compounds;Organooxygen compounds;Carbonyl compounds
12253,Ethers,0.89,CHEMONTID:0000254,4,CHEMONTID:0000323,CHEMONTID:0000000;CHEMONTID:0004603;CHEMONTID:0000323;CHEMONTID:0000254,Organic compounds;Organic oxygen compounds;Organooxygen compounds;Ethers
3130,Amines,0.96,CHEMONTID:0002449,4,CHEMONTID:0000278,CHEMONTID:0000000;CHEMONTID:0004707;CHEMONTID:0000278;CHEMONTID:0002449,Organic compounds;Organic nitrogen compounds;Organonitrogen compounds;Amines
14094,Monoalkylamines,0.99,CHEMONTID:0000469,6,CHEMONTID:0002450,CHEMONTID:0000000;CHEMONTID:0004707;CHEMONTID:0000278;CHEMONTID:0002449;CHEMONTID:0002450;CHEMONTID:0000469,Organic compounds;Organic nitrogen compounds;Organonitrogen compounds;Amines;Primary amines;Monoalkylamines
19814,Dialkyl ethers,0.96,CHEMONTID:0001167,5,CHEMONTID:0000254,CHEMONTID:0000000;CHEMONTID:0004603;CHEMONTID:0000323;CHEMONTID:0000254;CHEMONTID:0001167,Organic compounds;Organic oxygen compounds;Organooxygen compounds;Ethers;Dialkyl ethers
2181,Dialkyl ethers,0.97,CHEMONTID:0001167,5,CHEMONTID:0000254,CHEMONTID:0000000;CHEMONTID:0004603;CHEMONTID:0000323;CHEMONTID:0000254;CHEMONTID:0001167,Organic compounds;Organic oxygen compounds;Organooxygen compounds;Ethers;Dialkyl ethers
12558,Alcohols and polyols,0.88,CHEMONTID:0000129,4,CHEMONTID:0000323,CHEMONTID:0000000;CHEMONTID:0004603;CHEMONTID:0000323;CHEMONTID:0000129,Organic compounds;Organic oxygen compounds;Organooxygen compounds;Alcohols and polyols
8495,Carbonyl compounds,0.81,CHEMONTID:0001831,4,CHEMONTID:0000323,CHEMONTID:0000000;CHEMONTID:0004603;CHEMONTID:0000323;CHEMONTID:0001831,Organic compounds;Organic oxygen compounds;Organooxygen compounds;Carbonyl compounds
5620,Amines,0.98,CHEMONTID:0002449,4,CHEMONTID:0000278,CHEMONTID:0000000;CHEMONTID:0004707;CHEMONTID:0000278;CHEMONTID:0002449,Organic compounds;Organic nitrogen compounds;Organonitrogen compounds;Amines
5561,Dialkyl ethers,0.96,CHEMONTID:0001167,5,CHEMONTID:0000254,CHEMONTID:0000000;CHEMONTID:0004603;CHEMONTID:0000323;CHEMONTID:0000254;CHEMONTID:0001167,Organic compounds;Organic oxygen compounds;Organooxygen compounds;Ethers;Dialkyl ethers
13287,Carbonyl compounds,0.94,CHEMONTID:0001831,4,CHEMONTID:0000323,CHEMONTID:0000000;CHEMONTID:0004603;CHEMONTID:0000323;CHEMONTID:0001831,Organic compounds;Organic oxygen compounds;Organooxygen compounds;Carbonyl compounds
13938,Alkyl aryl ethers,0.94,CHEMONTID:0000128,5,CHEMONTID:0000254,CHEMONTID:0000000;CHEMONTID:0004603;CHEMONTID:0000323;CHEMONTID:0000254;CHEMONTID:0000128,Organic compounds;Organic oxygen compounds;Organooxygen compounds;Ethers;Alkyl aryl ethers
15962,Monoalkylamines,0.83,CHEMONTID:0000469,6,CHEMONTID:0002450,CHEMONTID:0000000;CHEMONTID:0004707;CHEMONTID:0000278;CHEMONTID:0002449;CHEMONTID:0002450;CHEMONTID:0000469,Organic compounds;Organic nitrogen compounds;Organonitrogen compounds;Amines;Primary amines;Monoalkylamines
12245,Pyrimidines and pyrimidine derivatives,0.83,CHEMONTID:0000075,4,CHEMONTID:0001346,CHEMONTID:0000000;CHEMONTID:0000002;CHEMONTID:0001346;CHEMONTID:0000075,Organic compounds;Organoheterocyclic compounds;Diazines;Pyrimidines and pyrimidine derivatives
2190,Carboxylic acid derivatives,0.92,CHEMONTID:0001093,4,CHEMONTID:0000265,CHEMONTID:0000000;CHEMONTID:0000264;CHEMONTID:0000265;CHEMONTID:0001093,Organic compounds;Organic acids and derivatives;Carboxylic acids and derivatives;Carboxylic acid derivatives
15619,Amines,0.96,CHEMONTID:0002449,4,CHEMONTID:0000278,CHEMONTID:0000000;CHEMONTID:0004707;CHEMONTID:0000278;CHEMONTID:0002449,Organic compounds;Organic nitrogen compounds;Organonitrogen compounds;Amines
7023,Carbonyl compounds,0.87,CHEMONTID:0001831,4,CHEMONTID:0000323,CHEMONTID:0000000;CHEMONTID:0004603;CHEMONTID:0000323;CHEMONTID:0001831,Organic compounds;Organic oxygen compounds;Organooxygen compounds;Carbonyl compounds
2421,Phosphate esters,0.96,CHEMONTID:0000408,4,CHEMONTID:0000402,CHEMONTID:0000000;CHEMONTID:0000264;CHEMONTID:0000402;CHEMONTID:0000408,Organic compounds;Organic acids and derivatives;Organic phosphoric acids and derivatives;Phosphate esters
3121,Amines,0.86,CHEMONTID:0002449,4,CHEMONTID:0000278,CHEMONTID:0000000;CHEMONTID:0004707;CHEMONTID:0000278;CHEMONTID:0002449,Organic compounds;Organic nitrogen compounds;Organonitrogen compounds;Amines
12006,Carbonyl compounds,0.86,CHEMONTID:0001831,4,CHEMONTID:0000323,CHEMONTID:0000000;CHEMONTID:0004603;CHEMONTID:0000323;CHEMONTID:0001831,Organic compounds;Organic oxygen compounds;Organooxygen compounds;Carbonyl compounds
14934,Carbonyl compounds,0.98,CHEMONTID:0001831,4,CHEMONTID:0000323,CHEMONTID:0000000;CHEMONTID:0004603;CHEMONTID:0000323;CHEMONTID:0001831,Organic compounds;Organic oxygen compounds;Organooxygen compounds;Carbonyl compounds
14225,Benzoyl derivatives,0.93,CHEMONTID:0000321,4,CHEMONTID:0002279,CHEMONTID:0000000;CHEMONTID:0002448;CHEMONTID:0002279;CHEMONTID:0000321,Organic compounds;Benzenoids;Benzene and substituted derivatives;Benzoyl derivatives
10879,Amines,0.99,CHEMONTID:0002449,4,CHEMONTID:0000278,CHEMONTID:0000000;CHEMONTID:0004707;CHEMONTID:0000278;CHEMONTID:0002449,Organic compounds;Organic nitrogen compounds;Organonitrogen compounds;Amines
20554,Phosphate esters,1,CHEMONTID:0000408,4,CHEMONTID:0000402,CHEMONTID:0000000;CHEMONTID:0000264;CHEMONTID:0000402;CHEMONTID:0000408,Organic compounds;Organic acids and derivatives;Organic phosphoric acids and derivatives;Phosphate esters
17062,Primary amines,0.98,CHEMONTID:0002450,5,CHEMONTID:0002449,CHEMONTID:0000000;CHEMONTID:0004707;CHEMONTID:0000278;CHEMONTID:0002449;CHEMONTID:0002450,Organic compounds;Organic nitrogen compounds;Organonitrogen compounds;Amines;Primary amines
14617,Carbonyl compounds,0.85,CHEMONTID:0001831,4,CHEMONTID:0000323,CHEMONTID:0000000;CHEMONTID:0004603;CHEMONTID:0000323;CHEMONTID:0001831,Organic compounds;Organic oxygen compounds;Organooxygen compounds;Carbonyl compounds
14209,Carbonyl compounds,0.87,CHEMONTID:0001831,4,CHEMONTID:0000323,CHEMONTID:0000000;CHEMONTID:0004603;CHEMONTID:0000323;CHEMONTID:0001831,Organic compounds;Organic oxygen compounds;Organooxygen compounds;Carbonyl compounds
15181,Alcohols and polyols,0.92,CHEMONTID:0000129,4,CHEMONTID:0000323,CHEMONTID:0000000;CHEMONTID:0004603;CHEMONTID:0000323;CHEMONTID:0000129,Organic compounds;Organic oxygen compounds;Organooxygen compounds;Alcohols and polyols
4398,Amines,0.94,CHEMONTID:0002449,4,CHEMONTID:0000278,CHEMONTID:0000000;CHEMONTID:0004707;CHEMONTID:0000278;CHEMONTID:0002449,Organic compounds;Organic nitrogen compounds;Organonitrogen compounds;Amines
15352,Carbonyl compounds,0.91,CHEMONTID:0001831,4,CHEMONTID:0000323,CHEMONTID:0000000;CHEMONTID:0004603;CHEMONTID:0000323;CHEMONTID:0001831,Organic compounds;Organic oxygen compounds;Organooxygen compounds;Carbonyl compounds
15092,Primary amines,0.98,CHEMONTID:0002450,5,CHEMONTID:0002449,CHEMONTID:0000000;CHEMONTID:0004707;CHEMONTID:0000278;CHEMONTID:0002449;CHEMONTID:0002450,Organic compounds;Organic nitrogen compounds;Organonitrogen compounds;Amines;Primary amines
3369,Carboxylic acid derivatives,0.99,CHEMONTID:0001093,4,CHEMONTID:0000265,CHEMONTID:0000000;CHEMONTID:0000264;CHEMONTID:0000265;CHEMONTID:0001093,Organic compounds;Organic acids and derivatives;Carboxylic acids and derivatives;Carboxylic acid derivatives
8726,Carboxylic acid derivatives,0.87,CHEMONTID:0001093,4,CHEMONTID:0000265,CHEMONTID:0000000;CHEMONTID:0000264;CHEMONTID:0000265;CHEMONTID:0001093,Organic compounds;Organic acids and derivatives;Carboxylic acids and derivatives;Carboxylic acid derivatives
11868,Primary amines,0.81,CHEMONTID:0002450,5,CHEMONTID:0002449,CHEMONTID:0000000;CHEMONTID:0004707;CHEMONTID:0000278;CHEMONTID:0002449;CHEMONTID:0002450,Organic compounds;Organic nitrogen compounds;Organonitrogen compounds;Amines;Primary amines
2369,Phosphate esters,1,CHEMONTID:0000408,4,CHEMONTID:0000402,CHEMONTID:0000000;CHEMONTID:0000264;CHEMONTID:0000402;CHEMONTID:0000408,Organic compounds;Organic acids and derivatives;Organic phosphoric acids and derivatives;Phosphate esters
2263,Carbonyl compounds,0.93,CHEMONTID:0001831,4,CHEMONTID:0000323,CHEMONTID:0000000;CHEMONTID:0004603;CHEMONTID:0000323;CHEMONTID:0001831,Organic compounds;Organic oxygen compounds;Organooxygen compounds;Carbonyl compounds
5463,Amines,0.99,CHEMONTID:0002449,4,CHEMONTID:0000278,CHEMONTID:0000000;CHEMONTID:0004707;CHEMONTID:0000278;CHEMONTID:0002449,Organic compounds;Organic nitrogen compounds;Organonitrogen compounds;Amines
17359,Amphetamines and derivatives,0.98,CHEMONTID:0000188,5,CHEMONTID:0000186,CHEMONTID:0000000;CHEMONTID:0002448;CHEMONTID:0002279;CHEMONTID:0000186;CHEMONTID:0000188,Organic compounds;Benzenoids;Benzene and substituted derivatives;Phenethylamines;Amphetamines and derivatives
9722,Carbonyl compounds,0.95,CHEMONTID:0001831,4,CHEMONTID:0000323,CHEMONTID:0000000;CHEMONTID:0004603;CHEMONTID:0000323;CHEMONTID:0001831,Organic compounds;Organic oxygen compounds;Organooxygen compounds;Carbonyl compounds
3308,Dialkyl ethers,0.84,CHEMONTID:0001167,5,CHEMONTID:0000254,CHEMONTID:0000000;CHEMONTID:0004603;CHEMONTID:0000323;CHEMONTID:0000254;CHEMONTID:0001167,Organic compounds;Organic oxygen compounds;Organooxygen compounds;Ethers;Dialkyl ethers
9816,Carbonyl compounds,0.94,CHEMONTID:0001831,4,CHEMONTID:0000323,CHEMONTID:0000000;CHEMONTID:0004603;CHEMONTID:0000323;CHEMONTID:0001831,Organic compounds;Organic oxygen compounds;Organooxygen compounds;Carbonyl compounds
4281,Carbonyl compounds,0.89,CHEMONTID:0001831,4,CHEMONTID:0000323,CHEMONTID:0000000;CHEMONTID:0004603;CHEMONTID:0000323;CHEMONTID:0001831,Organic compounds;Organic oxygen compounds;Organooxygen compounds;Carbonyl compounds
7928,Carbonyl compounds,0.98,CHEMONTID:0001831,4,CHEMONTID:0000323,CHEMONTID:0000000;CHEMONTID:0004603;CHEMONTID:0000323;CHEMONTID:0001831,Organic compounds;Organic oxygen compounds;Organooxygen compounds;Carbonyl compounds
13150,Carbonyl compounds,0.99,CHEMONTID:0001831,4,CHEMONTID:0000323,CHEMONTID:0000000;CHEMONTID:0004603;CHEMONTID:0000323;CHEMONTID:0001831,Organic compounds;Organic oxygen compounds;Organooxygen compounds;Carbonyl compounds
9580,Amines,0.97,CHEMONTID:0002449,4,CHEMONTID:0000278,CHEMONTID:0000000;CHEMONTID:0004707;CHEMONTID:0000278;CHEMONTID:0002449,Organic compounds;Organic nitrogen compounds;Organonitrogen compounds;Amines
7881,Carboxylic acid derivatives,0.89,CHEMONTID:0001093,4,CHEMONTID:0000265,CHEMONTID:0000000;CHEMONTID:0000264;CHEMONTID:0000265;CHEMONTID:0001093,Organic compounds;Organic acids and derivatives;Carboxylic acids and derivatives;Carboxylic acid derivatives
11675,Monoalkylamines,0.91,CHEMONTID:0000469,6,CHEMONTID:0002450,CHEMONTID:0000000;CHEMONTID:0004707;CHEMONTID:0000278;CHEMONTID:0002449;CHEMONTID:0002450;CHEMONTID:0000469,Organic compounds;Organic nitrogen compounds;Organonitrogen compounds;Amines;Primary amines;Monoalkylamines
10894,Carbonyl compounds,0.96,CHEMONTID:0001831,4,CHEMONTID:0000323,CHEMONTID:0000000;CHEMONTID:0004603;CHEMONTID:0000323;CHEMONTID:0001831,Organic compounds;Organic oxygen compounds;Organooxygen compounds;Carbonyl compounds
15727,Carboxylic acids,0.85,CHEMONTID:0001205,4,CHEMONTID:0000265,CHEMONTID:0000000;CHEMONTID:0000264;CHEMONTID:0000265;CHEMONTID:0001205,Organic compounds;Organic acids and derivatives;Carboxylic acids and derivatives;Carboxylic acids
7917,Carboxylic acid derivatives,0.99,CHEMONTID:0001093,4,CHEMONTID:0000265,CHEMONTID:0000000;CHEMONTID:0000264;CHEMONTID:0000265;CHEMONTID:0001093,Organic compounds;Organic acids and derivatives;Carboxylic acids and derivatives;Carboxylic acid derivatives
10439,Carbonyl compounds,0.98,CHEMONTID:0001831,4,CHEMONTID:0000323,CHEMONTID:0000000;CHEMONTID:0004603;CHEMONTID:0000323;CHEMONTID:0001831,Organic compounds;Organic oxygen compounds;Organooxygen compounds;Carbonyl compounds
8639,O-glycosyl compounds,0.98,CHEMONTID:0002207,6,CHEMONTID:0002105,CHEMONTID:0000000;CHEMONTID:0004603;CHEMONTID:0000323;CHEMONTID:0000011;CHEMONTID:0002105;CHEMONTID:0002207,Organic compounds;Organic oxygen compounds;Organooxygen compounds;Carbohydrates and carbohydrate conjugates;Glycosyl compounds;O-glycosyl compounds
8140,Carboxylic acid derivatives,0.98,CHEMONTID:0001093,4,CHEMONTID:0000265,CHEMONTID:0000000;CHEMONTID:0000264;CHEMONTID:0000265;CHEMONTID:0001093,Organic compounds;Organic acids and derivatives;Carboxylic acids and derivatives;Carboxylic acid derivatives
7008,Monoalkylamines,0.91,CHEMONTID:0000469,6,CHEMONTID:0002450,CHEMONTID:0000000;CHEMONTID:0004707;CHEMONTID:0000278;CHEMONTID:0002449;CHEMONTID:0002450;CHEMONTID:0000469,Organic compounds;Organic nitrogen compounds;Organonitrogen compounds;Amines;Primary amines;Monoalkylamines
18142,Amines,0.99,CHEMONTID:0002449,4,CHEMONTID:0000278,CHEMONTID:0000000;CHEMONTID:0004707;CHEMONTID:0000278;CHEMONTID:0002449,Organic compounds;Organic nitrogen compounds;Organonitrogen compounds;Amines
1534,Alcohols and polyols,0.92,CHEMONTID:0000129,4,CHEMONTID:0000323,CHEMONTID:0000000;CHEMONTID:0004603;CHEMONTID:0000323;CHEMONTID:0000129,Organic compounds;Organic oxygen compounds;Organooxygen compounds;Alcohols and polyols
13759,Carbonyl compounds,0.86,CHEMONTID:0001831,4,CHEMONTID:0000323,CHEMONTID:0000000;CHEMONTID:0004603;CHEMONTID:0000323;CHEMONTID:0001831,Organic compounds;Organic oxygen compounds;Organooxygen compounds;Carbonyl compounds
1260,Imidazoles,0.83,CHEMONTID:0000078,4,CHEMONTID:0000436,CHEMONTID:0000000;CHEMONTID:0000002;CHEMONTID:0000436;CHEMONTID:0000078,Organic compounds;Organoheterocyclic compounds;Azoles;Imidazoles
15980,Carbonyl compounds,0.84,CHEMONTID:0001831,4,CHEMONTID:0000323,CHEMONTID:0000000;CHEMONTID:0004603;CHEMONTID:0000323;CHEMONTID:0001831,Organic compounds;Organic oxygen compounds;Organooxygen compounds;Carbonyl compounds
3889,Carbonyl compounds,0.85,CHEMONTID:0001831,4,CHEMONTID:0000323,CHEMONTID:0000000;CHEMONTID:0004603;CHEMONTID:0000323;CHEMONTID:0001831,Organic compounds;Organic oxygen compounds;Organooxygen compounds;Carbonyl compounds
8192,Glycosylamines,0.87,CHEMONTID:0002203,6,CHEMONTID:0002105,CHEMONTID:0000000;CHEMONTID:0004603;CHEMONTID:0000323;CHEMONTID:0000011;CHEMONTID:0002105;CHEMONTID:0002203,Organic compounds;Organic oxygen compounds;Organooxygen compounds;Carbohydrates and carbohydrate conjugates;Glycosyl compounds;Glycosylamines
13687,Carbonyl compounds,0.91,CHEMONTID:0001831,4,CHEMONTID:0000323,CHEMONTID:0000000;CHEMONTID:0004603;CHEMONTID:0000323;CHEMONTID:0001831,Organic compounds;Organic oxygen compounds;Organooxygen compounds;Carbonyl compounds
15501,Alcohols and polyols,1,CHEMONTID:0000129,4,CHEMONTID:0000323,CHEMONTID:0000000;CHEMONTID:0004603;CHEMONTID:0000323;CHEMONTID:0000129,Organic compounds;Organic oxygen compounds;Organooxygen compounds;Alcohols and polyols
11844,Amines,0.95,CHEMONTID:0002449,4,CHEMONTID:0000278,CHEMONTID:0000000;CHEMONTID:0004707;CHEMONTID:0000278;CHEMONTID:0002449,Organic compounds;Organic nitrogen compounds;Organonitrogen compounds;Amines
17896,Alkyl phosphates,0.99,CHEMONTID:0003457,5,CHEMONTID:0000408,CHEMONTID:0000000;CHEMONTID:0000264;CHEMONTID:0000402;CHEMONTID:0000408;CHEMONTID:0003457,Organic compounds;Organic acids and derivatives;Organic phosphoric acids and derivatives;Phosphate esters;Alkyl phosphates
9599,Carbonyl compounds,0.95,CHEMONTID:0001831,4,CHEMONTID:0000323,CHEMONTID:0000000;CHEMONTID:0004603;CHEMONTID:0000323;CHEMONTID:0001831,Organic compounds;Organic oxygen compounds;Organooxygen compounds;Carbonyl compounds
4492,Carbonyl compounds,0.83,CHEMONTID:0001831,4,CHEMONTID:0000323,CHEMONTID:0000000;CHEMONTID:0004603;CHEMONTID:0000323;CHEMONTID:0001831,Organic compounds;Organic oxygen compounds;Organooxygen compounds;Carbonyl compounds
19776,"Amino acids, peptides, and analogues",0.99,CHEMONTID:0000013,4,CHEMONTID:0000265,CHEMONTID:0000000;CHEMONTID:0000264;CHEMONTID:0000265;CHEMONTID:0000013,"Organic compounds;Organic acids and derivatives;Carboxylic acids and derivatives;Amino acids, peptides, and analogues"
12858,Carbonyl compounds,0.96,CHEMONTID:0001831,4,CHEMONTID:0000323,CHEMONTID:0000000;CHEMONTID:0004603;CHEMONTID:0000323;CHEMONTID:0001831,Organic compounds;Organic oxygen compounds;Organooxygen compounds;Carbonyl compounds
12633,"Amino acids, peptides, and analogues",0.99,CHEMONTID:0000013,4,CHEMONTID:0000265,CHEMONTID:0000000;CHEMONTID:0000264;CHEMONTID:0000265;CHEMONTID:0000013,"Organic compounds;Organic acids and derivatives;Carboxylic acids and derivatives;Amino acids, peptides, and analogues"
8489,Monoalkylamines,0.99,CHEMONTID:0000469,6,CHEMONTID:0002450,CHEMONTID:0000000;CHEMONTID:0004707;CHEMONTID:0000278;CHEMONTID:0002449;CHEMONTID:0002450;CHEMONTID:0000469,Organic compounds;Organic nitrogen compounds;Organonitrogen compounds;Amines;Primary amines;Monoalkylamines
10991,Alcohols and polyols,0.87,CHEMONTID:0000129,4,CHEMONTID:0000323,CHEMONTID:0000000;CHEMONTID:0004603;CHEMONTID:0000323;CHEMONTID:0000129,Organic compounds;Organic oxygen compounds;Organooxygen compounds;Alcohols and polyols
6298,Alcohols and polyols,0.92,CHEMONTID:0000129,4,CHEMONTID:0000323,CHEMONTID:0000000;CHEMONTID:0004603;CHEMONTID:0000323;CHEMONTID:0000129,Organic compounds;Organic oxygen compounds;Organooxygen compounds;Alcohols and polyols
12973,Monoalkylamines,0.94,CHEMONTID:0000469,6,CHEMONTID:0002450,CHEMONTID:0000000;CHEMONTID:0004707;CHEMONTID:0000278;CHEMONTID:0002449;CHEMONTID:0002450;CHEMONTID:0000469,Organic compounds;Organic nitrogen compounds;Organonitrogen compounds;Amines;Primary amines;Monoalkylamines
18185,Carboxylic acid derivatives,0.87,CHEMONTID:0001093,4,CHEMONTID:0000265,CHEMONTID:0000000;CHEMONTID:0000264;CHEMONTID:0000265;CHEMONTID:0001093,Organic compounds;Organic acids and derivatives;Carboxylic acids and derivatives;Carboxylic acid derivatives
18831,Amines,0.98,CHEMONTID:0002449,4,CHEMONTID:0000278,CHEMONTID:0000000;CHEMONTID:0004707;CHEMONTID:0000278;CHEMONTID:0002449,Organic compounds;Organic nitrogen compounds;Organonitrogen compounds;Amines
4201,Ethers,0.94,CHEMONTID:0000254,4,CHEMONTID:0000323,CHEMONTID:0000000;CHEMONTID:0004603;CHEMONTID:0000323;CHEMONTID:0000254,Organic compounds;Organic oxygen compounds;Organooxygen compounds;Ethers
15473,Amino acids,1,CHEMONTID:0004176,6,CHEMONTID:0000347,CHEMONTID:0000000;CHEMONTID:0000264;CHEMONTID:0000265;CHEMONTID:0000013;CHEMONTID:0000347;CHEMONTID:0004176,"Organic compounds;Organic acids and derivatives;Carboxylic acids and derivatives;Amino acids, peptides, and analogues;Amino acids and derivatives;Amino acids"
2702,Olefins,0.98,CHEMONTID:0002838,4,CHEMONTID:0004475,CHEMONTID:0000000;CHEMONTID:0002837;CHEMONTID:0004475;CHEMONTID:0002838,Organic compounds;Hydrocarbons;Unsaturated hydrocarbons;Olefins
18465,Carboxylic acid derivatives,1,CHEMONTID:0001093,4,CHEMONTID:0000265,CHEMONTID:0000000;CHEMONTID:0000264;CHEMONTID:0000265;CHEMONTID:0001093,Organic compounds;Organic acids and derivatives;Carboxylic acids and derivatives;Carboxylic acid derivatives
10308,Amines,0.99,CHEMONTID:0002449,4,CHEMONTID:0000278,CHEMONTID:0000000;CHEMONTID:0004707;CHEMONTID:0000278;CHEMONTID:0002449,Organic compounds;Organic nitrogen compounds;Organonitrogen compounds;Amines
17038,Carbonyl compounds,0.83,CHEMONTID:0001831,4,CHEMONTID:0000323,CHEMONTID:0000000;CHEMONTID:0004603;CHEMONTID:0000323;CHEMONTID:0001831,Organic compounds;Organic oxygen compounds;Organooxygen compounds;Carbonyl compounds
10663,Carbonyl compounds,0.95,CHEMONTID:0001831,4,CHEMONTID:0000323,CHEMONTID:0000000;CHEMONTID:0004603;CHEMONTID:0000323;CHEMONTID:0001831,Organic compounds;Organic oxygen compounds;Organooxygen compounds;Carbonyl compounds
145,Pyrimidines and pyrimidine derivatives,0.98,CHEMONTID:0000075,4,CHEMONTID:0001346,CHEMONTID:0000000;CHEMONTID:0000002;CHEMONTID:0001346;CHEMONTID:0000075,Organic compounds;Organoheterocyclic compounds;Diazines;Pyrimidines and pyrimidine derivatives
17769,Carbonyl compounds,0.85,CHEMONTID:0001831,4,CHEMONTID:0000323,CHEMONTID:0000000;CHEMONTID:0004603;CHEMONTID:0000323;CHEMONTID:0001831,Organic compounds;Organic oxygen compounds;Organooxygen compounds;Carbonyl compounds
823,Carboxylic acid derivatives,0.97,CHEMONTID:0001093,4,CHEMONTID:0000265,CHEMONTID:0000000;CHEMONTID:0000264;CHEMONTID:0000265;CHEMONTID:0001093,Organic compounds;Organic acids and derivatives;Carboxylic acids and derivatives;Carboxylic acid derivatives
4344,Carbonyl compounds,0.97,CHEMONTID:0001831,4,CHEMONTID:0000323,CHEMONTID:0000000;CHEMONTID:0004603;CHEMONTID:0000323;CHEMONTID:0001831,Organic compounds;Organic oxygen compounds;Organooxygen compounds;Carbonyl compounds
6796,Carbonyl compounds,0.88,CHEMONTID:0001831,4,CHEMONTID:0000323,CHEMONTID:0000000;CHEMONTID:0004603;CHEMONTID:0000323;CHEMONTID:0001831,Organic compounds;Organic oxygen compounds;Organooxygen compounds;Carbonyl compounds
5628,Carbonyl compounds,0.88,CHEMONTID:0001831,4,CHEMONTID:0000323,CHEMONTID:0000000;CHEMONTID:0004603;CHEMONTID:0000323;CHEMONTID:0001831,Organic compounds;Organic oxygen compounds;Organooxygen compounds;Carbonyl compounds
10440,Monoalkylamines,1,CHEMONTID:0000469,6,CHEMONTID:0002450,CHEMONTID:0000000;CHEMONTID:0004707;CHEMONTID:0000278;CHEMONTID:0002449;CHEMONTID:0002450;CHEMONTID:0000469,Organic compounds;Organic nitrogen compounds;Organonitrogen compounds;Amines;Primary amines;Monoalkylamines
17921,Alkyl phosphates,0.99,CHEMONTID:0003457,5,CHEMONTID:0000408,CHEMONTID:0000000;CHEMONTID:0000264;CHEMONTID:0000402;CHEMONTID:0000408;CHEMONTID:0003457,Organic compounds;Organic acids and derivatives;Organic phosphoric acids and derivatives;Phosphate esters;Alkyl phosphates
16375,Purines and purine derivatives,0.89,CHEMONTID:0000245,4,CHEMONTID:0001797,CHEMONTID:0000000;CHEMONTID:0000002;CHEMONTID:0001797;CHEMONTID:0000245,Organic compounds;Organoheterocyclic compounds;Imidazopyrimidines;Purines and purine derivatives
633,Alcohols and polyols,0.9,CHEMONTID:0000129,4,CHEMONTID:0000323,CHEMONTID:0000000;CHEMONTID:0004603;CHEMONTID:0000323;CHEMONTID:0000129,Organic compounds;Organic oxygen compounds;Organooxygen compounds;Alcohols and polyols
18075,Carboxylic acid derivatives,0.86,CHEMONTID:0001093,4,CHEMONTID:0000265,CHEMONTID:0000000;CHEMONTID:0000264;CHEMONTID:0000265;CHEMONTID:0001093,Organic compounds;Organic acids and derivatives;Carboxylic acids and derivatives;Carboxylic acid derivatives
487,Monoalkylamines,0.83,CHEMONTID:0000469,6,CHEMONTID:0002450,CHEMONTID:0000000;CHEMONTID:0004707;CHEMONTID:0000278;CHEMONTID:0002449;CHEMONTID:0002450;CHEMONTID:0000469,Organic compounds;Organic nitrogen compounds;Organonitrogen compounds;Amines;Primary amines;Monoalkylamines
18231,Carbonyl compounds,0.98,CHEMONTID:0001831,4,CHEMONTID:0000323,CHEMONTID:0000000;CHEMONTID:0004603;CHEMONTID:0000323;CHEMONTID:0001831,Organic compounds;Organic oxygen compounds;Organooxygen compounds;Carbonyl compounds
7755,Carboxylic acid derivatives,0.94,CHEMONTID:0001093,4,CHEMONTID:0000265,CHEMONTID:0000000;CHEMONTID:0000264;CHEMONTID:0000265;CHEMONTID:0001093,Organic compounds;Organic acids and derivatives;Carboxylic acids and derivatives;Carboxylic acid derivatives
20650,Monoalkylamines,0.91,CHEMONTID:0000469,6,CHEMONTID:0002450,CHEMONTID:0000000;CHEMONTID:0004707;CHEMONTID:0000278;CHEMONTID:0002449;CHEMONTID:0002450;CHEMONTID:0000469,Organic compounds;Organic nitrogen compounds;Organonitrogen compounds;Amines;Primary amines;Monoalkylamines
11418,Carbonyl compounds,0.88,CHEMONTID:0001831,4,CHEMONTID:0000323,CHEMONTID:0000000;CHEMONTID:0004603;CHEMONTID:0000323;CHEMONTID:0001831,Organic compounds;Organic oxygen compounds;Organooxygen compounds;Carbonyl compounds
11491,Alcohols and polyols,0.98,CHEMONTID:0000129,4,CHEMONTID:0000323,CHEMONTID:0000000;CHEMONTID:0004603;CHEMONTID:0000323;CHEMONTID:0000129,Organic compounds;Organic oxygen compounds;Organooxygen compounds;Alcohols and polyols
13782,Amines,0.99,CHEMONTID:0002449,4,CHEMONTID:0000278,CHEMONTID:0000000;CHEMONTID:0004707;CHEMONTID:0000278;CHEMONTID:0002449,Organic compounds;Organic nitrogen compounds;Organonitrogen compounds;Amines
11030,Carbonyl compounds,0.92,CHEMONTID:0001831,4,CHEMONTID:0000323,CHEMONTID:0000000;CHEMONTID:0004603;CHEMONTID:0000323;CHEMONTID:0001831,Organic compounds;Organic oxygen compounds;Organooxygen compounds;Carbonyl compounds
11796,"Amino acids, peptides, and analogues",1,CHEMONTID:0000013,4,CHEMONTID:0000265,CHEMONTID:0000000;CHEMONTID:0000264;CHEMONTID:0000265;CHEMONTID:0000013,"Organic compounds;Organic acids and derivatives;Carboxylic acids and derivatives;Amino acids, peptides, and analogues"
18260,Carboxylic acid derivatives,0.99,CHEMONTID:0001093,4,CHEMONTID:0000265,CHEMONTID:0000000;CHEMONTID:0000264;CHEMONTID:0000265;CHEMONTID:0001093,Organic compounds;Organic acids and derivatives;Carboxylic acids and derivatives;Carboxylic acid derivatives
15911,Amines,1,CHEMONTID:0002449,4,CHEMONTID:0000278,CHEMONTID:0000000;CHEMONTID:0004707;CHEMONTID:0000278;CHEMONTID:0002449,Organic compounds;Organic nitrogen compounds;Organonitrogen compounds;Amines
18479,Monoalkylamines,1,CHEMONTID:0000469,6,CHEMONTID:0002450,CHEMONTID:0000000;CHEMONTID:0004707;CHEMONTID:0000278;CHEMONTID:0002449;CHEMONTID:0002450;CHEMONTID:0000469,Organic compounds;Organic nitrogen compounds;Organonitrogen compounds;Amines;Primary amines;Monoalkylamines
15819,Carbonyl compounds,0.88,CHEMONTID:0001831,4,CHEMONTID:0000323,CHEMONTID:0000000;CHEMONTID:0004603;CHEMONTID:0000323;CHEMONTID:0001831,Organic compounds;Organic oxygen compounds;Organooxygen compounds;Carbonyl compounds
5733,Carbonyl compounds,0.91,CHEMONTID:0001831,4,CHEMONTID:0000323,CHEMONTID:0000000;CHEMONTID:0004603;CHEMONTID:0000323;CHEMONTID:0001831,Organic compounds;Organic oxygen compounds;Organooxygen compounds;Carbonyl compounds
12449,Alcohols and polyols,0.85,CHEMONTID:0000129,4,CHEMONTID:0000323,CHEMONTID:0000000;CHEMONTID:0004603;CHEMONTID:0000323;CHEMONTID:0000129,Organic compounds;Organic oxygen compounds;Organooxygen compounds;Alcohols and polyols
7935,Alcohols and polyols,0.88,CHEMONTID:0000129,4,CHEMONTID:0000323,CHEMONTID:0000000;CHEMONTID:0004603;CHEMONTID:0000323;CHEMONTID:0000129,Organic compounds;Organic oxygen compounds;Organooxygen compounds;Alcohols and polyols
9364,Carbonyl compounds,0.94,CHEMONTID:0001831,4,CHEMONTID:0000323,CHEMONTID:0000000;CHEMONTID:0004603;CHEMONTID:0000323;CHEMONTID:0001831,Organic compounds;Organic oxygen compounds;Organooxygen compounds;Carbonyl compounds
6346,"Amino acids, peptides, and analogues",0.97,CHEMONTID:0000013,4,CHEMONTID:0000265,CHEMONTID:0000000;CHEMONTID:0000264;CHEMONTID:0000265;CHEMONTID:0000013,"Organic compounds;Organic acids and derivatives;Carboxylic acids and derivatives;Amino acids, peptides, and analogues"
10622,Monoalkylamines,0.93,CHEMONTID:0000469,6,CHEMONTID:0002450,CHEMONTID:0000000;CHEMONTID:0004707;CHEMONTID:0000278;CHEMONTID:0002449;CHEMONTID:0002450;CHEMONTID:0000469,Organic compounds;Organic nitrogen compounds;Organonitrogen compounds;Amines;Primary amines;Monoalkylamines
2713,Carbonyl compounds,0.89,CHEMONTID:0001831,4,CHEMONTID:0000323,CHEMONTID:0000000;CHEMONTID:0004603;CHEMONTID:0000323;CHEMONTID:0001831,Organic compounds;Organic oxygen compounds;Organooxygen compounds;Carbonyl compounds
2842,Ethers,0.86,CHEMONTID:0000254,4,CHEMONTID:0000323,CHEMONTID:0000000;CHEMONTID:0004603;CHEMONTID:0000323;CHEMONTID:0000254,Organic compounds;Organic oxygen compounds;Organooxygen compounds;Ethers
13650,Carbonyl compounds,0.94,CHEMONTID:0001831,4,CHEMONTID:0000323,CHEMONTID:0000000;CHEMONTID:0004603;CHEMONTID:0000323;CHEMONTID:0001831,Organic compounds;Organic oxygen compounds;Organooxygen compounds;Carbonyl compounds
17267,Carboxylic acid derivatives,0.99,CHEMONTID:0001093,4,CHEMONTID:0000265,CHEMONTID:0000000;CHEMONTID:0000264;CHEMONTID:0000265;CHEMONTID:0001093,Organic compounds;Organic acids and derivatives;Carboxylic acids and derivatives;Carboxylic acid derivatives
5192,Alcohols and polyols,0.99,CHEMONTID:0000129,4,CHEMONTID:0000323,CHEMONTID:0000000;CHEMONTID:0004603;CHEMONTID:0000323;CHEMONTID:0000129,Organic compounds;Organic oxygen compounds;Organooxygen compounds;Alcohols and polyols
14599,Carboxylic acid derivatives,0.81,CHEMONTID:0001093,4,CHEMONTID:0000265,CHEMONTID:0000000;CHEMONTID:0000264;CHEMONTID:0000265;CHEMONTID:0001093,Organic compounds;Organic acids and derivatives;Carboxylic acids and derivatives;Carboxylic acid derivatives
12902,Carbonyl compounds,0.96,CHEMONTID:0001831,4,CHEMONTID:0000323,CHEMONTID:0000000;CHEMONTID:0004603;CHEMONTID:0000323;CHEMONTID:0001831,Organic compounds;Organic oxygen compounds;Organooxygen compounds;Carbonyl compounds
17216,Imidazoles,0.85,CHEMONTID:0000078,4,CHEMONTID:0000436,CHEMONTID:0000000;CHEMONTID:0000002;CHEMONTID:0000436;CHEMONTID:0000078,Organic compounds;Organoheterocyclic compounds;Azoles;Imidazoles
2759,Carboxylic acid derivatives,0.88,CHEMONTID:0001093,4,CHEMONTID:0000265,CHEMONTID:0000000;CHEMONTID:0000264;CHEMONTID:0000265;CHEMONTID:0001093,Organic compounds;Organic acids and derivatives;Carboxylic acids and derivatives;Carboxylic acid derivatives
5664,Carbonyl compounds,0.81,CHEMONTID:0001831,4,CHEMONTID:0000323,CHEMONTID:0000000;CHEMONTID:0004603;CHEMONTID:0000323;CHEMONTID:0001831,Organic compounds;Organic oxygen compounds;Organooxygen compounds;Carbonyl compounds
13223,Alkyl phosphates,0.98,CHEMONTID:0003457,5,CHEMONTID:0000408,CHEMONTID:0000000;CHEMONTID:0000264;CHEMONTID:0000402;CHEMONTID:0000408;CHEMONTID:0003457,Organic compounds;Organic acids and derivatives;Organic phosphoric acids and derivatives;Phosphate esters;Alkyl phosphates
8985,Carbonyl compounds,0.84,CHEMONTID:0001831,4,CHEMONTID:0000323,CHEMONTID:0000000;CHEMONTID:0004603;CHEMONTID:0000323;CHEMONTID:0001831,Organic compounds;Organic oxygen compounds;Organooxygen compounds;Carbonyl compounds
18424,Alcohols and polyols,0.98,CHEMONTID:0000129,4,CHEMONTID:0000323,CHEMONTID:0000000;CHEMONTID:0004603;CHEMONTID:0000323;CHEMONTID:0000129,Organic compounds;Organic oxygen compounds;Organooxygen compounds;Alcohols and polyols
68,Alcohols and polyols,0.81,CHEMONTID:0000129,4,CHEMONTID:0000323,CHEMONTID:0000000;CHEMONTID:0004603;CHEMONTID:0000323;CHEMONTID:0000129,Organic compounds;Organic oxygen compounds;Organooxygen compounds;Alcohols and polyols
9111,Carbonyl compounds,0.96,CHEMONTID:0001831,4,CHEMONTID:0000323,CHEMONTID:0000000;CHEMONTID:0004603;CHEMONTID:0000323;CHEMONTID:0001831,Organic compounds;Organic oxygen compounds;Organooxygen compounds;Carbonyl compounds
19982,Carbonyl compounds,0.95,CHEMONTID:0001831,4,CHEMONTID:0000323,CHEMONTID:0000000;CHEMONTID:0004603;CHEMONTID:0000323;CHEMONTID:0001831,Organic compounds;Organic oxygen compounds;Organooxygen compounds;Carbonyl compounds
15252,Carbonyl compounds,0.88,CHEMONTID:0001831,4,CHEMONTID:0000323,CHEMONTID:0000000;CHEMONTID:0004603;CHEMONTID:0000323;CHEMONTID:0001831,Organic compounds;Organic oxygen compounds;Organooxygen compounds;Carbonyl compounds
18566,Carbonyl compounds,0.95,CHEMONTID:0001831,4,CHEMONTID:0000323,CHEMONTID:0000000;CHEMONTID:0004603;CHEMONTID:0000323;CHEMONTID:0001831,Organic compounds;Organic oxygen compounds;Organooxygen compounds;Carbonyl compounds
1173,Alcohols and polyols,0.97,CHEMONTID:0000129,4,CHEMONTID:0000323,CHEMONTID:0000000;CHEMONTID:0004603;CHEMONTID:0000323;CHEMONTID:0000129,Organic compounds;Organic oxygen compounds;Organooxygen compounds;Alcohols and polyols
4483,Primary amines,0.99,CHEMONTID:0002450,5,CHEMONTID:0002449,CHEMONTID:0000000;CHEMONTID:0004707;CHEMONTID:0000278;CHEMONTID:0002449;CHEMONTID:0002450,Organic compounds;Organic nitrogen compounds;Organonitrogen compounds;Amines;Primary amines
8588,Carbonyl compounds,0.83,CHEMONTID:0001831,4,CHEMONTID:0000323,CHEMONTID:0000000;CHEMONTID:0004603;CHEMONTID:0000323;CHEMONTID:0001831,Organic compounds;Organic oxygen compounds;Organooxygen compounds;Carbonyl compounds
12931,Monoalkylamines,0.94,CHEMONTID:0000469,6,CHEMONTID:0002450,CHEMONTID:0000000;CHEMONTID:0004707;CHEMONTID:0000278;CHEMONTID:0002449;CHEMONTID:0002450;CHEMONTID:0000469,Organic compounds;Organic nitrogen compounds;Organonitrogen compounds;Amines;Primary amines;Monoalkylamines
15192,Alcohols and polyols,1,CHEMONTID:0000129,4,CHEMONTID:0000323,CHEMONTID:0000000;CHEMONTID:0004603;CHEMONTID:0000323;CHEMONTID:0000129,Organic compounds;Organic oxygen compounds;Organooxygen compounds;Alcohols and polyols
20200,Alcohols and polyols,1,CHEMONTID:0000129,4,CHEMONTID:0000323,CHEMONTID:0000000;CHEMONTID:0004603;CHEMONTID:0000323;CHEMONTID:0000129,Organic compounds;Organic oxygen compounds;Organooxygen compounds;Alcohols and polyols
19920,Primary amines,0.9,CHEMONTID:0002450,5,CHEMONTID:0002449,CHEMONTID:0000000;CHEMONTID:0004707;CHEMONTID:0000278;CHEMONTID:0002449;CHEMONTID:0002450,Organic compounds;Organic nitrogen compounds;Organonitrogen compounds;Amines;Primary amines
16276,Amines,0.97,CHEMONTID:0002449,4,CHEMONTID:0000278,CHEMONTID:0000000;CHEMONTID:0004707;CHEMONTID:0000278;CHEMONTID:0002449,Organic compounds;Organic nitrogen compounds;Organonitrogen compounds;Amines
10272,Amines,0.95,CHEMONTID:0002449,4,CHEMONTID:0000278,CHEMONTID:0000000;CHEMONTID:0004707;CHEMONTID:0000278;CHEMONTID:0002449,Organic compounds;Organic nitrogen compounds;Organonitrogen compounds;Amines
17342,Monocarboxylic acids and derivatives,0.82,CHEMONTID:0001137,4,CHEMONTID:0000265,CHEMONTID:0000000;CHEMONTID:0000264;CHEMONTID:0000265;CHEMONTID:0001137,Organic compounds;Organic acids and derivatives;Carboxylic acids and derivatives;Monocarboxylic acids and derivatives
12932,Carbonyl compounds,0.87,CHEMONTID:0001831,4,CHEMONTID:0000323,CHEMONTID:0000000;CHEMONTID:0004603;CHEMONTID:0000323;CHEMONTID:0001831,Organic compounds;Organic oxygen compounds;Organooxygen compounds;Carbonyl compounds
14659,Carbonyl compounds,0.95,CHEMONTID:0001831,4,CHEMONTID:0000323,CHEMONTID:0000000;CHEMONTID:0004603;CHEMONTID:0000323;CHEMONTID:0001831,Organic compounds;Organic oxygen compounds;Organooxygen compounds;Carbonyl compounds
9255,Monoalkylamines,0.95,CHEMONTID:0000469,6,CHEMONTID:0002450,CHEMONTID:0000000;CHEMONTID:0004707;CHEMONTID:0000278;CHEMONTID:0002449;CHEMONTID:0002450;CHEMONTID:0000469,Organic compounds;Organic nitrogen compounds;Organonitrogen compounds;Amines;Primary amines;Monoalkylamines
7276,Amines,0.99,CHEMONTID:0002449,4,CHEMONTID:0000278,CHEMONTID:0000000;CHEMONTID:0004707;CHEMONTID:0000278;CHEMONTID:0002449,Organic compounds;Organic nitrogen compounds;Organonitrogen compounds;Amines
2651,Monoalkylamines,0.99,CHEMONTID:0000469,6,CHEMONTID:0002450,CHEMONTID:0000000;CHEMONTID:0004707;CHEMONTID:0000278;CHEMONTID:0002449;CHEMONTID:0002450;CHEMONTID:0000469,Organic compounds;Organic nitrogen compounds;Organonitrogen compounds;Amines;Primary amines;Monoalkylamines
7382,Amines,0.84,CHEMONTID:0002449,4,CHEMONTID:0000278,CHEMONTID:0000000;CHEMONTID:0004707;CHEMONTID:0000278;CHEMONTID:0002449,Organic compounds;Organic nitrogen compounds;Organonitrogen compounds;Amines
2955,Amines,1,CHEMONTID:0002449,4,CHEMONTID:0000278,CHEMONTID:0000000;CHEMONTID:0004707;CHEMONTID:0000278;CHEMONTID:0002449,Organic compounds;Organic nitrogen compounds;Organonitrogen compounds;Amines
15081,Fatty acid methyl esters,0.97,CHEMONTID:0003417,5,CHEMONTID:0000324,CHEMONTID:0000000;CHEMONTID:0000012;CHEMONTID:0003909;CHEMONTID:0000324;CHEMONTID:0003417,Organic compounds;Lipids and lipid-like molecules;Fatty Acyls;Fatty acid esters;Fatty acid methyl esters
10818,Carbonyl compounds,0.84,CHEMONTID:0001831,4,CHEMONTID:0000323,CHEMONTID:0000000;CHEMONTID:0004603;CHEMONTID:0000323;CHEMONTID:0001831,Organic compounds;Organic oxygen compounds;Organooxygen compounds;Carbonyl compounds
15775,Carbonyl compounds,1,CHEMONTID:0001831,4,CHEMONTID:0000323,CHEMONTID:0000000;CHEMONTID:0004603;CHEMONTID:0000323;CHEMONTID:0001831,Organic compounds;Organic oxygen compounds;Organooxygen compounds;Carbonyl compounds
15515,N-acyl amines,0.91,CHEMONTID:0001096,5,CHEMONTID:0000331,CHEMONTID:0000000;CHEMONTID:0000012;CHEMONTID:0003909;CHEMONTID:0000331;CHEMONTID:0001096,Organic compounds;Lipids and lipid-like molecules;Fatty Acyls;Fatty amides;N-acyl amines
12850,Alkyl phosphates,1,CHEMONTID:0003457,5,CHEMONTID:0000408,CHEMONTID:0000000;CHEMONTID:0000264;CHEMONTID:0000402;CHEMONTID:0000408;CHEMONTID:0003457,Organic compounds;Organic acids and derivatives;Organic phosphoric acids and derivatives;Phosphate esters;Alkyl phosphates
16568,Dialkyl ethers,0.98,CHEMONTID:0001167,5,CHEMONTID:0000254,CHEMONTID:0000000;CHEMONTID:0004603;CHEMONTID:0000323;CHEMONTID:0000254;CHEMONTID:0001167,Organic compounds;Organic oxygen compounds;Organooxygen compounds;Ethers;Dialkyl ethers
17687,Amines,0.93,CHEMONTID:0002449,4,CHEMONTID:0000278,CHEMONTID:0000000;CHEMONTID:0004707;CHEMONTID:0000278;CHEMONTID:0002449,Organic compounds;Organic nitrogen compounds;Organonitrogen compounds;Amines
13446,Carbonyl compounds,0.94,CHEMONTID:0001831,4,CHEMONTID:0000323,CHEMONTID:0000000;CHEMONTID:0004603;CHEMONTID:0000323;CHEMONTID:0001831,Organic compounds;Organic oxygen compounds;Organooxygen compounds;Carbonyl compounds
7951,Carbonyl compounds,0.89,CHEMONTID:0001831,4,CHEMONTID:0000323,CHEMONTID:0000000;CHEMONTID:0004603;CHEMONTID:0000323;CHEMONTID:0001831,Organic compounds;Organic oxygen compounds;Organooxygen compounds;Carbonyl compounds
3431,Carbonyl compounds,0.92,CHEMONTID:0001831,4,CHEMONTID:0000323,CHEMONTID:0000000;CHEMONTID:0004603;CHEMONTID:0000323;CHEMONTID:0001831,Organic compounds;Organic oxygen compounds;Organooxygen compounds;Carbonyl compounds
19766,Guanidines,0.99,CHEMONTID:0000375,4,CHEMONTID:0000278,CHEMONTID:0000000;CHEMONTID:0004707;CHEMONTID:0000278;CHEMONTID:0000375,Organic compounds;Organic nitrogen compounds;Organonitrogen compounds;Guanidines
7834,Carbonyl compounds,1,CHEMONTID:0001831,4,CHEMONTID:0000323,CHEMONTID:0000000;CHEMONTID:0004603;CHEMONTID:0000323;CHEMONTID:0001831,Organic compounds;Organic oxygen compounds;Organooxygen compounds;Carbonyl compounds
9387,Amines,0.92,CHEMONTID:0002449,4,CHEMONTID:0000278,CHEMONTID:0000000;CHEMONTID:0004707;CHEMONTID:0000278;CHEMONTID:0002449,Organic compounds;Organic nitrogen compounds;Organonitrogen compounds;Amines
12348,Primary amines,1,CHEMONTID:0002450,5,CHEMONTID:0002449,CHEMONTID:0000000;CHEMONTID:0004707;CHEMONTID:0000278;CHEMONTID:0002449;CHEMONTID:0002450,Organic compounds;Organic nitrogen compounds;Organonitrogen compounds;Amines;Primary amines
12963,Carbonyl compounds,0.99,CHEMONTID:0001831,4,CHEMONTID:0000323,CHEMONTID:0000000;CHEMONTID:0004603;CHEMONTID:0000323;CHEMONTID:0001831,Organic compounds;Organic oxygen compounds;Organooxygen compounds;Carbonyl compounds
20675,Pyrimidines and pyrimidine derivatives,0.9,CHEMONTID:0000075,4,CHEMONTID:0001346,CHEMONTID:0000000;CHEMONTID:0000002;CHEMONTID:0001346;CHEMONTID:0000075,Organic compounds;Organoheterocyclic compounds;Diazines;Pyrimidines and pyrimidine derivatives
6370,Carbonyl compounds,1,CHEMONTID:0001831,4,CHEMONTID:0000323,CHEMONTID:0000000;CHEMONTID:0004603;CHEMONTID:0000323;CHEMONTID:0001831,Organic compounds;Organic oxygen compounds;Organooxygen compounds;Carbonyl compounds
8512,Carbonyl compounds,0.9,CHEMONTID:0001831,4,CHEMONTID:0000323,CHEMONTID:0000000;CHEMONTID:0004603;CHEMONTID:0000323;CHEMONTID:0001831,Organic compounds;Organic oxygen compounds;Organooxygen compounds;Carbonyl compounds
8925,Carbonyl compounds,0.89,CHEMONTID:0001831,4,CHEMONTID:0000323,CHEMONTID:0000000;CHEMONTID:0004603;CHEMONTID:0000323;CHEMONTID:0001831,Organic compounds;Organic oxygen compounds;Organooxygen compounds;Carbonyl compounds
6162,Monoalkylamines,1,CHEMONTID:0000469,6,CHEMONTID:0002450,CHEMONTID:0000000;CHEMONTID:0004707;CHEMONTID:0000278;CHEMONTID:0002449;CHEMONTID:0002450;CHEMONTID:0000469,Organic compounds;Organic nitrogen compounds;Organonitrogen compounds;Amines;Primary amines;Monoalkylamines
13092,Dialkyl ethers,0.86,CHEMONTID:0001167,5,CHEMONTID:0000254,CHEMONTID:0000000;CHEMONTID:0004603;CHEMONTID:0000323;CHEMONTID:0000254;CHEMONTID:0001167,Organic compounds;Organic oxygen compounds;Organooxygen compounds;Ethers;Dialkyl ethers
2807,Amines,0.95,CHEMONTID:0002449,4,CHEMONTID:0000278,CHEMONTID:0000000;CHEMONTID:0004707;CHEMONTID:0000278;CHEMONTID:0002449,Organic compounds;Organic nitrogen compounds;Organonitrogen compounds;Amines
13118,Alcohols and polyols,0.99,CHEMONTID:0000129,4,CHEMONTID:0000323,CHEMONTID:0000000;CHEMONTID:0004603;CHEMONTID:0000323;CHEMONTID:0000129,Organic compounds;Organic oxygen compounds;Organooxygen compounds;Alcohols and polyols
19686,Carbonyl compounds,0.82,CHEMONTID:0001831,4,CHEMONTID:0000323,CHEMONTID:0000000;CHEMONTID:0004603;CHEMONTID:0000323;CHEMONTID:0001831,Organic compounds;Organic oxygen compounds;Organooxygen compounds;Carbonyl compounds
13461,Carboxylic acid derivatives,0.92,CHEMONTID:0001093,4,CHEMONTID:0000265,CHEMONTID:0000000;CHEMONTID:0000264;CHEMONTID:0000265;CHEMONTID:0001093,Organic compounds;Organic acids and derivatives;Carboxylic acids and derivatives;Carboxylic acid derivatives
13228,Ethers,0.82,CHEMONTID:0000254,4,CHEMONTID:0000323,CHEMONTID:0000000;CHEMONTID:0004603;CHEMONTID:0000323;CHEMONTID:0000254,Organic compounds;Organic oxygen compounds;Organooxygen compounds;Ethers
3724,Carbonyl compounds,0.95,CHEMONTID:0001831,4,CHEMONTID:0000323,CHEMONTID:0000000;CHEMONTID:0004603;CHEMONTID:0000323;CHEMONTID:0001831,Organic compounds;Organic oxygen compounds;Organooxygen compounds;Carbonyl compounds
13262,Carbonyl compounds,0.84,CHEMONTID:0001831,4,CHEMONTID:0000323,CHEMONTID:0000000;CHEMONTID:0004603;CHEMONTID:0000323;CHEMONTID:0001831,Organic compounds;Organic oxygen compounds;Organooxygen compounds;Carbonyl compounds
5957,Amines,0.9,CHEMONTID:0002449,4,CHEMONTID:0000278,CHEMONTID:0000000;CHEMONTID:0004707;CHEMONTID:0000278;CHEMONTID:0002449,Organic compounds;Organic nitrogen compounds;Organonitrogen compounds;Amines
7777,Alcohols and polyols,0.94,CHEMONTID:0000129,4,CHEMONTID:0000323,CHEMONTID:0000000;CHEMONTID:0004603;CHEMONTID:0000323;CHEMONTID:0000129,Organic compounds;Organic oxygen compounds;Organooxygen compounds;Alcohols and polyols
10448,Amines,1,CHEMONTID:0002449,4,CHEMONTID:0000278,CHEMONTID:0000000;CHEMONTID:0004707;CHEMONTID:0000278;CHEMONTID:0002449,Organic compounds;Organic nitrogen compounds;Organonitrogen compounds;Amines
6224,Alcohols and polyols,0.87,CHEMONTID:0000129,4,CHEMONTID:0000323,CHEMONTID:0000000;CHEMONTID:0004603;CHEMONTID:0000323;CHEMONTID:0000129,Organic compounds;Organic oxygen compounds;Organooxygen compounds;Alcohols and polyols
3007,Carbonyl compounds,0.89,CHEMONTID:0001831,4,CHEMONTID:0000323,CHEMONTID:0000000;CHEMONTID:0004603;CHEMONTID:0000323;CHEMONTID:0001831,Organic compounds;Organic oxygen compounds;Organooxygen compounds;Carbonyl compounds
17928,Dialkyl ethers,0.91,CHEMONTID:0001167,5,CHEMONTID:0000254,CHEMONTID:0000000;CHEMONTID:0004603;CHEMONTID:0000323;CHEMONTID:0000254;CHEMONTID:0001167,Organic compounds;Organic oxygen compounds;Organooxygen compounds;Ethers;Dialkyl ethers
7532,Dialkyl ethers,0.95,CHEMONTID:0001167,5,CHEMONTID:0000254,CHEMONTID:0000000;CHEMONTID:0004603;CHEMONTID:0000323;CHEMONTID:0000254;CHEMONTID:0001167,Organic compounds;Organic oxygen compounds;Organooxygen compounds;Ethers;Dialkyl ethers
16022,Monoalkylamines,0.92,CHEMONTID:0000469,6,CHEMONTID:0002450,CHEMONTID:0000000;CHEMONTID:0004707;CHEMONTID:0000278;CHEMONTID:0002449;CHEMONTID:0002450;CHEMONTID:0000469,Organic compounds;Organic nitrogen compounds;Organonitrogen compounds;Amines;Primary amines;Monoalkylamines
8275,Amines,0.9,CHEMONTID:0002449,4,CHEMONTID:0000278,CHEMONTID:0000000;CHEMONTID:0004707;CHEMONTID:0000278;CHEMONTID:0002449,Organic compounds;Organic nitrogen compounds;Organonitrogen compounds;Amines
10573,Guanidines,0.89,CHEMONTID:0000375,4,CHEMONTID:0000278,CHEMONTID:0000000;CHEMONTID:0004707;CHEMONTID:0000278;CHEMONTID:0000375,Organic compounds;Organic nitrogen compounds;Organonitrogen compounds;Guanidines
3187,Carbonyl compounds,0.95,CHEMONTID:0001831,4,CHEMONTID:0000323,CHEMONTID:0000000;CHEMONTID:0004603;CHEMONTID:0000323;CHEMONTID:0001831,Organic compounds;Organic oxygen compounds;Organooxygen compounds;Carbonyl compounds
6549,Carbonyl compounds,0.91,CHEMONTID:0001831,4,CHEMONTID:0000323,CHEMONTID:0000000;CHEMONTID:0004603;CHEMONTID:0000323;CHEMONTID:0001831,Organic compounds;Organic oxygen compounds;Organooxygen compounds;Carbonyl compounds
4642,Monocarboxylic acids and derivatives,0.88,CHEMONTID:0001137,4,CHEMONTID:0000265,CHEMONTID:0000000;CHEMONTID:0000264;CHEMONTID:0000265;CHEMONTID:0001137,Organic compounds;Organic acids and derivatives;Carboxylic acids and derivatives;Monocarboxylic acids and derivatives
2341,Pyrimidines and pyrimidine derivatives,0.85,CHEMONTID:0000075,4,CHEMONTID:0001346,CHEMONTID:0000000;CHEMONTID:0000002;CHEMONTID:0001346;CHEMONTID:0000075,Organic compounds;Organoheterocyclic compounds;Diazines;Pyrimidines and pyrimidine derivatives
9663,Monoalkylamines,0.98,CHEMONTID:0000469,6,CHEMONTID:0002450,CHEMONTID:0000000;CHEMONTID:0004707;CHEMONTID:0000278;CHEMONTID:0002449;CHEMONTID:0002450;CHEMONTID:0000469,Organic compounds;Organic nitrogen compounds;Organonitrogen compounds;Amines;Primary amines;Monoalkylamines
3016,Carbohydrates and carbohydrate conjugates,0.99,CHEMONTID:0000011,4,CHEMONTID:0000323,CHEMONTID:0000000;CHEMONTID:0004603;CHEMONTID:0000323;CHEMONTID:0000011,Organic compounds;Organic oxygen compounds;Organooxygen compounds;Carbohydrates and carbohydrate conjugates
6448,Alcohols and polyols,0.91,CHEMONTID:0000129,4,CHEMONTID:0000323,CHEMONTID:0000000;CHEMONTID:0004603;CHEMONTID:0000323;CHEMONTID:0000129,Organic compounds;Organic oxygen compounds;Organooxygen compounds;Alcohols and polyols
16848,Dialkyl ethers,0.98,CHEMONTID:0001167,5,CHEMONTID:0000254,CHEMONTID:0000000;CHEMONTID:0004603;CHEMONTID:0000323;CHEMONTID:0000254;CHEMONTID:0001167,Organic compounds;Organic oxygen compounds;Organooxygen compounds;Ethers;Dialkyl ethers
18984,Alcohols and polyols,0.97,CHEMONTID:0000129,4,CHEMONTID:0000323,CHEMONTID:0000000;CHEMONTID:0004603;CHEMONTID:0000323;CHEMONTID:0000129,Organic compounds;Organic oxygen compounds;Organooxygen compounds;Alcohols and polyols
559,Amines,0.91,CHEMONTID:0002449,4,CHEMONTID:0000278,CHEMONTID:0000000;CHEMONTID:0004707;CHEMONTID:0000278;CHEMONTID:0002449,Organic compounds;Organic nitrogen compounds;Organonitrogen compounds;Amines
6075,Carboxylic acid derivatives,0.94,CHEMONTID:0001093,4,CHEMONTID:0000265,CHEMONTID:0000000;CHEMONTID:0000264;CHEMONTID:0000265;CHEMONTID:0001093,Organic compounds;Organic acids and derivatives;Carboxylic acids and derivatives;Carboxylic acid derivatives
12407,Monoalkylamines,1,CHEMONTID:0000469,6,CHEMONTID:0002450,CHEMONTID:0000000;CHEMONTID:0004707;CHEMONTID:0000278;CHEMONTID:0002449;CHEMONTID:0002450;CHEMONTID:0000469,Organic compounds;Organic nitrogen compounds;Organonitrogen compounds;Amines;Primary amines;Monoalkylamines
4366,Carbonyl compounds,0.98,CHEMONTID:0001831,4,CHEMONTID:0000323,CHEMONTID:0000000;CHEMONTID:0004603;CHEMONTID:0000323;CHEMONTID:0001831,Organic compounds;Organic oxygen compounds;Organooxygen compounds;Carbonyl compounds
20317,Purines and purine derivatives,1,CHEMONTID:0000245,4,CHEMONTID:0001797,CHEMONTID:0000000;CHEMONTID:0000002;CHEMONTID:0001797;CHEMONTID:0000245,Organic compounds;Organoheterocyclic compounds;Imidazopyrimidines;Purines and purine derivatives
8001,Carbonyl compounds,0.93,CHEMONTID:0001831,4,CHEMONTID:0000323,CHEMONTID:0000000;CHEMONTID:0004603;CHEMONTID:0000323;CHEMONTID:0001831,Organic compounds;Organic oxygen compounds;Organooxygen compounds;Carbonyl compounds
5084,Carbonyl compounds,0.97,CHEMONTID:0001831,4,CHEMONTID:0000323,CHEMONTID:0000000;CHEMONTID:0004603;CHEMONTID:0000323;CHEMONTID:0001831,Organic compounds;Organic oxygen compounds;Organooxygen compounds;Carbonyl compounds
3453,Carboxylic acid derivatives,0.98,CHEMONTID:0001093,4,CHEMONTID:0000265,CHEMONTID:0000000;CHEMONTID:0000264;CHEMONTID:0000265;CHEMONTID:0001093,Organic compounds;Organic acids and derivatives;Carboxylic acids and derivatives;Carboxylic acid derivatives
4165,Primary amines,0.88,CHEMONTID:0002450,5,CHEMONTID:0002449,CHEMONTID:0000000;CHEMONTID:0004707;CHEMONTID:0000278;CHEMONTID:0002449;CHEMONTID:0002450,Organic compounds;Organic nitrogen compounds;Organonitrogen compounds;Amines;Primary amines
17815,N-substituted imidazoles,0.9,CHEMONTID:0002311,6,CHEMONTID:0002310,CHEMONTID:0000000;CHEMONTID:0000002;CHEMONTID:0000436;CHEMONTID:0000078;CHEMONTID:0002310;CHEMONTID:0002311,Organic compounds;Organoheterocyclic compounds;Azoles;Imidazoles;Substituted imidazoles;N-substituted imidazoles
2178,Amines,0.99,CHEMONTID:0002449,4,CHEMONTID:0000278,CHEMONTID:0000000;CHEMONTID:0004707;CHEMONTID:0000278;CHEMONTID:0002449,Organic compounds;Organic nitrogen compounds;Organonitrogen compounds;Amines
4748,Pyrimidines and pyrimidine derivatives,0.98,CHEMONTID:0000075,4,CHEMONTID:0001346,CHEMONTID:0000000;CHEMONTID:0000002;CHEMONTID:0001346;CHEMONTID:0000075,Organic compounds;Organoheterocyclic compounds;Diazines;Pyrimidines and pyrimidine derivatives
3675,Primary amines,0.95,CHEMONTID:0002450,5,CHEMONTID:0002449,CHEMONTID:0000000;CHEMONTID:0004707;CHEMONTID:0000278;CHEMONTID:0002449;CHEMONTID:0002450,Organic compounds;Organic nitrogen compounds;Organonitrogen compounds;Amines;Primary amines
13070,Fatty acid esters,0.83,CHEMONTID:0000324,4,CHEMONTID:0003909,CHEMONTID:0000000;CHEMONTID:0000012;CHEMONTID:0003909;CHEMONTID:0000324,Organic compounds;Lipids and lipid-like molecules;Fatty Acyls;Fatty acid esters
3971,Carbonyl compounds,1,CHEMONTID:0001831,4,CHEMONTID:0000323,CHEMONTID:0000000;CHEMONTID:0004603;CHEMONTID:0000323;CHEMONTID:0001831,Organic compounds;Organic oxygen compounds;Organooxygen compounds;Carbonyl compounds
4497,Trialkylamines,0.91,CHEMONTID:0002239,6,CHEMONTID:0002452,CHEMONTID:0000000;CHEMONTID:0004707;CHEMONTID:0000278;CHEMONTID:0002449;CHEMONTID:0002452;CHEMONTID:0002239,Organic compounds;Organic nitrogen compounds;Organonitrogen compounds;Amines;Tertiary amines;Trialkylamines
6404,Carbonyl compounds,0.98,CHEMONTID:0001831,4,CHEMONTID:0000323,CHEMONTID:0000000;CHEMONTID:0004603;CHEMONTID:0000323;CHEMONTID:0001831,Organic compounds;Organic oxygen compounds;Organooxygen compounds;Carbonyl compounds
13856,Primary amines,1,CHEMONTID:0002450,5,CHEMONTID:0002449,CHEMONTID:0000000;CHEMONTID:0004707;CHEMONTID:0000278;CHEMONTID:0002449;CHEMONTID:0002450,Organic compounds;Organic nitrogen compounds;Organonitrogen compounds;Amines;Primary amines
3191,Monoalkylamines,0.95,CHEMONTID:0000469,6,CHEMONTID:0002450,CHEMONTID:0000000;CHEMONTID:0004707;CHEMONTID:0000278;CHEMONTID:0002449;CHEMONTID:0002450;CHEMONTID:0000469,Organic compounds;Organic nitrogen compounds;Organonitrogen compounds;Amines;Primary amines;Monoalkylamines
13517,Ethers,0.95,CHEMONTID:0000254,4,CHEMONTID:0000323,CHEMONTID:0000000;CHEMONTID:0004603;CHEMONTID:0000323;CHEMONTID:0000254,Organic compounds;Organic oxygen compounds;Organooxygen compounds;Ethers
16195,Amines,0.93,CHEMONTID:0002449,4,CHEMONTID:0000278,CHEMONTID:0000000;CHEMONTID:0004707;CHEMONTID:0000278;CHEMONTID:0002449,Organic compounds;Organic nitrogen compounds;Organonitrogen compounds;Amines
15716,Methyl esters,0.95,CHEMONTID:0003416,6,CHEMONTID:0001238,CHEMONTID:0000000;CHEMONTID:0000264;CHEMONTID:0000265;CHEMONTID:0001093;CHEMONTID:0001238;CHEMONTID:0003416,Organic compounds;Organic acids and derivatives;Carboxylic acids and derivatives;Carboxylic acid derivatives;Carboxylic acid esters;Methyl esters
15609,Carbonyl compounds,0.96,CHEMONTID:0001831,4,CHEMONTID:0000323,CHEMONTID:0000000;CHEMONTID:0004603;CHEMONTID:0000323;CHEMONTID:0001831,Organic compounds;Organic oxygen compounds;Organooxygen compounds;Carbonyl compounds
9736,Alcohols and polyols,0.93,CHEMONTID:0000129,4,CHEMONTID:0000323,CHEMONTID:0000000;CHEMONTID:0004603;CHEMONTID:0000323;CHEMONTID:0000129,Organic compounds;Organic oxygen compounds;Organooxygen compounds;Alcohols and polyols
6771,Unsaturated fatty acids,0.84,CHEMONTID:0000339,5,CHEMONTID:0000262,CHEMONTID:0000000;CHEMONTID:0000012;CHEMONTID:0003909;CHEMONTID:0000262;CHEMONTID:0000339,Organic compounds;Lipids and lipid-like molecules;Fatty Acyls;Fatty acids and conjugates;Unsaturated fatty acids
2747,Imidazoles,0.95,CHEMONTID:0000078,4,CHEMONTID:0000436,CHEMONTID:0000000;CHEMONTID:0000002;CHEMONTID:0000436;CHEMONTID:0000078,Organic compounds;Organoheterocyclic compounds;Azoles;Imidazoles
10337,Carboxylic acid derivatives,0.86,CHEMONTID:0001093,4,CHEMONTID:0000265,CHEMONTID:0000000;CHEMONTID:0000264;CHEMONTID:0000265;CHEMONTID:0001093,Organic compounds;Organic acids and derivatives;Carboxylic acids and derivatives;Carboxylic acid derivatives
16872,Carboxylic acid derivatives,0.98,CHEMONTID:0001093,4,CHEMONTID:0000265,CHEMONTID:0000000;CHEMONTID:0000264;CHEMONTID:0000265;CHEMONTID:0001093,Organic compounds;Organic acids and derivatives;Carboxylic acids and derivatives;Carboxylic acid derivatives
4895,Carbonyl compounds,0.8,CHEMONTID:0001831,4,CHEMONTID:0000323,CHEMONTID:0000000;CHEMONTID:0004603;CHEMONTID:0000323;CHEMONTID:0001831,Organic compounds;Organic oxygen compounds;Organooxygen compounds;Carbonyl compounds
4405,Carbonyl compounds,0.85,CHEMONTID:0001831,4,CHEMONTID:0000323,CHEMONTID:0000000;CHEMONTID:0004603;CHEMONTID:0000323;CHEMONTID:0001831,Organic compounds;Organic oxygen compounds;Organooxygen compounds;Carbonyl compounds
14781,Carbonyl compounds,0.97,CHEMONTID:0001831,4,CHEMONTID:0000323,CHEMONTID:0000000;CHEMONTID:0004603;CHEMONTID:0000323;CHEMONTID:0001831,Organic compounds;Organic oxygen compounds;Organooxygen compounds;Carbonyl compounds
15647,Guanidines,0.93,CHEMONTID:0000375,4,CHEMONTID:0000278,CHEMONTID:0000000;CHEMONTID:0004707;CHEMONTID:0000278;CHEMONTID:0000375,Organic compounds;Organic nitrogen compounds;Organonitrogen compounds;Guanidines
18434,Carbonyl compounds,0.9,CHEMONTID:0001831,4,CHEMONTID:0000323,CHEMONTID:0000000;CHEMONTID:0004603;CHEMONTID:0000323;CHEMONTID:0001831,Organic compounds;Organic oxygen compounds;Organooxygen compounds;Carbonyl compounds
19951,Carboxylic acid derivatives,0.9,CHEMONTID:0001093,4,CHEMONTID:0000265,CHEMONTID:0000000;CHEMONTID:0000264;CHEMONTID:0000265;CHEMONTID:0001093,Organic compounds;Organic acids and derivatives;Carboxylic acids and derivatives;Carboxylic acid derivatives
7991,Carboxylic acid derivatives,0.98,CHEMONTID:0001093,4,CHEMONTID:0000265,CHEMONTID:0000000;CHEMONTID:0000264;CHEMONTID:0000265;CHEMONTID:0001093,Organic compounds;Organic acids and derivatives;Carboxylic acids and derivatives;Carboxylic acid derivatives
10859,Carboxylic acid derivatives,0.88,CHEMONTID:0001093,4,CHEMONTID:0000265,CHEMONTID:0000000;CHEMONTID:0000264;CHEMONTID:0000265;CHEMONTID:0001093,Organic compounds;Organic acids and derivatives;Carboxylic acids and derivatives;Carboxylic acid derivatives
7869,N-acyl amines,0.88,CHEMONTID:0001096,5,CHEMONTID:0000331,CHEMONTID:0000000;CHEMONTID:0000012;CHEMONTID:0003909;CHEMONTID:0000331;CHEMONTID:0001096,Organic compounds;Lipids and lipid-like molecules;Fatty Acyls;Fatty amides;N-acyl amines
3392,Carbonyl compounds,0.96,CHEMONTID:0001831,4,CHEMONTID:0000323,CHEMONTID:0000000;CHEMONTID:0004603;CHEMONTID:0000323;CHEMONTID:0001831,Organic compounds;Organic oxygen compounds;Organooxygen compounds;Carbonyl compounds
15261,Monoalkylamines,0.93,CHEMONTID:0000469,6,CHEMONTID:0002450,CHEMONTID:0000000;CHEMONTID:0004707;CHEMONTID:0000278;CHEMONTID:0002449;CHEMONTID:0002450;CHEMONTID:0000469,Organic compounds;Organic nitrogen compounds;Organonitrogen compounds;Amines;Primary amines;Monoalkylamines
15402,Monoalkylamines,0.9,CHEMONTID:0000469,6,CHEMONTID:0002450,CHEMONTID:0000000;CHEMONTID:0004707;CHEMONTID:0000278;CHEMONTID:0002449;CHEMONTID:0002450;CHEMONTID:0000469,Organic compounds;Organic nitrogen compounds;Organonitrogen compounds;Amines;Primary amines;Monoalkylamines
11358,Carbonyl compounds,0.96,CHEMONTID:0001831,4,CHEMONTID:0000323,CHEMONTID:0000000;CHEMONTID:0004603;CHEMONTID:0000323;CHEMONTID:0001831,Organic compounds;Organic oxygen compounds;Organooxygen compounds;Carbonyl compounds
16356,Alkyl phosphates,0.98,CHEMONTID:0003457,5,CHEMONTID:0000408,CHEMONTID:0000000;CHEMONTID:0000264;CHEMONTID:0000402;CHEMONTID:0000408;CHEMONTID:0003457,Organic compounds;Organic acids and derivatives;Organic phosphoric acids and derivatives;Phosphate esters;Alkyl phosphates
11793,Pyrimidines and pyrimidine derivatives,0.99,CHEMONTID:0000075,4,CHEMONTID:0001346,CHEMONTID:0000000;CHEMONTID:0000002;CHEMONTID:0001346;CHEMONTID:0000075,Organic compounds;Organoheterocyclic compounds;Diazines;Pyrimidines and pyrimidine derivatives
18760,Amines,0.96,CHEMONTID:0002449,4,CHEMONTID:0000278,CHEMONTID:0000000;CHEMONTID:0004707;CHEMONTID:0000278;CHEMONTID:0002449,Organic compounds;Organic nitrogen compounds;Organonitrogen compounds;Amines
15179,Primary amines,0.99,CHEMONTID:0002450,5,CHEMONTID:0002449,CHEMONTID:0000000;CHEMONTID:0004707;CHEMONTID:0000278;CHEMONTID:0002449;CHEMONTID:0002450,Organic compounds;Organic nitrogen compounds;Organonitrogen compounds;Amines;Primary amines
8814,Carbonyl compounds,0.88,CHEMONTID:0001831,4,CHEMONTID:0000323,CHEMONTID:0000000;CHEMONTID:0004603;CHEMONTID:0000323;CHEMONTID:0001831,Organic compounds;Organic oxygen compounds;Organooxygen compounds;Carbonyl compounds
12911,"Amino acids, peptides, and analogues",0.97,CHEMONTID:0000013,4,CHEMONTID:0000265,CHEMONTID:0000000;CHEMONTID:0000264;CHEMONTID:0000265;CHEMONTID:0000013,"Organic compounds;Organic acids and derivatives;Carboxylic acids and derivatives;Amino acids, peptides, and analogues"
17679,Ethers,0.95,CHEMONTID:0000254,4,CHEMONTID:0000323,CHEMONTID:0000000;CHEMONTID:0004603;CHEMONTID:0000323;CHEMONTID:0000254,Organic compounds;Organic oxygen compounds;Organooxygen compounds;Ethers
5511,Carbonyl compounds,0.93,CHEMONTID:0001831,4,CHEMONTID:0000323,CHEMONTID:0000000;CHEMONTID:0004603;CHEMONTID:0000323;CHEMONTID:0001831,Organic compounds;Organic oxygen compounds;Organooxygen compounds;Carbonyl compounds
11658,Carbonyl compounds,0.94,CHEMONTID:0001831,4,CHEMONTID:0000323,CHEMONTID:0000000;CHEMONTID:0004603;CHEMONTID:0000323;CHEMONTID:0001831,Organic compounds;Organic oxygen compounds;Organooxygen compounds;Carbonyl compounds
16341,Alcohols and polyols,0.97,CHEMONTID:0000129,4,CHEMONTID:0000323,CHEMONTID:0000000;CHEMONTID:0004603;CHEMONTID:0000323;CHEMONTID:0000129,Organic compounds;Organic oxygen compounds;Organooxygen compounds;Alcohols and polyols
7577,Amines,0.99,CHEMONTID:0002449,4,CHEMONTID:0000278,CHEMONTID:0000000;CHEMONTID:0004707;CHEMONTID:0000278;CHEMONTID:0002449,Organic compounds;Organic nitrogen compounds;Organonitrogen compounds;Amines
15677,"Amino acids, peptides, and analogues",0.93,CHEMONTID:0000013,4,CHEMONTID:0000265,CHEMONTID:0000000;CHEMONTID:0000264;CHEMONTID:0000265;CHEMONTID:0000013,"Organic compounds;Organic acids and derivatives;Carboxylic acids and derivatives;Amino acids, peptides, and analogues"
18285,Amines,0.88,CHEMONTID:0002449,4,CHEMONTID:0000278,CHEMONTID:0000000;CHEMONTID:0004707;CHEMONTID:0000278;CHEMONTID:0002449,Organic compounds;Organic nitrogen compounds;Organonitrogen compounds;Amines
1988,Carbonyl compounds,0.85,CHEMONTID:0001831,4,CHEMONTID:0000323,CHEMONTID:0000000;CHEMONTID:0004603;CHEMONTID:0000323;CHEMONTID:0001831,Organic compounds;Organic oxygen compounds;Organooxygen compounds;Carbonyl compounds
10880,Carbonyl compounds,0.99,CHEMONTID:0001831,4,CHEMONTID:0000323,CHEMONTID:0000000;CHEMONTID:0004603;CHEMONTID:0000323;CHEMONTID:0001831,Organic compounds;Organic oxygen compounds;Organooxygen compounds;Carbonyl compounds
2342,N-substituted imidazoles,0.97,CHEMONTID:0002311,6,CHEMONTID:0002310,CHEMONTID:0000000;CHEMONTID:0000002;CHEMONTID:0000436;CHEMONTID:0000078;CHEMONTID:0002310;CHEMONTID:0002311,Organic compounds;Organoheterocyclic compounds;Azoles;Imidazoles;Substituted imidazoles;N-substituted imidazoles
15107,Pyrimidines and pyrimidine derivatives,0.95,CHEMONTID:0000075,4,CHEMONTID:0001346,CHEMONTID:0000000;CHEMONTID:0000002;CHEMONTID:0001346;CHEMONTID:0000075,Organic compounds;Organoheterocyclic compounds;Diazines;Pyrimidines and pyrimidine derivatives
3524,Carbonyl compounds,0.87,CHEMONTID:0001831,4,CHEMONTID:0000323,CHEMONTID:0000000;CHEMONTID:0004603;CHEMONTID:0000323;CHEMONTID:0001831,Organic compounds;Organic oxygen compounds;Organooxygen compounds;Carbonyl compounds
13580,Carbonyl compounds,0.93,CHEMONTID:0001831,4,CHEMONTID:0000323,CHEMONTID:0000000;CHEMONTID:0004603;CHEMONTID:0000323;CHEMONTID:0001831,Organic compounds;Organic oxygen compounds;Organooxygen compounds;Carbonyl compounds
18167,Amines,0.99,CHEMONTID:0002449,4,CHEMONTID:0000278,CHEMONTID:0000000;CHEMONTID:0004707;CHEMONTID:0000278;CHEMONTID:0002449,Organic compounds;Organic nitrogen compounds;Organonitrogen compounds;Amines
18412,Amines,0.97,CHEMONTID:0002449,4,CHEMONTID:0000278,CHEMONTID:0000000;CHEMONTID:0004707;CHEMONTID:0000278;CHEMONTID:0002449,Organic compounds;Organic nitrogen compounds;Organonitrogen compounds;Amines
8325,Carbonyl compounds,0.95,CHEMONTID:0001831,4,CHEMONTID:0000323,CHEMONTID:0000000;CHEMONTID:0004603;CHEMONTID:0000323;CHEMONTID:0001831,Organic compounds;Organic oxygen compounds;Organooxygen compounds;Carbonyl compounds
2556,Alcohols and polyols,0.91,CHEMONTID:0000129,4,CHEMONTID:0000323,CHEMONTID:0000000;CHEMONTID:0004603;CHEMONTID:0000323;CHEMONTID:0000129,Organic compounds;Organic oxygen compounds;Organooxygen compounds;Alcohols and polyols
8457,Alkanolamines,0.85,CHEMONTID:0002460,5,CHEMONTID:0002449,CHEMONTID:0000000;CHEMONTID:0004707;CHEMONTID:0000278;CHEMONTID:0002449;CHEMONTID:0002460,Organic compounds;Organic nitrogen compounds;Organonitrogen compounds;Amines;Alkanolamines
7952,Alcohols and polyols,0.83,CHEMONTID:0000129,4,CHEMONTID:0000323,CHEMONTID:0000000;CHEMONTID:0004603;CHEMONTID:0000323;CHEMONTID:0000129,Organic compounds;Organic oxygen compounds;Organooxygen compounds;Alcohols and polyols
13342,Amines,0.92,CHEMONTID:0002449,4,CHEMONTID:0000278,CHEMONTID:0000000;CHEMONTID:0004707;CHEMONTID:0000278;CHEMONTID:0002449,Organic compounds;Organic nitrogen compounds;Organonitrogen compounds;Amines
17107,Monoalkylamines,0.98,CHEMONTID:0000469,6,CHEMONTID:0002450,CHEMONTID:0000000;CHEMONTID:0004707;CHEMONTID:0000278;CHEMONTID:0002449;CHEMONTID:0002450;CHEMONTID:0000469,Organic compounds;Organic nitrogen compounds;Organonitrogen compounds;Amines;Primary amines;Monoalkylamines
5170,Carboxylic acid derivatives,0.96,CHEMONTID:0001093,4,CHEMONTID:0000265,CHEMONTID:0000000;CHEMONTID:0000264;CHEMONTID:0000265;CHEMONTID:0001093,Organic compounds;Organic acids and derivatives;Carboxylic acids and derivatives;Carboxylic acid derivatives
8341,Carbonyl compounds,0.89,CHEMONTID:0001831,4,CHEMONTID:0000323,CHEMONTID:0000000;CHEMONTID:0004603;CHEMONTID:0000323;CHEMONTID:0001831,Organic compounds;Organic oxygen compounds;Organooxygen compounds;Carbonyl compounds
18954,Alpha amino acid amides,0.95,CHEMONTID:0002309,7,CHEMONTID:0000060,CHEMONTID:0000000;CHEMONTID:0000264;CHEMONTID:0000265;CHEMONTID:0000013;CHEMONTID:0000347;CHEMONTID:0000060;CHEMONTID:0002309,"Organic compounds;Organic acids and derivatives;Carboxylic acids and derivatives;Amino acids, peptides, and analogues;Amino acids and derivatives;Alpha amino acids and derivatives;Alpha amino acid amides"
11176,Carbonyl compounds,0.96,CHEMONTID:0001831,4,CHEMONTID:0000323,CHEMONTID:0000000;CHEMONTID:0004603;CHEMONTID:0000323;CHEMONTID:0001831,Organic compounds;Organic oxygen compounds;Organooxygen compounds;Carbonyl compounds
20430,Carboxylic acid derivatives,0.99,CHEMONTID:0001093,4,CHEMONTID:0000265,CHEMONTID:0000000;CHEMONTID:0000264;CHEMONTID:0000265;CHEMONTID:0001093,Organic compounds;Organic acids and derivatives;Carboxylic acids and derivatives;Carboxylic acid derivatives
8926,"Amino acids, peptides, and analogues",0.92,CHEMONTID:0000013,4,CHEMONTID:0000265,CHEMONTID:0000000;CHEMONTID:0000264;CHEMONTID:0000265;CHEMONTID:0000013,"Organic compounds;Organic acids and derivatives;Carboxylic acids and derivatives;Amino acids, peptides, and analogues"
7668,Dialkyl ethers,0.95,CHEMONTID:0001167,5,CHEMONTID:0000254,CHEMONTID:0000000;CHEMONTID:0004603;CHEMONTID:0000323;CHEMONTID:0000254;CHEMONTID:0001167,Organic compounds;Organic oxygen compounds;Organooxygen compounds;Ethers;Dialkyl ethers
12691,Pyrimidines and pyrimidine derivatives,0.95,CHEMONTID:0000075,4,CHEMONTID:0001346,CHEMONTID:0000000;CHEMONTID:0000002;CHEMONTID:0001346;CHEMONTID:0000075,Organic compounds;Organoheterocyclic compounds;Diazines;Pyrimidines and pyrimidine derivatives
15860,Primary amines,1,CHEMONTID:0002450,5,CHEMONTID:0002449,CHEMONTID:0000000;CHEMONTID:0004707;CHEMONTID:0000278;CHEMONTID:0002449;CHEMONTID:0002450,Organic compounds;Organic nitrogen compounds;Organonitrogen compounds;Amines;Primary amines
20453,Amines,0.85,CHEMONTID:0002449,4,CHEMONTID:0000278,CHEMONTID:0000000;CHEMONTID:0004707;CHEMONTID:0000278;CHEMONTID:0002449,Organic compounds;Organic nitrogen compounds;Organonitrogen compounds;Amines
9934,Dialkyl ethers,0.99,CHEMONTID:0001167,5,CHEMONTID:0000254,CHEMONTID:0000000;CHEMONTID:0004603;CHEMONTID:0000323;CHEMONTID:0000254;CHEMONTID:0001167,Organic compounds;Organic oxygen compounds;Organooxygen compounds;Ethers;Dialkyl ethers
15902,Amines,1,CHEMONTID:0002449,4,CHEMONTID:0000278,CHEMONTID:0000000;CHEMONTID:0004707;CHEMONTID:0000278;CHEMONTID:0002449,Organic compounds;Organic nitrogen compounds;Organonitrogen compounds;Amines
8794,Carbonyl compounds,0.96,CHEMONTID:0001831,4,CHEMONTID:0000323,CHEMONTID:0000000;CHEMONTID:0004603;CHEMONTID:0000323;CHEMONTID:0001831,Organic compounds;Organic oxygen compounds;Organooxygen compounds;Carbonyl compounds
16673,Amines,0.84,CHEMONTID:0002449,4,CHEMONTID:0000278,CHEMONTID:0000000;CHEMONTID:0004707;CHEMONTID:0000278;CHEMONTID:0002449,Organic compounds;Organic nitrogen compounds;Organonitrogen compounds;Amines
14494,Alcohols and polyols,0.93,CHEMONTID:0000129,4,CHEMONTID:0000323,CHEMONTID:0000000;CHEMONTID:0004603;CHEMONTID:0000323;CHEMONTID:0000129,Organic compounds;Organic oxygen compounds;Organooxygen compounds;Alcohols and polyols
7300,Carboxylic acid derivatives,0.95,CHEMONTID:0001093,4,CHEMONTID:0000265,CHEMONTID:0000000;CHEMONTID:0000264;CHEMONTID:0000265;CHEMONTID:0001093,Organic compounds;Organic acids and derivatives;Carboxylic acids and derivatives;Carboxylic acid derivatives
7286,Alcohols and polyols,0.93,CHEMONTID:0000129,4,CHEMONTID:0000323,CHEMONTID:0000000;CHEMONTID:0004603;CHEMONTID:0000323;CHEMONTID:0000129,Organic compounds;Organic oxygen compounds;Organooxygen compounds;Alcohols and polyols
3216,Carboxylic acid derivatives,0.91,CHEMONTID:0001093,4,CHEMONTID:0000265,CHEMONTID:0000000;CHEMONTID:0000264;CHEMONTID:0000265;CHEMONTID:0001093,Organic compounds;Organic acids and derivatives;Carboxylic acids and derivatives;Carboxylic acid derivatives
8336,Carboxylic acid derivatives,0.98,CHEMONTID:0001093,4,CHEMONTID:0000265,CHEMONTID:0000000;CHEMONTID:0000264;CHEMONTID:0000265;CHEMONTID:0001093,Organic compounds;Organic acids and derivatives;Carboxylic acids and derivatives;Carboxylic acid derivatives
11545,Monoalkylamines,1,CHEMONTID:0000469,6,CHEMONTID:0002450,CHEMONTID:0000000;CHEMONTID:0004707;CHEMONTID:0000278;CHEMONTID:0002449;CHEMONTID:0002450;CHEMONTID:0000469,Organic compounds;Organic nitrogen compounds;Organonitrogen compounds;Amines;Primary amines;Monoalkylamines
19802,Monocarboxylic acids and derivatives,0.86,CHEMONTID:0001137,4,CHEMONTID:0000265,CHEMONTID:0000000;CHEMONTID:0000264;CHEMONTID:0000265;CHEMONTID:0001137,Organic compounds;Organic acids and derivatives;Carboxylic acids and derivatives;Monocarboxylic acids and derivatives
3207,Carbonyl compounds,0.9,CHEMONTID:0001831,4,CHEMONTID:0000323,CHEMONTID:0000000;CHEMONTID:0004603;CHEMONTID:0000323;CHEMONTID:0001831,Organic compounds;Organic oxygen compounds;Organooxygen compounds;Carbonyl compounds
7297,Carbonyl compounds,0.93,CHEMONTID:0001831,4,CHEMONTID:0000323,CHEMONTID:0000000;CHEMONTID:0004603;CHEMONTID:0000323;CHEMONTID:0001831,Organic compounds;Organic oxygen compounds;Organooxygen compounds;Carbonyl compounds
4896,Guanidines,0.98,CHEMONTID:0000375,4,CHEMONTID:0000278,CHEMONTID:0000000;CHEMONTID:0004707;CHEMONTID:0000278;CHEMONTID:0000375,Organic compounds;Organic nitrogen compounds;Organonitrogen compounds;Guanidines
9014,Phosphate esters,0.92,CHEMONTID:0000408,4,CHEMONTID:0000402,CHEMONTID:0000000;CHEMONTID:0000264;CHEMONTID:0000402;CHEMONTID:0000408,Organic compounds;Organic acids and derivatives;Organic phosphoric acids and derivatives;Phosphate esters
8785,Carbonyl compounds,0.91,CHEMONTID:0001831,4,CHEMONTID:0000323,CHEMONTID:0000000;CHEMONTID:0004603;CHEMONTID:0000323;CHEMONTID:0001831,Organic compounds;Organic oxygen compounds;Organooxygen compounds;Carbonyl compounds
3489,Carbonyl compounds,0.98,CHEMONTID:0001831,4,CHEMONTID:0000323,CHEMONTID:0000000;CHEMONTID:0004603;CHEMONTID:0000323;CHEMONTID:0001831,Organic compounds;Organic oxygen compounds;Organooxygen compounds;Carbonyl compounds
631,Monoalkylamines,0.99,CHEMONTID:0000469,6,CHEMONTID:0002450,CHEMONTID:0000000;CHEMONTID:0004707;CHEMONTID:0000278;CHEMONTID:0002449;CHEMONTID:0002450;CHEMONTID:0000469,Organic compounds;Organic nitrogen compounds;Organonitrogen compounds;Amines;Primary amines;Monoalkylamines
10915,Amines,0.93,CHEMONTID:0002449,4,CHEMONTID:0000278,CHEMONTID:0000000;CHEMONTID:0004707;CHEMONTID:0000278;CHEMONTID:0002449,Organic compounds;Organic nitrogen compounds;Organonitrogen compounds;Amines
11596,Carboxylic acid derivatives,0.99,CHEMONTID:0001093,4,CHEMONTID:0000265,CHEMONTID:0000000;CHEMONTID:0000264;CHEMONTID:0000265;CHEMONTID:0001093,Organic compounds;Organic acids and derivatives;Carboxylic acids and derivatives;Carboxylic acid derivatives
20508,Ethers,0.87,CHEMONTID:0000254,4,CHEMONTID:0000323,CHEMONTID:0000000;CHEMONTID:0004603;CHEMONTID:0000323;CHEMONTID:0000254,Organic compounds;Organic oxygen compounds;Organooxygen compounds;Ethers
18312,Carbonyl compounds,0.84,CHEMONTID:0001831,4,CHEMONTID:0000323,CHEMONTID:0000000;CHEMONTID:0004603;CHEMONTID:0000323;CHEMONTID:0001831,Organic compounds;Organic oxygen compounds;Organooxygen compounds;Carbonyl compounds
2033,Carbonyl compounds,0.86,CHEMONTID:0001831,4,CHEMONTID:0000323,CHEMONTID:0000000;CHEMONTID:0004603;CHEMONTID:0000323;CHEMONTID:0001831,Organic compounds;Organic oxygen compounds;Organooxygen compounds;Carbonyl compounds
12756,Carbonyl compounds,0.95,CHEMONTID:0001831,4,CHEMONTID:0000323,CHEMONTID:0000000;CHEMONTID:0004603;CHEMONTID:0000323;CHEMONTID:0001831,Organic compounds;Organic oxygen compounds;Organooxygen compounds;Carbonyl compounds
573,Ethers,0.94,CHEMONTID:0000254,4,CHEMONTID:0000323,CHEMONTID:0000000;CHEMONTID:0004603;CHEMONTID:0000323;CHEMONTID:0000254,Organic compounds;Organic oxygen compounds;Organooxygen compounds;Ethers
13435,Carbohydrates and carbohydrate conjugates,0.99,CHEMONTID:0000011,4,CHEMONTID:0000323,CHEMONTID:0000000;CHEMONTID:0004603;CHEMONTID:0000323;CHEMONTID:0000011,Organic compounds;Organic oxygen compounds;Organooxygen compounds;Carbohydrates and carbohydrate conjugates
9427,Dialkyl ethers,0.95,CHEMONTID:0001167,5,CHEMONTID:0000254,CHEMONTID:0000000;CHEMONTID:0004603;CHEMONTID:0000323;CHEMONTID:0000254;CHEMONTID:0001167,Organic compounds;Organic oxygen compounds;Organooxygen compounds;Ethers;Dialkyl ethers
18406,Carboxylic acid derivatives,0.97,CHEMONTID:0001093,4,CHEMONTID:0000265,CHEMONTID:0000000;CHEMONTID:0000264;CHEMONTID:0000265;CHEMONTID:0001093,Organic compounds;Organic acids and derivatives;Carboxylic acids and derivatives;Carboxylic acid derivatives
3391,Carbonyl compounds,0.91,CHEMONTID:0001831,4,CHEMONTID:0000323,CHEMONTID:0000000;CHEMONTID:0004603;CHEMONTID:0000323;CHEMONTID:0001831,Organic compounds;Organic oxygen compounds;Organooxygen compounds;Carbonyl compounds
14330,Carbonyl compounds,0.91,CHEMONTID:0001831,4,CHEMONTID:0000323,CHEMONTID:0000000;CHEMONTID:0004603;CHEMONTID:0000323;CHEMONTID:0001831,Organic compounds;Organic oxygen compounds;Organooxygen compounds;Carbonyl compounds
16748,Amino acids and derivatives,0.97,CHEMONTID:0000347,5,CHEMONTID:0000013,CHEMONTID:0000000;CHEMONTID:0000264;CHEMONTID:0000265;CHEMONTID:0000013;CHEMONTID:0000347,"Organic compounds;Organic acids and derivatives;Carboxylic acids and derivatives;Amino acids, peptides, and analogues;Amino acids and derivatives"
9060,Carbonyl compounds,0.96,CHEMONTID:0001831,4,CHEMONTID:0000323,CHEMONTID:0000000;CHEMONTID:0004603;CHEMONTID:0000323;CHEMONTID:0001831,Organic compounds;Organic oxygen compounds;Organooxygen compounds;Carbonyl compounds
4358,Alcohols and polyols,1,CHEMONTID:0000129,4,CHEMONTID:0000323,CHEMONTID:0000000;CHEMONTID:0004603;CHEMONTID:0000323;CHEMONTID:0000129,Organic compounds;Organic oxygen compounds;Organooxygen compounds;Alcohols and polyols
4852,Phosphate esters,0.94,CHEMONTID:0000408,4,CHEMONTID:0000402,CHEMONTID:0000000;CHEMONTID:0000264;CHEMONTID:0000402;CHEMONTID:0000408,Organic compounds;Organic acids and derivatives;Organic phosphoric acids and derivatives;Phosphate esters
9140,Olefins,0.98,CHEMONTID:0002838,4,CHEMONTID:0004475,CHEMONTID:0000000;CHEMONTID:0002837;CHEMONTID:0004475;CHEMONTID:0002838,Organic compounds;Hydrocarbons;Unsaturated hydrocarbons;Olefins
11395,Secondary alcohols,0.86,CHEMONTID:0001661,5,CHEMONTID:0000129,CHEMONTID:0000000;CHEMONTID:0004603;CHEMONTID:0000323;CHEMONTID:0000129;CHEMONTID:0001661,Organic compounds;Organic oxygen compounds;Organooxygen compounds;Alcohols and polyols;Secondary alcohols
14893,Alkyl phosphates,0.99,CHEMONTID:0003457,5,CHEMONTID:0000408,CHEMONTID:0000000;CHEMONTID:0000264;CHEMONTID:0000402;CHEMONTID:0000408;CHEMONTID:0003457,Organic compounds;Organic acids and derivatives;Organic phosphoric acids and derivatives;Phosphate esters;Alkyl phosphates
13814,Amines,0.99,CHEMONTID:0002449,4,CHEMONTID:0000278,CHEMONTID:0000000;CHEMONTID:0004707;CHEMONTID:0000278;CHEMONTID:0002449,Organic compounds;Organic nitrogen compounds;Organonitrogen compounds;Amines
7566,Carbonyl compounds,0.99,CHEMONTID:0001831,4,CHEMONTID:0000323,CHEMONTID:0000000;CHEMONTID:0004603;CHEMONTID:0000323;CHEMONTID:0001831,Organic compounds;Organic oxygen compounds;Organooxygen compounds;Carbonyl compounds
20143,Carbonyl compounds,0.96,CHEMONTID:0001831,4,CHEMONTID:0000323,CHEMONTID:0000000;CHEMONTID:0004603;CHEMONTID:0000323;CHEMONTID:0001831,Organic compounds;Organic oxygen compounds;Organooxygen compounds;Carbonyl compounds
5609,Dialkyl ethers,0.98,CHEMONTID:0001167,5,CHEMONTID:0000254,CHEMONTID:0000000;CHEMONTID:0004603;CHEMONTID:0000323;CHEMONTID:0000254;CHEMONTID:0001167,Organic compounds;Organic oxygen compounds;Organooxygen compounds;Ethers;Dialkyl ethers
20155,Carbonyl compounds,0.84,CHEMONTID:0001831,4,CHEMONTID:0000323,CHEMONTID:0000000;CHEMONTID:0004603;CHEMONTID:0000323;CHEMONTID:0001831,Organic compounds;Organic oxygen compounds;Organooxygen compounds;Carbonyl compounds
15636,Guanidines,0.99,CHEMONTID:0000375,4,CHEMONTID:0000278,CHEMONTID:0000000;CHEMONTID:0004707;CHEMONTID:0000278;CHEMONTID:0000375,Organic compounds;Organic nitrogen compounds;Organonitrogen compounds;Guanidines
10022,6-aminopurines,0.97,CHEMONTID:0002987,5,CHEMONTID:0000245,CHEMONTID:0000000;CHEMONTID:0000002;CHEMONTID:0001797;CHEMONTID:0000245;CHEMONTID:0002987,Organic compounds;Organoheterocyclic compounds;Imidazopyrimidines;Purines and purine derivatives;6-aminopurines
12835,Ethers,0.95,CHEMONTID:0000254,4,CHEMONTID:0000323,CHEMONTID:0000000;CHEMONTID:0004603;CHEMONTID:0000323;CHEMONTID:0000254,Organic compounds;Organic oxygen compounds;Organooxygen compounds;Ethers
6984,Carboxylic acid derivatives,0.91,CHEMONTID:0001093,4,CHEMONTID:0000265,CHEMONTID:0000000;CHEMONTID:0000264;CHEMONTID:0000265;CHEMONTID:0001093,Organic compounds;Organic acids and derivatives;Carboxylic acids and derivatives;Carboxylic acid derivatives
11327,Carbonyl compounds,0.8,CHEMONTID:0001831,4,CHEMONTID:0000323,CHEMONTID:0000000;CHEMONTID:0004603;CHEMONTID:0000323;CHEMONTID:0001831,Organic compounds;Organic oxygen compounds;Organooxygen compounds;Carbonyl compounds
12266,Amines,0.96,CHEMONTID:0002449,4,CHEMONTID:0000278,CHEMONTID:0000000;CHEMONTID:0004707;CHEMONTID:0000278;CHEMONTID:0002449,Organic compounds;Organic nitrogen compounds;Organonitrogen compounds;Amines
18662,Pyrimidines and pyrimidine derivatives,0.9,CHEMONTID:0000075,4,CHEMONTID:0001346,CHEMONTID:0000000;CHEMONTID:0000002;CHEMONTID:0001346;CHEMONTID:0000075,Organic compounds;Organoheterocyclic compounds;Diazines;Pyrimidines and pyrimidine derivatives
696,Amines,0.97,CHEMONTID:0002449,4,CHEMONTID:0000278,CHEMONTID:0000000;CHEMONTID:0004707;CHEMONTID:0000278;CHEMONTID:0002449,Organic compounds;Organic nitrogen compounds;Organonitrogen compounds;Amines
16482,Primary amines,0.94,CHEMONTID:0002450,5,CHEMONTID:0002449,CHEMONTID:0000000;CHEMONTID:0004707;CHEMONTID:0000278;CHEMONTID:0002449;CHEMONTID:0002450,Organic compounds;Organic nitrogen compounds;Organonitrogen compounds;Amines;Primary amines
18036,Amines,0.9,CHEMONTID:0002449,4,CHEMONTID:0000278,CHEMONTID:0000000;CHEMONTID:0004707;CHEMONTID:0000278;CHEMONTID:0002449,Organic compounds;Organic nitrogen compounds;Organonitrogen compounds;Amines
7717,Primary amines,0.9,CHEMONTID:0002450,5,CHEMONTID:0002449,CHEMONTID:0000000;CHEMONTID:0004707;CHEMONTID:0000278;CHEMONTID:0002449;CHEMONTID:0002450,Organic compounds;Organic nitrogen compounds;Organonitrogen compounds;Amines;Primary amines
19518,Carbonyl compounds,0.92,CHEMONTID:0001831,4,CHEMONTID:0000323,CHEMONTID:0000000;CHEMONTID:0004603;CHEMONTID:0000323;CHEMONTID:0001831,Organic compounds;Organic oxygen compounds;Organooxygen compounds;Carbonyl compounds
10545,Carbonyl compounds,0.91,CHEMONTID:0001831,4,CHEMONTID:0000323,CHEMONTID:0000000;CHEMONTID:0004603;CHEMONTID:0000323;CHEMONTID:0001831,Organic compounds;Organic oxygen compounds;Organooxygen compounds;Carbonyl compounds
17205,Carboxylic acid derivatives,0.99,CHEMONTID:0001093,4,CHEMONTID:0000265,CHEMONTID:0000000;CHEMONTID:0000264;CHEMONTID:0000265;CHEMONTID:0001093,Organic compounds;Organic acids and derivatives;Carboxylic acids and derivatives;Carboxylic acid derivatives
14388,Ethers,0.98,CHEMONTID:0000254,4,CHEMONTID:0000323,CHEMONTID:0000000;CHEMONTID:0004603;CHEMONTID:0000323;CHEMONTID:0000254,Organic compounds;Organic oxygen compounds;Organooxygen compounds;Ethers
1872,Carbonyl compounds,0.99,CHEMONTID:0001831,4,CHEMONTID:0000323,CHEMONTID:0000000;CHEMONTID:0004603;CHEMONTID:0000323;CHEMONTID:0001831,Organic compounds;Organic oxygen compounds;Organooxygen compounds;Carbonyl compounds
7454,Ethers,0.94,CHEMONTID:0000254,4,CHEMONTID:0000323,CHEMONTID:0000000;CHEMONTID:0004603;CHEMONTID:0000323;CHEMONTID:0000254,Organic compounds;Organic oxygen compounds;Organooxygen compounds;Ethers
1690,Carboxylic acid derivatives,0.96,CHEMONTID:0001093,4,CHEMONTID:0000265,CHEMONTID:0000000;CHEMONTID:0000264;CHEMONTID:0000265;CHEMONTID:0001093,Organic compounds;Organic acids and derivatives;Carboxylic acids and derivatives;Carboxylic acid derivatives
9819,Carbonyl compounds,0.9,CHEMONTID:0001831,4,CHEMONTID:0000323,CHEMONTID:0000000;CHEMONTID:0004603;CHEMONTID:0000323;CHEMONTID:0001831,Organic compounds;Organic oxygen compounds;Organooxygen compounds;Carbonyl compounds
9634,Guanidines,0.98,CHEMONTID:0000375,4,CHEMONTID:0000278,CHEMONTID:0000000;CHEMONTID:0004707;CHEMONTID:0000278;CHEMONTID:0000375,Organic compounds;Organic nitrogen compounds;Organonitrogen compounds;Guanidines
5586,Pyrimidines and pyrimidine derivatives,0.92,CHEMONTID:0000075,4,CHEMONTID:0001346,CHEMONTID:0000000;CHEMONTID:0000002;CHEMONTID:0001346;CHEMONTID:0000075,Organic compounds;Organoheterocyclic compounds;Diazines;Pyrimidines and pyrimidine derivatives
5496,Carbonyl compounds,0.84,CHEMONTID:0001831,4,CHEMONTID:0000323,CHEMONTID:0000000;CHEMONTID:0004603;CHEMONTID:0000323;CHEMONTID:0001831,Organic compounds;Organic oxygen compounds;Organooxygen compounds;Carbonyl compounds
13906,Carboxylic acid derivatives,0.97,CHEMONTID:0001093,4,CHEMONTID:0000265,CHEMONTID:0000000;CHEMONTID:0000264;CHEMONTID:0000265;CHEMONTID:0001093,Organic compounds;Organic acids and derivatives;Carboxylic acids and derivatives;Carboxylic acid derivatives
3129,Amines,0.96,CHEMONTID:0002449,4,CHEMONTID:0000278,CHEMONTID:0000000;CHEMONTID:0004707;CHEMONTID:0000278;CHEMONTID:0002449,Organic compounds;Organic nitrogen compounds;Organonitrogen compounds;Amines
14007,Carbonyl compounds,0.98,CHEMONTID:0001831,4,CHEMONTID:0000323,CHEMONTID:0000000;CHEMONTID:0004603;CHEMONTID:0000323;CHEMONTID:0001831,Organic compounds;Organic oxygen compounds;Organooxygen compounds;Carbonyl compounds
6069,Carbonyl compounds,0.9,CHEMONTID:0001831,4,CHEMONTID:0000323,CHEMONTID:0000000;CHEMONTID:0004603;CHEMONTID:0000323;CHEMONTID:0001831,Organic compounds;Organic oxygen compounds;Organooxygen compounds;Carbonyl compounds
7544,Carboxylic acid derivatives,0.96,CHEMONTID:0001093,4,CHEMONTID:0000265,CHEMONTID:0000000;CHEMONTID:0000264;CHEMONTID:0000265;CHEMONTID:0001093,Organic compounds;Organic acids and derivatives;Carboxylic acids and derivatives;Carboxylic acid derivatives
4870,Alcohols and polyols,0.98,CHEMONTID:0000129,4,CHEMONTID:0000323,CHEMONTID:0000000;CHEMONTID:0004603;CHEMONTID:0000323;CHEMONTID:0000129,Organic compounds;Organic oxygen compounds;Organooxygen compounds;Alcohols and polyols
14792,"Amino acids, peptides, and analogues",0.91,CHEMONTID:0000013,4,CHEMONTID:0000265,CHEMONTID:0000000;CHEMONTID:0000264;CHEMONTID:0000265;CHEMONTID:0000013,"Organic compounds;Organic acids and derivatives;Carboxylic acids and derivatives;Amino acids, peptides, and analogues"
4769,Carbonyl compounds,0.95,CHEMONTID:0001831,4,CHEMONTID:0000323,CHEMONTID:0000000;CHEMONTID:0004603;CHEMONTID:0000323;CHEMONTID:0001831,Organic compounds;Organic oxygen compounds;Organooxygen compounds;Carbonyl compounds
11648,Carbonyl compounds,0.99,CHEMONTID:0001831,4,CHEMONTID:0000323,CHEMONTID:0000000;CHEMONTID:0004603;CHEMONTID:0000323;CHEMONTID:0001831,Organic compounds;Organic oxygen compounds;Organooxygen compounds;Carbonyl compounds
18607,Carboximidamides,0.99,CHEMONTID:0003152,4,CHEMONTID:0000278,CHEMONTID:0000000;CHEMONTID:0004707;CHEMONTID:0000278;CHEMONTID:0003152,Organic compounds;Organic nitrogen compounds;Organonitrogen compounds;Carboximidamides
5200,Carbonyl compounds,0.96,CHEMONTID:0001831,4,CHEMONTID:0000323,CHEMONTID:0000000;CHEMONTID:0004603;CHEMONTID:0000323;CHEMONTID:0001831,Organic compounds;Organic oxygen compounds;Organooxygen compounds;Carbonyl compounds
8090,Carbonyl compounds,0.98,CHEMONTID:0001831,4,CHEMONTID:0000323,CHEMONTID:0000000;CHEMONTID:0004603;CHEMONTID:0000323;CHEMONTID:0001831,Organic compounds;Organic oxygen compounds;Organooxygen compounds;Carbonyl compounds
14987,Amines,0.96,CHEMONTID:0002449,4,CHEMONTID:0000278,CHEMONTID:0000000;CHEMONTID:0004707;CHEMONTID:0000278;CHEMONTID:0002449,Organic compounds;Organic nitrogen compounds;Organonitrogen compounds;Amines
17051,Carbonyl compounds,0.92,CHEMONTID:0001831,4,CHEMONTID:0000323,CHEMONTID:0000000;CHEMONTID:0004603;CHEMONTID:0000323;CHEMONTID:0001831,Organic compounds;Organic oxygen compounds;Organooxygen compounds;Carbonyl compounds
7419,Monoalkylamines,0.89,CHEMONTID:0000469,6,CHEMONTID:0002450,CHEMONTID:0000000;CHEMONTID:0004707;CHEMONTID:0000278;CHEMONTID:0002449;CHEMONTID:0002450;CHEMONTID:0000469,Organic compounds;Organic nitrogen compounds;Organonitrogen compounds;Amines;Primary amines;Monoalkylamines
12402,N-acyl amines,0.92,CHEMONTID:0001096,5,CHEMONTID:0000331,CHEMONTID:0000000;CHEMONTID:0000012;CHEMONTID:0003909;CHEMONTID:0000331;CHEMONTID:0001096,Organic compounds;Lipids and lipid-like molecules;Fatty Acyls;Fatty amides;N-acyl amines
11388,Carbonyl compounds,0.94,CHEMONTID:0001831,4,CHEMONTID:0000323,CHEMONTID:0000000;CHEMONTID:0004603;CHEMONTID:0000323;CHEMONTID:0001831,Organic compounds;Organic oxygen compounds;Organooxygen compounds;Carbonyl compounds
3112,Alcohols and polyols,0.97,CHEMONTID:0000129,4,CHEMONTID:0000323,CHEMONTID:0000000;CHEMONTID:0004603;CHEMONTID:0000323;CHEMONTID:0000129,Organic compounds;Organic oxygen compounds;Organooxygen compounds;Alcohols and polyols
20375,Carbonyl compounds,0.94,CHEMONTID:0001831,4,CHEMONTID:0000323,CHEMONTID:0000000;CHEMONTID:0004603;CHEMONTID:0000323;CHEMONTID:0001831,Organic compounds;Organic oxygen compounds;Organooxygen compounds;Carbonyl compounds
20299,Dialkyl ethers,1,CHEMONTID:0001167,5,CHEMONTID:0000254,CHEMONTID:0000000;CHEMONTID:0004603;CHEMONTID:0000323;CHEMONTID:0000254;CHEMONTID:0001167,Organic compounds;Organic oxygen compounds;Organooxygen compounds;Ethers;Dialkyl ethers
13661,Carbonyl compounds,0.95,CHEMONTID:0001831,4,CHEMONTID:0000323,CHEMONTID:0000000;CHEMONTID:0004603;CHEMONTID:0000323;CHEMONTID:0001831,Organic compounds;Organic oxygen compounds;Organooxygen compounds;Carbonyl compounds
16743,Dialkyl ethers,0.91,CHEMONTID:0001167,5,CHEMONTID:0000254,CHEMONTID:0000000;CHEMONTID:0004603;CHEMONTID:0000323;CHEMONTID:0000254;CHEMONTID:0001167,Organic compounds;Organic oxygen compounds;Organooxygen compounds;Ethers;Dialkyl ethers
9915,Carbonyl compounds,0.87,CHEMONTID:0001831,4,CHEMONTID:0000323,CHEMONTID:0000000;CHEMONTID:0004603;CHEMONTID:0000323;CHEMONTID:0001831,Organic compounds;Organic oxygen compounds;Organooxygen compounds;Carbonyl compounds
13677,Alcohols and polyols,0.93,CHEMONTID:0000129,4,CHEMONTID:0000323,CHEMONTID:0000000;CHEMONTID:0004603;CHEMONTID:0000323;CHEMONTID:0000129,Organic compounds;Organic oxygen compounds;Organooxygen compounds;Alcohols and polyols
11822,Guanidines,0.97,CHEMONTID:0000375,4,CHEMONTID:0000278,CHEMONTID:0000000;CHEMONTID:0004707;CHEMONTID:0000278;CHEMONTID:0000375,Organic compounds;Organic nitrogen compounds;Organonitrogen compounds;Guanidines
3286,Carbonyl compounds,0.98,CHEMONTID:0001831,4,CHEMONTID:0000323,CHEMONTID:0000000;CHEMONTID:0004603;CHEMONTID:0000323;CHEMONTID:0001831,Organic compounds;Organic oxygen compounds;Organooxygen compounds;Carbonyl compounds
19101,Alcohols and polyols,0.99,CHEMONTID:0000129,4,CHEMONTID:0000323,CHEMONTID:0000000;CHEMONTID:0004603;CHEMONTID:0000323;CHEMONTID:0000129,Organic compounds;Organic oxygen compounds;Organooxygen compounds;Alcohols and polyols
15870,Amines,1,CHEMONTID:0002449,4,CHEMONTID:0000278,CHEMONTID:0000000;CHEMONTID:0004707;CHEMONTID:0000278;CHEMONTID:0002449,Organic compounds;Organic nitrogen compounds;Organonitrogen compounds;Amines
3881,Amines,0.8,CHEMONTID:0002449,4,CHEMONTID:0000278,CHEMONTID:0000000;CHEMONTID:0004707;CHEMONTID:0000278;CHEMONTID:0002449,Organic compounds;Organic nitrogen compounds;Organonitrogen compounds;Amines
9476,Monoalkylamines,0.99,CHEMONTID:0000469,6,CHEMONTID:0002450,CHEMONTID:0000000;CHEMONTID:0004707;CHEMONTID:0000278;CHEMONTID:0002449;CHEMONTID:0002450;CHEMONTID:0000469,Organic compounds;Organic nitrogen compounds;Organonitrogen compounds;Amines;Primary amines;Monoalkylamines
18944,Amino acids and derivatives,0.96,CHEMONTID:0000347,5,CHEMONTID:0000013,CHEMONTID:0000000;CHEMONTID:0000264;CHEMONTID:0000265;CHEMONTID:0000013;CHEMONTID:0000347,"Organic compounds;Organic acids and derivatives;Carboxylic acids and derivatives;Amino acids, peptides, and analogues;Amino acids and derivatives"
10970,Monocarboxylic acids and derivatives,0.87,CHEMONTID:0001137,4,CHEMONTID:0000265,CHEMONTID:0000000;CHEMONTID:0000264;CHEMONTID:0000265;CHEMONTID:0001137,Organic compounds;Organic acids and derivatives;Carboxylic acids and derivatives;Monocarboxylic acids and derivatives
4202,Monoalkylamines,1,CHEMONTID:0000469,6,CHEMONTID:0002450,CHEMONTID:0000000;CHEMONTID:0004707;CHEMONTID:0000278;CHEMONTID:0002449;CHEMONTID:0002450;CHEMONTID:0000469,Organic compounds;Organic nitrogen compounds;Organonitrogen compounds;Amines;Primary amines;Monoalkylamines
11233,Carboxylic acid derivatives,0.92,CHEMONTID:0001093,4,CHEMONTID:0000265,CHEMONTID:0000000;CHEMONTID:0000264;CHEMONTID:0000265;CHEMONTID:0001093,Organic compounds;Organic acids and derivatives;Carboxylic acids and derivatives;Carboxylic acid derivatives
12553,Carbonyl compounds,0.98,CHEMONTID:0001831,4,CHEMONTID:0000323,CHEMONTID:0000000;CHEMONTID:0004603;CHEMONTID:0000323;CHEMONTID:0001831,Organic compounds;Organic oxygen compounds;Organooxygen compounds;Carbonyl compounds
13745,Carboxylic acid derivatives,0.97,CHEMONTID:0001093,4,CHEMONTID:0000265,CHEMONTID:0000000;CHEMONTID:0000264;CHEMONTID:0000265;CHEMONTID:0001093,Organic compounds;Organic acids and derivatives;Carboxylic acids and derivatives;Carboxylic acid derivatives
14631,Monocarboxylic acids and derivatives,0.86,CHEMONTID:0001137,4,CHEMONTID:0000265,CHEMONTID:0000000;CHEMONTID:0000264;CHEMONTID:0000265;CHEMONTID:0001137,Organic compounds;Organic acids and derivatives;Carboxylic acids and derivatives;Monocarboxylic acids and derivatives
18842,Amines,0.99,CHEMONTID:0002449,4,CHEMONTID:0000278,CHEMONTID:0000000;CHEMONTID:0004707;CHEMONTID:0000278;CHEMONTID:0002449,Organic compounds;Organic nitrogen compounds;Organonitrogen compounds;Amines
19166,Carbonyl compounds,0.95,CHEMONTID:0001831,4,CHEMONTID:0000323,CHEMONTID:0000000;CHEMONTID:0004603;CHEMONTID:0000323;CHEMONTID:0001831,Organic compounds;Organic oxygen compounds;Organooxygen compounds;Carbonyl compounds
11579,Monoalkylamines,1,CHEMONTID:0000469,6,CHEMONTID:0002450,CHEMONTID:0000000;CHEMONTID:0004707;CHEMONTID:0000278;CHEMONTID:0002449;CHEMONTID:0002450;CHEMONTID:0000469,Organic compounds;Organic nitrogen compounds;Organonitrogen compounds;Amines;Primary amines;Monoalkylamines
13998,Carbonyl compounds,0.96,CHEMONTID:0001831,4,CHEMONTID:0000323,CHEMONTID:0000000;CHEMONTID:0004603;CHEMONTID:0000323;CHEMONTID:0001831,Organic compounds;Organic oxygen compounds;Organooxygen compounds;Carbonyl compounds
848,Alcohols and polyols,0.96,CHEMONTID:0000129,4,CHEMONTID:0000323,CHEMONTID:0000000;CHEMONTID:0004603;CHEMONTID:0000323;CHEMONTID:0000129,Organic compounds;Organic oxygen compounds;Organooxygen compounds;Alcohols and polyols
13792,Carbonyl compounds,0.89,CHEMONTID:0001831,4,CHEMONTID:0000323,CHEMONTID:0000000;CHEMONTID:0004603;CHEMONTID:0000323;CHEMONTID:0001831,Organic compounds;Organic oxygen compounds;Organooxygen compounds;Carbonyl compounds
6419,Carbonyl compounds,0.94,CHEMONTID:0001831,4,CHEMONTID:0000323,CHEMONTID:0000000;CHEMONTID:0004603;CHEMONTID:0000323;CHEMONTID:0001831,Organic compounds;Organic oxygen compounds;Organooxygen compounds;Carbonyl compounds
18181,Monoalkylamines,0.98,CHEMONTID:0000469,6,CHEMONTID:0002450,CHEMONTID:0000000;CHEMONTID:0004707;CHEMONTID:0000278;CHEMONTID:0002449;CHEMONTID:0002450;CHEMONTID:0000469,Organic compounds;Organic nitrogen compounds;Organonitrogen compounds;Amines;Primary amines;Monoalkylamines
16137,Carbonyl compounds,0.92,CHEMONTID:0001831,4,CHEMONTID:0000323,CHEMONTID:0000000;CHEMONTID:0004603;CHEMONTID:0000323;CHEMONTID:0001831,Organic compounds;Organic oxygen compounds;Organooxygen compounds;Carbonyl compounds
560,Carbonyl compounds,0.96,CHEMONTID:0001831,4,CHEMONTID:0000323,CHEMONTID:0000000;CHEMONTID:0004603;CHEMONTID:0000323;CHEMONTID:0001831,Organic compounds;Organic oxygen compounds;Organooxygen compounds;Carbonyl compounds
8545,Carbonyl compounds,0.92,CHEMONTID:0001831,4,CHEMONTID:0000323,CHEMONTID:0000000;CHEMONTID:0004603;CHEMONTID:0000323;CHEMONTID:0001831,Organic compounds;Organic oxygen compounds;Organooxygen compounds;Carbonyl compounds
18684,Amines,0.87,CHEMONTID:0002449,4,CHEMONTID:0000278,CHEMONTID:0000000;CHEMONTID:0004707;CHEMONTID:0000278;CHEMONTID:0002449,Organic compounds;Organic nitrogen compounds;Organonitrogen compounds;Amines
2403,Carbohydrates and carbohydrate conjugates,1,CHEMONTID:0000011,4,CHEMONTID:0000323,CHEMONTID:0000000;CHEMONTID:0004603;CHEMONTID:0000323;CHEMONTID:0000011,Organic compounds;Organic oxygen compounds;Organooxygen compounds;Carbohydrates and carbohydrate conjugates
3103,Alcohols and polyols,0.93,CHEMONTID:0000129,4,CHEMONTID:0000323,CHEMONTID:0000000;CHEMONTID:0004603;CHEMONTID:0000323;CHEMONTID:0000129,Organic compounds;Organic oxygen compounds;Organooxygen compounds;Alcohols and polyols
9176,Carbonyl compounds,0.97,CHEMONTID:0001831,4,CHEMONTID:0000323,CHEMONTID:0000000;CHEMONTID:0004603;CHEMONTID:0000323;CHEMONTID:0001831,Organic compounds;Organic oxygen compounds;Organooxygen compounds;Carbonyl compounds
4134,Carbonyl compounds,0.88,CHEMONTID:0001831,4,CHEMONTID:0000323,CHEMONTID:0000000;CHEMONTID:0004603;CHEMONTID:0000323;CHEMONTID:0001831,Organic compounds;Organic oxygen compounds;Organooxygen compounds;Carbonyl compounds
16485,"Amino acids, peptides, and analogues",0.93,CHEMONTID:0000013,4,CHEMONTID:0000265,CHEMONTID:0000000;CHEMONTID:0000264;CHEMONTID:0000265;CHEMONTID:0000013,"Organic compounds;Organic acids and derivatives;Carboxylic acids and derivatives;Amino acids, peptides, and analogues"
8521,Alcohols and polyols,0.91,CHEMONTID:0000129,4,CHEMONTID:0000323,CHEMONTID:0000000;CHEMONTID:0004603;CHEMONTID:0000323;CHEMONTID:0000129,Organic compounds;Organic oxygen compounds;Organooxygen compounds;Alcohols and polyols
14701,Amines,0.81,CHEMONTID:0002449,4,CHEMONTID:0000278,CHEMONTID:0000000;CHEMONTID:0004707;CHEMONTID:0000278;CHEMONTID:0002449,Organic compounds;Organic nitrogen compounds;Organonitrogen compounds;Amines
8904,Monocarboxylic acids and derivatives,0.81,CHEMONTID:0001137,4,CHEMONTID:0000265,CHEMONTID:0000000;CHEMONTID:0000264;CHEMONTID:0000265;CHEMONTID:0001137,Organic compounds;Organic acids and derivatives;Carboxylic acids and derivatives;Monocarboxylic acids and derivatives
20361,Carbonyl compounds,0.89,CHEMONTID:0001831,4,CHEMONTID:0000323,CHEMONTID:0000000;CHEMONTID:0004603;CHEMONTID:0000323;CHEMONTID:0001831,Organic compounds;Organic oxygen compounds;Organooxygen compounds;Carbonyl compounds
7275,Alcohols and polyols,0.91,CHEMONTID:0000129,4,CHEMONTID:0000323,CHEMONTID:0000000;CHEMONTID:0004603;CHEMONTID:0000323;CHEMONTID:0000129,Organic compounds;Organic oxygen compounds;Organooxygen compounds;Alcohols and polyols
9256,Primary amines,0.91,CHEMONTID:0002450,5,CHEMONTID:0002449,CHEMONTID:0000000;CHEMONTID:0004707;CHEMONTID:0000278;CHEMONTID:0002449;CHEMONTID:0002450,Organic compounds;Organic nitrogen compounds;Organonitrogen compounds;Amines;Primary amines
7088,Carbonyl compounds,0.93,CHEMONTID:0001831,4,CHEMONTID:0000323,CHEMONTID:0000000;CHEMONTID:0004603;CHEMONTID:0000323;CHEMONTID:0001831,Organic compounds;Organic oxygen compounds;Organooxygen compounds;Carbonyl compounds
19633,Monoalkylamines,0.95,CHEMONTID:0000469,6,CHEMONTID:0002450,CHEMONTID:0000000;CHEMONTID:0004707;CHEMONTID:0000278;CHEMONTID:0002449;CHEMONTID:0002450;CHEMONTID:0000469,Organic compounds;Organic nitrogen compounds;Organonitrogen compounds;Amines;Primary amines;Monoalkylamines
14695,Alcohols and polyols,0.91,CHEMONTID:0000129,4,CHEMONTID:0000323,CHEMONTID:0000000;CHEMONTID:0004603;CHEMONTID:0000323;CHEMONTID:0000129,Organic compounds;Organic oxygen compounds;Organooxygen compounds;Alcohols and polyols
14202,Carbonyl compounds,0.81,CHEMONTID:0001831,4,CHEMONTID:0000323,CHEMONTID:0000000;CHEMONTID:0004603;CHEMONTID:0000323;CHEMONTID:0001831,Organic compounds;Organic oxygen compounds;Organooxygen compounds;Carbonyl compounds
19581,Phosphate esters,0.83,CHEMONTID:0000408,4,CHEMONTID:0000402,CHEMONTID:0000000;CHEMONTID:0000264;CHEMONTID:0000402;CHEMONTID:0000408,Organic compounds;Organic acids and derivatives;Organic phosphoric acids and derivatives;Phosphate esters
14074,Carbonyl compounds,0.98,CHEMONTID:0001831,4,CHEMONTID:0000323,CHEMONTID:0000000;CHEMONTID:0004603;CHEMONTID:0000323;CHEMONTID:0001831,Organic compounds;Organic oxygen compounds;Organooxygen compounds;Carbonyl compounds
7408,Carbonyl compounds,0.95,CHEMONTID:0001831,4,CHEMONTID:0000323,CHEMONTID:0000000;CHEMONTID:0004603;CHEMONTID:0000323;CHEMONTID:0001831,Organic compounds;Organic oxygen compounds;Organooxygen compounds;Carbonyl compounds
4579,"Amino acids, peptides, and analogues",0.9,CHEMONTID:0000013,4,CHEMONTID:0000265,CHEMONTID:0000000;CHEMONTID:0000264;CHEMONTID:0000265;CHEMONTID:0000013,"Organic compounds;Organic acids and derivatives;Carboxylic acids and derivatives;Amino acids, peptides, and analogues"
9295,Monoalkylamines,0.97,CHEMONTID:0000469,6,CHEMONTID:0002450,CHEMONTID:0000000;CHEMONTID:0004707;CHEMONTID:0000278;CHEMONTID:0002449;CHEMONTID:0002450;CHEMONTID:0000469,Organic compounds;Organic nitrogen compounds;Organonitrogen compounds;Amines;Primary amines;Monoalkylamines
16492,Carbonyl compounds,0.91,CHEMONTID:0001831,4,CHEMONTID:0000323,CHEMONTID:0000000;CHEMONTID:0004603;CHEMONTID:0000323;CHEMONTID:0001831,Organic compounds;Organic oxygen compounds;Organooxygen compounds;Carbonyl compounds
20605,"Amino acids, peptides, and analogues",0.96,CHEMONTID:0000013,4,CHEMONTID:0000265,CHEMONTID:0000000;CHEMONTID:0000264;CHEMONTID:0000265;CHEMONTID:0000013,"Organic compounds;Organic acids and derivatives;Carboxylic acids and derivatives;Amino acids, peptides, and analogues"
6663,Carbonyl compounds,0.97,CHEMONTID:0001831,4,CHEMONTID:0000323,CHEMONTID:0000000;CHEMONTID:0004603;CHEMONTID:0000323;CHEMONTID:0001831,Organic compounds;Organic oxygen compounds;Organooxygen compounds;Carbonyl compounds
19896,Androstane steroids,0.8,CHEMONTID:0003568,4,CHEMONTID:0000258,CHEMONTID:0000000;CHEMONTID:0000012;CHEMONTID:0000258;CHEMONTID:0003568,Organic compounds;Lipids and lipid-like molecules;Steroids and steroid derivatives;Androstane steroids
8269,Carboxylic acid derivatives,0.91,CHEMONTID:0001093,4,CHEMONTID:0000265,CHEMONTID:0000000;CHEMONTID:0000264;CHEMONTID:0000265;CHEMONTID:0001093,Organic compounds;Organic acids and derivatives;Carboxylic acids and derivatives;Carboxylic acid derivatives
19171,"Amino acids, peptides, and analogues",0.98,CHEMONTID:0000013,4,CHEMONTID:0000265,CHEMONTID:0000000;CHEMONTID:0000264;CHEMONTID:0000265;CHEMONTID:0000013,"Organic compounds;Organic acids and derivatives;Carboxylic acids and derivatives;Amino acids, peptides, and analogues"
17665,Monosaccharide phosphates,1,CHEMONTID:0001541,6,CHEMONTID:0001540,CHEMONTID:0000000;CHEMONTID:0004603;CHEMONTID:0000323;CHEMONTID:0000011;CHEMONTID:0001540;CHEMONTID:0001541,Organic compounds;Organic oxygen compounds;Organooxygen compounds;Carbohydrates and carbohydrate conjugates;Monosaccharides;Monosaccharide phosphates
12195,Monoalkylamines,0.86,CHEMONTID:0000469,6,CHEMONTID:0002450,CHEMONTID:0000000;CHEMONTID:0004707;CHEMONTID:0000278;CHEMONTID:0002449;CHEMONTID:0002450;CHEMONTID:0000469,Organic compounds;Organic nitrogen compounds;Organonitrogen compounds;Amines;Primary amines;Monoalkylamines
16548,Primary amines,0.98,CHEMONTID:0002450,5,CHEMONTID:0002449,CHEMONTID:0000000;CHEMONTID:0004707;CHEMONTID:0000278;CHEMONTID:0002449;CHEMONTID:0002450,Organic compounds;Organic nitrogen compounds;Organonitrogen compounds;Amines;Primary amines
20223,Amines,0.84,CHEMONTID:0002449,4,CHEMONTID:0000278,CHEMONTID:0000000;CHEMONTID:0004707;CHEMONTID:0000278;CHEMONTID:0002449,Organic compounds;Organic nitrogen compounds;Organonitrogen compounds;Amines
12183,Monoalkylamines,0.88,CHEMONTID:0000469,6,CHEMONTID:0002450,CHEMONTID:0000000;CHEMONTID:0004707;CHEMONTID:0000278;CHEMONTID:0002449;CHEMONTID:0002450;CHEMONTID:0000469,Organic compounds;Organic nitrogen compounds;Organonitrogen compounds;Amines;Primary amines;Monoalkylamines
7936,Monoalkylamines,1,CHEMONTID:0000469,6,CHEMONTID:0002450,CHEMONTID:0000000;CHEMONTID:0004707;CHEMONTID:0000278;CHEMONTID:0002449;CHEMONTID:0002450;CHEMONTID:0000469,Organic compounds;Organic nitrogen compounds;Organonitrogen compounds;Amines;Primary amines;Monoalkylamines
17069,Amines,0.96,CHEMONTID:0002449,4,CHEMONTID:0000278,CHEMONTID:0000000;CHEMONTID:0004707;CHEMONTID:0000278;CHEMONTID:0002449,Organic compounds;Organic nitrogen compounds;Organonitrogen compounds;Amines
16772,Primary amines,0.95,CHEMONTID:0002450,5,CHEMONTID:0002449,CHEMONTID:0000000;CHEMONTID:0004707;CHEMONTID:0000278;CHEMONTID:0002449;CHEMONTID:0002450,Organic compounds;Organic nitrogen compounds;Organonitrogen compounds;Amines;Primary amines
10589,Carboxylic acid derivatives,0.81,CHEMONTID:0001093,4,CHEMONTID:0000265,CHEMONTID:0000000;CHEMONTID:0000264;CHEMONTID:0000265;CHEMONTID:0001093,Organic compounds;Organic acids and derivatives;Carboxylic acids and derivatives;Carboxylic acid derivatives
17610,Primary amines,0.98,CHEMONTID:0002450,5,CHEMONTID:0002449,CHEMONTID:0000000;CHEMONTID:0004707;CHEMONTID:0000278;CHEMONTID:0002449;CHEMONTID:0002450,Organic compounds;Organic nitrogen compounds;Organonitrogen compounds;Amines;Primary amines
12615,Alpha amino acid amides,0.97,CHEMONTID:0002309,7,CHEMONTID:0000060,CHEMONTID:0000000;CHEMONTID:0000264;CHEMONTID:0000265;CHEMONTID:0000013;CHEMONTID:0000347;CHEMONTID:0000060;CHEMONTID:0002309,"Organic compounds;Organic acids and derivatives;Carboxylic acids and derivatives;Amino acids, peptides, and analogues;Amino acids and derivatives;Alpha amino acids and derivatives;Alpha amino acid amides"
13785,Carboxylic acid derivatives,0.99,CHEMONTID:0001093,4,CHEMONTID:0000265,CHEMONTID:0000000;CHEMONTID:0000264;CHEMONTID:0000265;CHEMONTID:0001093,Organic compounds;Organic acids and derivatives;Carboxylic acids and derivatives;Carboxylic acid derivatives
3138,Ethers,0.84,CHEMONTID:0000254,4,CHEMONTID:0000323,CHEMONTID:0000000;CHEMONTID:0004603;CHEMONTID:0000323;CHEMONTID:0000254,Organic compounds;Organic oxygen compounds;Organooxygen compounds;Ethers
1214,Carboxylic acid derivatives,0.83,CHEMONTID:0001093,4,CHEMONTID:0000265,CHEMONTID:0000000;CHEMONTID:0000264;CHEMONTID:0000265;CHEMONTID:0001093,Organic compounds;Organic acids and derivatives;Carboxylic acids and derivatives;Carboxylic acid derivatives
9769,Carboxylic acid derivatives,0.85,CHEMONTID:0001093,4,CHEMONTID:0000265,CHEMONTID:0000000;CHEMONTID:0000264;CHEMONTID:0000265;CHEMONTID:0001093,Organic compounds;Organic acids and derivatives;Carboxylic acids and derivatives;Carboxylic acid derivatives
16076,Phosphate esters,0.99,CHEMONTID:0000408,4,CHEMONTID:0000402,CHEMONTID:0000000;CHEMONTID:0000264;CHEMONTID:0000402;CHEMONTID:0000408,Organic compounds;Organic acids and derivatives;Organic phosphoric acids and derivatives;Phosphate esters
5982,Carbonyl compounds,0.81,CHEMONTID:0001831,4,CHEMONTID:0000323,CHEMONTID:0000000;CHEMONTID:0004603;CHEMONTID:0000323;CHEMONTID:0001831,Organic compounds;Organic oxygen compounds;Organooxygen compounds;Carbonyl compounds
1639,Ethers,0.94,CHEMONTID:0000254,4,CHEMONTID:0000323,CHEMONTID:0000000;CHEMONTID:0004603;CHEMONTID:0000323;CHEMONTID:0000254,Organic compounds;Organic oxygen compounds;Organooxygen compounds;Ethers
20410,Carbonyl compounds,0.98,CHEMONTID:0001831,4,CHEMONTID:0000323,CHEMONTID:0000000;CHEMONTID:0004603;CHEMONTID:0000323;CHEMONTID:0001831,Organic compounds;Organic oxygen compounds;Organooxygen compounds;Carbonyl compounds
17503,Secondary alcohols,0.8,CHEMONTID:0001661,5,CHEMONTID:0000129,CHEMONTID:0000000;CHEMONTID:0004603;CHEMONTID:0000323;CHEMONTID:0000129;CHEMONTID:0001661,Organic compounds;Organic oxygen compounds;Organooxygen compounds;Alcohols and polyols;Secondary alcohols
18803,Alcohols and polyols,0.95,CHEMONTID:0000129,4,CHEMONTID:0000323,CHEMONTID:0000000;CHEMONTID:0004603;CHEMONTID:0000323;CHEMONTID:0000129,Organic compounds;Organic oxygen compounds;Organooxygen compounds;Alcohols and polyols
2381,Alcohols and polyols,0.96,CHEMONTID:0000129,4,CHEMONTID:0000323,CHEMONTID:0000000;CHEMONTID:0004603;CHEMONTID:0000323;CHEMONTID:0000129,Organic compounds;Organic oxygen compounds;Organooxygen compounds;Alcohols and polyols
3147,Carboxylic acid derivatives,0.9,CHEMONTID:0001093,4,CHEMONTID:0000265,CHEMONTID:0000000;CHEMONTID:0000264;CHEMONTID:0000265;CHEMONTID:0001093,Organic compounds;Organic acids and derivatives;Carboxylic acids and derivatives;Carboxylic acid derivatives
2298,Carboxylic acid derivatives,0.97,CHEMONTID:0001093,4,CHEMONTID:0000265,CHEMONTID:0000000;CHEMONTID:0000264;CHEMONTID:0000265;CHEMONTID:0001093,Organic compounds;Organic acids and derivatives;Carboxylic acids and derivatives;Carboxylic acid derivatives
17097,Amines,0.96,CHEMONTID:0002449,4,CHEMONTID:0000278,CHEMONTID:0000000;CHEMONTID:0004707;CHEMONTID:0000278;CHEMONTID:0002449,Organic compounds;Organic nitrogen compounds;Organonitrogen compounds;Amines
14285,Guanidines,0.96,CHEMONTID:0000375,4,CHEMONTID:0000278,CHEMONTID:0000000;CHEMONTID:0004707;CHEMONTID:0000278;CHEMONTID:0000375,Organic compounds;Organic nitrogen compounds;Organonitrogen compounds;Guanidines
8200,Carbonyl compounds,0.99,CHEMONTID:0001831,4,CHEMONTID:0000323,CHEMONTID:0000000;CHEMONTID:0004603;CHEMONTID:0000323;CHEMONTID:0001831,Organic compounds;Organic oxygen compounds;Organooxygen compounds;Carbonyl compounds
13067,Alcohols and polyols,0.97,CHEMONTID:0000129,4,CHEMONTID:0000323,CHEMONTID:0000000;CHEMONTID:0004603;CHEMONTID:0000323;CHEMONTID:0000129,Organic compounds;Organic oxygen compounds;Organooxygen compounds;Alcohols and polyols
18087,Carbonyl compounds,0.94,CHEMONTID:0001831,4,CHEMONTID:0000323,CHEMONTID:0000000;CHEMONTID:0004603;CHEMONTID:0000323;CHEMONTID:0001831,Organic compounds;Organic oxygen compounds;Organooxygen compounds;Carbonyl compounds
8133,Carbonyl compounds,0.81,CHEMONTID:0001831,4,CHEMONTID:0000323,CHEMONTID:0000000;CHEMONTID:0004603;CHEMONTID:0000323;CHEMONTID:0001831,Organic compounds;Organic oxygen compounds;Organooxygen compounds;Carbonyl compounds
9989,Monoalkylamines,0.94,CHEMONTID:0000469,6,CHEMONTID:0002450,CHEMONTID:0000000;CHEMONTID:0004707;CHEMONTID:0000278;CHEMONTID:0002449;CHEMONTID:0002450;CHEMONTID:0000469,Organic compounds;Organic nitrogen compounds;Organonitrogen compounds;Amines;Primary amines;Monoalkylamines
9197,Ethers,0.99,CHEMONTID:0000254,4,CHEMONTID:0000323,CHEMONTID:0000000;CHEMONTID:0004603;CHEMONTID:0000323;CHEMONTID:0000254,Organic compounds;Organic oxygen compounds;Organooxygen compounds;Ethers
19707,Monocarboxylic acids and derivatives,0.97,CHEMONTID:0001137,4,CHEMONTID:0000265,CHEMONTID:0000000;CHEMONTID:0000264;CHEMONTID:0000265;CHEMONTID:0001137,Organic compounds;Organic acids and derivatives;Carboxylic acids and derivatives;Monocarboxylic acids and derivatives
16113,Monoalkylamines,0.85,CHEMONTID:0000469,6,CHEMONTID:0002450,CHEMONTID:0000000;CHEMONTID:0004707;CHEMONTID:0000278;CHEMONTID:0002449;CHEMONTID:0002450;CHEMONTID:0000469,Organic compounds;Organic nitrogen compounds;Organonitrogen compounds;Amines;Primary amines;Monoalkylamines
6221,Amines,0.93,CHEMONTID:0002449,4,CHEMONTID:0000278,CHEMONTID:0000000;CHEMONTID:0004707;CHEMONTID:0000278;CHEMONTID:0002449,Organic compounds;Organic nitrogen compounds;Organonitrogen compounds;Amines
7895,Amines,0.97,CHEMONTID:0002449,4,CHEMONTID:0000278,CHEMONTID:0000000;CHEMONTID:0004707;CHEMONTID:0000278;CHEMONTID:0002449,Organic compounds;Organic nitrogen compounds;Organonitrogen compounds;Amines
14338,Carbonyl compounds,0.91,CHEMONTID:0001831,4,CHEMONTID:0000323,CHEMONTID:0000000;CHEMONTID:0004603;CHEMONTID:0000323;CHEMONTID:0001831,Organic compounds;Organic oxygen compounds;Organooxygen compounds;Carbonyl compounds
9274,Fatty acids and conjugates,0.88,CHEMONTID:0000262,4,CHEMONTID:0003909,CHEMONTID:0000000;CHEMONTID:0000012;CHEMONTID:0003909;CHEMONTID:0000262,Organic compounds;Lipids and lipid-like molecules;Fatty Acyls;Fatty acids and conjugates
5853,Carbonyl compounds,0.9,CHEMONTID:0001831,4,CHEMONTID:0000323,CHEMONTID:0000000;CHEMONTID:0004603;CHEMONTID:0000323;CHEMONTID:0001831,Organic compounds;Organic oxygen compounds;Organooxygen compounds;Carbonyl compounds
14872,Monoalkylamines,0.99,CHEMONTID:0000469,6,CHEMONTID:0002450,CHEMONTID:0000000;CHEMONTID:0004707;CHEMONTID:0000278;CHEMONTID:0002449;CHEMONTID:0002450;CHEMONTID:0000469,Organic compounds;Organic nitrogen compounds;Organonitrogen compounds;Amines;Primary amines;Monoalkylamines
10821,Amines,0.95,CHEMONTID:0002449,4,CHEMONTID:0000278,CHEMONTID:0000000;CHEMONTID:0004707;CHEMONTID:0000278;CHEMONTID:0002449,Organic compounds;Organic nitrogen compounds;Organonitrogen compounds;Amines
20584,Amines,0.97,CHEMONTID:0002449,4,CHEMONTID:0000278,CHEMONTID:0000000;CHEMONTID:0004707;CHEMONTID:0000278;CHEMONTID:0002449,Organic compounds;Organic nitrogen compounds;Organonitrogen compounds;Amines
7984,Carboxylic acid derivatives,1,CHEMONTID:0001093,4,CHEMONTID:0000265,CHEMONTID:0000000;CHEMONTID:0000264;CHEMONTID:0000265;CHEMONTID:0001093,Organic compounds;Organic acids and derivatives;Carboxylic acids and derivatives;Carboxylic acid derivatives
15071,Amines,0.93,CHEMONTID:0002449,4,CHEMONTID:0000278,CHEMONTID:0000000;CHEMONTID:0004707;CHEMONTID:0000278;CHEMONTID:0002449,Organic compounds;Organic nitrogen compounds;Organonitrogen compounds;Amines
14487,Primary amines,1,CHEMONTID:0002450,5,CHEMONTID:0002449,CHEMONTID:0000000;CHEMONTID:0004707;CHEMONTID:0000278;CHEMONTID:0002449;CHEMONTID:0002450,Organic compounds;Organic nitrogen compounds;Organonitrogen compounds;Amines;Primary amines
9629,Carbonyl compounds,0.9,CHEMONTID:0001831,4,CHEMONTID:0000323,CHEMONTID:0000000;CHEMONTID:0004603;CHEMONTID:0000323;CHEMONTID:0001831,Organic compounds;Organic oxygen compounds;Organooxygen compounds;Carbonyl compounds
13326,Monoalkylamines,0.9,CHEMONTID:0000469,6,CHEMONTID:0002450,CHEMONTID:0000000;CHEMONTID:0004707;CHEMONTID:0000278;CHEMONTID:0002449;CHEMONTID:0002450;CHEMONTID:0000469,Organic compounds;Organic nitrogen compounds;Organonitrogen compounds;Amines;Primary amines;Monoalkylamines
5226,Carbonyl compounds,0.82,CHEMONTID:0001831,4,CHEMONTID:0000323,CHEMONTID:0000000;CHEMONTID:0004603;CHEMONTID:0000323;CHEMONTID:0001831,Organic compounds;Organic oxygen compounds;Organooxygen compounds;Carbonyl compounds
6765,Amines,0.92,CHEMONTID:0002449,4,CHEMONTID:0000278,CHEMONTID:0000000;CHEMONTID:0004707;CHEMONTID:0000278;CHEMONTID:0002449,Organic compounds;Organic nitrogen compounds;Organonitrogen compounds;Amines
9288,Carbonyl compounds,0.81,CHEMONTID:0001831,4,CHEMONTID:0000323,CHEMONTID:0000000;CHEMONTID:0004603;CHEMONTID:0000323;CHEMONTID:0001831,Organic compounds;Organic oxygen compounds;Organooxygen compounds;Carbonyl compounds
15650,Carbonyl compounds,0.94,CHEMONTID:0001831,4,CHEMONTID:0000323,CHEMONTID:0000000;CHEMONTID:0004603;CHEMONTID:0000323;CHEMONTID:0001831,Organic compounds;Organic oxygen compounds;Organooxygen compounds;Carbonyl compounds
6499,Glycosyl compounds,0.99,CHEMONTID:0002105,5,CHEMONTID:0000011,CHEMONTID:0000000;CHEMONTID:0004603;CHEMONTID:0000323;CHEMONTID:0000011;CHEMONTID:0002105,Organic compounds;Organic oxygen compounds;Organooxygen compounds;Carbohydrates and carbohydrate conjugates;Glycosyl compounds
6774,Primary amines,0.82,CHEMONTID:0002450,5,CHEMONTID:0002449,CHEMONTID:0000000;CHEMONTID:0004707;CHEMONTID:0000278;CHEMONTID:0002449;CHEMONTID:0002450,Organic compounds;Organic nitrogen compounds;Organonitrogen compounds;Amines;Primary amines
18456,Amines,0.95,CHEMONTID:0002449,4,CHEMONTID:0000278,CHEMONTID:0000000;CHEMONTID:0004707;CHEMONTID:0000278;CHEMONTID:0002449,Organic compounds;Organic nitrogen compounds;Organonitrogen compounds;Amines
14334,Monoalkylamines,0.99,CHEMONTID:0000469,6,CHEMONTID:0002450,CHEMONTID:0000000;CHEMONTID:0004707;CHEMONTID:0000278;CHEMONTID:0002449;CHEMONTID:0002450;CHEMONTID:0000469,Organic compounds;Organic nitrogen compounds;Organonitrogen compounds;Amines;Primary amines;Monoalkylamines
6598,Carboxylic acid derivatives,0.98,CHEMONTID:0001093,4,CHEMONTID:0000265,CHEMONTID:0000000;CHEMONTID:0000264;CHEMONTID:0000265;CHEMONTID:0001093,Organic compounds;Organic acids and derivatives;Carboxylic acids and derivatives;Carboxylic acid derivatives
14903,Alcohols and polyols,1,CHEMONTID:0000129,4,CHEMONTID:0000323,CHEMONTID:0000000;CHEMONTID:0004603;CHEMONTID:0000323;CHEMONTID:0000129,Organic compounds;Organic oxygen compounds;Organooxygen compounds;Alcohols and polyols
11413,Amines,0.98,CHEMONTID:0002449,4,CHEMONTID:0000278,CHEMONTID:0000000;CHEMONTID:0004707;CHEMONTID:0000278;CHEMONTID:0002449,Organic compounds;Organic nitrogen compounds;Organonitrogen compounds;Amines
5237,Carbohydrates and carbohydrate conjugates,1,CHEMONTID:0000011,4,CHEMONTID:0000323,CHEMONTID:0000000;CHEMONTID:0004603;CHEMONTID:0000323;CHEMONTID:0000011,Organic compounds;Organic oxygen compounds;Organooxygen compounds;Carbohydrates and carbohydrate conjugates
10785,Dialkyl ethers,0.96,CHEMONTID:0001167,5,CHEMONTID:0000254,CHEMONTID:0000000;CHEMONTID:0004603;CHEMONTID:0000323;CHEMONTID:0000254;CHEMONTID:0001167,Organic compounds;Organic oxygen compounds;Organooxygen compounds;Ethers;Dialkyl ethers
6359,Carbonyl compounds,0.88,CHEMONTID:0001831,4,CHEMONTID:0000323,CHEMONTID:0000000;CHEMONTID:0004603;CHEMONTID:0000323;CHEMONTID:0001831,Organic compounds;Organic oxygen compounds;Organooxygen compounds;Carbonyl compounds
4923,Carbonyl compounds,0.96,CHEMONTID:0001831,4,CHEMONTID:0000323,CHEMONTID:0000000;CHEMONTID:0004603;CHEMONTID:0000323;CHEMONTID:0001831,Organic compounds;Organic oxygen compounds;Organooxygen compounds;Carbonyl compounds
9393,Primary amines,0.99,CHEMONTID:0002450,5,CHEMONTID:0002449,CHEMONTID:0000000;CHEMONTID:0004707;CHEMONTID:0000278;CHEMONTID:0002449;CHEMONTID:0002450,Organic compounds;Organic nitrogen compounds;Organonitrogen compounds;Amines;Primary amines
19192,Carbonyl compounds,0.99,CHEMONTID:0001831,4,CHEMONTID:0000323,CHEMONTID:0000000;CHEMONTID:0004603;CHEMONTID:0000323;CHEMONTID:0001831,Organic compounds;Organic oxygen compounds;Organooxygen compounds;Carbonyl compounds
17799,Pyrimidines and pyrimidine derivatives,1,CHEMONTID:0000075,4,CHEMONTID:0001346,CHEMONTID:0000000;CHEMONTID:0000002;CHEMONTID:0001346;CHEMONTID:0000075,Organic compounds;Organoheterocyclic compounds;Diazines;Pyrimidines and pyrimidine derivatives
6693,Carboxylic acid derivatives,0.9,CHEMONTID:0001093,4,CHEMONTID:0000265,CHEMONTID:0000000;CHEMONTID:0000264;CHEMONTID:0000265;CHEMONTID:0001093,Organic compounds;Organic acids and derivatives;Carboxylic acids and derivatives;Carboxylic acid derivatives
10565,Carbonyl compounds,0.94,CHEMONTID:0001831,4,CHEMONTID:0000323,CHEMONTID:0000000;CHEMONTID:0004603;CHEMONTID:0000323;CHEMONTID:0001831,Organic compounds;Organic oxygen compounds;Organooxygen compounds;Carbonyl compounds
14925,Carbonyl compounds,0.99,CHEMONTID:0001831,4,CHEMONTID:0000323,CHEMONTID:0000000;CHEMONTID:0004603;CHEMONTID:0000323;CHEMONTID:0001831,Organic compounds;Organic oxygen compounds;Organooxygen compounds;Carbonyl compounds
1071,Carboxylic acid derivatives,0.98,CHEMONTID:0001093,4,CHEMONTID:0000265,CHEMONTID:0000000;CHEMONTID:0000264;CHEMONTID:0000265;CHEMONTID:0001093,Organic compounds;Organic acids and derivatives;Carboxylic acids and derivatives;Carboxylic acid derivatives
9216,Fatty amides,0.94,CHEMONTID:0000331,4,CHEMONTID:0003909,CHEMONTID:0000000;CHEMONTID:0000012;CHEMONTID:0003909;CHEMONTID:0000331,Organic compounds;Lipids and lipid-like molecules;Fatty Acyls;Fatty amides
4174,Carbonyl compounds,0.95,CHEMONTID:0001831,4,CHEMONTID:0000323,CHEMONTID:0000000;CHEMONTID:0004603;CHEMONTID:0000323;CHEMONTID:0001831,Organic compounds;Organic oxygen compounds;Organooxygen compounds;Carbonyl compounds
6167,Carbonyl compounds,0.84,CHEMONTID:0001831,4,CHEMONTID:0000323,CHEMONTID:0000000;CHEMONTID:0004603;CHEMONTID:0000323;CHEMONTID:0001831,Organic compounds;Organic oxygen compounds;Organooxygen compounds;Carbonyl compounds
2027,Alcohols and polyols,0.97,CHEMONTID:0000129,4,CHEMONTID:0000323,CHEMONTID:0000000;CHEMONTID:0004603;CHEMONTID:0000323;CHEMONTID:0000129,Organic compounds;Organic oxygen compounds;Organooxygen compounds;Alcohols and polyols
5375,Primary amines,0.95,CHEMONTID:0002450,5,CHEMONTID:0002449,CHEMONTID:0000000;CHEMONTID:0004707;CHEMONTID:0000278;CHEMONTID:0002449;CHEMONTID:0002450,Organic compounds;Organic nitrogen compounds;Organonitrogen compounds;Amines;Primary amines
2042,Dialkyl ethers,0.81,CHEMONTID:0001167,5,CHEMONTID:0000254,CHEMONTID:0000000;CHEMONTID:0004603;CHEMONTID:0000323;CHEMONTID:0000254;CHEMONTID:0001167,Organic compounds;Organic oxygen compounds;Organooxygen compounds;Ethers;Dialkyl ethers
4128,Carbonyl compounds,0.99,CHEMONTID:0001831,4,CHEMONTID:0000323,CHEMONTID:0000000;CHEMONTID:0004603;CHEMONTID:0000323;CHEMONTID:0001831,Organic compounds;Organic oxygen compounds;Organooxygen compounds;Carbonyl compounds
20428,Alcohols and polyols,1,CHEMONTID:0000129,4,CHEMONTID:0000323,CHEMONTID:0000000;CHEMONTID:0004603;CHEMONTID:0000323;CHEMONTID:0000129,Organic compounds;Organic oxygen compounds;Organooxygen compounds;Alcohols and polyols
2169,Acetals,0.96,CHEMONTID:0001656,5,CHEMONTID:0000254,CHEMONTID:0000000;CHEMONTID:0004603;CHEMONTID:0000323;CHEMONTID:0000254;CHEMONTID:0001656,Organic compounds;Organic oxygen compounds;Organooxygen compounds;Ethers;Acetals
6230,Carboxylic acid derivatives,0.85,CHEMONTID:0001093,4,CHEMONTID:0000265,CHEMONTID:0000000;CHEMONTID:0000264;CHEMONTID:0000265;CHEMONTID:0001093,Organic compounds;Organic acids and derivatives;Carboxylic acids and derivatives;Carboxylic acid derivatives
5053,Monoalkylamines,1,CHEMONTID:0000469,6,CHEMONTID:0002450,CHEMONTID:0000000;CHEMONTID:0004707;CHEMONTID:0000278;CHEMONTID:0002449;CHEMONTID:0002450;CHEMONTID:0000469,Organic compounds;Organic nitrogen compounds;Organonitrogen compounds;Amines;Primary amines;Monoalkylamines
13084,Alkyl phosphates,1,CHEMONTID:0003457,5,CHEMONTID:0000408,CHEMONTID:0000000;CHEMONTID:0000264;CHEMONTID:0000402;CHEMONTID:0000408;CHEMONTID:0003457,Organic compounds;Organic acids and derivatives;Organic phosphoric acids and derivatives;Phosphate esters;Alkyl phosphates
13415,"Amino acids, peptides, and analogues",0.99,CHEMONTID:0000013,4,CHEMONTID:0000265,CHEMONTID:0000000;CHEMONTID:0000264;CHEMONTID:0000265;CHEMONTID:0000013,"Organic compounds;Organic acids and derivatives;Carboxylic acids and derivatives;Amino acids, peptides, and analogues"
4067,Amines,0.99,CHEMONTID:0002449,4,CHEMONTID:0000278,CHEMONTID:0000000;CHEMONTID:0004707;CHEMONTID:0000278;CHEMONTID:0002449,Organic compounds;Organic nitrogen compounds;Organonitrogen compounds;Amines
11536,Amino acids,1,CHEMONTID:0004176,6,CHEMONTID:0000347,CHEMONTID:0000000;CHEMONTID:0000264;CHEMONTID:0000265;CHEMONTID:0000013;CHEMONTID:0000347;CHEMONTID:0004176,"Organic compounds;Organic acids and derivatives;Carboxylic acids and derivatives;Amino acids, peptides, and analogues;Amino acids and derivatives;Amino acids"
18093,Alcohols and polyols,0.99,CHEMONTID:0000129,4,CHEMONTID:0000323,CHEMONTID:0000000;CHEMONTID:0004603;CHEMONTID:0000323;CHEMONTID:0000129,Organic compounds;Organic oxygen compounds;Organooxygen compounds;Alcohols and polyols
4684,Alcohols and polyols,0.95,CHEMONTID:0000129,4,CHEMONTID:0000323,CHEMONTID:0000000;CHEMONTID:0004603;CHEMONTID:0000323;CHEMONTID:0000129,Organic compounds;Organic oxygen compounds;Organooxygen compounds;Alcohols and polyols
9672,Carboxylic acid derivatives,0.85,CHEMONTID:0001093,4,CHEMONTID:0000265,CHEMONTID:0000000;CHEMONTID:0000264;CHEMONTID:0000265;CHEMONTID:0001093,Organic compounds;Organic acids and derivatives;Carboxylic acids and derivatives;Carboxylic acid derivatives
15456,Carboxylic acid derivatives,0.85,CHEMONTID:0001093,4,CHEMONTID:0000265,CHEMONTID:0000000;CHEMONTID:0000264;CHEMONTID:0000265;CHEMONTID:0001093,Organic compounds;Organic acids and derivatives;Carboxylic acids and derivatives;Carboxylic acid derivatives
14652,Carboxylic acids,0.82,CHEMONTID:0001205,4,CHEMONTID:0000265,CHEMONTID:0000000;CHEMONTID:0000264;CHEMONTID:0000265;CHEMONTID:0001205,Organic compounds;Organic acids and derivatives;Carboxylic acids and derivatives;Carboxylic acids
12306,Monoalkylamines,0.98,CHEMONTID:0000469,6,CHEMONTID:0002450,CHEMONTID:0000000;CHEMONTID:0004707;CHEMONTID:0000278;CHEMONTID:0002449;CHEMONTID:0002450;CHEMONTID:0000469,Organic compounds;Organic nitrogen compounds;Organonitrogen compounds;Amines;Primary amines;Monoalkylamines
11197,Carboxylic acid derivatives,0.9,CHEMONTID:0001093,4,CHEMONTID:0000265,CHEMONTID:0000000;CHEMONTID:0000264;CHEMONTID:0000265;CHEMONTID:0001093,Organic compounds;Organic acids and derivatives;Carboxylic acids and derivatives;Carboxylic acid derivatives
19013,Alcohols and polyols,0.98,CHEMONTID:0000129,4,CHEMONTID:0000323,CHEMONTID:0000000;CHEMONTID:0004603;CHEMONTID:0000323;CHEMONTID:0000129,Organic compounds;Organic oxygen compounds;Organooxygen compounds;Alcohols and polyols
11181,Monoalkylamines,0.99,CHEMONTID:0000469,6,CHEMONTID:0002450,CHEMONTID:0000000;CHEMONTID:0004707;CHEMONTID:0000278;CHEMONTID:0002449;CHEMONTID:0002450;CHEMONTID:0000469,Organic compounds;Organic nitrogen compounds;Organonitrogen compounds;Amines;Primary amines;Monoalkylamines
3156,Primary amines,0.8,CHEMONTID:0002450,5,CHEMONTID:0002449,CHEMONTID:0000000;CHEMONTID:0004707;CHEMONTID:0000278;CHEMONTID:0002449;CHEMONTID:0002450,Organic compounds;Organic nitrogen compounds;Organonitrogen compounds;Amines;Primary amines
17000,Alcohols and polyols,0.88,CHEMONTID:0000129,4,CHEMONTID:0000323,CHEMONTID:0000000;CHEMONTID:0004603;CHEMONTID:0000323;CHEMONTID:0000129,Organic compounds;Organic oxygen compounds;Organooxygen compounds;Alcohols and polyols
8725,Carbonyl compounds,1,CHEMONTID:0001831,4,CHEMONTID:0000323,CHEMONTID:0000000;CHEMONTID:0004603;CHEMONTID:0000323;CHEMONTID:0001831,Organic compounds;Organic oxygen compounds;Organooxygen compounds;Carbonyl compounds
9869,Carbonyl compounds,1,CHEMONTID:0001831,4,CHEMONTID:0000323,CHEMONTID:0000000;CHEMONTID:0004603;CHEMONTID:0000323;CHEMONTID:0001831,Organic compounds;Organic oxygen compounds;Organooxygen compounds;Carbonyl compounds
19740,Carbonyl compounds,0.91,CHEMONTID:0001831,4,CHEMONTID:0000323,CHEMONTID:0000000;CHEMONTID:0004603;CHEMONTID:0000323;CHEMONTID:0001831,Organic compounds;Organic oxygen compounds;Organooxygen compounds;Carbonyl compounds
15937,Carboxylic acid derivatives,0.8,CHEMONTID:0001093,4,CHEMONTID:0000265,CHEMONTID:0000000;CHEMONTID:0000264;CHEMONTID:0000265;CHEMONTID:0001093,Organic compounds;Organic acids and derivatives;Carboxylic acids and derivatives;Carboxylic acid derivatives
20690,Amines,0.86,CHEMONTID:0002449,4,CHEMONTID:0000278,CHEMONTID:0000000;CHEMONTID:0004707;CHEMONTID:0000278;CHEMONTID:0002449,Organic compounds;Organic nitrogen compounds;Organonitrogen compounds;Amines
6352,Monoalkylamines,0.9,CHEMONTID:0000469,6,CHEMONTID:0002450,CHEMONTID:0000000;CHEMONTID:0004707;CHEMONTID:0000278;CHEMONTID:0002449;CHEMONTID:0002450;CHEMONTID:0000469,Organic compounds;Organic nitrogen compounds;Organonitrogen compounds;Amines;Primary amines;Monoalkylamines
11083,Carboxylic acid derivatives,0.88,CHEMONTID:0001093,4,CHEMONTID:0000265,CHEMONTID:0000000;CHEMONTID:0000264;CHEMONTID:0000265;CHEMONTID:0001093,Organic compounds;Organic acids and derivatives;Carboxylic acids and derivatives;Carboxylic acid derivatives
6921,Amines,0.97,CHEMONTID:0002449,4,CHEMONTID:0000278,CHEMONTID:0000000;CHEMONTID:0004707;CHEMONTID:0000278;CHEMONTID:0002449,Organic compounds;Organic nitrogen compounds;Organonitrogen compounds;Amines
10133,Carbohydrates and carbohydrate conjugates,0.98,CHEMONTID:0000011,4,CHEMONTID:0000323,CHEMONTID:0000000;CHEMONTID:0004603;CHEMONTID:0000323;CHEMONTID:0000011,Organic compounds;Organic oxygen compounds;Organooxygen compounds;Carbohydrates and carbohydrate conjugates
11292,Monoalkylamines,0.95,CHEMONTID:0000469,6,CHEMONTID:0002450,CHEMONTID:0000000;CHEMONTID:0004707;CHEMONTID:0000278;CHEMONTID:0002449;CHEMONTID:0002450;CHEMONTID:0000469,Organic compounds;Organic nitrogen compounds;Organonitrogen compounds;Amines;Primary amines;Monoalkylamines
11095,Carbonyl compounds,0.84,CHEMONTID:0001831,4,CHEMONTID:0000323,CHEMONTID:0000000;CHEMONTID:0004603;CHEMONTID:0000323;CHEMONTID:0001831,Organic compounds;Organic oxygen compounds;Organooxygen compounds;Carbonyl compounds
11313,Primary amines,0.96,CHEMONTID:0002450,5,CHEMONTID:0002449,CHEMONTID:0000000;CHEMONTID:0004707;CHEMONTID:0000278;CHEMONTID:0002449;CHEMONTID:0002450,Organic compounds;Organic nitrogen compounds;Organonitrogen compounds;Amines;Primary amines
11504,Carbonyl compounds,0.87,CHEMONTID:0001831,4,CHEMONTID:0000323,CHEMONTID:0000000;CHEMONTID:0004603;CHEMONTID:0000323;CHEMONTID:0001831,Organic compounds;Organic oxygen compounds;Organooxygen compounds;Carbonyl compounds
12041,Guanidines,0.82,CHEMONTID:0000375,4,CHEMONTID:0000278,CHEMONTID:0000000;CHEMONTID:0004707;CHEMONTID:0000278;CHEMONTID:0000375,Organic compounds;Organic nitrogen compounds;Organonitrogen compounds;Guanidines
8789,Primary amines,1,CHEMONTID:0002450,5,CHEMONTID:0002449,CHEMONTID:0000000;CHEMONTID:0004707;CHEMONTID:0000278;CHEMONTID:0002449;CHEMONTID:0002450,Organic compounds;Organic nitrogen compounds;Organonitrogen compounds;Amines;Primary amines
16120,Methyl esters,0.87,CHEMONTID:0003416,6,CHEMONTID:0001238,CHEMONTID:0000000;CHEMONTID:0000264;CHEMONTID:0000265;CHEMONTID:0001093;CHEMONTID:0001238;CHEMONTID:0003416,Organic compounds;Organic acids and derivatives;Carboxylic acids and derivatives;Carboxylic acid derivatives;Carboxylic acid esters;Methyl esters
7628,Imidazoles,0.95,CHEMONTID:0000078,4,CHEMONTID:0000436,CHEMONTID:0000000;CHEMONTID:0000002;CHEMONTID:0000436;CHEMONTID:0000078,Organic compounds;Organoheterocyclic compounds;Azoles;Imidazoles
3636,Primary amines,0.81,CHEMONTID:0002450,5,CHEMONTID:0002449,CHEMONTID:0000000;CHEMONTID:0004707;CHEMONTID:0000278;CHEMONTID:0002449;CHEMONTID:0002450,Organic compounds;Organic nitrogen compounds;Organonitrogen compounds;Amines;Primary amines
8890,Carbonyl compounds,0.89,CHEMONTID:0001831,4,CHEMONTID:0000323,CHEMONTID:0000000;CHEMONTID:0004603;CHEMONTID:0000323;CHEMONTID:0001831,Organic compounds;Organic oxygen compounds;Organooxygen compounds;Carbonyl compounds
3243,Carboxylic acid derivatives,0.98,CHEMONTID:0001093,4,CHEMONTID:0000265,CHEMONTID:0000000;CHEMONTID:0000264;CHEMONTID:0000265;CHEMONTID:0001093,Organic compounds;Organic acids and derivatives;Carboxylic acids and derivatives;Carboxylic acid derivatives
16066,Alcohols and polyols,0.85,CHEMONTID:0000129,4,CHEMONTID:0000323,CHEMONTID:0000000;CHEMONTID:0004603;CHEMONTID:0000323;CHEMONTID:0000129,Organic compounds;Organic oxygen compounds;Organooxygen compounds;Alcohols and polyols
9405,Carbonyl compounds,0.85,CHEMONTID:0001831,4,CHEMONTID:0000323,CHEMONTID:0000000;CHEMONTID:0004603;CHEMONTID:0000323;CHEMONTID:0001831,Organic compounds;Organic oxygen compounds;Organooxygen compounds;Carbonyl compounds
14744,Carbonyl compounds,0.91,CHEMONTID:0001831,4,CHEMONTID:0000323,CHEMONTID:0000000;CHEMONTID:0004603;CHEMONTID:0000323;CHEMONTID:0001831,Organic compounds;Organic oxygen compounds;Organooxygen compounds;Carbonyl compounds
11138,Amines,0.92,CHEMONTID:0002449,4,CHEMONTID:0000278,CHEMONTID:0000000;CHEMONTID:0004707;CHEMONTID:0000278;CHEMONTID:0002449,Organic compounds;Organic nitrogen compounds;Organonitrogen compounds;Amines
13235,Carbonyl compounds,0.9,CHEMONTID:0001831,4,CHEMONTID:0000323,CHEMONTID:0000000;CHEMONTID:0004603;CHEMONTID:0000323;CHEMONTID:0001831,Organic compounds;Organic oxygen compounds;Organooxygen compounds;Carbonyl compounds
19994,Carboxylic acid derivatives,0.99,CHEMONTID:0001093,4,CHEMONTID:0000265,CHEMONTID:0000000;CHEMONTID:0000264;CHEMONTID:0000265;CHEMONTID:0001093,Organic compounds;Organic acids and derivatives;Carboxylic acids and derivatives;Carboxylic acid derivatives
8009,Carboxylic acid derivatives,0.94,CHEMONTID:0001093,4,CHEMONTID:0000265,CHEMONTID:0000000;CHEMONTID:0000264;CHEMONTID:0000265;CHEMONTID:0001093,Organic compounds;Organic acids and derivatives;Carboxylic acids and derivatives;Carboxylic acid derivatives
6147,Carbonyl compounds,0.97,CHEMONTID:0001831,4,CHEMONTID:0000323,CHEMONTID:0000000;CHEMONTID:0004603;CHEMONTID:0000323;CHEMONTID:0001831,Organic compounds;Organic oxygen compounds;Organooxygen compounds;Carbonyl compounds
14040,Carbonyl compounds,0.98,CHEMONTID:0001831,4,CHEMONTID:0000323,CHEMONTID:0000000;CHEMONTID:0004603;CHEMONTID:0000323;CHEMONTID:0001831,Organic compounds;Organic oxygen compounds;Organooxygen compounds;Carbonyl compounds
19122,Primary amines,0.92,CHEMONTID:0002450,5,CHEMONTID:0002449,CHEMONTID:0000000;CHEMONTID:0004707;CHEMONTID:0000278;CHEMONTID:0002449;CHEMONTID:0002450,Organic compounds;Organic nitrogen compounds;Organonitrogen compounds;Amines;Primary amines
3025,Carbonyl compounds,0.85,CHEMONTID:0001831,4,CHEMONTID:0000323,CHEMONTID:0000000;CHEMONTID:0004603;CHEMONTID:0000323;CHEMONTID:0001831,Organic compounds;Organic oxygen compounds;Organooxygen compounds;Carbonyl compounds
1644,Alcohols and polyols,0.91,CHEMONTID:0000129,4,CHEMONTID:0000323,CHEMONTID:0000000;CHEMONTID:0004603;CHEMONTID:0000323;CHEMONTID:0000129,Organic compounds;Organic oxygen compounds;Organooxygen compounds;Alcohols and polyols
11801,Carbonyl compounds,0.8,CHEMONTID:0001831,4,CHEMONTID:0000323,CHEMONTID:0000000;CHEMONTID:0004603;CHEMONTID:0000323;CHEMONTID:0001831,Organic compounds;Organic oxygen compounds;Organooxygen compounds;Carbonyl compounds
6309,Cyclic alcohols and derivatives,0.84,CHEMONTID:0001292,5,CHEMONTID:0000129,CHEMONTID:0000000;CHEMONTID:0004603;CHEMONTID:0000323;CHEMONTID:0000129;CHEMONTID:0001292,Organic compounds;Organic oxygen compounds;Organooxygen compounds;Alcohols and polyols;Cyclic alcohols and derivatives
1822,Primary amines,1,CHEMONTID:0002450,5,CHEMONTID:0002449,CHEMONTID:0000000;CHEMONTID:0004707;CHEMONTID:0000278;CHEMONTID:0002449;CHEMONTID:0002450,Organic compounds;Organic nitrogen compounds;Organonitrogen compounds;Amines;Primary amines
10257,Carbohydrates and carbohydrate conjugates,0.98,CHEMONTID:0000011,4,CHEMONTID:0000323,CHEMONTID:0000000;CHEMONTID:0004603;CHEMONTID:0000323;CHEMONTID:0000011,Organic compounds;Organic oxygen compounds;Organooxygen compounds;Carbohydrates and carbohydrate conjugates
10289,Carbonyl compounds,0.98,CHEMONTID:0001831,4,CHEMONTID:0000323,CHEMONTID:0000000;CHEMONTID:0004603;CHEMONTID:0000323;CHEMONTID:0001831,Organic compounds;Organic oxygen compounds;Organooxygen compounds;Carbonyl compounds
15079,Carboxylic acid derivatives,1,CHEMONTID:0001093,4,CHEMONTID:0000265,CHEMONTID:0000000;CHEMONTID:0000264;CHEMONTID:0000265;CHEMONTID:0001093,Organic compounds;Organic acids and derivatives;Carboxylic acids and derivatives;Carboxylic acid derivatives
2128,Carbonyl compounds,0.99,CHEMONTID:0001831,4,CHEMONTID:0000323,CHEMONTID:0000000;CHEMONTID:0004603;CHEMONTID:0000323;CHEMONTID:0001831,Organic compounds;Organic oxygen compounds;Organooxygen compounds;Carbonyl compounds
10241,Guanidines,0.87,CHEMONTID:0000375,4,CHEMONTID:0000278,CHEMONTID:0000000;CHEMONTID:0004707;CHEMONTID:0000278;CHEMONTID:0000375,Organic compounds;Organic nitrogen compounds;Organonitrogen compounds;Guanidines
15137,Carbonyl compounds,0.95,CHEMONTID:0001831,4,CHEMONTID:0000323,CHEMONTID:0000000;CHEMONTID:0004603;CHEMONTID:0000323;CHEMONTID:0001831,Organic compounds;Organic oxygen compounds;Organooxygen compounds;Carbonyl compounds
12422,Carboxylic acid derivatives,0.93,CHEMONTID:0001093,4,CHEMONTID:0000265,CHEMONTID:0000000;CHEMONTID:0000264;CHEMONTID:0000265;CHEMONTID:0001093,Organic compounds;Organic acids and derivatives;Carboxylic acids and derivatives;Carboxylic acid derivatives
15291,Guanidines,0.98,CHEMONTID:0000375,4,CHEMONTID:0000278,CHEMONTID:0000000;CHEMONTID:0004707;CHEMONTID:0000278;CHEMONTID:0000375,Organic compounds;Organic nitrogen compounds;Organonitrogen compounds;Guanidines
15372,Carboxylic acid derivatives,0.97,CHEMONTID:0001093,4,CHEMONTID:0000265,CHEMONTID:0000000;CHEMONTID:0000264;CHEMONTID:0000265;CHEMONTID:0001093,Organic compounds;Organic acids and derivatives;Carboxylic acids and derivatives;Carboxylic acid derivatives
4263,Carbonyl compounds,0.96,CHEMONTID:0001831,4,CHEMONTID:0000323,CHEMONTID:0000000;CHEMONTID:0004603;CHEMONTID:0000323;CHEMONTID:0001831,Organic compounds;Organic oxygen compounds;Organooxygen compounds;Carbonyl compounds
20423,Phosphoethanolamines,0.84,CHEMONTID:0001266,5,CHEMONTID:0000408,CHEMONTID:0000000;CHEMONTID:0000264;CHEMONTID:0000402;CHEMONTID:0000408;CHEMONTID:0001266,Organic compounds;Organic acids and derivatives;Organic phosphoric acids and derivatives;Phosphate esters;Phosphoethanolamines
14190,Primary amines,0.82,CHEMONTID:0002450,5,CHEMONTID:0002449,CHEMONTID:0000000;CHEMONTID:0004707;CHEMONTID:0000278;CHEMONTID:0002449;CHEMONTID:0002450,Organic compounds;Organic nitrogen compounds;Organonitrogen compounds;Amines;Primary amines
13896,Primary amines,0.91,CHEMONTID:0002450,5,CHEMONTID:0002449,CHEMONTID:0000000;CHEMONTID:0004707;CHEMONTID:0000278;CHEMONTID:0002449;CHEMONTID:0002450,Organic compounds;Organic nitrogen compounds;Organonitrogen compounds;Amines;Primary amines
11285,Carbonyl compounds,0.91,CHEMONTID:0001831,4,CHEMONTID:0000323,CHEMONTID:0000000;CHEMONTID:0004603;CHEMONTID:0000323;CHEMONTID:0001831,Organic compounds;Organic oxygen compounds;Organooxygen compounds;Carbonyl compounds
14250,Carboxylic acid derivatives,0.99,CHEMONTID:0001093,4,CHEMONTID:0000265,CHEMONTID:0000000;CHEMONTID:0000264;CHEMONTID:0000265;CHEMONTID:0001093,Organic compounds;Organic acids and derivatives;Carboxylic acids and derivatives;Carboxylic acid derivatives
20687,Carbonyl compounds,0.98,CHEMONTID:0001831,4,CHEMONTID:0000323,CHEMONTID:0000000;CHEMONTID:0004603;CHEMONTID:0000323;CHEMONTID:0001831,Organic compounds;Organic oxygen compounds;Organooxygen compounds;Carbonyl compounds
8809,Carbonyl compounds,0.92,CHEMONTID:0001831,4,CHEMONTID:0000323,CHEMONTID:0000000;CHEMONTID:0004603;CHEMONTID:0000323;CHEMONTID:0001831,Organic compounds;Organic oxygen compounds;Organooxygen compounds;Carbonyl compounds
1942,Carbonyl compounds,0.91,CHEMONTID:0001831,4,CHEMONTID:0000323,CHEMONTID:0000000;CHEMONTID:0004603;CHEMONTID:0000323;CHEMONTID:0001831,Organic compounds;Organic oxygen compounds;Organooxygen compounds;Carbonyl compounds
6597,Carbonyl compounds,0.88,CHEMONTID:0001831,4,CHEMONTID:0000323,CHEMONTID:0000000;CHEMONTID:0004603;CHEMONTID:0000323;CHEMONTID:0001831,Organic compounds;Organic oxygen compounds;Organooxygen compounds;Carbonyl compounds
15489,Alcohols and polyols,1,CHEMONTID:0000129,4,CHEMONTID:0000323,CHEMONTID:0000000;CHEMONTID:0004603;CHEMONTID:0000323;CHEMONTID:0000129,Organic compounds;Organic oxygen compounds;Organooxygen compounds;Alcohols and polyols
12484,Carboxylic acid derivatives,0.98,CHEMONTID:0001093,4,CHEMONTID:0000265,CHEMONTID:0000000;CHEMONTID:0000264;CHEMONTID:0000265;CHEMONTID:0001093,Organic compounds;Organic acids and derivatives;Carboxylic acids and derivatives;Carboxylic acid derivatives
4523,Carbonyl compounds,0.85,CHEMONTID:0001831,4,CHEMONTID:0000323,CHEMONTID:0000000;CHEMONTID:0004603;CHEMONTID:0000323;CHEMONTID:0001831,Organic compounds;Organic oxygen compounds;Organooxygen compounds;Carbonyl compounds
6603,Monoalkylamines,0.97,CHEMONTID:0000469,6,CHEMONTID:0002450,CHEMONTID:0000000;CHEMONTID:0004707;CHEMONTID:0000278;CHEMONTID:0002449;CHEMONTID:0002450;CHEMONTID:0000469,Organic compounds;Organic nitrogen compounds;Organonitrogen compounds;Amines;Primary amines;Monoalkylamines
14123,Primary amines,0.95,CHEMONTID:0002450,5,CHEMONTID:0002449,CHEMONTID:0000000;CHEMONTID:0004707;CHEMONTID:0000278;CHEMONTID:0002449;CHEMONTID:0002450,Organic compounds;Organic nitrogen compounds;Organonitrogen compounds;Amines;Primary amines
81,Monoalkylamines,0.97,CHEMONTID:0000469,6,CHEMONTID:0002450,CHEMONTID:0000000;CHEMONTID:0004707;CHEMONTID:0000278;CHEMONTID:0002449;CHEMONTID:0002450;CHEMONTID:0000469,Organic compounds;Organic nitrogen compounds;Organonitrogen compounds;Amines;Primary amines;Monoalkylamines
6194,Carbonyl compounds,0.8,CHEMONTID:0001831,4,CHEMONTID:0000323,CHEMONTID:0000000;CHEMONTID:0004603;CHEMONTID:0000323;CHEMONTID:0001831,Organic compounds;Organic oxygen compounds;Organooxygen compounds;Carbonyl compounds
4532,Carbonyl compounds,0.96,CHEMONTID:0001831,4,CHEMONTID:0000323,CHEMONTID:0000000;CHEMONTID:0004603;CHEMONTID:0000323;CHEMONTID:0001831,Organic compounds;Organic oxygen compounds;Organooxygen compounds;Carbonyl compounds
4977,Amines,0.97,CHEMONTID:0002449,4,CHEMONTID:0000278,CHEMONTID:0000000;CHEMONTID:0004707;CHEMONTID:0000278;CHEMONTID:0002449,Organic compounds;Organic nitrogen compounds;Organonitrogen compounds;Amines
20203,Carboxylic acid derivatives,0.99,CHEMONTID:0001093,4,CHEMONTID:0000265,CHEMONTID:0000000;CHEMONTID:0000264;CHEMONTID:0000265;CHEMONTID:0001093,Organic compounds;Organic acids and derivatives;Carboxylic acids and derivatives;Carboxylic acid derivatives
19350,Monoalkylamines,0.99,CHEMONTID:0000469,6,CHEMONTID:0002450,CHEMONTID:0000000;CHEMONTID:0004707;CHEMONTID:0000278;CHEMONTID:0002449;CHEMONTID:0002450;CHEMONTID:0000469,Organic compounds;Organic nitrogen compounds;Organonitrogen compounds;Amines;Primary amines;Monoalkylamines
13617,Carbonyl compounds,0.9,CHEMONTID:0001831,4,CHEMONTID:0000323,CHEMONTID:0000000;CHEMONTID:0004603;CHEMONTID:0000323;CHEMONTID:0001831,Organic compounds;Organic oxygen compounds;Organooxygen compounds;Carbonyl compounds
7211,Carbonyl compounds,0.96,CHEMONTID:0001831,4,CHEMONTID:0000323,CHEMONTID:0000000;CHEMONTID:0004603;CHEMONTID:0000323;CHEMONTID:0001831,Organic compounds;Organic oxygen compounds;Organooxygen compounds;Carbonyl compounds
3560,Methyl esters,0.91,CHEMONTID:0003416,6,CHEMONTID:0001238,CHEMONTID:0000000;CHEMONTID:0000264;CHEMONTID:0000265;CHEMONTID:0001093;CHEMONTID:0001238;CHEMONTID:0003416,Organic compounds;Organic acids and derivatives;Carboxylic acids and derivatives;Carboxylic acid derivatives;Carboxylic acid esters;Methyl esters
18716,Primary alcohols,0.97,CHEMONTID:0000286,5,CHEMONTID:0000129,CHEMONTID:0000000;CHEMONTID:0004603;CHEMONTID:0000323;CHEMONTID:0000129;CHEMONTID:0000286,Organic compounds;Organic oxygen compounds;Organooxygen compounds;Alcohols and polyols;Primary alcohols
13601,Alcohols and polyols,0.94,CHEMONTID:0000129,4,CHEMONTID:0000323,CHEMONTID:0000000;CHEMONTID:0004603;CHEMONTID:0000323;CHEMONTID:0000129,Organic compounds;Organic oxygen compounds;Organooxygen compounds;Alcohols and polyols
2995,Carbonyl compounds,0.94,CHEMONTID:0001831,4,CHEMONTID:0000323,CHEMONTID:0000000;CHEMONTID:0004603;CHEMONTID:0000323;CHEMONTID:0001831,Organic compounds;Organic oxygen compounds;Organooxygen compounds;Carbonyl compounds
16752,Alcohols and polyols,0.97,CHEMONTID:0000129,4,CHEMONTID:0000323,CHEMONTID:0000000;CHEMONTID:0004603;CHEMONTID:0000323;CHEMONTID:0000129,Organic compounds;Organic oxygen compounds;Organooxygen compounds;Alcohols and polyols
15038,Carboxylic acid derivatives,0.88,CHEMONTID:0001093,4,CHEMONTID:0000265,CHEMONTID:0000000;CHEMONTID:0000264;CHEMONTID:0000265;CHEMONTID:0001093,Organic compounds;Organic acids and derivatives;Carboxylic acids and derivatives;Carboxylic acid derivatives
15526,Primary amines,0.95,CHEMONTID:0002450,5,CHEMONTID:0002449,CHEMONTID:0000000;CHEMONTID:0004707;CHEMONTID:0000278;CHEMONTID:0002449;CHEMONTID:0002450,Organic compounds;Organic nitrogen compounds;Organonitrogen compounds;Amines;Primary amines
16339,Carbonyl compounds,0.94,CHEMONTID:0001831,4,CHEMONTID:0000323,CHEMONTID:0000000;CHEMONTID:0004603;CHEMONTID:0000323;CHEMONTID:0001831,Organic compounds;Organic oxygen compounds;Organooxygen compounds;Carbonyl compounds
19613,Carbonyl compounds,0.87,CHEMONTID:0001831,4,CHEMONTID:0000323,CHEMONTID:0000000;CHEMONTID:0004603;CHEMONTID:0000323;CHEMONTID:0001831,Organic compounds;Organic oxygen compounds;Organooxygen compounds;Carbonyl compounds
15123,Carbonyl compounds,0.92,CHEMONTID:0001831,4,CHEMONTID:0000323,CHEMONTID:0000000;CHEMONTID:0004603;CHEMONTID:0000323;CHEMONTID:0001831,Organic compounds;Organic oxygen compounds;Organooxygen compounds;Carbonyl compounds
14277,Amino acids and derivatives,0.99,CHEMONTID:0000347,5,CHEMONTID:0000013,CHEMONTID:0000000;CHEMONTID:0000264;CHEMONTID:0000265;CHEMONTID:0000013;CHEMONTID:0000347,"Organic compounds;Organic acids and derivatives;Carboxylic acids and derivatives;Amino acids, peptides, and analogues;Amino acids and derivatives"
3034,Amines,0.99,CHEMONTID:0002449,4,CHEMONTID:0000278,CHEMONTID:0000000;CHEMONTID:0004707;CHEMONTID:0000278;CHEMONTID:0002449,Organic compounds;Organic nitrogen compounds;Organonitrogen compounds;Amines
14773,Primary amines,0.96,CHEMONTID:0002450,5,CHEMONTID:0002449,CHEMONTID:0000000;CHEMONTID:0004707;CHEMONTID:0000278;CHEMONTID:0002449;CHEMONTID:0002450,Organic compounds;Organic nitrogen compounds;Organonitrogen compounds;Amines;Primary amines
10922,Dialkyl ethers,0.96,CHEMONTID:0001167,5,CHEMONTID:0000254,CHEMONTID:0000000;CHEMONTID:0004603;CHEMONTID:0000323;CHEMONTID:0000254;CHEMONTID:0001167,Organic compounds;Organic oxygen compounds;Organooxygen compounds;Ethers;Dialkyl ethers
16084,Amines,0.98,CHEMONTID:0002449,4,CHEMONTID:0000278,CHEMONTID:0000000;CHEMONTID:0004707;CHEMONTID:0000278;CHEMONTID:0002449,Organic compounds;Organic nitrogen compounds;Organonitrogen compounds;Amines
16259,Alcohols and polyols,0.98,CHEMONTID:0000129,4,CHEMONTID:0000323,CHEMONTID:0000000;CHEMONTID:0004603;CHEMONTID:0000323;CHEMONTID:0000129,Organic compounds;Organic oxygen compounds;Organooxygen compounds;Alcohols and polyols
19136,Monoalkylamines,0.84,CHEMONTID:0000469,6,CHEMONTID:0002450,CHEMONTID:0000000;CHEMONTID:0004707;CHEMONTID:0000278;CHEMONTID:0002449;CHEMONTID:0002450;CHEMONTID:0000469,Organic compounds;Organic nitrogen compounds;Organonitrogen compounds;Amines;Primary amines;Monoalkylamines
20708,Carbonyl compounds,1,CHEMONTID:0001831,4,CHEMONTID:0000323,CHEMONTID:0000000;CHEMONTID:0004603;CHEMONTID:0000323;CHEMONTID:0001831,Organic compounds;Organic oxygen compounds;Organooxygen compounds;Carbonyl compounds
2244,6-aminopurines,0.92,CHEMONTID:0002987,5,CHEMONTID:0000245,CHEMONTID:0000000;CHEMONTID:0000002;CHEMONTID:0001797;CHEMONTID:0000245;CHEMONTID:0002987,Organic compounds;Organoheterocyclic compounds;Imidazopyrimidines;Purines and purine derivatives;6-aminopurines
14405,Amines,0.91,CHEMONTID:0002449,4,CHEMONTID:0000278,CHEMONTID:0000000;CHEMONTID:0004707;CHEMONTID:0000278;CHEMONTID:0002449,Organic compounds;Organic nitrogen compounds;Organonitrogen compounds;Amines
20252,Monoalkylamines,0.9,CHEMONTID:0000469,6,CHEMONTID:0002450,CHEMONTID:0000000;CHEMONTID:0004707;CHEMONTID:0000278;CHEMONTID:0002449;CHEMONTID:0002450;CHEMONTID:0000469,Organic compounds;Organic nitrogen compounds;Organonitrogen compounds;Amines;Primary amines;Monoalkylamines
5007,Dicarboxylic acids and derivatives,0.86,CHEMONTID:0000346,4,CHEMONTID:0000265,CHEMONTID:0000000;CHEMONTID:0000264;CHEMONTID:0000265;CHEMONTID:0000346,Organic compounds;Organic acids and derivatives;Carboxylic acids and derivatives;Dicarboxylic acids and derivatives
3252,Carbonyl compounds,0.93,CHEMONTID:0001831,4,CHEMONTID:0000323,CHEMONTID:0000000;CHEMONTID:0004603;CHEMONTID:0000323;CHEMONTID:0001831,Organic compounds;Organic oxygen compounds;Organooxygen compounds;Carbonyl compounds
5864,Carbonyl compounds,0.97,CHEMONTID:0001831,4,CHEMONTID:0000323,CHEMONTID:0000000;CHEMONTID:0004603;CHEMONTID:0000323;CHEMONTID:0001831,Organic compounds;Organic oxygen compounds;Organooxygen compounds;Carbonyl compounds
20541,Carboxylic acid derivatives,0.96,CHEMONTID:0001093,4,CHEMONTID:0000265,CHEMONTID:0000000;CHEMONTID:0000264;CHEMONTID:0000265;CHEMONTID:0001093,Organic compounds;Organic acids and derivatives;Carboxylic acids and derivatives;Carboxylic acid derivatives
15325,Amines,0.99,CHEMONTID:0002449,4,CHEMONTID:0000278,CHEMONTID:0000000;CHEMONTID:0004707;CHEMONTID:0000278;CHEMONTID:0002449,Organic compounds;Organic nitrogen compounds;Organonitrogen compounds;Amines
8881,Carbonyl compounds,0.81,CHEMONTID:0001831,4,CHEMONTID:0000323,CHEMONTID:0000000;CHEMONTID:0004603;CHEMONTID:0000323;CHEMONTID:0001831,Organic compounds;Organic oxygen compounds;Organooxygen compounds;Carbonyl compounds
10528,Monoalkylamines,0.99,CHEMONTID:0000469,6,CHEMONTID:0002450,CHEMONTID:0000000;CHEMONTID:0004707;CHEMONTID:0000278;CHEMONTID:0002449;CHEMONTID:0002450;CHEMONTID:0000469,Organic compounds;Organic nitrogen compounds;Organonitrogen compounds;Amines;Primary amines;Monoalkylamines
15602,Dialkyl ethers,0.99,CHEMONTID:0001167,5,CHEMONTID:0000254,CHEMONTID:0000000;CHEMONTID:0004603;CHEMONTID:0000323;CHEMONTID:0000254;CHEMONTID:0001167,Organic compounds;Organic oxygen compounds;Organooxygen compounds;Ethers;Dialkyl ethers
15446,Carbonyl compounds,0.87,CHEMONTID:0001831,4,CHEMONTID:0000323,CHEMONTID:0000000;CHEMONTID:0004603;CHEMONTID:0000323;CHEMONTID:0001831,Organic compounds;Organic oxygen compounds;Organooxygen compounds;Carbonyl compounds
20245,Primary amines,0.86,CHEMONTID:0002450,5,CHEMONTID:0002449,CHEMONTID:0000000;CHEMONTID:0004707;CHEMONTID:0000278;CHEMONTID:0002449;CHEMONTID:0002450,Organic compounds;Organic nitrogen compounds;Organonitrogen compounds;Amines;Primary amines
6383,Carbonyl compounds,0.85,CHEMONTID:0001831,4,CHEMONTID:0000323,CHEMONTID:0000000;CHEMONTID:0004603;CHEMONTID:0000323;CHEMONTID:0001831,Organic compounds;Organic oxygen compounds;Organooxygen compounds;Carbonyl compounds
20226,Secondary alcohols,0.88,CHEMONTID:0001661,5,CHEMONTID:0000129,CHEMONTID:0000000;CHEMONTID:0004603;CHEMONTID:0000323;CHEMONTID:0000129;CHEMONTID:0001661,Organic compounds;Organic oxygen compounds;Organooxygen compounds;Alcohols and polyols;Secondary alcohols
14642,Primary alcohols,0.9,CHEMONTID:0000286,5,CHEMONTID:0000129,CHEMONTID:0000000;CHEMONTID:0004603;CHEMONTID:0000323;CHEMONTID:0000129;CHEMONTID:0000286,Organic compounds;Organic oxygen compounds;Organooxygen compounds;Alcohols and polyols;Primary alcohols
7593,Carboxylic acid derivatives,0.95,CHEMONTID:0001093,4,CHEMONTID:0000265,CHEMONTID:0000000;CHEMONTID:0000264;CHEMONTID:0000265;CHEMONTID:0001093,Organic compounds;Organic acids and derivatives;Carboxylic acids and derivatives;Carboxylic acid derivatives
11727,Monoalkylamines,0.94,CHEMONTID:0000469,6,CHEMONTID:0002450,CHEMONTID:0000000;CHEMONTID:0004707;CHEMONTID:0000278;CHEMONTID:0002449;CHEMONTID:0002450;CHEMONTID:0000469,Organic compounds;Organic nitrogen compounds;Organonitrogen compounds;Amines;Primary amines;Monoalkylamines
17824,Phosphate esters,0.97,CHEMONTID:0000408,4,CHEMONTID:0000402,CHEMONTID:0000000;CHEMONTID:0000264;CHEMONTID:0000402;CHEMONTID:0000408,Organic compounds;Organic acids and derivatives;Organic phosphoric acids and derivatives;Phosphate esters
7134,Purines and purine derivatives,0.87,CHEMONTID:0000245,4,CHEMONTID:0001797,CHEMONTID:0000000;CHEMONTID:0000002;CHEMONTID:0001797;CHEMONTID:0000245,Organic compounds;Organoheterocyclic compounds;Imidazopyrimidines;Purines and purine derivatives
2010,Amines,0.91,CHEMONTID:0002449,4,CHEMONTID:0000278,CHEMONTID:0000000;CHEMONTID:0004707;CHEMONTID:0000278;CHEMONTID:0002449,Organic compounds;Organic nitrogen compounds;Organonitrogen compounds;Amines
1103,Monoalkylamines,0.92,CHEMONTID:0000469,6,CHEMONTID:0002450,CHEMONTID:0000000;CHEMONTID:0004707;CHEMONTID:0000278;CHEMONTID:0002449;CHEMONTID:0002450;CHEMONTID:0000469,Organic compounds;Organic nitrogen compounds;Organonitrogen compounds;Amines;Primary amines;Monoalkylamines
2494,Alcohols and polyols,0.92,CHEMONTID:0000129,4,CHEMONTID:0000323,CHEMONTID:0000000;CHEMONTID:0004603;CHEMONTID:0000323;CHEMONTID:0000129,Organic compounds;Organic oxygen compounds;Organooxygen compounds;Alcohols and polyols
7214,Purines and purine derivatives,0.97,CHEMONTID:0000245,4,CHEMONTID:0001797,CHEMONTID:0000000;CHEMONTID:0000002;CHEMONTID:0001797;CHEMONTID:0000245,Organic compounds;Organoheterocyclic compounds;Imidazopyrimidines;Purines and purine derivatives
14880,Alcohols and polyols,0.9,CHEMONTID:0000129,4,CHEMONTID:0000323,CHEMONTID:0000000;CHEMONTID:0004603;CHEMONTID:0000323;CHEMONTID:0000129,Organic compounds;Organic oxygen compounds;Organooxygen compounds;Alcohols and polyols
20576,Carbonyl compounds,0.89,CHEMONTID:0001831,4,CHEMONTID:0000323,CHEMONTID:0000000;CHEMONTID:0004603;CHEMONTID:0000323;CHEMONTID:0001831,Organic compounds;Organic oxygen compounds;Organooxygen compounds;Carbonyl compounds
19174,Amines,0.91,CHEMONTID:0002449,4,CHEMONTID:0000278,CHEMONTID:0000000;CHEMONTID:0004707;CHEMONTID:0000278;CHEMONTID:0002449,Organic compounds;Organic nitrogen compounds;Organonitrogen compounds;Amines
826,Carbonyl compounds,0.9,CHEMONTID:0001831,4,CHEMONTID:0000323,CHEMONTID:0000000;CHEMONTID:0004603;CHEMONTID:0000323;CHEMONTID:0001831,Organic compounds;Organic oxygen compounds;Organooxygen compounds;Carbonyl compounds
16971,Carbonyl compounds,0.96,CHEMONTID:0001831,4,CHEMONTID:0000323,CHEMONTID:0000000;CHEMONTID:0004603;CHEMONTID:0000323;CHEMONTID:0001831,Organic compounds;Organic oxygen compounds;Organooxygen compounds;Carbonyl compounds
20489,Amphetamines and derivatives,0.98,CHEMONTID:0000188,5,CHEMONTID:0000186,CHEMONTID:0000000;CHEMONTID:0002448;CHEMONTID:0002279;CHEMONTID:0000186;CHEMONTID:0000188,Organic compounds;Benzenoids;Benzene and substituted derivatives;Phenethylamines;Amphetamines and derivatives
233,Carbonyl compounds,0.92,CHEMONTID:0001831,4,CHEMONTID:0000323,CHEMONTID:0000000;CHEMONTID:0004603;CHEMONTID:0000323;CHEMONTID:0001831,Organic compounds;Organic oxygen compounds;Organooxygen compounds;Carbonyl compounds
9704,Carboxylic acid derivatives,0.99,CHEMONTID:0001093,4,CHEMONTID:0000265,CHEMONTID:0000000;CHEMONTID:0000264;CHEMONTID:0000265;CHEMONTID:0001093,Organic compounds;Organic acids and derivatives;Carboxylic acids and derivatives;Carboxylic acid derivatives
12610,Monocarboxylic acids and derivatives,0.82,CHEMONTID:0001137,4,CHEMONTID:0000265,CHEMONTID:0000000;CHEMONTID:0000264;CHEMONTID:0000265;CHEMONTID:0001137,Organic compounds;Organic acids and derivatives;Carboxylic acids and derivatives;Monocarboxylic acids and derivatives
11179,Carbonyl compounds,0.97,CHEMONTID:0001831,4,CHEMONTID:0000323,CHEMONTID:0000000;CHEMONTID:0004603;CHEMONTID:0000323;CHEMONTID:0001831,Organic compounds;Organic oxygen compounds;Organooxygen compounds;Carbonyl compounds
16010,Carbonyl compounds,0.98,CHEMONTID:0001831,4,CHEMONTID:0000323,CHEMONTID:0000000;CHEMONTID:0004603;CHEMONTID:0000323;CHEMONTID:0001831,Organic compounds;Organic oxygen compounds;Organooxygen compounds;Carbonyl compounds
9363,Amines,0.97,CHEMONTID:0002449,4,CHEMONTID:0000278,CHEMONTID:0000000;CHEMONTID:0004707;CHEMONTID:0000278;CHEMONTID:0002449,Organic compounds;Organic nitrogen compounds;Organonitrogen compounds;Amines
17949,Carbonyl compounds,0.94,CHEMONTID:0001831,4,CHEMONTID:0000323,CHEMONTID:0000000;CHEMONTID:0004603;CHEMONTID:0000323;CHEMONTID:0001831,Organic compounds;Organic oxygen compounds;Organooxygen compounds;Carbonyl compounds
7119,Monoalkylamines,0.9,CHEMONTID:0000469,6,CHEMONTID:0002450,CHEMONTID:0000000;CHEMONTID:0004707;CHEMONTID:0000278;CHEMONTID:0002449;CHEMONTID:0002450;CHEMONTID:0000469,Organic compounds;Organic nitrogen compounds;Organonitrogen compounds;Amines;Primary amines;Monoalkylamines
14690,Carboxylic acid derivatives,0.99,CHEMONTID:0001093,4,CHEMONTID:0000265,CHEMONTID:0000000;CHEMONTID:0000264;CHEMONTID:0000265;CHEMONTID:0001093,Organic compounds;Organic acids and derivatives;Carboxylic acids and derivatives;Carboxylic acid derivatives
8316,Carbonyl compounds,0.93,CHEMONTID:0001831,4,CHEMONTID:0000323,CHEMONTID:0000000;CHEMONTID:0004603;CHEMONTID:0000323;CHEMONTID:0001831,Organic compounds;Organic oxygen compounds;Organooxygen compounds;Carbonyl compounds
579,Alkyl phosphates,0.99,CHEMONTID:0003457,5,CHEMONTID:0000408,CHEMONTID:0000000;CHEMONTID:0000264;CHEMONTID:0000402;CHEMONTID:0000408;CHEMONTID:0003457,Organic compounds;Organic acids and derivatives;Organic phosphoric acids and derivatives;Phosphate esters;Alkyl phosphates
2235,Monoalkylamines,0.97,CHEMONTID:0000469,6,CHEMONTID:0002450,CHEMONTID:0000000;CHEMONTID:0004707;CHEMONTID:0000278;CHEMONTID:0002449;CHEMONTID:0002450;CHEMONTID:0000469,Organic compounds;Organic nitrogen compounds;Organonitrogen compounds;Amines;Primary amines;Monoalkylamines
20132,Carboxylic acid derivatives,0.98,CHEMONTID:0001093,4,CHEMONTID:0000265,CHEMONTID:0000000;CHEMONTID:0000264;CHEMONTID:0000265;CHEMONTID:0001093,Organic compounds;Organic acids and derivatives;Carboxylic acids and derivatives;Carboxylic acid derivatives
13490,Carbonyl compounds,1,CHEMONTID:0001831,4,CHEMONTID:0000323,CHEMONTID:0000000;CHEMONTID:0004603;CHEMONTID:0000323;CHEMONTID:0001831,Organic compounds;Organic oxygen compounds;Organooxygen compounds;Carbonyl compounds
5127,Carbonyl compounds,0.98,CHEMONTID:0001831,4,CHEMONTID:0000323,CHEMONTID:0000000;CHEMONTID:0004603;CHEMONTID:0000323;CHEMONTID:0001831,Organic compounds;Organic oxygen compounds;Organooxygen compounds;Carbonyl compounds
2478,Carbonyl compounds,0.92,CHEMONTID:0001831,4,CHEMONTID:0000323,CHEMONTID:0000000;CHEMONTID:0004603;CHEMONTID:0000323;CHEMONTID:0001831,Organic compounds;Organic oxygen compounds;Organooxygen compounds;Carbonyl compounds
7331,Monoalkylamines,0.98,CHEMONTID:0000469,6,CHEMONTID:0002450,CHEMONTID:0000000;CHEMONTID:0004707;CHEMONTID:0000278;CHEMONTID:0002449;CHEMONTID:0002450;CHEMONTID:0000469,Organic compounds;Organic nitrogen compounds;Organonitrogen compounds;Amines;Primary amines;Monoalkylamines
9084,Methyl esters,0.93,CHEMONTID:0003416,6,CHEMONTID:0001238,CHEMONTID:0000000;CHEMONTID:0000264;CHEMONTID:0000265;CHEMONTID:0001093;CHEMONTID:0001238;CHEMONTID:0003416,Organic compounds;Organic acids and derivatives;Carboxylic acids and derivatives;Carboxylic acid derivatives;Carboxylic acid esters;Methyl esters
8464,Amines,0.97,CHEMONTID:0002449,4,CHEMONTID:0000278,CHEMONTID:0000000;CHEMONTID:0004707;CHEMONTID:0000278;CHEMONTID:0002449,Organic compounds;Organic nitrogen compounds;Organonitrogen compounds;Amines
13149,Carbonyl compounds,0.93,CHEMONTID:0001831,4,CHEMONTID:0000323,CHEMONTID:0000000;CHEMONTID:0004603;CHEMONTID:0000323;CHEMONTID:0001831,Organic compounds;Organic oxygen compounds;Organooxygen compounds;Carbonyl compounds
4536,Amines,0.84,CHEMONTID:0002449,4,CHEMONTID:0000278,CHEMONTID:0000000;CHEMONTID:0004707;CHEMONTID:0000278;CHEMONTID:0002449,Organic compounds;Organic nitrogen compounds;Organonitrogen compounds;Amines
11143,Carbonyl compounds,0.88,CHEMONTID:0001831,4,CHEMONTID:0000323,CHEMONTID:0000000;CHEMONTID:0004603;CHEMONTID:0000323;CHEMONTID:0001831,Organic compounds;Organic oxygen compounds;Organooxygen compounds;Carbonyl compounds
12035,Alcohols and polyols,0.88,CHEMONTID:0000129,4,CHEMONTID:0000323,CHEMONTID:0000000;CHEMONTID:0004603;CHEMONTID:0000323;CHEMONTID:0000129,Organic compounds;Organic oxygen compounds;Organooxygen compounds;Alcohols and polyols
4447,Alcohols and polyols,0.92,CHEMONTID:0000129,4,CHEMONTID:0000323,CHEMONTID:0000000;CHEMONTID:0004603;CHEMONTID:0000323;CHEMONTID:0000129,Organic compounds;Organic oxygen compounds;Organooxygen compounds;Alcohols and polyols
8642,Secondary alcohols,0.86,CHEMONTID:0001661,5,CHEMONTID:0000129,CHEMONTID:0000000;CHEMONTID:0004603;CHEMONTID:0000323;CHEMONTID:0000129;CHEMONTID:0001661,Organic compounds;Organic oxygen compounds;Organooxygen compounds;Alcohols and polyols;Secondary alcohols
95,Alcohols and polyols,0.98,CHEMONTID:0000129,4,CHEMONTID:0000323,CHEMONTID:0000000;CHEMONTID:0004603;CHEMONTID:0000323;CHEMONTID:0000129,Organic compounds;Organic oxygen compounds;Organooxygen compounds;Alcohols and polyols
16460,Amines,0.91,CHEMONTID:0002449,4,CHEMONTID:0000278,CHEMONTID:0000000;CHEMONTID:0004707;CHEMONTID:0000278;CHEMONTID:0002449,Organic compounds;Organic nitrogen compounds;Organonitrogen compounds;Amines
4270,Carbonyl compounds,0.98,CHEMONTID:0001831,4,CHEMONTID:0000323,CHEMONTID:0000000;CHEMONTID:0004603;CHEMONTID:0000323;CHEMONTID:0001831,Organic compounds;Organic oxygen compounds;Organooxygen compounds;Carbonyl compounds
2170,Monoalkylamines,0.99,CHEMONTID:0000469,6,CHEMONTID:0002450,CHEMONTID:0000000;CHEMONTID:0004707;CHEMONTID:0000278;CHEMONTID:0002449;CHEMONTID:0002450;CHEMONTID:0000469,Organic compounds;Organic nitrogen compounds;Organonitrogen compounds;Amines;Primary amines;Monoalkylamines
5089,Carbonyl compounds,0.96,CHEMONTID:0001831,4,CHEMONTID:0000323,CHEMONTID:0000000;CHEMONTID:0004603;CHEMONTID:0000323;CHEMONTID:0001831,Organic compounds;Organic oxygen compounds;Organooxygen compounds;Carbonyl compounds
7064,Ethers,0.92,CHEMONTID:0000254,4,CHEMONTID:0000323,CHEMONTID:0000000;CHEMONTID:0004603;CHEMONTID:0000323;CHEMONTID:0000254,Organic compounds;Organic oxygen compounds;Organooxygen compounds;Ethers
14368,Amines,0.99,CHEMONTID:0002449,4,CHEMONTID:0000278,CHEMONTID:0000000;CHEMONTID:0004707;CHEMONTID:0000278;CHEMONTID:0002449,Organic compounds;Organic nitrogen compounds;Organonitrogen compounds;Amines
1538,Aniline and substituted anilines,0.85,CHEMONTID:0000284,4,CHEMONTID:0002279,CHEMONTID:0000000;CHEMONTID:0002448;CHEMONTID:0002279;CHEMONTID:0000284,Organic compounds;Benzenoids;Benzene and substituted derivatives;Aniline and substituted anilines
13598,Monoalkylamines,1,CHEMONTID:0000469,6,CHEMONTID:0002450,CHEMONTID:0000000;CHEMONTID:0004707;CHEMONTID:0000278;CHEMONTID:0002449;CHEMONTID:0002450;CHEMONTID:0000469,Organic compounds;Organic nitrogen compounds;Organonitrogen compounds;Amines;Primary amines;Monoalkylamines
13487,Monoalkylamines,1,CHEMONTID:0000469,6,CHEMONTID:0002450,CHEMONTID:0000000;CHEMONTID:0004707;CHEMONTID:0000278;CHEMONTID:0002449;CHEMONTID:0002450;CHEMONTID:0000469,Organic compounds;Organic nitrogen compounds;Organonitrogen compounds;Amines;Primary amines;Monoalkylamines
9981,Guanidines,0.99,CHEMONTID:0000375,4,CHEMONTID:0000278,CHEMONTID:0000000;CHEMONTID:0004707;CHEMONTID:0000278;CHEMONTID:0000375,Organic compounds;Organic nitrogen compounds;Organonitrogen compounds;Guanidines
4378,Amines,0.9,CHEMONTID:0002449,4,CHEMONTID:0000278,CHEMONTID:0000000;CHEMONTID:0004707;CHEMONTID:0000278;CHEMONTID:0002449,Organic compounds;Organic nitrogen compounds;Organonitrogen compounds;Amines
2622,Carbonyl compounds,0.99,CHEMONTID:0001831,4,CHEMONTID:0000323,CHEMONTID:0000000;CHEMONTID:0004603;CHEMONTID:0000323;CHEMONTID:0001831,Organic compounds;Organic oxygen compounds;Organooxygen compounds;Carbonyl compounds
5602,Carbonyl compounds,0.84,CHEMONTID:0001831,4,CHEMONTID:0000323,CHEMONTID:0000000;CHEMONTID:0004603;CHEMONTID:0000323;CHEMONTID:0001831,Organic compounds;Organic oxygen compounds;Organooxygen compounds;Carbonyl compounds
2728,Amines,0.85,CHEMONTID:0002449,4,CHEMONTID:0000278,CHEMONTID:0000000;CHEMONTID:0004707;CHEMONTID:0000278;CHEMONTID:0002449,Organic compounds;Organic nitrogen compounds;Organonitrogen compounds;Amines
8761,Carbonyl compounds,0.87,CHEMONTID:0001831,4,CHEMONTID:0000323,CHEMONTID:0000000;CHEMONTID:0004603;CHEMONTID:0000323;CHEMONTID:0001831,Organic compounds;Organic oxygen compounds;Organooxygen compounds;Carbonyl compounds
15207,Carbonyl compounds,0.83,CHEMONTID:0001831,4,CHEMONTID:0000323,CHEMONTID:0000000;CHEMONTID:0004603;CHEMONTID:0000323;CHEMONTID:0001831,Organic compounds;Organic oxygen compounds;Organooxygen compounds;Carbonyl compounds
5179,Alcohols and polyols,0.92,CHEMONTID:0000129,4,CHEMONTID:0000323,CHEMONTID:0000000;CHEMONTID:0004603;CHEMONTID:0000323;CHEMONTID:0000129,Organic compounds;Organic oxygen compounds;Organooxygen compounds;Alcohols and polyols
6949,Alcohols and polyols,1,CHEMONTID:0000129,4,CHEMONTID:0000323,CHEMONTID:0000000;CHEMONTID:0004603;CHEMONTID:0000323;CHEMONTID:0000129,Organic compounds;Organic oxygen compounds;Organooxygen compounds;Alcohols and polyols
8656,"Amino acids, peptides, and analogues",0.91,CHEMONTID:0000013,4,CHEMONTID:0000265,CHEMONTID:0000000;CHEMONTID:0000264;CHEMONTID:0000265;CHEMONTID:0000013,"Organic compounds;Organic acids and derivatives;Carboxylic acids and derivatives;Amino acids, peptides, and analogues"
5663,Alcohols and polyols,0.95,CHEMONTID:0000129,4,CHEMONTID:0000323,CHEMONTID:0000000;CHEMONTID:0004603;CHEMONTID:0000323;CHEMONTID:0000129,Organic compounds;Organic oxygen compounds;Organooxygen compounds;Alcohols and polyols
3389,Carbonyl compounds,0.87,CHEMONTID:0001831,4,CHEMONTID:0000323,CHEMONTID:0000000;CHEMONTID:0004603;CHEMONTID:0000323;CHEMONTID:0001831,Organic compounds;Organic oxygen compounds;Organooxygen compounds;Carbonyl compounds
8303,Amines,1,CHEMONTID:0002449,4,CHEMONTID:0000278,CHEMONTID:0000000;CHEMONTID:0004707;CHEMONTID:0000278;CHEMONTID:0002449,Organic compounds;Organic nitrogen compounds;Organonitrogen compounds;Amines
11683,Carbonyl compounds,0.9,CHEMONTID:0001831,4,CHEMONTID:0000323,CHEMONTID:0000000;CHEMONTID:0004603;CHEMONTID:0000323;CHEMONTID:0001831,Organic compounds;Organic oxygen compounds;Organooxygen compounds;Carbonyl compounds
8770,Triazoles,0.81,CHEMONTID:0000099,4,CHEMONTID:0000436,CHEMONTID:0000000;CHEMONTID:0000002;CHEMONTID:0000436;CHEMONTID:0000099,Organic compounds;Organoheterocyclic compounds;Azoles;Triazoles
1428,Alcohols and polyols,0.89,CHEMONTID:0000129,4,CHEMONTID:0000323,CHEMONTID:0000000;CHEMONTID:0004603;CHEMONTID:0000323;CHEMONTID:0000129,Organic compounds;Organic oxygen compounds;Organooxygen compounds;Alcohols and polyols
2633,Amines,0.82,CHEMONTID:0002449,4,CHEMONTID:0000278,CHEMONTID:0000000;CHEMONTID:0004707;CHEMONTID:0000278;CHEMONTID:0002449,Organic compounds;Organic nitrogen compounds;Organonitrogen compounds;Amines
14453,Monocarboxylic acids and derivatives,0.93,CHEMONTID:0001137,4,CHEMONTID:0000265,CHEMONTID:0000000;CHEMONTID:0000264;CHEMONTID:0000265;CHEMONTID:0001137,Organic compounds;Organic acids and derivatives;Carboxylic acids and derivatives;Monocarboxylic acids and derivatives
15346,Carboxylic acid derivatives,1,CHEMONTID:0001093,4,CHEMONTID:0000265,CHEMONTID:0000000;CHEMONTID:0000264;CHEMONTID:0000265;CHEMONTID:0001093,Organic compounds;Organic acids and derivatives;Carboxylic acids and derivatives;Carboxylic acid derivatives
7600,Carboxylic acids,0.81,CHEMONTID:0001205,4,CHEMONTID:0000265,CHEMONTID:0000000;CHEMONTID:0000264;CHEMONTID:0000265;CHEMONTID:0001205,Organic compounds;Organic acids and derivatives;Carboxylic acids and derivatives;Carboxylic acids
14445,Pyrimidines and pyrimidine derivatives,0.94,CHEMONTID:0000075,4,CHEMONTID:0001346,CHEMONTID:0000000;CHEMONTID:0000002;CHEMONTID:0001346;CHEMONTID:0000075,Organic compounds;Organoheterocyclic compounds;Diazines;Pyrimidines and pyrimidine derivatives
19904,Carboxylic acid derivatives,0.96,CHEMONTID:0001093,4,CHEMONTID:0000265,CHEMONTID:0000000;CHEMONTID:0000264;CHEMONTID:0000265;CHEMONTID:0001093,Organic compounds;Organic acids and derivatives;Carboxylic acids and derivatives;Carboxylic acid derivatives
4638,Carbonyl compounds,0.96,CHEMONTID:0001831,4,CHEMONTID:0000323,CHEMONTID:0000000;CHEMONTID:0004603;CHEMONTID:0000323;CHEMONTID:0001831,Organic compounds;Organic oxygen compounds;Organooxygen compounds;Carbonyl compounds
2362,Ethers,0.94,CHEMONTID:0000254,4,CHEMONTID:0000323,CHEMONTID:0000000;CHEMONTID:0004603;CHEMONTID:0000323;CHEMONTID:0000254,Organic compounds;Organic oxygen compounds;Organooxygen compounds;Ethers
11617,Carbonyl compounds,0.85,CHEMONTID:0001831,4,CHEMONTID:0000323,CHEMONTID:0000000;CHEMONTID:0004603;CHEMONTID:0000323;CHEMONTID:0001831,Organic compounds;Organic oxygen compounds;Organooxygen compounds;Carbonyl compounds
8626,Alcohols and polyols,0.92,CHEMONTID:0000129,4,CHEMONTID:0000323,CHEMONTID:0000000;CHEMONTID:0004603;CHEMONTID:0000323;CHEMONTID:0000129,Organic compounds;Organic oxygen compounds;Organooxygen compounds;Alcohols and polyols
12269,Ethers,0.98,CHEMONTID:0000254,4,CHEMONTID:0000323,CHEMONTID:0000000;CHEMONTID:0004603;CHEMONTID:0000323;CHEMONTID:0000254,Organic compounds;Organic oxygen compounds;Organooxygen compounds;Ethers
10962,Carbonyl compounds,0.86,CHEMONTID:0001831,4,CHEMONTID:0000323,CHEMONTID:0000000;CHEMONTID:0004603;CHEMONTID:0000323;CHEMONTID:0001831,Organic compounds;Organic oxygen compounds;Organooxygen compounds;Carbonyl compounds
5168,Carboxylic acid derivatives,0.97,CHEMONTID:0001093,4,CHEMONTID:0000265,CHEMONTID:0000000;CHEMONTID:0000264;CHEMONTID:0000265;CHEMONTID:0001093,Organic compounds;Organic acids and derivatives;Carboxylic acids and derivatives;Carboxylic acid derivatives
8047,Amines,0.99,CHEMONTID:0002449,4,CHEMONTID:0000278,CHEMONTID:0000000;CHEMONTID:0004707;CHEMONTID:0000278;CHEMONTID:0002449,Organic compounds;Organic nitrogen compounds;Organonitrogen compounds;Amines
234,Pyrimidines and pyrimidine derivatives,0.86,CHEMONTID:0000075,4,CHEMONTID:0001346,CHEMONTID:0000000;CHEMONTID:0000002;CHEMONTID:0001346;CHEMONTID:0000075,Organic compounds;Organoheterocyclic compounds;Diazines;Pyrimidines and pyrimidine derivatives
11957,Carbonyl compounds,0.99,CHEMONTID:0001831,4,CHEMONTID:0000323,CHEMONTID:0000000;CHEMONTID:0004603;CHEMONTID:0000323;CHEMONTID:0001831,Organic compounds;Organic oxygen compounds;Organooxygen compounds;Carbonyl compounds
9827,Primary amines,0.98,CHEMONTID:0002450,5,CHEMONTID:0002449,CHEMONTID:0000000;CHEMONTID:0004707;CHEMONTID:0000278;CHEMONTID:0002449;CHEMONTID:0002450,Organic compounds;Organic nitrogen compounds;Organonitrogen compounds;Amines;Primary amines
2161,Carbonyl compounds,0.87,CHEMONTID:0001831,4,CHEMONTID:0000323,CHEMONTID:0000000;CHEMONTID:0004603;CHEMONTID:0000323;CHEMONTID:0001831,Organic compounds;Organic oxygen compounds;Organooxygen compounds;Carbonyl compounds
11770,Phosphate esters,1,CHEMONTID:0000408,4,CHEMONTID:0000402,CHEMONTID:0000000;CHEMONTID:0000264;CHEMONTID:0000402;CHEMONTID:0000408,Organic compounds;Organic acids and derivatives;Organic phosphoric acids and derivatives;Phosphate esters
19571,Carbonyl compounds,0.84,CHEMONTID:0001831,4,CHEMONTID:0000323,CHEMONTID:0000000;CHEMONTID:0004603;CHEMONTID:0000323;CHEMONTID:0001831,Organic compounds;Organic oxygen compounds;Organooxygen compounds;Carbonyl compounds
14469,Carbonyl compounds,0.93,CHEMONTID:0001831,4,CHEMONTID:0000323,CHEMONTID:0000000;CHEMONTID:0004603;CHEMONTID:0000323;CHEMONTID:0001831,Organic compounds;Organic oxygen compounds;Organooxygen compounds;Carbonyl compounds
18015,Primary amines,1,CHEMONTID:0002450,5,CHEMONTID:0002449,CHEMONTID:0000000;CHEMONTID:0004707;CHEMONTID:0000278;CHEMONTID:0002449;CHEMONTID:0002450,Organic compounds;Organic nitrogen compounds;Organonitrogen compounds;Amines;Primary amines
16562,Monoalkylamines,1,CHEMONTID:0000469,6,CHEMONTID:0002450,CHEMONTID:0000000;CHEMONTID:0004707;CHEMONTID:0000278;CHEMONTID:0002449;CHEMONTID:0002450;CHEMONTID:0000469,Organic compounds;Organic nitrogen compounds;Organonitrogen compounds;Amines;Primary amines;Monoalkylamines
13032,Amines,0.85,CHEMONTID:0002449,4,CHEMONTID:0000278,CHEMONTID:0000000;CHEMONTID:0004707;CHEMONTID:0000278;CHEMONTID:0002449,Organic compounds;Organic nitrogen compounds;Organonitrogen compounds;Amines
611,Carbonyl compounds,0.91,CHEMONTID:0001831,4,CHEMONTID:0000323,CHEMONTID:0000000;CHEMONTID:0004603;CHEMONTID:0000323;CHEMONTID:0001831,Organic compounds;Organic oxygen compounds;Organooxygen compounds;Carbonyl compounds
9990,Carbonyl compounds,0.89,CHEMONTID:0001831,4,CHEMONTID:0000323,CHEMONTID:0000000;CHEMONTID:0004603;CHEMONTID:0000323;CHEMONTID:0001831,Organic compounds;Organic oxygen compounds;Organooxygen compounds;Carbonyl compounds
657,Alcohols and polyols,0.97,CHEMONTID:0000129,4,CHEMONTID:0000323,CHEMONTID:0000000;CHEMONTID:0004603;CHEMONTID:0000323;CHEMONTID:0000129,Organic compounds;Organic oxygen compounds;Organooxygen compounds;Alcohols and polyols
3360,Carbonyl compounds,0.97,CHEMONTID:0001831,4,CHEMONTID:0000323,CHEMONTID:0000000;CHEMONTID:0004603;CHEMONTID:0000323;CHEMONTID:0001831,Organic compounds;Organic oxygen compounds;Organooxygen compounds;Carbonyl compounds
4387,Monoalkylamines,0.95,CHEMONTID:0000469,6,CHEMONTID:0002450,CHEMONTID:0000000;CHEMONTID:0004707;CHEMONTID:0000278;CHEMONTID:0002449;CHEMONTID:0002450;CHEMONTID:0000469,Organic compounds;Organic nitrogen compounds;Organonitrogen compounds;Amines;Primary amines;Monoalkylamines
1417,Monocarboxylic acids and derivatives,0.84,CHEMONTID:0001137,4,CHEMONTID:0000265,CHEMONTID:0000000;CHEMONTID:0000264;CHEMONTID:0000265;CHEMONTID:0001137,Organic compounds;Organic acids and derivatives;Carboxylic acids and derivatives;Monocarboxylic acids and derivatives
7726,Carboxylic acid derivatives,0.98,CHEMONTID:0001093,4,CHEMONTID:0000265,CHEMONTID:0000000;CHEMONTID:0000264;CHEMONTID:0000265;CHEMONTID:0001093,Organic compounds;Organic acids and derivatives;Carboxylic acids and derivatives;Carboxylic acid derivatives
2820,Monoalkylamines,0.96,CHEMONTID:0000469,6,CHEMONTID:0002450,CHEMONTID:0000000;CHEMONTID:0004707;CHEMONTID:0000278;CHEMONTID:0002449;CHEMONTID:0002450;CHEMONTID:0000469,Organic compounds;Organic nitrogen compounds;Organonitrogen compounds;Amines;Primary amines;Monoalkylamines
8869,Organic phosphonic acids,0.95,CHEMONTID:0001302,4,CHEMONTID:0000419,CHEMONTID:0000000;CHEMONTID:0000264;CHEMONTID:0000419;CHEMONTID:0001302,Organic compounds;Organic acids and derivatives;Organic phosphonic acids and derivatives;Organic phosphonic acids
18409,Alcohols and polyols,0.91,CHEMONTID:0000129,4,CHEMONTID:0000323,CHEMONTID:0000000;CHEMONTID:0004603;CHEMONTID:0000323;CHEMONTID:0000129,Organic compounds;Organic oxygen compounds;Organooxygen compounds;Alcohols and polyols
16475,Alcohols and polyols,0.97,CHEMONTID:0000129,4,CHEMONTID:0000323,CHEMONTID:0000000;CHEMONTID:0004603;CHEMONTID:0000323;CHEMONTID:0000129,Organic compounds;Organic oxygen compounds;Organooxygen compounds;Alcohols and polyols
13710,Monocarboxylic acids and derivatives,0.84,CHEMONTID:0001137,4,CHEMONTID:0000265,CHEMONTID:0000000;CHEMONTID:0000264;CHEMONTID:0000265;CHEMONTID:0001137,Organic compounds;Organic acids and derivatives;Carboxylic acids and derivatives;Monocarboxylic acids and derivatives
8823,Carboxylic acids,0.9,CHEMONTID:0001205,4,CHEMONTID:0000265,CHEMONTID:0000000;CHEMONTID:0000264;CHEMONTID:0000265;CHEMONTID:0001205,Organic compounds;Organic acids and derivatives;Carboxylic acids and derivatives;Carboxylic acids
9095,Carboxylic acid derivatives,0.97,CHEMONTID:0001093,4,CHEMONTID:0000265,CHEMONTID:0000000;CHEMONTID:0000264;CHEMONTID:0000265;CHEMONTID:0001093,Organic compounds;Organic acids and derivatives;Carboxylic acids and derivatives;Carboxylic acid derivatives
10470,Carboxylic acid derivatives,0.91,CHEMONTID:0001093,4,CHEMONTID:0000265,CHEMONTID:0000000;CHEMONTID:0000264;CHEMONTID:0000265;CHEMONTID:0001093,Organic compounds;Organic acids and derivatives;Carboxylic acids and derivatives;Carboxylic acid derivatives
20563,Imidazoles,0.82,CHEMONTID:0000078,4,CHEMONTID:0000436,CHEMONTID:0000000;CHEMONTID:0000002;CHEMONTID:0000436;CHEMONTID:0000078,Organic compounds;Organoheterocyclic compounds;Azoles;Imidazoles
15863,Amines,0.99,CHEMONTID:0002449,4,CHEMONTID:0000278,CHEMONTID:0000000;CHEMONTID:0004707;CHEMONTID:0000278;CHEMONTID:0002449,Organic compounds;Organic nitrogen compounds;Organonitrogen compounds;Amines
17189,Monocarboxylic acids and derivatives,0.86,CHEMONTID:0001137,4,CHEMONTID:0000265,CHEMONTID:0000000;CHEMONTID:0000264;CHEMONTID:0000265;CHEMONTID:0001137,Organic compounds;Organic acids and derivatives;Carboxylic acids and derivatives;Monocarboxylic acids and derivatives
2487,Amines,0.92,CHEMONTID:0002449,4,CHEMONTID:0000278,CHEMONTID:0000000;CHEMONTID:0004707;CHEMONTID:0000278;CHEMONTID:0002449,Organic compounds;Organic nitrogen compounds;Organonitrogen compounds;Amines
8069,Amines,0.99,CHEMONTID:0002449,4,CHEMONTID:0000278,CHEMONTID:0000000;CHEMONTID:0004707;CHEMONTID:0000278;CHEMONTID:0002449,Organic compounds;Organic nitrogen compounds;Organonitrogen compounds;Amines
410,Amino fatty acids,0.9,CHEMONTID:0000489,5,CHEMONTID:0000262,CHEMONTID:0000000;CHEMONTID:0000012;CHEMONTID:0003909;CHEMONTID:0000262;CHEMONTID:0000489,Organic compounds;Lipids and lipid-like molecules;Fatty Acyls;Fatty acids and conjugates;Amino fatty acids
2576,Carbonyl compounds,0.99,CHEMONTID:0001831,4,CHEMONTID:0000323,CHEMONTID:0000000;CHEMONTID:0004603;CHEMONTID:0000323;CHEMONTID:0001831,Organic compounds;Organic oxygen compounds;Organooxygen compounds;Carbonyl compounds
14510,"Amino acids, peptides, and analogues",1,CHEMONTID:0000013,4,CHEMONTID:0000265,CHEMONTID:0000000;CHEMONTID:0000264;CHEMONTID:0000265;CHEMONTID:0000013,"Organic compounds;Organic acids and derivatives;Carboxylic acids and derivatives;Amino acids, peptides, and analogues"
17305,Carboxylic acid derivatives,0.93,CHEMONTID:0001093,4,CHEMONTID:0000265,CHEMONTID:0000000;CHEMONTID:0000264;CHEMONTID:0000265;CHEMONTID:0001093,Organic compounds;Organic acids and derivatives;Carboxylic acids and derivatives;Carboxylic acid derivatives
470,Monocarboxylic acids and derivatives,0.92,CHEMONTID:0001137,4,CHEMONTID:0000265,CHEMONTID:0000000;CHEMONTID:0000264;CHEMONTID:0000265;CHEMONTID:0001137,Organic compounds;Organic acids and derivatives;Carboxylic acids and derivatives;Monocarboxylic acids and derivatives
5181,Carbohydrates and carbohydrate conjugates,1,CHEMONTID:0000011,4,CHEMONTID:0000323,CHEMONTID:0000000;CHEMONTID:0004603;CHEMONTID:0000323;CHEMONTID:0000011,Organic compounds;Organic oxygen compounds;Organooxygen compounds;Carbohydrates and carbohydrate conjugates
11460,Carbonyl compounds,0.92,CHEMONTID:0001831,4,CHEMONTID:0000323,CHEMONTID:0000000;CHEMONTID:0004603;CHEMONTID:0000323;CHEMONTID:0001831,Organic compounds;Organic oxygen compounds;Organooxygen compounds;Carbonyl compounds
9557,Amines,1,CHEMONTID:0002449,4,CHEMONTID:0000278,CHEMONTID:0000000;CHEMONTID:0004707;CHEMONTID:0000278;CHEMONTID:0002449,Organic compounds;Organic nitrogen compounds;Organonitrogen compounds;Amines
5451,Monoalkylamines,0.99,CHEMONTID:0000469,6,CHEMONTID:0002450,CHEMONTID:0000000;CHEMONTID:0004707;CHEMONTID:0000278;CHEMONTID:0002449;CHEMONTID:0002450;CHEMONTID:0000469,Organic compounds;Organic nitrogen compounds;Organonitrogen compounds;Amines;Primary amines;Monoalkylamines
16965,Primary amines,0.84,CHEMONTID:0002450,5,CHEMONTID:0002449,CHEMONTID:0000000;CHEMONTID:0004707;CHEMONTID:0000278;CHEMONTID:0002449;CHEMONTID:0002450,Organic compounds;Organic nitrogen compounds;Organonitrogen compounds;Amines;Primary amines
12717,Amines,0.99,CHEMONTID:0002449,4,CHEMONTID:0000278,CHEMONTID:0000000;CHEMONTID:0004707;CHEMONTID:0000278;CHEMONTID:0002449,Organic compounds;Organic nitrogen compounds;Organonitrogen compounds;Amines
20356,Alkyl phosphates,1,CHEMONTID:0003457,5,CHEMONTID:0000408,CHEMONTID:0000000;CHEMONTID:0000264;CHEMONTID:0000402;CHEMONTID:0000408;CHEMONTID:0003457,Organic compounds;Organic acids and derivatives;Organic phosphoric acids and derivatives;Phosphate esters;Alkyl phosphates
5255,Alcohols and polyols,0.97,CHEMONTID:0000129,4,CHEMONTID:0000323,CHEMONTID:0000000;CHEMONTID:0004603;CHEMONTID:0000323;CHEMONTID:0000129,Organic compounds;Organic oxygen compounds;Organooxygen compounds;Alcohols and polyols
1912,Dialkyl ethers,0.99,CHEMONTID:0001167,5,CHEMONTID:0000254,CHEMONTID:0000000;CHEMONTID:0004603;CHEMONTID:0000323;CHEMONTID:0000254;CHEMONTID:0001167,Organic compounds;Organic oxygen compounds;Organooxygen compounds;Ethers;Dialkyl ethers
11881,Carbonyl compounds,0.99,CHEMONTID:0001831,4,CHEMONTID:0000323,CHEMONTID:0000000;CHEMONTID:0004603;CHEMONTID:0000323;CHEMONTID:0001831,Organic compounds;Organic oxygen compounds;Organooxygen compounds;Carbonyl compounds
10557,Carbonyl compounds,0.96,CHEMONTID:0001831,4,CHEMONTID:0000323,CHEMONTID:0000000;CHEMONTID:0004603;CHEMONTID:0000323;CHEMONTID:0001831,Organic compounds;Organic oxygen compounds;Organooxygen compounds;Carbonyl compounds
12274,Carboximidamides,0.96,CHEMONTID:0003152,4,CHEMONTID:0000278,CHEMONTID:0000000;CHEMONTID:0004707;CHEMONTID:0000278;CHEMONTID:0003152,Organic compounds;Organic nitrogen compounds;Organonitrogen compounds;Carboximidamides
7226,Pyrimidines and pyrimidine derivatives,0.98,CHEMONTID:0000075,4,CHEMONTID:0001346,CHEMONTID:0000000;CHEMONTID:0000002;CHEMONTID:0001346;CHEMONTID:0000075,Organic compounds;Organoheterocyclic compounds;Diazines;Pyrimidines and pyrimidine derivatives
6687,Amines,0.98,CHEMONTID:0002449,4,CHEMONTID:0000278,CHEMONTID:0000000;CHEMONTID:0004707;CHEMONTID:0000278;CHEMONTID:0002449,Organic compounds;Organic nitrogen compounds;Organonitrogen compounds;Amines
10721,Fatty amides,0.86,CHEMONTID:0000331,4,CHEMONTID:0003909,CHEMONTID:0000000;CHEMONTID:0000012;CHEMONTID:0003909;CHEMONTID:0000331,Organic compounds;Lipids and lipid-like molecules;Fatty Acyls;Fatty amides
4941,Monoalkylamines,0.99,CHEMONTID:0000469,6,CHEMONTID:0002450,CHEMONTID:0000000;CHEMONTID:0004707;CHEMONTID:0000278;CHEMONTID:0002449;CHEMONTID:0002450;CHEMONTID:0000469,Organic compounds;Organic nitrogen compounds;Organonitrogen compounds;Amines;Primary amines;Monoalkylamines
7846,Carbonyl compounds,0.96,CHEMONTID:0001831,4,CHEMONTID:0000323,CHEMONTID:0000000;CHEMONTID:0004603;CHEMONTID:0000323;CHEMONTID:0001831,Organic compounds;Organic oxygen compounds;Organooxygen compounds;Carbonyl compounds
7338,Carbonyl compounds,0.85,CHEMONTID:0001831,4,CHEMONTID:0000323,CHEMONTID:0000000;CHEMONTID:0004603;CHEMONTID:0000323;CHEMONTID:0001831,Organic compounds;Organic oxygen compounds;Organooxygen compounds;Carbonyl compounds
6473,Carbonyl compounds,0.94,CHEMONTID:0001831,4,CHEMONTID:0000323,CHEMONTID:0000000;CHEMONTID:0004603;CHEMONTID:0000323;CHEMONTID:0001831,Organic compounds;Organic oxygen compounds;Organooxygen compounds;Carbonyl compounds
10698,Dialkyl ethers,0.99,CHEMONTID:0001167,5,CHEMONTID:0000254,CHEMONTID:0000000;CHEMONTID:0004603;CHEMONTID:0000323;CHEMONTID:0000254;CHEMONTID:0001167,Organic compounds;Organic oxygen compounds;Organooxygen compounds;Ethers;Dialkyl ethers
1839,Dialkyl ethers,0.87,CHEMONTID:0001167,5,CHEMONTID:0000254,CHEMONTID:0000000;CHEMONTID:0004603;CHEMONTID:0000323;CHEMONTID:0000254;CHEMONTID:0001167,Organic compounds;Organic oxygen compounds;Organooxygen compounds;Ethers;Dialkyl ethers
10030,Alkyl phosphates,0.96,CHEMONTID:0003457,5,CHEMONTID:0000408,CHEMONTID:0000000;CHEMONTID:0000264;CHEMONTID:0000402;CHEMONTID:0000408;CHEMONTID:0003457,Organic compounds;Organic acids and derivatives;Organic phosphoric acids and derivatives;Phosphate esters;Alkyl phosphates
8271,Phosphate esters,1,CHEMONTID:0000408,4,CHEMONTID:0000402,CHEMONTID:0000000;CHEMONTID:0000264;CHEMONTID:0000402;CHEMONTID:0000408,Organic compounds;Organic acids and derivatives;Organic phosphoric acids and derivatives;Phosphate esters
14808,"Amino acids, peptides, and analogues",1,CHEMONTID:0000013,4,CHEMONTID:0000265,CHEMONTID:0000000;CHEMONTID:0000264;CHEMONTID:0000265;CHEMONTID:0000013,"Organic compounds;Organic acids and derivatives;Carboxylic acids and derivatives;Amino acids, peptides, and analogues"
6279,Monocarboxylic acids and derivatives,0.92,CHEMONTID:0001137,4,CHEMONTID:0000265,CHEMONTID:0000000;CHEMONTID:0000264;CHEMONTID:0000265;CHEMONTID:0001137,Organic compounds;Organic acids and derivatives;Carboxylic acids and derivatives;Monocarboxylic acids and derivatives
14537,Primary amines,0.97,CHEMONTID:0002450,5,CHEMONTID:0002449,CHEMONTID:0000000;CHEMONTID:0004707;CHEMONTID:0000278;CHEMONTID:0002449;CHEMONTID:0002450,Organic compounds;Organic nitrogen compounds;Organonitrogen compounds;Amines;Primary amines
6622,Trialkylamines,0.89,CHEMONTID:0002239,6,CHEMONTID:0002452,CHEMONTID:0000000;CHEMONTID:0004707;CHEMONTID:0000278;CHEMONTID:0002449;CHEMONTID:0002452;CHEMONTID:0002239,Organic compounds;Organic nitrogen compounds;Organonitrogen compounds;Amines;Tertiary amines;Trialkylamines
11665,Carbohydrates and carbohydrate conjugates,0.98,CHEMONTID:0000011,4,CHEMONTID:0000323,CHEMONTID:0000000;CHEMONTID:0004603;CHEMONTID:0000323;CHEMONTID:0000011,Organic compounds;Organic oxygen compounds;Organooxygen compounds;Carbohydrates and carbohydrate conjugates
18998,Carbonyl compounds,0.92,CHEMONTID:0001831,4,CHEMONTID:0000323,CHEMONTID:0000000;CHEMONTID:0004603;CHEMONTID:0000323;CHEMONTID:0001831,Organic compounds;Organic oxygen compounds;Organooxygen compounds;Carbonyl compounds
6563,Carbonyl compounds,0.98,CHEMONTID:0001831,4,CHEMONTID:0000323,CHEMONTID:0000000;CHEMONTID:0004603;CHEMONTID:0000323;CHEMONTID:0001831,Organic compounds;Organic oxygen compounds;Organooxygen compounds;Carbonyl compounds
16414,Primary amines,0.96,CHEMONTID:0002450,5,CHEMONTID:0002449,CHEMONTID:0000000;CHEMONTID:0004707;CHEMONTID:0000278;CHEMONTID:0002449;CHEMONTID:0002450,Organic compounds;Organic nitrogen compounds;Organonitrogen compounds;Amines;Primary amines
6060,Monosaccharide phosphates,1,CHEMONTID:0001541,6,CHEMONTID:0001540,CHEMONTID:0000000;CHEMONTID:0004603;CHEMONTID:0000323;CHEMONTID:0000011;CHEMONTID:0001540;CHEMONTID:0001541,Organic compounds;Organic oxygen compounds;Organooxygen compounds;Carbohydrates and carbohydrate conjugates;Monosaccharides;Monosaccharide phosphates
7472,Carbonyl compounds,0.9,CHEMONTID:0001831,4,CHEMONTID:0000323,CHEMONTID:0000000;CHEMONTID:0004603;CHEMONTID:0000323;CHEMONTID:0001831,Organic compounds;Organic oxygen compounds;Organooxygen compounds;Carbonyl compounds
9612,Carbonyl compounds,0.99,CHEMONTID:0001831,4,CHEMONTID:0000323,CHEMONTID:0000000;CHEMONTID:0004603;CHEMONTID:0000323;CHEMONTID:0001831,Organic compounds;Organic oxygen compounds;Organooxygen compounds;Carbonyl compounds
13807,Monoalkylamines,1,CHEMONTID:0000469,6,CHEMONTID:0002450,CHEMONTID:0000000;CHEMONTID:0004707;CHEMONTID:0000278;CHEMONTID:0002449;CHEMONTID:0002450;CHEMONTID:0000469,Organic compounds;Organic nitrogen compounds;Organonitrogen compounds;Amines;Primary amines;Monoalkylamines
2906,Carboxylic acid derivatives,0.88,CHEMONTID:0001093,4,CHEMONTID:0000265,CHEMONTID:0000000;CHEMONTID:0000264;CHEMONTID:0000265;CHEMONTID:0001093,Organic compounds;Organic acids and derivatives;Carboxylic acids and derivatives;Carboxylic acid derivatives
4985,Alkyl phosphates,0.96,CHEMONTID:0003457,5,CHEMONTID:0000408,CHEMONTID:0000000;CHEMONTID:0000264;CHEMONTID:0000402;CHEMONTID:0000408;CHEMONTID:0003457,Organic compounds;Organic acids and derivatives;Organic phosphoric acids and derivatives;Phosphate esters;Alkyl phosphates
12177,Amino acids and derivatives,0.97,CHEMONTID:0000347,5,CHEMONTID:0000013,CHEMONTID:0000000;CHEMONTID:0000264;CHEMONTID:0000265;CHEMONTID:0000013;CHEMONTID:0000347,"Organic compounds;Organic acids and derivatives;Carboxylic acids and derivatives;Amino acids, peptides, and analogues;Amino acids and derivatives"
14219,Monoalkylamines,0.99,CHEMONTID:0000469,6,CHEMONTID:0002450,CHEMONTID:0000000;CHEMONTID:0004707;CHEMONTID:0000278;CHEMONTID:0002449;CHEMONTID:0002450;CHEMONTID:0000469,Organic compounds;Organic nitrogen compounds;Organonitrogen compounds;Amines;Primary amines;Monoalkylamines
12161,Carbonyl compounds,0.95,CHEMONTID:0001831,4,CHEMONTID:0000323,CHEMONTID:0000000;CHEMONTID:0004603;CHEMONTID:0000323;CHEMONTID:0001831,Organic compounds;Organic oxygen compounds;Organooxygen compounds;Carbonyl compounds
13451,Amino acids and derivatives,0.96,CHEMONTID:0000347,5,CHEMONTID:0000013,CHEMONTID:0000000;CHEMONTID:0000264;CHEMONTID:0000265;CHEMONTID:0000013;CHEMONTID:0000347,"Organic compounds;Organic acids and derivatives;Carboxylic acids and derivatives;Amino acids, peptides, and analogues;Amino acids and derivatives"
18008,6-aminopurines,0.98,CHEMONTID:0002987,5,CHEMONTID:0000245,CHEMONTID:0000000;CHEMONTID:0000002;CHEMONTID:0001797;CHEMONTID:0000245;CHEMONTID:0002987,Organic compounds;Organoheterocyclic compounds;Imidazopyrimidines;Purines and purine derivatives;6-aminopurines
18317,Monoalkylamines,0.91,CHEMONTID:0000469,6,CHEMONTID:0002450,CHEMONTID:0000000;CHEMONTID:0004707;CHEMONTID:0000278;CHEMONTID:0002449;CHEMONTID:0002450;CHEMONTID:0000469,Organic compounds;Organic nitrogen compounds;Organonitrogen compounds;Amines;Primary amines;Monoalkylamines
11878,Diterpenoids,0.86,CHEMONTID:0001551,4,CHEMONTID:0000259,CHEMONTID:0000000;CHEMONTID:0000012;CHEMONTID:0000259;CHEMONTID:0001551,Organic compounds;Lipids and lipid-like molecules;Prenol lipids;Diterpenoids
19276,Carboxylic acid derivatives,1,CHEMONTID:0001093,4,CHEMONTID:0000265,CHEMONTID:0000000;CHEMONTID:0000264;CHEMONTID:0000265;CHEMONTID:0001093,Organic compounds;Organic acids and derivatives;Carboxylic acids and derivatives;Carboxylic acid derivatives
18857,Primary amines,0.86,CHEMONTID:0002450,5,CHEMONTID:0002449,CHEMONTID:0000000;CHEMONTID:0004707;CHEMONTID:0000278;CHEMONTID:0002449;CHEMONTID:0002450,Organic compounds;Organic nitrogen compounds;Organonitrogen compounds;Amines;Primary amines
5031,Primary amines,0.84,CHEMONTID:0002450,5,CHEMONTID:0002449,CHEMONTID:0000000;CHEMONTID:0004707;CHEMONTID:0000278;CHEMONTID:0002449;CHEMONTID:0002450,Organic compounds;Organic nitrogen compounds;Organonitrogen compounds;Amines;Primary amines
12939,Amines,0.98,CHEMONTID:0002449,4,CHEMONTID:0000278,CHEMONTID:0000000;CHEMONTID:0004707;CHEMONTID:0000278;CHEMONTID:0002449,Organic compounds;Organic nitrogen compounds;Organonitrogen compounds;Amines
8962,Carboxylic acid derivatives,0.94,CHEMONTID:0001093,4,CHEMONTID:0000265,CHEMONTID:0000000;CHEMONTID:0000264;CHEMONTID:0000265;CHEMONTID:0001093,Organic compounds;Organic acids and derivatives;Carboxylic acids and derivatives;Carboxylic acid derivatives
13497,Carbonyl compounds,0.92,CHEMONTID:0001831,4,CHEMONTID:0000323,CHEMONTID:0000000;CHEMONTID:0004603;CHEMONTID:0000323;CHEMONTID:0001831,Organic compounds;Organic oxygen compounds;Organooxygen compounds;Carbonyl compounds
12241,Dialkyl ethers,0.92,CHEMONTID:0001167,5,CHEMONTID:0000254,CHEMONTID:0000000;CHEMONTID:0004603;CHEMONTID:0000323;CHEMONTID:0000254;CHEMONTID:0001167,Organic compounds;Organic oxygen compounds;Organooxygen compounds;Ethers;Dialkyl ethers
4588,Monoalkylamines,0.8,CHEMONTID:0000469,6,CHEMONTID:0002450,CHEMONTID:0000000;CHEMONTID:0004707;CHEMONTID:0000278;CHEMONTID:0002449;CHEMONTID:0002450;CHEMONTID:0000469,Organic compounds;Organic nitrogen compounds;Organonitrogen compounds;Amines;Primary amines;Monoalkylamines
10342,Alcohols and polyols,0.94,CHEMONTID:0000129,4,CHEMONTID:0000323,CHEMONTID:0000000;CHEMONTID:0004603;CHEMONTID:0000323;CHEMONTID:0000129,Organic compounds;Organic oxygen compounds;Organooxygen compounds;Alcohols and polyols
19810,Amines,0.98,CHEMONTID:0002449,4,CHEMONTID:0000278,CHEMONTID:0000000;CHEMONTID:0004707;CHEMONTID:0000278;CHEMONTID:0002449,Organic compounds;Organic nitrogen compounds;Organonitrogen compounds;Amines
12257,Alcohols and polyols,0.98,CHEMONTID:0000129,4,CHEMONTID:0000323,CHEMONTID:0000000;CHEMONTID:0004603;CHEMONTID:0000323;CHEMONTID:0000129,Organic compounds;Organic oxygen compounds;Organooxygen compounds;Alcohols and polyols
14971,Amines,0.99,CHEMONTID:0002449,4,CHEMONTID:0000278,CHEMONTID:0000000;CHEMONTID:0004707;CHEMONTID:0000278;CHEMONTID:0002449,Organic compounds;Organic nitrogen compounds;Organonitrogen compounds;Amines
13295,Dialkyl ethers,0.84,CHEMONTID:0001167,5,CHEMONTID:0000254,CHEMONTID:0000000;CHEMONTID:0004603;CHEMONTID:0000323;CHEMONTID:0000254;CHEMONTID:0001167,Organic compounds;Organic oxygen compounds;Organooxygen compounds;Ethers;Dialkyl ethers
13569,Carboxylic acid derivatives,0.88,CHEMONTID:0001093,4,CHEMONTID:0000265,CHEMONTID:0000000;CHEMONTID:0000264;CHEMONTID:0000265;CHEMONTID:0001093,Organic compounds;Organic acids and derivatives;Carboxylic acids and derivatives;Carboxylic acid derivatives
6006,Carbonyl compounds,0.94,CHEMONTID:0001831,4,CHEMONTID:0000323,CHEMONTID:0000000;CHEMONTID:0004603;CHEMONTID:0000323;CHEMONTID:0001831,Organic compounds;Organic oxygen compounds;Organooxygen compounds;Carbonyl compounds
17585,Alcohols and polyols,0.94,CHEMONTID:0000129,4,CHEMONTID:0000323,CHEMONTID:0000000;CHEMONTID:0004603;CHEMONTID:0000323;CHEMONTID:0000129,Organic compounds;Organic oxygen compounds;Organooxygen compounds;Alcohols and polyols
15045,Purines and purine derivatives,0.99,CHEMONTID:0000245,4,CHEMONTID:0001797,CHEMONTID:0000000;CHEMONTID:0000002;CHEMONTID:0001797;CHEMONTID:0000245,Organic compounds;Organoheterocyclic compounds;Imidazopyrimidines;Purines and purine derivatives
12436,Ethers,0.95,CHEMONTID:0000254,4,CHEMONTID:0000323,CHEMONTID:0000000;CHEMONTID:0004603;CHEMONTID:0000323;CHEMONTID:0000254,Organic compounds;Organic oxygen compounds;Organooxygen compounds;Ethers
10228,Carbonyl compounds,0.96,CHEMONTID:0001831,4,CHEMONTID:0000323,CHEMONTID:0000000;CHEMONTID:0004603;CHEMONTID:0000323;CHEMONTID:0001831,Organic compounds;Organic oxygen compounds;Organooxygen compounds;Carbonyl compounds
17066,Amines,0.95,CHEMONTID:0002449,4,CHEMONTID:0000278,CHEMONTID:0000000;CHEMONTID:0004707;CHEMONTID:0000278;CHEMONTID:0002449,Organic compounds;Organic nitrogen compounds;Organonitrogen compounds;Amines
14221,Carbonyl compounds,0.95,CHEMONTID:0001831,4,CHEMONTID:0000323,CHEMONTID:0000000;CHEMONTID:0004603;CHEMONTID:0000323;CHEMONTID:0001831,Organic compounds;Organic oxygen compounds;Organooxygen compounds;Carbonyl compounds
15885,Amines,0.99,CHEMONTID:0002449,4,CHEMONTID:0000278,CHEMONTID:0000000;CHEMONTID:0004707;CHEMONTID:0000278;CHEMONTID:0002449,Organic compounds;Organic nitrogen compounds;Organonitrogen compounds;Amines
14628,Alcohols and polyols,0.99,CHEMONTID:0000129,4,CHEMONTID:0000323,CHEMONTID:0000000;CHEMONTID:0004603;CHEMONTID:0000323;CHEMONTID:0000129,Organic compounds;Organic oxygen compounds;Organooxygen compounds;Alcohols and polyols
7439,Dialkyl ethers,0.98,CHEMONTID:0001167,5,CHEMONTID:0000254,CHEMONTID:0000000;CHEMONTID:0004603;CHEMONTID:0000323;CHEMONTID:0000254;CHEMONTID:0001167,Organic compounds;Organic oxygen compounds;Organooxygen compounds;Ethers;Dialkyl ethers
11164,Carboxylic acid derivatives,1,CHEMONTID:0001093,4,CHEMONTID:0000265,CHEMONTID:0000000;CHEMONTID:0000264;CHEMONTID:0000265;CHEMONTID:0001093,Organic compounds;Organic acids and derivatives;Carboxylic acids and derivatives;Carboxylic acid derivatives
18278,Dialkyl ethers,0.9,CHEMONTID:0001167,5,CHEMONTID:0000254,CHEMONTID:0000000;CHEMONTID:0004603;CHEMONTID:0000323;CHEMONTID:0000254;CHEMONTID:0001167,Organic compounds;Organic oxygen compounds;Organooxygen compounds;Ethers;Dialkyl ethers
4465,Carboxylic acid derivatives,0.9,CHEMONTID:0001093,4,CHEMONTID:0000265,CHEMONTID:0000000;CHEMONTID:0000264;CHEMONTID:0000265;CHEMONTID:0001093,Organic compounds;Organic acids and derivatives;Carboxylic acids and derivatives;Carboxylic acid derivatives
11779,Carbonyl compounds,0.99,CHEMONTID:0001831,4,CHEMONTID:0000323,CHEMONTID:0000000;CHEMONTID:0004603;CHEMONTID:0000323;CHEMONTID:0001831,Organic compounds;Organic oxygen compounds;Organooxygen compounds;Carbonyl compounds
15096,Carbonyl compounds,0.95,CHEMONTID:0001831,4,CHEMONTID:0000323,CHEMONTID:0000000;CHEMONTID:0004603;CHEMONTID:0000323;CHEMONTID:0001831,Organic compounds;Organic oxygen compounds;Organooxygen compounds;Carbonyl compounds
2917,Carbonyl compounds,0.99,CHEMONTID:0001831,4,CHEMONTID:0000323,CHEMONTID:0000000;CHEMONTID:0004603;CHEMONTID:0000323;CHEMONTID:0001831,Organic compounds;Organic oxygen compounds;Organooxygen compounds;Carbonyl compounds
11947,Amines,0.99,CHEMONTID:0002449,4,CHEMONTID:0000278,CHEMONTID:0000000;CHEMONTID:0004707;CHEMONTID:0000278;CHEMONTID:0002449,Organic compounds;Organic nitrogen compounds;Organonitrogen compounds;Amines
13545,Dicarboxylic acids and derivatives,0.84,CHEMONTID:0000346,4,CHEMONTID:0000265,CHEMONTID:0000000;CHEMONTID:0000264;CHEMONTID:0000265;CHEMONTID:0000346,Organic compounds;Organic acids and derivatives;Carboxylic acids and derivatives;Dicarboxylic acids and derivatives
9183,Amines,0.93,CHEMONTID:0002449,4,CHEMONTID:0000278,CHEMONTID:0000000;CHEMONTID:0004707;CHEMONTID:0000278;CHEMONTID:0002449,Organic compounds;Organic nitrogen compounds;Organonitrogen compounds;Amines
17589,Carboxylic acid derivatives,0.81,CHEMONTID:0001093,4,CHEMONTID:0000265,CHEMONTID:0000000;CHEMONTID:0000264;CHEMONTID:0000265;CHEMONTID:0001093,Organic compounds;Organic acids and derivatives;Carboxylic acids and derivatives;Carboxylic acid derivatives
15356,Carbonyl compounds,0.86,CHEMONTID:0001831,4,CHEMONTID:0000323,CHEMONTID:0000000;CHEMONTID:0004603;CHEMONTID:0000323;CHEMONTID:0001831,Organic compounds;Organic oxygen compounds;Organooxygen compounds;Carbonyl compounds
93,Fatty amides,0.91,CHEMONTID:0000331,4,CHEMONTID:0003909,CHEMONTID:0000000;CHEMONTID:0000012;CHEMONTID:0003909;CHEMONTID:0000331,Organic compounds;Lipids and lipid-like molecules;Fatty Acyls;Fatty amides
11964,Carbonyl compounds,0.88,CHEMONTID:0001831,4,CHEMONTID:0000323,CHEMONTID:0000000;CHEMONTID:0004603;CHEMONTID:0000323;CHEMONTID:0001831,Organic compounds;Organic oxygen compounds;Organooxygen compounds;Carbonyl compounds
12029,Dialkyl ethers,0.95,CHEMONTID:0001167,5,CHEMONTID:0000254,CHEMONTID:0000000;CHEMONTID:0004603;CHEMONTID:0000323;CHEMONTID:0000254;CHEMONTID:0001167,Organic compounds;Organic oxygen compounds;Organooxygen compounds;Ethers;Dialkyl ethers
9785,Primary amines,0.97,CHEMONTID:0002450,5,CHEMONTID:0002449,CHEMONTID:0000000;CHEMONTID:0004707;CHEMONTID:0000278;CHEMONTID:0002449;CHEMONTID:0002450,Organic compounds;Organic nitrogen compounds;Organonitrogen compounds;Amines;Primary amines
9487,Purines and purine derivatives,0.89,CHEMONTID:0000245,4,CHEMONTID:0001797,CHEMONTID:0000000;CHEMONTID:0000002;CHEMONTID:0001797;CHEMONTID:0000245,Organic compounds;Organoheterocyclic compounds;Imidazopyrimidines;Purines and purine derivatives
8260,Carbonyl compounds,0.89,CHEMONTID:0001831,4,CHEMONTID:0000323,CHEMONTID:0000000;CHEMONTID:0004603;CHEMONTID:0000323;CHEMONTID:0001831,Organic compounds;Organic oxygen compounds;Organooxygen compounds;Carbonyl compounds
11624,Carbonyl compounds,0.9,CHEMONTID:0001831,4,CHEMONTID:0000323,CHEMONTID:0000000;CHEMONTID:0004603;CHEMONTID:0000323;CHEMONTID:0001831,Organic compounds;Organic oxygen compounds;Organooxygen compounds;Carbonyl compounds
8146,Alcohols and polyols,0.87,CHEMONTID:0000129,4,CHEMONTID:0000323,CHEMONTID:0000000;CHEMONTID:0004603;CHEMONTID:0000323;CHEMONTID:0000129,Organic compounds;Organic oxygen compounds;Organooxygen compounds;Alcohols and polyols
13154,Carbonyl compounds,0.96,CHEMONTID:0001831,4,CHEMONTID:0000323,CHEMONTID:0000000;CHEMONTID:0004603;CHEMONTID:0000323;CHEMONTID:0001831,Organic compounds;Organic oxygen compounds;Organooxygen compounds;Carbonyl compounds
17461,Carbonyl compounds,0.85,CHEMONTID:0001831,4,CHEMONTID:0000323,CHEMONTID:0000000;CHEMONTID:0004603;CHEMONTID:0000323;CHEMONTID:0001831,Organic compounds;Organic oxygen compounds;Organooxygen compounds;Carbonyl compounds
14423,Ethers,0.99,CHEMONTID:0000254,4,CHEMONTID:0000323,CHEMONTID:0000000;CHEMONTID:0004603;CHEMONTID:0000323;CHEMONTID:0000254,Organic compounds;Organic oxygen compounds;Organooxygen compounds;Ethers
8941,Carbonyl compounds,0.85,CHEMONTID:0001831,4,CHEMONTID:0000323,CHEMONTID:0000000;CHEMONTID:0004603;CHEMONTID:0000323;CHEMONTID:0001831,Organic compounds;Organic oxygen compounds;Organooxygen compounds;Carbonyl compounds
15672,Fatty acid esters,0.93,CHEMONTID:0000324,4,CHEMONTID:0003909,CHEMONTID:0000000;CHEMONTID:0000012;CHEMONTID:0003909;CHEMONTID:0000324,Organic compounds;Lipids and lipid-like molecules;Fatty Acyls;Fatty acid esters
15948,Alcohols and polyols,1,CHEMONTID:0000129,4,CHEMONTID:0000323,CHEMONTID:0000000;CHEMONTID:0004603;CHEMONTID:0000323;CHEMONTID:0000129,Organic compounds;Organic oxygen compounds;Organooxygen compounds;Alcohols and polyols
15723,Carbonyl compounds,0.97,CHEMONTID:0001831,4,CHEMONTID:0000323,CHEMONTID:0000000;CHEMONTID:0004603;CHEMONTID:0000323;CHEMONTID:0001831,Organic compounds;Organic oxygen compounds;Organooxygen compounds;Carbonyl compounds
4657,Carbonyl compounds,0.94,CHEMONTID:0001831,4,CHEMONTID:0000323,CHEMONTID:0000000;CHEMONTID:0004603;CHEMONTID:0000323;CHEMONTID:0001831,Organic compounds;Organic oxygen compounds;Organooxygen compounds;Carbonyl compounds
6071,Carbonyl compounds,0.98,CHEMONTID:0001831,4,CHEMONTID:0000323,CHEMONTID:0000000;CHEMONTID:0004603;CHEMONTID:0000323;CHEMONTID:0001831,Organic compounds;Organic oxygen compounds;Organooxygen compounds;Carbonyl compounds
7463,Carbonyl compounds,0.94,CHEMONTID:0001831,4,CHEMONTID:0000323,CHEMONTID:0000000;CHEMONTID:0004603;CHEMONTID:0000323;CHEMONTID:0001831,Organic compounds;Organic oxygen compounds;Organooxygen compounds;Carbonyl compounds
15735,Dialkyl ethers,0.94,CHEMONTID:0001167,5,CHEMONTID:0000254,CHEMONTID:0000000;CHEMONTID:0004603;CHEMONTID:0000323;CHEMONTID:0000254;CHEMONTID:0001167,Organic compounds;Organic oxygen compounds;Organooxygen compounds;Ethers;Dialkyl ethers
2557,Androstane steroids,0.82,CHEMONTID:0003568,4,CHEMONTID:0000258,CHEMONTID:0000000;CHEMONTID:0000012;CHEMONTID:0000258;CHEMONTID:0003568,Organic compounds;Lipids and lipid-like molecules;Steroids and steroid derivatives;Androstane steroids
10719,Alcohols and polyols,0.98,CHEMONTID:0000129,4,CHEMONTID:0000323,CHEMONTID:0000000;CHEMONTID:0004603;CHEMONTID:0000323;CHEMONTID:0000129,Organic compounds;Organic oxygen compounds;Organooxygen compounds;Alcohols and polyols
6572,Amines,0.95,CHEMONTID:0002449,4,CHEMONTID:0000278,CHEMONTID:0000000;CHEMONTID:0004707;CHEMONTID:0000278;CHEMONTID:0002449,Organic compounds;Organic nitrogen compounds;Organonitrogen compounds;Amines
5901,Amines,0.93,CHEMONTID:0002449,4,CHEMONTID:0000278,CHEMONTID:0000000;CHEMONTID:0004707;CHEMONTID:0000278;CHEMONTID:0002449,Organic compounds;Organic nitrogen compounds;Organonitrogen compounds;Amines
1699,Primary amines,1,CHEMONTID:0002450,5,CHEMONTID:0002449,CHEMONTID:0000000;CHEMONTID:0004707;CHEMONTID:0000278;CHEMONTID:0002449;CHEMONTID:0002450,Organic compounds;Organic nitrogen compounds;Organonitrogen compounds;Amines;Primary amines
1948,Amines,0.86,CHEMONTID:0002449,4,CHEMONTID:0000278,CHEMONTID:0000000;CHEMONTID:0004707;CHEMONTID:0000278;CHEMONTID:0002449,Organic compounds;Organic nitrogen compounds;Organonitrogen compounds;Amines
13683,Carbonyl compounds,0.95,CHEMONTID:0001831,4,CHEMONTID:0000323,CHEMONTID:0000000;CHEMONTID:0004603;CHEMONTID:0000323;CHEMONTID:0001831,Organic compounds;Organic oxygen compounds;Organooxygen compounds;Carbonyl compounds
16353,Dialkyl ethers,0.89,CHEMONTID:0001167,5,CHEMONTID:0000254,CHEMONTID:0000000;CHEMONTID:0004603;CHEMONTID:0000323;CHEMONTID:0000254;CHEMONTID:0001167,Organic compounds;Organic oxygen compounds;Organooxygen compounds;Ethers;Dialkyl ethers
18500,Alcohols and polyols,0.93,CHEMONTID:0000129,4,CHEMONTID:0000323,CHEMONTID:0000000;CHEMONTID:0004603;CHEMONTID:0000323;CHEMONTID:0000129,Organic compounds;Organic oxygen compounds;Organooxygen compounds;Alcohols and polyols
8397,Cyclic olefins,0.99,CHEMONTID:0002840,5,CHEMONTID:0002838,CHEMONTID:0000000;CHEMONTID:0002837;CHEMONTID:0004475;CHEMONTID:0002838;CHEMONTID:0002840,Organic compounds;Hydrocarbons;Unsaturated hydrocarbons;Olefins;Cyclic olefins
5105,Carboxylic acid derivatives,1,CHEMONTID:0001093,4,CHEMONTID:0000265,CHEMONTID:0000000;CHEMONTID:0000264;CHEMONTID:0000265;CHEMONTID:0001093,Organic compounds;Organic acids and derivatives;Carboxylic acids and derivatives;Carboxylic acid derivatives
7857,Morpholines,0.99,CHEMONTID:0000392,4,CHEMONTID:0000107,CHEMONTID:0000000;CHEMONTID:0000002;CHEMONTID:0000107;CHEMONTID:0000392,Organic compounds;Organoheterocyclic compounds;Oxazinanes;Morpholines
3793,Alcohols and polyols,0.93,CHEMONTID:0000129,4,CHEMONTID:0000323,CHEMONTID:0000000;CHEMONTID:0004603;CHEMONTID:0000323;CHEMONTID:0000129,Organic compounds;Organic oxygen compounds;Organooxygen compounds;Alcohols and polyols
13695,Carboxylic acid derivatives,1,CHEMONTID:0001093,4,CHEMONTID:0000265,CHEMONTID:0000000;CHEMONTID:0000264;CHEMONTID:0000265;CHEMONTID:0001093,Organic compounds;Organic acids and derivatives;Carboxylic acids and derivatives;Carboxylic acid derivatives
440,Carbonyl compounds,0.89,CHEMONTID:0001831,4,CHEMONTID:0000323,CHEMONTID:0000000;CHEMONTID:0004603;CHEMONTID:0000323;CHEMONTID:0001831,Organic compounds;Organic oxygen compounds;Organooxygen compounds;Carbonyl compounds
1648,Amines,0.98,CHEMONTID:0002449,4,CHEMONTID:0000278,CHEMONTID:0000000;CHEMONTID:0004707;CHEMONTID:0000278;CHEMONTID:0002449,Organic compounds;Organic nitrogen compounds;Organonitrogen compounds;Amines
10192,Amines,0.99,CHEMONTID:0002449,4,CHEMONTID:0000278,CHEMONTID:0000000;CHEMONTID:0004707;CHEMONTID:0000278;CHEMONTID:0002449,Organic compounds;Organic nitrogen compounds;Organonitrogen compounds;Amines
4026,Alcohols and polyols,0.96,CHEMONTID:0000129,4,CHEMONTID:0000323,CHEMONTID:0000000;CHEMONTID:0004603;CHEMONTID:0000323;CHEMONTID:0000129,Organic compounds;Organic oxygen compounds;Organooxygen compounds;Alcohols and polyols
7794,Carbonyl compounds,0.99,CHEMONTID:0001831,4,CHEMONTID:0000323,CHEMONTID:0000000;CHEMONTID:0004603;CHEMONTID:0000323;CHEMONTID:0001831,Organic compounds;Organic oxygen compounds;Organooxygen compounds;Carbonyl compounds
6046,Ethers,1,CHEMONTID:0000254,4,CHEMONTID:0000323,CHEMONTID:0000000;CHEMONTID:0004603;CHEMONTID:0000323;CHEMONTID:0000254,Organic compounds;Organic oxygen compounds;Organooxygen compounds;Ethers
12977,Carbonyl compounds,0.97,CHEMONTID:0001831,4,CHEMONTID:0000323,CHEMONTID:0000000;CHEMONTID:0004603;CHEMONTID:0000323;CHEMONTID:0001831,Organic compounds;Organic oxygen compounds;Organooxygen compounds;Carbonyl compounds
18358,Dialkyl ethers,0.84,CHEMONTID:0001167,5,CHEMONTID:0000254,CHEMONTID:0000000;CHEMONTID:0004603;CHEMONTID:0000323;CHEMONTID:0000254;CHEMONTID:0001167,Organic compounds;Organic oxygen compounds;Organooxygen compounds;Ethers;Dialkyl ethers
4130,Carbonyl compounds,0.96,CHEMONTID:0001831,4,CHEMONTID:0000323,CHEMONTID:0000000;CHEMONTID:0004603;CHEMONTID:0000323;CHEMONTID:0001831,Organic compounds;Organic oxygen compounds;Organooxygen compounds;Carbonyl compounds
10802,Ethers,0.84,CHEMONTID:0000254,4,CHEMONTID:0000323,CHEMONTID:0000000;CHEMONTID:0004603;CHEMONTID:0000323;CHEMONTID:0000254,Organic compounds;Organic oxygen compounds;Organooxygen compounds;Ethers
10983,Amines,0.86,CHEMONTID:0002449,4,CHEMONTID:0000278,CHEMONTID:0000000;CHEMONTID:0004707;CHEMONTID:0000278;CHEMONTID:0002449,Organic compounds;Organic nitrogen compounds;Organonitrogen compounds;Amines
1776,Phosphate esters,0.95,CHEMONTID:0000408,4,CHEMONTID:0000402,CHEMONTID:0000000;CHEMONTID:0000264;CHEMONTID:0000402;CHEMONTID:0000408,Organic compounds;Organic acids and derivatives;Organic phosphoric acids and derivatives;Phosphate esters
2062,Primary alcohols,0.99,CHEMONTID:0000286,5,CHEMONTID:0000129,CHEMONTID:0000000;CHEMONTID:0004603;CHEMONTID:0000323;CHEMONTID:0000129;CHEMONTID:0000286,Organic compounds;Organic oxygen compounds;Organooxygen compounds;Alcohols and polyols;Primary alcohols
12138,Amines,0.92,CHEMONTID:0002449,4,CHEMONTID:0000278,CHEMONTID:0000000;CHEMONTID:0004707;CHEMONTID:0000278;CHEMONTID:0002449,Organic compounds;Organic nitrogen compounds;Organonitrogen compounds;Amines
12026,Amines,1,CHEMONTID:0002449,4,CHEMONTID:0000278,CHEMONTID:0000000;CHEMONTID:0004707;CHEMONTID:0000278;CHEMONTID:0002449,Organic compounds;Organic nitrogen compounds;Organonitrogen compounds;Amines
10734,Carbonyl compounds,0.95,CHEMONTID:0001831,4,CHEMONTID:0000323,CHEMONTID:0000000;CHEMONTID:0004603;CHEMONTID:0000323;CHEMONTID:0001831,Organic compounds;Organic oxygen compounds;Organooxygen compounds;Carbonyl compounds
15359,Guanidines,0.96,CHEMONTID:0000375,4,CHEMONTID:0000278,CHEMONTID:0000000;CHEMONTID:0004707;CHEMONTID:0000278;CHEMONTID:0000375,Organic compounds;Organic nitrogen compounds;Organonitrogen compounds;Guanidines
12804,Amines,0.99,CHEMONTID:0002449,4,CHEMONTID:0000278,CHEMONTID:0000000;CHEMONTID:0004707;CHEMONTID:0000278;CHEMONTID:0002449,Organic compounds;Organic nitrogen compounds;Organonitrogen compounds;Amines
15460,Amines,0.97,CHEMONTID:0002449,4,CHEMONTID:0000278,CHEMONTID:0000000;CHEMONTID:0004707;CHEMONTID:0000278;CHEMONTID:0002449,Organic compounds;Organic nitrogen compounds;Organonitrogen compounds;Amines
9033,Amines,1,CHEMONTID:0002449,4,CHEMONTID:0000278,CHEMONTID:0000000;CHEMONTID:0004707;CHEMONTID:0000278;CHEMONTID:0002449,Organic compounds;Organic nitrogen compounds;Organonitrogen compounds;Amines
11265,Olefins,0.98,CHEMONTID:0002838,4,CHEMONTID:0004475,CHEMONTID:0000000;CHEMONTID:0002837;CHEMONTID:0004475;CHEMONTID:0002838,Organic compounds;Hydrocarbons;Unsaturated hydrocarbons;Olefins
5523,Carbohydrates and carbohydrate conjugates,1,CHEMONTID:0000011,4,CHEMONTID:0000323,CHEMONTID:0000000;CHEMONTID:0004603;CHEMONTID:0000323;CHEMONTID:0000011,Organic compounds;Organic oxygen compounds;Organooxygen compounds;Carbohydrates and carbohydrate conjugates
8209,Pyrimidines and pyrimidine derivatives,0.96,CHEMONTID:0000075,4,CHEMONTID:0001346,CHEMONTID:0000000;CHEMONTID:0000002;CHEMONTID:0001346;CHEMONTID:0000075,Organic compounds;Organoheterocyclic compounds;Diazines;Pyrimidines and pyrimidine derivatives
5386,Morpholines,0.97,CHEMONTID:0000392,4,CHEMONTID:0000107,CHEMONTID:0000000;CHEMONTID:0000002;CHEMONTID:0000107;CHEMONTID:0000392,Organic compounds;Organoheterocyclic compounds;Oxazinanes;Morpholines
18835,Carbonyl compounds,0.89,CHEMONTID:0001831,4,CHEMONTID:0000323,CHEMONTID:0000000;CHEMONTID:0004603;CHEMONTID:0000323;CHEMONTID:0001831,Organic compounds;Organic oxygen compounds;Organooxygen compounds;Carbonyl compounds
4606,N-acyl amines,0.91,CHEMONTID:0001096,5,CHEMONTID:0000331,CHEMONTID:0000000;CHEMONTID:0000012;CHEMONTID:0003909;CHEMONTID:0000331;CHEMONTID:0001096,Organic compounds;Lipids and lipid-like molecules;Fatty Acyls;Fatty amides;N-acyl amines
1706,Carbonyl compounds,0.92,CHEMONTID:0001831,4,CHEMONTID:0000323,CHEMONTID:0000000;CHEMONTID:0004603;CHEMONTID:0000323;CHEMONTID:0001831,Organic compounds;Organic oxygen compounds;Organooxygen compounds;Carbonyl compounds
3372,Primary amines,0.95,CHEMONTID:0002450,5,CHEMONTID:0002449,CHEMONTID:0000000;CHEMONTID:0004707;CHEMONTID:0000278;CHEMONTID:0002449;CHEMONTID:0002450,Organic compounds;Organic nitrogen compounds;Organonitrogen compounds;Amines;Primary amines
11906,Carbonyl compounds,0.83,CHEMONTID:0001831,4,CHEMONTID:0000323,CHEMONTID:0000000;CHEMONTID:0004603;CHEMONTID:0000323;CHEMONTID:0001831,Organic compounds;Organic oxygen compounds;Organooxygen compounds;Carbonyl compounds
13752,Carbonyl compounds,0.89,CHEMONTID:0001831,4,CHEMONTID:0000323,CHEMONTID:0000000;CHEMONTID:0004603;CHEMONTID:0000323;CHEMONTID:0001831,Organic compounds;Organic oxygen compounds;Organooxygen compounds;Carbonyl compounds
4551,Carbonyl compounds,0.88,CHEMONTID:0001831,4,CHEMONTID:0000323,CHEMONTID:0000000;CHEMONTID:0004603;CHEMONTID:0000323;CHEMONTID:0001831,Organic compounds;Organic oxygen compounds;Organooxygen compounds;Carbonyl compounds
9683,Carboxylic acid derivatives,0.85,CHEMONTID:0001093,4,CHEMONTID:0000265,CHEMONTID:0000000;CHEMONTID:0000264;CHEMONTID:0000265;CHEMONTID:0001093,Organic compounds;Organic acids and derivatives;Carboxylic acids and derivatives;Carboxylic acid derivatives
18460,Purines and purine derivatives,0.94,CHEMONTID:0000245,4,CHEMONTID:0001797,CHEMONTID:0000000;CHEMONTID:0000002;CHEMONTID:0001797;CHEMONTID:0000245,Organic compounds;Organoheterocyclic compounds;Imidazopyrimidines;Purines and purine derivatives
1763,Carbonyl compounds,0.88,CHEMONTID:0001831,4,CHEMONTID:0000323,CHEMONTID:0000000;CHEMONTID:0004603;CHEMONTID:0000323;CHEMONTID:0001831,Organic compounds;Organic oxygen compounds;Organooxygen compounds;Carbonyl compounds
19964,Carboxylic acid derivatives,0.82,CHEMONTID:0001093,4,CHEMONTID:0000265,CHEMONTID:0000000;CHEMONTID:0000264;CHEMONTID:0000265;CHEMONTID:0001093,Organic compounds;Organic acids and derivatives;Carboxylic acids and derivatives;Carboxylic acid derivatives
1294,Dialkyl ethers,0.94,CHEMONTID:0001167,5,CHEMONTID:0000254,CHEMONTID:0000000;CHEMONTID:0004603;CHEMONTID:0000323;CHEMONTID:0000254;CHEMONTID:0001167,Organic compounds;Organic oxygen compounds;Organooxygen compounds;Ethers;Dialkyl ethers
5141,Secondary alcohols,0.82,CHEMONTID:0001661,5,CHEMONTID:0000129,CHEMONTID:0000000;CHEMONTID:0004603;CHEMONTID:0000323;CHEMONTID:0000129;CHEMONTID:0001661,Organic compounds;Organic oxygen compounds;Organooxygen compounds;Alcohols and polyols;Secondary alcohols
3840,Carbonyl compounds,0.99,CHEMONTID:0001831,4,CHEMONTID:0000323,CHEMONTID:0000000;CHEMONTID:0004603;CHEMONTID:0000323;CHEMONTID:0001831,Organic compounds;Organic oxygen compounds;Organooxygen compounds;Carbonyl compounds
10519,Glucuronides,0.99,CHEMONTID:0000374,7,CHEMONTID:0002094,CHEMONTID:0000000;CHEMONTID:0004603;CHEMONTID:0000323;CHEMONTID:0000011;CHEMONTID:0000215;CHEMONTID:0002094;CHEMONTID:0000374,Organic compounds;Organic oxygen compounds;Organooxygen compounds;Carbohydrates and carbohydrate conjugates;Sugar acids and derivatives;Glucuronic acid derivatives;Glucuronides
13278,Primary amines,0.99,CHEMONTID:0002450,5,CHEMONTID:0002449,CHEMONTID:0000000;CHEMONTID:0004707;CHEMONTID:0000278;CHEMONTID:0002449;CHEMONTID:0002450,Organic compounds;Organic nitrogen compounds;Organonitrogen compounds;Amines;Primary amines
19262,Amines,0.99,CHEMONTID:0002449,4,CHEMONTID:0000278,CHEMONTID:0000000;CHEMONTID:0004707;CHEMONTID:0000278;CHEMONTID:0002449,Organic compounds;Organic nitrogen compounds;Organonitrogen compounds;Amines
4735,Dialkyl phosphates,1,CHEMONTID:0003459,6,CHEMONTID:0003457,CHEMONTID:0000000;CHEMONTID:0000264;CHEMONTID:0000402;CHEMONTID:0000408;CHEMONTID:0003457;CHEMONTID:0003459,Organic compounds;Organic acids and derivatives;Organic phosphoric acids and derivatives;Phosphate esters;Alkyl phosphates;Dialkyl phosphates
11063,1-benzopyrans,0.97,CHEMONTID:0003410,4,CHEMONTID:0000123,CHEMONTID:0000000;CHEMONTID:0000002;CHEMONTID:0000123;CHEMONTID:0003410,Organic compounds;Organoheterocyclic compounds;Benzopyrans;1-benzopyrans
3176,Carboxylic acid derivatives,0.96,CHEMONTID:0001093,4,CHEMONTID:0000265,CHEMONTID:0000000;CHEMONTID:0000264;CHEMONTID:0000265;CHEMONTID:0001093,Organic compounds;Organic acids and derivatives;Carboxylic acids and derivatives;Carboxylic acid derivatives
14579,Carboxylic acid derivatives,0.9,CHEMONTID:0001093,4,CHEMONTID:0000265,CHEMONTID:0000000;CHEMONTID:0000264;CHEMONTID:0000265;CHEMONTID:0001093,Organic compounds;Organic acids and derivatives;Carboxylic acids and derivatives;Carboxylic acid derivatives
1069,Dialkyl ethers,0.96,CHEMONTID:0001167,5,CHEMONTID:0000254,CHEMONTID:0000000;CHEMONTID:0004603;CHEMONTID:0000323;CHEMONTID:0000254;CHEMONTID:0001167,Organic compounds;Organic oxygen compounds;Organooxygen compounds;Ethers;Dialkyl ethers
17498,Alcohols and polyols,0.91,CHEMONTID:0000129,4,CHEMONTID:0000323,CHEMONTID:0000000;CHEMONTID:0004603;CHEMONTID:0000323;CHEMONTID:0000129,Organic compounds;Organic oxygen compounds;Organooxygen compounds;Alcohols and polyols
1695,Monoalkylamines,0.99,CHEMONTID:0000469,6,CHEMONTID:0002450,CHEMONTID:0000000;CHEMONTID:0004707;CHEMONTID:0000278;CHEMONTID:0002449;CHEMONTID:0002450;CHEMONTID:0000469,Organic compounds;Organic nitrogen compounds;Organonitrogen compounds;Amines;Primary amines;Monoalkylamines
5342,Pentose phosphates,1,CHEMONTID:0002259,7,CHEMONTID:0001497,CHEMONTID:0000000;CHEMONTID:0004603;CHEMONTID:0000323;CHEMONTID:0000011;CHEMONTID:0001540;CHEMONTID:0001497;CHEMONTID:0002259,Organic compounds;Organic oxygen compounds;Organooxygen compounds;Carbohydrates and carbohydrate conjugates;Monosaccharides;Pentoses;Pentose phosphates
427,Carbonyl compounds,0.93,CHEMONTID:0001831,4,CHEMONTID:0000323,CHEMONTID:0000000;CHEMONTID:0004603;CHEMONTID:0000323;CHEMONTID:0001831,Organic compounds;Organic oxygen compounds;Organooxygen compounds;Carbonyl compounds
12954,Primary amines,0.89,CHEMONTID:0002450,5,CHEMONTID:0002449,CHEMONTID:0000000;CHEMONTID:0004707;CHEMONTID:0000278;CHEMONTID:0002449;CHEMONTID:0002450,Organic compounds;Organic nitrogen compounds;Organonitrogen compounds;Amines;Primary amines
18223,Alcohols and polyols,0.96,CHEMONTID:0000129,4,CHEMONTID:0000323,CHEMONTID:0000000;CHEMONTID:0004603;CHEMONTID:0000323;CHEMONTID:0000129,Organic compounds;Organic oxygen compounds;Organooxygen compounds;Alcohols and polyols
18071,Ethers,0.91,CHEMONTID:0000254,4,CHEMONTID:0000323,CHEMONTID:0000000;CHEMONTID:0004603;CHEMONTID:0000323;CHEMONTID:0000254,Organic compounds;Organic oxygen compounds;Organooxygen compounds;Ethers
18713,Carboxylic acid derivatives,0.97,CHEMONTID:0001093,4,CHEMONTID:0000265,CHEMONTID:0000000;CHEMONTID:0000264;CHEMONTID:0000265;CHEMONTID:0001093,Organic compounds;Organic acids and derivatives;Carboxylic acids and derivatives;Carboxylic acid derivatives
3991,Monoalkylamines,1,CHEMONTID:0000469,6,CHEMONTID:0002450,CHEMONTID:0000000;CHEMONTID:0004707;CHEMONTID:0000278;CHEMONTID:0002449;CHEMONTID:0002450;CHEMONTID:0000469,Organic compounds;Organic nitrogen compounds;Organonitrogen compounds;Amines;Primary amines;Monoalkylamines
16079,Alkanolamines,1,CHEMONTID:0002460,5,CHEMONTID:0002449,CHEMONTID:0000000;CHEMONTID:0004707;CHEMONTID:0000278;CHEMONTID:0002449;CHEMONTID:0002460,Organic compounds;Organic nitrogen compounds;Organonitrogen compounds;Amines;Alkanolamines
5752,Alcohols and polyols,0.99,CHEMONTID:0000129,4,CHEMONTID:0000323,CHEMONTID:0000000;CHEMONTID:0004603;CHEMONTID:0000323;CHEMONTID:0000129,Organic compounds;Organic oxygen compounds;Organooxygen compounds;Alcohols and polyols
16884,Carbonyl compounds,0.98,CHEMONTID:0001831,4,CHEMONTID:0000323,CHEMONTID:0000000;CHEMONTID:0004603;CHEMONTID:0000323;CHEMONTID:0001831,Organic compounds;Organic oxygen compounds;Organooxygen compounds;Carbonyl compounds
9545,Monoalkylamines,0.98,CHEMONTID:0000469,6,CHEMONTID:0002450,CHEMONTID:0000000;CHEMONTID:0004707;CHEMONTID:0000278;CHEMONTID:0002449;CHEMONTID:0002450;CHEMONTID:0000469,Organic compounds;Organic nitrogen compounds;Organonitrogen compounds;Amines;Primary amines;Monoalkylamines
13243,Guanidines,1,CHEMONTID:0000375,4,CHEMONTID:0000278,CHEMONTID:0000000;CHEMONTID:0004707;CHEMONTID:0000278;CHEMONTID:0000375,Organic compounds;Organic nitrogen compounds;Organonitrogen compounds;Guanidines
19647,Amines,0.97,CHEMONTID:0002449,4,CHEMONTID:0000278,CHEMONTID:0000000;CHEMONTID:0004707;CHEMONTID:0000278;CHEMONTID:0002449,Organic compounds;Organic nitrogen compounds;Organonitrogen compounds;Amines
17325,Carbonyl compounds,0.96,CHEMONTID:0001831,4,CHEMONTID:0000323,CHEMONTID:0000000;CHEMONTID:0004603;CHEMONTID:0000323;CHEMONTID:0001831,Organic compounds;Organic oxygen compounds;Organooxygen compounds;Carbonyl compounds
11495,Carbonyl compounds,0.91,CHEMONTID:0001831,4,CHEMONTID:0000323,CHEMONTID:0000000;CHEMONTID:0004603;CHEMONTID:0000323;CHEMONTID:0001831,Organic compounds;Organic oxygen compounds;Organooxygen compounds;Carbonyl compounds
5353,Alcohols and polyols,0.83,CHEMONTID:0000129,4,CHEMONTID:0000323,CHEMONTID:0000000;CHEMONTID:0004603;CHEMONTID:0000323;CHEMONTID:0000129,Organic compounds;Organic oxygen compounds;Organooxygen compounds;Alcohols and polyols
17931,Carbonyl compounds,0.86,CHEMONTID:0001831,4,CHEMONTID:0000323,CHEMONTID:0000000;CHEMONTID:0004603;CHEMONTID:0000323;CHEMONTID:0001831,Organic compounds;Organic oxygen compounds;Organooxygen compounds;Carbonyl compounds
3497,Carbonyl compounds,0.95,CHEMONTID:0001831,4,CHEMONTID:0000323,CHEMONTID:0000000;CHEMONTID:0004603;CHEMONTID:0000323;CHEMONTID:0001831,Organic compounds;Organic oxygen compounds;Organooxygen compounds;Carbonyl compounds
16038,Alkyl phosphates,0.98,CHEMONTID:0003457,5,CHEMONTID:0000408,CHEMONTID:0000000;CHEMONTID:0000264;CHEMONTID:0000402;CHEMONTID:0000408;CHEMONTID:0003457,Organic compounds;Organic acids and derivatives;Organic phosphoric acids and derivatives;Phosphate esters;Alkyl phosphates
18909,Monocarboxylic acids and derivatives,0.94,CHEMONTID:0001137,4,CHEMONTID:0000265,CHEMONTID:0000000;CHEMONTID:0000264;CHEMONTID:0000265;CHEMONTID:0001137,Organic compounds;Organic acids and derivatives;Carboxylic acids and derivatives;Monocarboxylic acids and derivatives
5812,Imidazoles,0.85,CHEMONTID:0000078,4,CHEMONTID:0000436,CHEMONTID:0000000;CHEMONTID:0000002;CHEMONTID:0000436;CHEMONTID:0000078,Organic compounds;Organoheterocyclic compounds;Azoles;Imidazoles
9978,Monoalkylamines,0.97,CHEMONTID:0000469,6,CHEMONTID:0002450,CHEMONTID:0000000;CHEMONTID:0004707;CHEMONTID:0000278;CHEMONTID:0002449;CHEMONTID:0002450;CHEMONTID:0000469,Organic compounds;Organic nitrogen compounds;Organonitrogen compounds;Amines;Primary amines;Monoalkylamines
5929,Ethers,0.94,CHEMONTID:0000254,4,CHEMONTID:0000323,CHEMONTID:0000000;CHEMONTID:0004603;CHEMONTID:0000323;CHEMONTID:0000254,Organic compounds;Organic oxygen compounds;Organooxygen compounds;Ethers
441,Carboxylic acid derivatives,1,CHEMONTID:0001093,4,CHEMONTID:0000265,CHEMONTID:0000000;CHEMONTID:0000264;CHEMONTID:0000265;CHEMONTID:0001093,Organic compounds;Organic acids and derivatives;Carboxylic acids and derivatives;Carboxylic acid derivatives
4540,Carboxylic acid derivatives,0.96,CHEMONTID:0001093,4,CHEMONTID:0000265,CHEMONTID:0000000;CHEMONTID:0000264;CHEMONTID:0000265;CHEMONTID:0001093,Organic compounds;Organic acids and derivatives;Carboxylic acids and derivatives;Carboxylic acid derivatives
13005,Amines,0.96,CHEMONTID:0002449,4,CHEMONTID:0000278,CHEMONTID:0000000;CHEMONTID:0004707;CHEMONTID:0000278;CHEMONTID:0002449,Organic compounds;Organic nitrogen compounds;Organonitrogen compounds;Amines
16008,Carbonyl compounds,0.81,CHEMONTID:0001831,4,CHEMONTID:0000323,CHEMONTID:0000000;CHEMONTID:0004603;CHEMONTID:0000323;CHEMONTID:0001831,Organic compounds;Organic oxygen compounds;Organooxygen compounds;Carbonyl compounds
4085,Carbonyl compounds,0.99,CHEMONTID:0001831,4,CHEMONTID:0000323,CHEMONTID:0000000;CHEMONTID:0004603;CHEMONTID:0000323;CHEMONTID:0001831,Organic compounds;Organic oxygen compounds;Organooxygen compounds;Carbonyl compounds
11034,Phosphate esters,0.97,CHEMONTID:0000408,4,CHEMONTID:0000402,CHEMONTID:0000000;CHEMONTID:0000264;CHEMONTID:0000402;CHEMONTID:0000408,Organic compounds;Organic acids and derivatives;Organic phosphoric acids and derivatives;Phosphate esters
17482,Monoalkylamines,0.99,CHEMONTID:0000469,6,CHEMONTID:0002450,CHEMONTID:0000000;CHEMONTID:0004707;CHEMONTID:0000278;CHEMONTID:0002449;CHEMONTID:0002450;CHEMONTID:0000469,Organic compounds;Organic nitrogen compounds;Organonitrogen compounds;Amines;Primary amines;Monoalkylamines
10450,Amines,0.85,CHEMONTID:0002449,4,CHEMONTID:0000278,CHEMONTID:0000000;CHEMONTID:0004707;CHEMONTID:0000278;CHEMONTID:0002449,Organic compounds;Organic nitrogen compounds;Organonitrogen compounds;Amines
9833,Alcohols and polyols,0.96,CHEMONTID:0000129,4,CHEMONTID:0000323,CHEMONTID:0000000;CHEMONTID:0004603;CHEMONTID:0000323;CHEMONTID:0000129,Organic compounds;Organic oxygen compounds;Organooxygen compounds;Alcohols and polyols
7355,Primary amines,0.95,CHEMONTID:0002450,5,CHEMONTID:0002449,CHEMONTID:0000000;CHEMONTID:0004707;CHEMONTID:0000278;CHEMONTID:0002449;CHEMONTID:0002450,Organic compounds;Organic nitrogen compounds;Organonitrogen compounds;Amines;Primary amines
9900,Monoalkylamines,1,CHEMONTID:0000469,6,CHEMONTID:0002450,CHEMONTID:0000000;CHEMONTID:0004707;CHEMONTID:0000278;CHEMONTID:0002449;CHEMONTID:0002450;CHEMONTID:0000469,Organic compounds;Organic nitrogen compounds;Organonitrogen compounds;Amines;Primary amines;Monoalkylamines
17121,Carbonyl compounds,0.92,CHEMONTID:0001831,4,CHEMONTID:0000323,CHEMONTID:0000000;CHEMONTID:0004603;CHEMONTID:0000323;CHEMONTID:0001831,Organic compounds;Organic oxygen compounds;Organooxygen compounds;Carbonyl compounds
1006,Dialkyl phosphates,1,CHEMONTID:0003459,6,CHEMONTID:0003457,CHEMONTID:0000000;CHEMONTID:0000264;CHEMONTID:0000402;CHEMONTID:0000408;CHEMONTID:0003457;CHEMONTID:0003459,Organic compounds;Organic acids and derivatives;Organic phosphoric acids and derivatives;Phosphate esters;Alkyl phosphates;Dialkyl phosphates
4989,Alcohols and polyols,0.95,CHEMONTID:0000129,4,CHEMONTID:0000323,CHEMONTID:0000000;CHEMONTID:0004603;CHEMONTID:0000323;CHEMONTID:0000129,Organic compounds;Organic oxygen compounds;Organooxygen compounds;Alcohols and polyols
15256,Carbonyl compounds,1,CHEMONTID:0001831,4,CHEMONTID:0000323,CHEMONTID:0000000;CHEMONTID:0004603;CHEMONTID:0000323;CHEMONTID:0001831,Organic compounds;Organic oxygen compounds;Organooxygen compounds;Carbonyl compounds
12351,Monoalkylamines,0.95,CHEMONTID:0000469,6,CHEMONTID:0002450,CHEMONTID:0000000;CHEMONTID:0004707;CHEMONTID:0000278;CHEMONTID:0002449;CHEMONTID:0002450;CHEMONTID:0000469,Organic compounds;Organic nitrogen compounds;Organonitrogen compounds;Amines;Primary amines;Monoalkylamines
12478,Carbonyl compounds,0.9,CHEMONTID:0001831,4,CHEMONTID:0000323,CHEMONTID:0000000;CHEMONTID:0004603;CHEMONTID:0000323;CHEMONTID:0001831,Organic compounds;Organic oxygen compounds;Organooxygen compounds;Carbonyl compounds
5397,Carboxylic acid derivatives,0.98,CHEMONTID:0001093,4,CHEMONTID:0000265,CHEMONTID:0000000;CHEMONTID:0000264;CHEMONTID:0000265;CHEMONTID:0001093,Organic compounds;Organic acids and derivatives;Carboxylic acids and derivatives;Carboxylic acid derivatives
8106,Secondary alcohols,0.9,CHEMONTID:0001661,5,CHEMONTID:0000129,CHEMONTID:0000000;CHEMONTID:0004603;CHEMONTID:0000323;CHEMONTID:0000129;CHEMONTID:0001661,Organic compounds;Organic oxygen compounds;Organooxygen compounds;Alcohols and polyols;Secondary alcohols
5556,Monoalkylamines,1,CHEMONTID:0000469,6,CHEMONTID:0002450,CHEMONTID:0000000;CHEMONTID:0004707;CHEMONTID:0000278;CHEMONTID:0002449;CHEMONTID:0002450;CHEMONTID:0000469,Organic compounds;Organic nitrogen compounds;Organonitrogen compounds;Amines;Primary amines;Monoalkylamines
4121,Carboxylic acids,0.81,CHEMONTID:0001205,4,CHEMONTID:0000265,CHEMONTID:0000000;CHEMONTID:0000264;CHEMONTID:0000265;CHEMONTID:0001205,Organic compounds;Organic acids and derivatives;Carboxylic acids and derivatives;Carboxylic acids
7975,Monoalkylamines,0.99,CHEMONTID:0000469,6,CHEMONTID:0002450,CHEMONTID:0000000;CHEMONTID:0004707;CHEMONTID:0000278;CHEMONTID:0002449;CHEMONTID:0002450;CHEMONTID:0000469,Organic compounds;Organic nitrogen compounds;Organonitrogen compounds;Amines;Primary amines;Monoalkylamines
19745,Monoalkylamines,0.94,CHEMONTID:0000469,6,CHEMONTID:0002450,CHEMONTID:0000000;CHEMONTID:0004707;CHEMONTID:0000278;CHEMONTID:0002449;CHEMONTID:0002450;CHEMONTID:0000469,Organic compounds;Organic nitrogen compounds;Organonitrogen compounds;Amines;Primary amines;Monoalkylamines
16393,Organic phosphonic acids,0.99,CHEMONTID:0001302,4,CHEMONTID:0000419,CHEMONTID:0000000;CHEMONTID:0000264;CHEMONTID:0000419;CHEMONTID:0001302,Organic compounds;Organic acids and derivatives;Organic phosphonic acids and derivatives;Organic phosphonic acids
12848,Secondary alcohols,0.89,CHEMONTID:0001661,5,CHEMONTID:0000129,CHEMONTID:0000000;CHEMONTID:0004603;CHEMONTID:0000323;CHEMONTID:0000129;CHEMONTID:0001661,Organic compounds;Organic oxygen compounds;Organooxygen compounds;Alcohols and polyols;Secondary alcohols
12936,Alcohols and polyols,0.82,CHEMONTID:0000129,4,CHEMONTID:0000323,CHEMONTID:0000000;CHEMONTID:0004603;CHEMONTID:0000323;CHEMONTID:0000129,Organic compounds;Organic oxygen compounds;Organooxygen compounds;Alcohols and polyols
9850,Triazoles,0.85,CHEMONTID:0000099,4,CHEMONTID:0000436,CHEMONTID:0000000;CHEMONTID:0000002;CHEMONTID:0000436;CHEMONTID:0000099,Organic compounds;Organoheterocyclic compounds;Azoles;Triazoles
19924,Alpha amino acids and derivatives,1,CHEMONTID:0000060,6,CHEMONTID:0000347,CHEMONTID:0000000;CHEMONTID:0000264;CHEMONTID:0000265;CHEMONTID:0000013;CHEMONTID:0000347;CHEMONTID:0000060,"Organic compounds;Organic acids and derivatives;Carboxylic acids and derivatives;Amino acids, peptides, and analogues;Amino acids and derivatives;Alpha amino acids and derivatives"
10276,Carbonyl compounds,0.9,CHEMONTID:0001831,4,CHEMONTID:0000323,CHEMONTID:0000000;CHEMONTID:0004603;CHEMONTID:0000323;CHEMONTID:0001831,Organic compounds;Organic oxygen compounds;Organooxygen compounds;Carbonyl compounds
10843,Dialkyl phosphates,1,CHEMONTID:0003459,6,CHEMONTID:0003457,CHEMONTID:0000000;CHEMONTID:0000264;CHEMONTID:0000402;CHEMONTID:0000408;CHEMONTID:0003457;CHEMONTID:0003459,Organic compounds;Organic acids and derivatives;Organic phosphoric acids and derivatives;Phosphate esters;Alkyl phosphates;Dialkyl phosphates
2735,Carbonyl compounds,0.9,CHEMONTID:0001831,4,CHEMONTID:0000323,CHEMONTID:0000000;CHEMONTID:0004603;CHEMONTID:0000323;CHEMONTID:0001831,Organic compounds;Organic oxygen compounds;Organooxygen compounds;Carbonyl compounds
12929,Primary amines,1,CHEMONTID:0002450,5,CHEMONTID:0002449,CHEMONTID:0000000;CHEMONTID:0004707;CHEMONTID:0000278;CHEMONTID:0002449;CHEMONTID:0002450,Organic compounds;Organic nitrogen compounds;Organonitrogen compounds;Amines;Primary amines
497,Ethers,1,CHEMONTID:0000254,4,CHEMONTID:0000323,CHEMONTID:0000000;CHEMONTID:0004603;CHEMONTID:0000323;CHEMONTID:0000254,Organic compounds;Organic oxygen compounds;Organooxygen compounds;Ethers
4968,Alkyl phosphates,0.98,CHEMONTID:0003457,5,CHEMONTID:0000408,CHEMONTID:0000000;CHEMONTID:0000264;CHEMONTID:0000402;CHEMONTID:0000408;CHEMONTID:0003457,Organic compounds;Organic acids and derivatives;Organic phosphoric acids and derivatives;Phosphate esters;Alkyl phosphates
2264,Amines,0.99,CHEMONTID:0002449,4,CHEMONTID:0000278,CHEMONTID:0000000;CHEMONTID:0004707;CHEMONTID:0000278;CHEMONTID:0002449,Organic compounds;Organic nitrogen compounds;Organonitrogen compounds;Amines
7377,Monoalkylamines,1,CHEMONTID:0000469,6,CHEMONTID:0002450,CHEMONTID:0000000;CHEMONTID:0004707;CHEMONTID:0000278;CHEMONTID:0002449;CHEMONTID:0002450;CHEMONTID:0000469,Organic compounds;Organic nitrogen compounds;Organonitrogen compounds;Amines;Primary amines;Monoalkylamines
10362,Carbonyl compounds,0.9,CHEMONTID:0001831,4,CHEMONTID:0000323,CHEMONTID:0000000;CHEMONTID:0004603;CHEMONTID:0000323;CHEMONTID:0001831,Organic compounds;Organic oxygen compounds;Organooxygen compounds;Carbonyl compounds
19830,Ethers,0.97,CHEMONTID:0000254,4,CHEMONTID:0000323,CHEMONTID:0000000;CHEMONTID:0004603;CHEMONTID:0000323;CHEMONTID:0000254,Organic compounds;Organic oxygen compounds;Organooxygen compounds;Ethers
6968,Amphetamines and derivatives,0.99,CHEMONTID:0000188,5,CHEMONTID:0000186,CHEMONTID:0000000;CHEMONTID:0002448;CHEMONTID:0002279;CHEMONTID:0000186;CHEMONTID:0000188,Organic compounds;Benzenoids;Benzene and substituted derivatives;Phenethylamines;Amphetamines and derivatives
10849,Carbonyl compounds,0.85,CHEMONTID:0001831,4,CHEMONTID:0000323,CHEMONTID:0000000;CHEMONTID:0004603;CHEMONTID:0000323;CHEMONTID:0001831,Organic compounds;Organic oxygen compounds;Organooxygen compounds;Carbonyl compounds
13648,Carbonyl compounds,0.92,CHEMONTID:0001831,4,CHEMONTID:0000323,CHEMONTID:0000000;CHEMONTID:0004603;CHEMONTID:0000323;CHEMONTID:0001831,Organic compounds;Organic oxygen compounds;Organooxygen compounds;Carbonyl compounds
1155,Dialkyl ethers,0.9,CHEMONTID:0001167,5,CHEMONTID:0000254,CHEMONTID:0000000;CHEMONTID:0004603;CHEMONTID:0000323;CHEMONTID:0000254;CHEMONTID:0001167,Organic compounds;Organic oxygen compounds;Organooxygen compounds;Ethers;Dialkyl ethers
12108,Carbohydrates and carbohydrate conjugates,0.97,CHEMONTID:0000011,4,CHEMONTID:0000323,CHEMONTID:0000000;CHEMONTID:0004603;CHEMONTID:0000323;CHEMONTID:0000011,Organic compounds;Organic oxygen compounds;Organooxygen compounds;Carbohydrates and carbohydrate conjugates
1168,Primary amines,0.94,CHEMONTID:0002450,5,CHEMONTID:0002449,CHEMONTID:0000000;CHEMONTID:0004707;CHEMONTID:0000278;CHEMONTID:0002449;CHEMONTID:0002450,Organic compounds;Organic nitrogen compounds;Organonitrogen compounds;Amines;Primary amines
19552,Dialkyl ethers,0.98,CHEMONTID:0001167,5,CHEMONTID:0000254,CHEMONTID:0000000;CHEMONTID:0004603;CHEMONTID:0000323;CHEMONTID:0000254;CHEMONTID:0001167,Organic compounds;Organic oxygen compounds;Organooxygen compounds;Ethers;Dialkyl ethers
12967,Carbonyl compounds,0.87,CHEMONTID:0001831,4,CHEMONTID:0000323,CHEMONTID:0000000;CHEMONTID:0004603;CHEMONTID:0000323;CHEMONTID:0001831,Organic compounds;Organic oxygen compounds;Organooxygen compounds;Carbonyl compounds
14841,Monocarboxylic acids and derivatives,0.83,CHEMONTID:0001137,4,CHEMONTID:0000265,CHEMONTID:0000000;CHEMONTID:0000264;CHEMONTID:0000265;CHEMONTID:0001137,Organic compounds;Organic acids and derivatives;Carboxylic acids and derivatives;Monocarboxylic acids and derivatives
8865,Dialkyl ethers,1,CHEMONTID:0001167,5,CHEMONTID:0000254,CHEMONTID:0000000;CHEMONTID:0004603;CHEMONTID:0000323;CHEMONTID:0000254;CHEMONTID:0001167,Organic compounds;Organic oxygen compounds;Organooxygen compounds;Ethers;Dialkyl ethers
17077,Amines,0.95,CHEMONTID:0002449,4,CHEMONTID:0000278,CHEMONTID:0000000;CHEMONTID:0004707;CHEMONTID:0000278;CHEMONTID:0002449,Organic compounds;Organic nitrogen compounds;Organonitrogen compounds;Amines
16069,Amines,0.98,CHEMONTID:0002449,4,CHEMONTID:0000278,CHEMONTID:0000000;CHEMONTID:0004707;CHEMONTID:0000278;CHEMONTID:0002449,Organic compounds;Organic nitrogen compounds;Organonitrogen compounds;Amines
4761,Alcohols and polyols,1,CHEMONTID:0000129,4,CHEMONTID:0000323,CHEMONTID:0000000;CHEMONTID:0004603;CHEMONTID:0000323;CHEMONTID:0000129,Organic compounds;Organic oxygen compounds;Organooxygen compounds;Alcohols and polyols
5830,Alcohols and polyols,0.96,CHEMONTID:0000129,4,CHEMONTID:0000323,CHEMONTID:0000000;CHEMONTID:0004603;CHEMONTID:0000323;CHEMONTID:0000129,Organic compounds;Organic oxygen compounds;Organooxygen compounds;Alcohols and polyols
1533,Carbonyl compounds,0.96,CHEMONTID:0001831,4,CHEMONTID:0000323,CHEMONTID:0000000;CHEMONTID:0004603;CHEMONTID:0000323;CHEMONTID:0001831,Organic compounds;Organic oxygen compounds;Organooxygen compounds;Carbonyl compounds
7209,Carbonyl compounds,0.97,CHEMONTID:0001831,4,CHEMONTID:0000323,CHEMONTID:0000000;CHEMONTID:0004603;CHEMONTID:0000323;CHEMONTID:0001831,Organic compounds;Organic oxygen compounds;Organooxygen compounds;Carbonyl compounds
1886,Alcohols and polyols,0.89,CHEMONTID:0000129,4,CHEMONTID:0000323,CHEMONTID:0000000;CHEMONTID:0004603;CHEMONTID:0000323;CHEMONTID:0000129,Organic compounds;Organic oxygen compounds;Organooxygen compounds;Alcohols and polyols
16434,Guanidines,0.93,CHEMONTID:0000375,4,CHEMONTID:0000278,CHEMONTID:0000000;CHEMONTID:0004707;CHEMONTID:0000278;CHEMONTID:0000375,Organic compounds;Organic nitrogen compounds;Organonitrogen compounds;Guanidines
7619,Carboxylic acid derivatives,1,CHEMONTID:0001093,4,CHEMONTID:0000265,CHEMONTID:0000000;CHEMONTID:0000264;CHEMONTID:0000265;CHEMONTID:0001093,Organic compounds;Organic acids and derivatives;Carboxylic acids and derivatives;Carboxylic acid derivatives
5018,Amines,0.99,CHEMONTID:0002449,4,CHEMONTID:0000278,CHEMONTID:0000000;CHEMONTID:0004707;CHEMONTID:0000278;CHEMONTID:0002449,Organic compounds;Organic nitrogen compounds;Organonitrogen compounds;Amines
3272,Primary amines,0.97,CHEMONTID:0002450,5,CHEMONTID:0002449,CHEMONTID:0000000;CHEMONTID:0004707;CHEMONTID:0000278;CHEMONTID:0002449;CHEMONTID:0002450,Organic compounds;Organic nitrogen compounds;Organonitrogen compounds;Amines;Primary amines
2839,Primary amines,0.88,CHEMONTID:0002450,5,CHEMONTID:0002449,CHEMONTID:0000000;CHEMONTID:0004707;CHEMONTID:0000278;CHEMONTID:0002449;CHEMONTID:0002450,Organic compounds;Organic nitrogen compounds;Organonitrogen compounds;Amines;Primary amines
10577,Amines,1,CHEMONTID:0002449,4,CHEMONTID:0000278,CHEMONTID:0000000;CHEMONTID:0004707;CHEMONTID:0000278;CHEMONTID:0002449,Organic compounds;Organic nitrogen compounds;Organonitrogen compounds;Amines
11416,Carbonyl compounds,0.98,CHEMONTID:0001831,4,CHEMONTID:0000323,CHEMONTID:0000000;CHEMONTID:0004603;CHEMONTID:0000323;CHEMONTID:0001831,Organic compounds;Organic oxygen compounds;Organooxygen compounds;Carbonyl compounds
5160,Carbonyl compounds,0.83,CHEMONTID:0001831,4,CHEMONTID:0000323,CHEMONTID:0000000;CHEMONTID:0004603;CHEMONTID:0000323;CHEMONTID:0001831,Organic compounds;Organic oxygen compounds;Organooxygen compounds;Carbonyl compounds
12648,Carbonyl compounds,0.88,CHEMONTID:0001831,4,CHEMONTID:0000323,CHEMONTID:0000000;CHEMONTID:0004603;CHEMONTID:0000323;CHEMONTID:0001831,Organic compounds;Organic oxygen compounds;Organooxygen compounds;Carbonyl compounds
4245,Phosphate esters,0.99,CHEMONTID:0000408,4,CHEMONTID:0000402,CHEMONTID:0000000;CHEMONTID:0000264;CHEMONTID:0000402;CHEMONTID:0000408,Organic compounds;Organic acids and derivatives;Organic phosphoric acids and derivatives;Phosphate esters
421,Carbohydrates and carbohydrate conjugates,1,CHEMONTID:0000011,4,CHEMONTID:0000323,CHEMONTID:0000000;CHEMONTID:0004603;CHEMONTID:0000323;CHEMONTID:0000011,Organic compounds;Organic oxygen compounds;Organooxygen compounds;Carbohydrates and carbohydrate conjugates
14706,Primary amines,0.9,CHEMONTID:0002450,5,CHEMONTID:0002449,CHEMONTID:0000000;CHEMONTID:0004707;CHEMONTID:0000278;CHEMONTID:0002449;CHEMONTID:0002450,Organic compounds;Organic nitrogen compounds;Organonitrogen compounds;Amines;Primary amines
16026,Amines,0.86,CHEMONTID:0002449,4,CHEMONTID:0000278,CHEMONTID:0000000;CHEMONTID:0004707;CHEMONTID:0000278;CHEMONTID:0002449,Organic compounds;Organic nitrogen compounds;Organonitrogen compounds;Amines
9753,Alcohols and polyols,0.95,CHEMONTID:0000129,4,CHEMONTID:0000323,CHEMONTID:0000000;CHEMONTID:0004603;CHEMONTID:0000323;CHEMONTID:0000129,Organic compounds;Organic oxygen compounds;Organooxygen compounds;Alcohols and polyols
3228,Carbonyl compounds,0.99,CHEMONTID:0001831,4,CHEMONTID:0000323,CHEMONTID:0000000;CHEMONTID:0004603;CHEMONTID:0000323;CHEMONTID:0001831,Organic compounds;Organic oxygen compounds;Organooxygen compounds;Carbonyl compounds
17492,Amines,0.94,CHEMONTID:0002449,4,CHEMONTID:0000278,CHEMONTID:0000000;CHEMONTID:0004707;CHEMONTID:0000278;CHEMONTID:0002449,Organic compounds;Organic nitrogen compounds;Organonitrogen compounds;Amines
15642,Alcohols and polyols,0.99,CHEMONTID:0000129,4,CHEMONTID:0000323,CHEMONTID:0000000;CHEMONTID:0004603;CHEMONTID:0000323;CHEMONTID:0000129,Organic compounds;Organic oxygen compounds;Organooxygen compounds;Alcohols and polyols
14747,Carbonyl compounds,0.93,CHEMONTID:0001831,4,CHEMONTID:0000323,CHEMONTID:0000000;CHEMONTID:0004603;CHEMONTID:0000323;CHEMONTID:0001831,Organic compounds;Organic oxygen compounds;Organooxygen compounds;Carbonyl compounds
3862,Carbonyl compounds,0.88,CHEMONTID:0001831,4,CHEMONTID:0000323,CHEMONTID:0000000;CHEMONTID:0004603;CHEMONTID:0000323;CHEMONTID:0001831,Organic compounds;Organic oxygen compounds;Organooxygen compounds;Carbonyl compounds
5163,Carbonyl compounds,0.97,CHEMONTID:0001831,4,CHEMONTID:0000323,CHEMONTID:0000000;CHEMONTID:0004603;CHEMONTID:0000323;CHEMONTID:0001831,Organic compounds;Organic oxygen compounds;Organooxygen compounds;Carbonyl compounds
3959,Monoalkylamines,1,CHEMONTID:0000469,6,CHEMONTID:0002450,CHEMONTID:0000000;CHEMONTID:0004707;CHEMONTID:0000278;CHEMONTID:0002449;CHEMONTID:0002450;CHEMONTID:0000469,Organic compounds;Organic nitrogen compounds;Organonitrogen compounds;Amines;Primary amines;Monoalkylamines
3263,Alcohols and polyols,0.97,CHEMONTID:0000129,4,CHEMONTID:0000323,CHEMONTID:0000000;CHEMONTID:0004603;CHEMONTID:0000323;CHEMONTID:0000129,Organic compounds;Organic oxygen compounds;Organooxygen compounds;Alcohols and polyols
20266,Ethers,0.97,CHEMONTID:0000254,4,CHEMONTID:0000323,CHEMONTID:0000000;CHEMONTID:0004603;CHEMONTID:0000323;CHEMONTID:0000254,Organic compounds;Organic oxygen compounds;Organooxygen compounds;Ethers
12415,Primary carboxylic acid amides,0.93,CHEMONTID:0001662,6,CHEMONTID:0000475,CHEMONTID:0000000;CHEMONTID:0000264;CHEMONTID:0000265;CHEMONTID:0001093;CHEMONTID:0000475;CHEMONTID:0001662,Organic compounds;Organic acids and derivatives;Carboxylic acids and derivatives;Carboxylic acid derivatives;Carboxylic acid amides;Primary carboxylic acid amides
5770,Carbonyl compounds,0.99,CHEMONTID:0001831,4,CHEMONTID:0000323,CHEMONTID:0000000;CHEMONTID:0004603;CHEMONTID:0000323;CHEMONTID:0001831,Organic compounds;Organic oxygen compounds;Organooxygen compounds;Carbonyl compounds
13074,Carbonyl compounds,0.91,CHEMONTID:0001831,4,CHEMONTID:0000323,CHEMONTID:0000000;CHEMONTID:0004603;CHEMONTID:0000323;CHEMONTID:0001831,Organic compounds;Organic oxygen compounds;Organooxygen compounds;Carbonyl compounds
6901,Alcohols and polyols,0.95,CHEMONTID:0000129,4,CHEMONTID:0000323,CHEMONTID:0000000;CHEMONTID:0004603;CHEMONTID:0000323;CHEMONTID:0000129,Organic compounds;Organic oxygen compounds;Organooxygen compounds;Alcohols and polyols
20672,N-acyl amines,0.9,CHEMONTID:0001096,5,CHEMONTID:0000331,CHEMONTID:0000000;CHEMONTID:0000012;CHEMONTID:0003909;CHEMONTID:0000331;CHEMONTID:0001096,Organic compounds;Lipids and lipid-like molecules;Fatty Acyls;Fatty amides;N-acyl amines
19696,Carbonyl compounds,0.93,CHEMONTID:0001831,4,CHEMONTID:0000323,CHEMONTID:0000000;CHEMONTID:0004603;CHEMONTID:0000323;CHEMONTID:0001831,Organic compounds;Organic oxygen compounds;Organooxygen compounds;Carbonyl compounds
9434,Carbonyl compounds,0.95,CHEMONTID:0001831,4,CHEMONTID:0000323,CHEMONTID:0000000;CHEMONTID:0004603;CHEMONTID:0000323;CHEMONTID:0001831,Organic compounds;Organic oxygen compounds;Organooxygen compounds;Carbonyl compounds
99,Fatty amides,0.9,CHEMONTID:0000331,4,CHEMONTID:0003909,CHEMONTID:0000000;CHEMONTID:0000012;CHEMONTID:0003909;CHEMONTID:0000331,Organic compounds;Lipids and lipid-like molecules;Fatty Acyls;Fatty amides
9740,Amines,0.94,CHEMONTID:0002449,4,CHEMONTID:0000278,CHEMONTID:0000000;CHEMONTID:0004707;CHEMONTID:0000278;CHEMONTID:0002449,Organic compounds;Organic nitrogen compounds;Organonitrogen compounds;Amines
8778,Carboxylic acid derivatives,0.92,CHEMONTID:0001093,4,CHEMONTID:0000265,CHEMONTID:0000000;CHEMONTID:0000264;CHEMONTID:0000265;CHEMONTID:0001093,Organic compounds;Organic acids and derivatives;Carboxylic acids and derivatives;Carboxylic acid derivatives
5655,Carboxylic acid derivatives,0.93,CHEMONTID:0001093,4,CHEMONTID:0000265,CHEMONTID:0000000;CHEMONTID:0000264;CHEMONTID:0000265;CHEMONTID:0001093,Organic compounds;Organic acids and derivatives;Carboxylic acids and derivatives;Carboxylic acid derivatives
7685,6-aminopurines,0.97,CHEMONTID:0002987,5,CHEMONTID:0000245,CHEMONTID:0000000;CHEMONTID:0000002;CHEMONTID:0001797;CHEMONTID:0000245;CHEMONTID:0002987,Organic compounds;Organoheterocyclic compounds;Imidazopyrimidines;Purines and purine derivatives;6-aminopurines
6139,Carboxylic acid derivatives,0.97,CHEMONTID:0001093,4,CHEMONTID:0000265,CHEMONTID:0000000;CHEMONTID:0000264;CHEMONTID:0000265;CHEMONTID:0001093,Organic compounds;Organic acids and derivatives;Carboxylic acids and derivatives;Carboxylic acid derivatives
12985,Monoalkylamines,0.99,CHEMONTID:0000469,6,CHEMONTID:0002450,CHEMONTID:0000000;CHEMONTID:0004707;CHEMONTID:0000278;CHEMONTID:0002449;CHEMONTID:0002450;CHEMONTID:0000469,Organic compounds;Organic nitrogen compounds;Organonitrogen compounds;Amines;Primary amines;Monoalkylamines
13272,Amines,0.98,CHEMONTID:0002449,4,CHEMONTID:0000278,CHEMONTID:0000000;CHEMONTID:0004707;CHEMONTID:0000278;CHEMONTID:0002449,Organic compounds;Organic nitrogen compounds;Organonitrogen compounds;Amines
15712,Carbonyl compounds,0.95,CHEMONTID:0001831,4,CHEMONTID:0000323,CHEMONTID:0000000;CHEMONTID:0004603;CHEMONTID:0000323;CHEMONTID:0001831,Organic compounds;Organic oxygen compounds;Organooxygen compounds;Carbonyl compounds
18622,Carbonyl compounds,0.9,CHEMONTID:0001831,4,CHEMONTID:0000323,CHEMONTID:0000000;CHEMONTID:0004603;CHEMONTID:0000323;CHEMONTID:0001831,Organic compounds;Organic oxygen compounds;Organooxygen compounds;Carbonyl compounds
17810,Amines,0.98,CHEMONTID:0002449,4,CHEMONTID:0000278,CHEMONTID:0000000;CHEMONTID:0004707;CHEMONTID:0000278;CHEMONTID:0002449,Organic compounds;Organic nitrogen compounds;Organonitrogen compounds;Amines
18828,Amines,0.94,CHEMONTID:0002449,4,CHEMONTID:0000278,CHEMONTID:0000000;CHEMONTID:0004707;CHEMONTID:0000278;CHEMONTID:0002449,Organic compounds;Organic nitrogen compounds;Organonitrogen compounds;Amines
656,Fatty amides,0.85,CHEMONTID:0000331,4,CHEMONTID:0003909,CHEMONTID:0000000;CHEMONTID:0000012;CHEMONTID:0003909;CHEMONTID:0000331,Organic compounds;Lipids and lipid-like molecules;Fatty Acyls;Fatty amides
8874,Carbonyl compounds,0.98,CHEMONTID:0001831,4,CHEMONTID:0000323,CHEMONTID:0000000;CHEMONTID:0004603;CHEMONTID:0000323;CHEMONTID:0001831,Organic compounds;Organic oxygen compounds;Organooxygen compounds;Carbonyl compounds
13852,Carboxylic acid derivatives,0.98,CHEMONTID:0001093,4,CHEMONTID:0000265,CHEMONTID:0000000;CHEMONTID:0000264;CHEMONTID:0000265;CHEMONTID:0001093,Organic compounds;Organic acids and derivatives;Carboxylic acids and derivatives;Carboxylic acid derivatives
13622,Carbonyl compounds,0.96,CHEMONTID:0001831,4,CHEMONTID:0000323,CHEMONTID:0000000;CHEMONTID:0004603;CHEMONTID:0000323;CHEMONTID:0001831,Organic compounds;Organic oxygen compounds;Organooxygen compounds;Carbonyl compounds
17771,6-aminopurines,0.99,CHEMONTID:0002987,5,CHEMONTID:0000245,CHEMONTID:0000000;CHEMONTID:0000002;CHEMONTID:0001797;CHEMONTID:0000245;CHEMONTID:0002987,Organic compounds;Organoheterocyclic compounds;Imidazopyrimidines;Purines and purine derivatives;6-aminopurines
18135,Monoalkylamines,0.96,CHEMONTID:0000469,6,CHEMONTID:0002450,CHEMONTID:0000000;CHEMONTID:0004707;CHEMONTID:0000278;CHEMONTID:0002449;CHEMONTID:0002450;CHEMONTID:0000469,Organic compounds;Organic nitrogen compounds;Organonitrogen compounds;Amines;Primary amines;Monoalkylamines
9355,Carbonyl compounds,0.81,CHEMONTID:0001831,4,CHEMONTID:0000323,CHEMONTID:0000000;CHEMONTID:0004603;CHEMONTID:0000323;CHEMONTID:0001831,Organic compounds;Organic oxygen compounds;Organooxygen compounds;Carbonyl compounds
9493,Carbonyl compounds,0.97,CHEMONTID:0001831,4,CHEMONTID:0000323,CHEMONTID:0000000;CHEMONTID:0004603;CHEMONTID:0000323;CHEMONTID:0001831,Organic compounds;Organic oxygen compounds;Organooxygen compounds;Carbonyl compounds
10310,6-aminopurines,1,CHEMONTID:0002987,5,CHEMONTID:0000245,CHEMONTID:0000000;CHEMONTID:0000002;CHEMONTID:0001797;CHEMONTID:0000245;CHEMONTID:0002987,Organic compounds;Organoheterocyclic compounds;Imidazopyrimidines;Purines and purine derivatives;6-aminopurines
10765,Guanidines,0.99,CHEMONTID:0000375,4,CHEMONTID:0000278,CHEMONTID:0000000;CHEMONTID:0004707;CHEMONTID:0000278;CHEMONTID:0000375,Organic compounds;Organic nitrogen compounds;Organonitrogen compounds;Guanidines
15704,Amines,0.94,CHEMONTID:0002449,4,CHEMONTID:0000278,CHEMONTID:0000000;CHEMONTID:0004707;CHEMONTID:0000278;CHEMONTID:0002449,Organic compounds;Organic nitrogen compounds;Organonitrogen compounds;Amines
19943,Carbonyl compounds,0.84,CHEMONTID:0001831,4,CHEMONTID:0000323,CHEMONTID:0000000;CHEMONTID:0004603;CHEMONTID:0000323;CHEMONTID:0001831,Organic compounds;Organic oxygen compounds;Organooxygen compounds;Carbonyl compounds
17273,Carboxylic acid derivatives,0.89,CHEMONTID:0001093,4,CHEMONTID:0000265,CHEMONTID:0000000;CHEMONTID:0000264;CHEMONTID:0000265;CHEMONTID:0001093,Organic compounds;Organic acids and derivatives;Carboxylic acids and derivatives;Carboxylic acid derivatives
3582,Carbonyl compounds,0.81,CHEMONTID:0001831,4,CHEMONTID:0000323,CHEMONTID:0000000;CHEMONTID:0004603;CHEMONTID:0000323;CHEMONTID:0001831,Organic compounds;Organic oxygen compounds;Organooxygen compounds;Carbonyl compounds
4624,Guanidines,0.83,CHEMONTID:0000375,4,CHEMONTID:0000278,CHEMONTID:0000000;CHEMONTID:0004707;CHEMONTID:0000278;CHEMONTID:0000375,Organic compounds;Organic nitrogen compounds;Organonitrogen compounds;Guanidines
2724,Carbonyl compounds,0.96,CHEMONTID:0001831,4,CHEMONTID:0000323,CHEMONTID:0000000;CHEMONTID:0004603;CHEMONTID:0000323;CHEMONTID:0001831,Organic compounds;Organic oxygen compounds;Organooxygen compounds;Carbonyl compounds
10808,Amines,0.93,CHEMONTID:0002449,4,CHEMONTID:0000278,CHEMONTID:0000000;CHEMONTID:0004707;CHEMONTID:0000278;CHEMONTID:0002449,Organic compounds;Organic nitrogen compounds;Organonitrogen compounds;Amines
3334,Carbonyl compounds,0.99,CHEMONTID:0001831,4,CHEMONTID:0000323,CHEMONTID:0000000;CHEMONTID:0004603;CHEMONTID:0000323;CHEMONTID:0001831,Organic compounds;Organic oxygen compounds;Organooxygen compounds;Carbonyl compounds
188,Primary amines,0.96,CHEMONTID:0002450,5,CHEMONTID:0002449,CHEMONTID:0000000;CHEMONTID:0004707;CHEMONTID:0000278;CHEMONTID:0002449;CHEMONTID:0002450,Organic compounds;Organic nitrogen compounds;Organonitrogen compounds;Amines;Primary amines
19224,Amines,0.98,CHEMONTID:0002449,4,CHEMONTID:0000278,CHEMONTID:0000000;CHEMONTID:0004707;CHEMONTID:0000278;CHEMONTID:0002449,Organic compounds;Organic nitrogen compounds;Organonitrogen compounds;Amines
17737,Phosphate esters,0.89,CHEMONTID:0000408,4,CHEMONTID:0000402,CHEMONTID:0000000;CHEMONTID:0000264;CHEMONTID:0000402;CHEMONTID:0000408,Organic compounds;Organic acids and derivatives;Organic phosphoric acids and derivatives;Phosphate esters
18806,Primary amines,0.84,CHEMONTID:0002450,5,CHEMONTID:0002449,CHEMONTID:0000000;CHEMONTID:0004707;CHEMONTID:0000278;CHEMONTID:0002449;CHEMONTID:0002450,Organic compounds;Organic nitrogen compounds;Organonitrogen compounds;Amines;Primary amines
235,Organic phosphonic acids,0.86,CHEMONTID:0001302,4,CHEMONTID:0000419,CHEMONTID:0000000;CHEMONTID:0000264;CHEMONTID:0000419;CHEMONTID:0001302,Organic compounds;Organic acids and derivatives;Organic phosphonic acids and derivatives;Organic phosphonic acids
15246,Carbonyl compounds,0.93,CHEMONTID:0001831,4,CHEMONTID:0000323,CHEMONTID:0000000;CHEMONTID:0004603;CHEMONTID:0000323;CHEMONTID:0001831,Organic compounds;Organic oxygen compounds;Organooxygen compounds;Carbonyl compounds
13428,Carbonyl compounds,0.91,CHEMONTID:0001831,4,CHEMONTID:0000323,CHEMONTID:0000000;CHEMONTID:0004603;CHEMONTID:0000323;CHEMONTID:0001831,Organic compounds;Organic oxygen compounds;Organooxygen compounds;Carbonyl compounds
18026,Carbonyl compounds,0.97,CHEMONTID:0001831,4,CHEMONTID:0000323,CHEMONTID:0000000;CHEMONTID:0004603;CHEMONTID:0000323;CHEMONTID:0001831,Organic compounds;Organic oxygen compounds;Organooxygen compounds;Carbonyl compounds
12093,Monoalkylamines,1,CHEMONTID:0000469,6,CHEMONTID:0002450,CHEMONTID:0000000;CHEMONTID:0004707;CHEMONTID:0000278;CHEMONTID:0002449;CHEMONTID:0002450;CHEMONTID:0000469,Organic compounds;Organic nitrogen compounds;Organonitrogen compounds;Amines;Primary amines;Monoalkylamines
12915,Amines,0.97,CHEMONTID:0002449,4,CHEMONTID:0000278,CHEMONTID:0000000;CHEMONTID:0004707;CHEMONTID:0000278;CHEMONTID:0002449,Organic compounds;Organic nitrogen compounds;Organonitrogen compounds;Amines
14111,Primary amines,0.84,CHEMONTID:0002450,5,CHEMONTID:0002449,CHEMONTID:0000000;CHEMONTID:0004707;CHEMONTID:0000278;CHEMONTID:0002449;CHEMONTID:0002450,Organic compounds;Organic nitrogen compounds;Organonitrogen compounds;Amines;Primary amines
18672,Amines,0.99,CHEMONTID:0002449,4,CHEMONTID:0000278,CHEMONTID:0000000;CHEMONTID:0004707;CHEMONTID:0000278;CHEMONTID:0002449,Organic compounds;Organic nitrogen compounds;Organonitrogen compounds;Amines
16345,Ethers,0.93,CHEMONTID:0000254,4,CHEMONTID:0000323,CHEMONTID:0000000;CHEMONTID:0004603;CHEMONTID:0000323;CHEMONTID:0000254,Organic compounds;Organic oxygen compounds;Organooxygen compounds;Ethers
11780,Carbonyl compounds,0.99,CHEMONTID:0001831,4,CHEMONTID:0000323,CHEMONTID:0000000;CHEMONTID:0004603;CHEMONTID:0000323;CHEMONTID:0001831,Organic compounds;Organic oxygen compounds;Organooxygen compounds;Carbonyl compounds
4845,Carbonyl compounds,0.99,CHEMONTID:0001831,4,CHEMONTID:0000323,CHEMONTID:0000000;CHEMONTID:0004603;CHEMONTID:0000323;CHEMONTID:0001831,Organic compounds;Organic oxygen compounds;Organooxygen compounds;Carbonyl compounds
5360,Carbonyl compounds,0.93,CHEMONTID:0001831,4,CHEMONTID:0000323,CHEMONTID:0000000;CHEMONTID:0004603;CHEMONTID:0000323;CHEMONTID:0001831,Organic compounds;Organic oxygen compounds;Organooxygen compounds;Carbonyl compounds
17045,Carbonyl compounds,0.93,CHEMONTID:0001831,4,CHEMONTID:0000323,CHEMONTID:0000000;CHEMONTID:0004603;CHEMONTID:0000323;CHEMONTID:0001831,Organic compounds;Organic oxygen compounds;Organooxygen compounds;Carbonyl compounds
15701,Amines,1,CHEMONTID:0002449,4,CHEMONTID:0000278,CHEMONTID:0000000;CHEMONTID:0004707;CHEMONTID:0000278;CHEMONTID:0002449,Organic compounds;Organic nitrogen compounds;Organonitrogen compounds;Amines
1420,Carbonyl compounds,0.9,CHEMONTID:0001831,4,CHEMONTID:0000323,CHEMONTID:0000000;CHEMONTID:0004603;CHEMONTID:0000323;CHEMONTID:0001831,Organic compounds;Organic oxygen compounds;Organooxygen compounds;Carbonyl compounds
7643,Alcohols and polyols,0.93,CHEMONTID:0000129,4,CHEMONTID:0000323,CHEMONTID:0000000;CHEMONTID:0004603;CHEMONTID:0000323;CHEMONTID:0000129,Organic compounds;Organic oxygen compounds;Organooxygen compounds;Alcohols and polyols
10591,Amines,0.82,CHEMONTID:0002449,4,CHEMONTID:0000278,CHEMONTID:0000000;CHEMONTID:0004707;CHEMONTID:0000278;CHEMONTID:0002449,Organic compounds;Organic nitrogen compounds;Organonitrogen compounds;Amines
4879,Monoalkylamines,0.88,CHEMONTID:0000469,6,CHEMONTID:0002450,CHEMONTID:0000000;CHEMONTID:0004707;CHEMONTID:0000278;CHEMONTID:0002449;CHEMONTID:0002450;CHEMONTID:0000469,Organic compounds;Organic nitrogen compounds;Organonitrogen compounds;Amines;Primary amines;Monoalkylamines
17609,Carboxylic acid derivatives,0.97,CHEMONTID:0001093,4,CHEMONTID:0000265,CHEMONTID:0000000;CHEMONTID:0000264;CHEMONTID:0000265;CHEMONTID:0001093,Organic compounds;Organic acids and derivatives;Carboxylic acids and derivatives;Carboxylic acid derivatives
8718,Alcohols and polyols,0.95,CHEMONTID:0000129,4,CHEMONTID:0000323,CHEMONTID:0000000;CHEMONTID:0004603;CHEMONTID:0000323;CHEMONTID:0000129,Organic compounds;Organic oxygen compounds;Organooxygen compounds;Alcohols and polyols
8074,Amines,0.99,CHEMONTID:0002449,4,CHEMONTID:0000278,CHEMONTID:0000000;CHEMONTID:0004707;CHEMONTID:0000278;CHEMONTID:0002449,Organic compounds;Organic nitrogen compounds;Organonitrogen compounds;Amines
15103,Monoalkylamines,0.99,CHEMONTID:0000469,6,CHEMONTID:0002450,CHEMONTID:0000000;CHEMONTID:0004707;CHEMONTID:0000278;CHEMONTID:0002449;CHEMONTID:0002450;CHEMONTID:0000469,Organic compounds;Organic nitrogen compounds;Organonitrogen compounds;Amines;Primary amines;Monoalkylamines
4246,Carbonyl compounds,0.93,CHEMONTID:0001831,4,CHEMONTID:0000323,CHEMONTID:0000000;CHEMONTID:0004603;CHEMONTID:0000323;CHEMONTID:0001831,Organic compounds;Organic oxygen compounds;Organooxygen compounds;Carbonyl compounds
18296,Carbonyl compounds,0.83,CHEMONTID:0001831,4,CHEMONTID:0000323,CHEMONTID:0000000;CHEMONTID:0004603;CHEMONTID:0000323;CHEMONTID:0001831,Organic compounds;Organic oxygen compounds;Organooxygen compounds;Carbonyl compounds
13142,Alkyl phosphates,1,CHEMONTID:0003457,5,CHEMONTID:0000408,CHEMONTID:0000000;CHEMONTID:0000264;CHEMONTID:0000402;CHEMONTID:0000408;CHEMONTID:0003457,Organic compounds;Organic acids and derivatives;Organic phosphoric acids and derivatives;Phosphate esters;Alkyl phosphates
4471,Carboxylic acid derivatives,0.96,CHEMONTID:0001093,4,CHEMONTID:0000265,CHEMONTID:0000000;CHEMONTID:0000264;CHEMONTID:0000265;CHEMONTID:0001093,Organic compounds;Organic acids and derivatives;Carboxylic acids and derivatives;Carboxylic acid derivatives
4717,Carboxylic acid derivatives,0.98,CHEMONTID:0001093,4,CHEMONTID:0000265,CHEMONTID:0000000;CHEMONTID:0000264;CHEMONTID:0000265;CHEMONTID:0001093,Organic compounds;Organic acids and derivatives;Carboxylic acids and derivatives;Carboxylic acid derivatives
15664,Ethers,0.81,CHEMONTID:0000254,4,CHEMONTID:0000323,CHEMONTID:0000000;CHEMONTID:0004603;CHEMONTID:0000323;CHEMONTID:0000254,Organic compounds;Organic oxygen compounds;Organooxygen compounds;Ethers
12298,Monoalkylamines,1,CHEMONTID:0000469,6,CHEMONTID:0002450,CHEMONTID:0000000;CHEMONTID:0004707;CHEMONTID:0000278;CHEMONTID:0002449;CHEMONTID:0002450;CHEMONTID:0000469,Organic compounds;Organic nitrogen compounds;Organonitrogen compounds;Amines;Primary amines;Monoalkylamines
9394,Carbonyl compounds,0.95,CHEMONTID:0001831,4,CHEMONTID:0000323,CHEMONTID:0000000;CHEMONTID:0004603;CHEMONTID:0000323;CHEMONTID:0001831,Organic compounds;Organic oxygen compounds;Organooxygen compounds;Carbonyl compounds
4048,Carbonyl compounds,0.92,CHEMONTID:0001831,4,CHEMONTID:0000323,CHEMONTID:0000000;CHEMONTID:0004603;CHEMONTID:0000323;CHEMONTID:0001831,Organic compounds;Organic oxygen compounds;Organooxygen compounds;Carbonyl compounds
20398,Carbonyl compounds,0.98,CHEMONTID:0001831,4,CHEMONTID:0000323,CHEMONTID:0000000;CHEMONTID:0004603;CHEMONTID:0000323;CHEMONTID:0001831,Organic compounds;Organic oxygen compounds;Organooxygen compounds;Carbonyl compounds
20518,Carbonyl compounds,0.97,CHEMONTID:0001831,4,CHEMONTID:0000323,CHEMONTID:0000000;CHEMONTID:0004603;CHEMONTID:0000323;CHEMONTID:0001831,Organic compounds;Organic oxygen compounds;Organooxygen compounds;Carbonyl compounds
9805,Monoalkylamines,0.99,CHEMONTID:0000469,6,CHEMONTID:0002450,CHEMONTID:0000000;CHEMONTID:0004707;CHEMONTID:0000278;CHEMONTID:0002449;CHEMONTID:0002450;CHEMONTID:0000469,Organic compounds;Organic nitrogen compounds;Organonitrogen compounds;Amines;Primary amines;Monoalkylamines
10905,Carbonyl compounds,0.85,CHEMONTID:0001831,4,CHEMONTID:0000323,CHEMONTID:0000000;CHEMONTID:0004603;CHEMONTID:0000323;CHEMONTID:0001831,Organic compounds;Organic oxygen compounds;Organooxygen compounds;Carbonyl compounds
18950,Dialkyl ethers,0.89,CHEMONTID:0001167,5,CHEMONTID:0000254,CHEMONTID:0000000;CHEMONTID:0004603;CHEMONTID:0000323;CHEMONTID:0000254;CHEMONTID:0001167,Organic compounds;Organic oxygen compounds;Organooxygen compounds;Ethers;Dialkyl ethers
8382,Primary amines,0.8,CHEMONTID:0002450,5,CHEMONTID:0002449,CHEMONTID:0000000;CHEMONTID:0004707;CHEMONTID:0000278;CHEMONTID:0002449;CHEMONTID:0002450,Organic compounds;Organic nitrogen compounds;Organonitrogen compounds;Amines;Primary amines
845,Carbonyl compounds,0.95,CHEMONTID:0001831,4,CHEMONTID:0000323,CHEMONTID:0000000;CHEMONTID:0004603;CHEMONTID:0000323;CHEMONTID:0001831,Organic compounds;Organic oxygen compounds;Organooxygen compounds;Carbonyl compounds
5641,Carbonyl compounds,0.92,CHEMONTID:0001831,4,CHEMONTID:0000323,CHEMONTID:0000000;CHEMONTID:0004603;CHEMONTID:0000323;CHEMONTID:0001831,Organic compounds;Organic oxygen compounds;Organooxygen compounds;Carbonyl compounds
18416,Amines,0.97,CHEMONTID:0002449,4,CHEMONTID:0000278,CHEMONTID:0000000;CHEMONTID:0004707;CHEMONTID:0000278;CHEMONTID:0002449,Organic compounds;Organic nitrogen compounds;Organonitrogen compounds;Amines
443,Monocarboxylic acids and derivatives,0.89,CHEMONTID:0001137,4,CHEMONTID:0000265,CHEMONTID:0000000;CHEMONTID:0000264;CHEMONTID:0000265;CHEMONTID:0001137,Organic compounds;Organic acids and derivatives;Carboxylic acids and derivatives;Monocarboxylic acids and derivatives
15235,Fatty acids and conjugates,0.83,CHEMONTID:0000262,4,CHEMONTID:0003909,CHEMONTID:0000000;CHEMONTID:0000012;CHEMONTID:0003909;CHEMONTID:0000262,Organic compounds;Lipids and lipid-like molecules;Fatty Acyls;Fatty acids and conjugates
11973,"Amino acids, peptides, and analogues",0.93,CHEMONTID:0000013,4,CHEMONTID:0000265,CHEMONTID:0000000;CHEMONTID:0000264;CHEMONTID:0000265;CHEMONTID:0000013,"Organic compounds;Organic acids and derivatives;Carboxylic acids and derivatives;Amino acids, peptides, and analogues"
1156,Trialkylamines,1,CHEMONTID:0002239,6,CHEMONTID:0002452,CHEMONTID:0000000;CHEMONTID:0004707;CHEMONTID:0000278;CHEMONTID:0002449;CHEMONTID:0002452;CHEMONTID:0002239,Organic compounds;Organic nitrogen compounds;Organonitrogen compounds;Amines;Tertiary amines;Trialkylamines
13996,Dialkyl ethers,0.96,CHEMONTID:0001167,5,CHEMONTID:0000254,CHEMONTID:0000000;CHEMONTID:0004603;CHEMONTID:0000323;CHEMONTID:0000254;CHEMONTID:0001167,Organic compounds;Organic oxygen compounds;Organooxygen compounds;Ethers;Dialkyl ethers
9514,Carbonyl compounds,0.8,CHEMONTID:0001831,4,CHEMONTID:0000323,CHEMONTID:0000000;CHEMONTID:0004603;CHEMONTID:0000323;CHEMONTID:0001831,Organic compounds;Organic oxygen compounds;Organooxygen compounds;Carbonyl compounds
11754,Dialkyl ethers,0.86,CHEMONTID:0001167,5,CHEMONTID:0000254,CHEMONTID:0000000;CHEMONTID:0004603;CHEMONTID:0000323;CHEMONTID:0000254;CHEMONTID:0001167,Organic compounds;Organic oxygen compounds;Organooxygen compounds;Ethers;Dialkyl ethers
15305,Carbonyl compounds,0.85,CHEMONTID:0001831,4,CHEMONTID:0000323,CHEMONTID:0000000;CHEMONTID:0004603;CHEMONTID:0000323;CHEMONTID:0001831,Organic compounds;Organic oxygen compounds;Organooxygen compounds;Carbonyl compounds
670,Carboxylic acid derivatives,1,CHEMONTID:0001093,4,CHEMONTID:0000265,CHEMONTID:0000000;CHEMONTID:0000264;CHEMONTID:0000265;CHEMONTID:0001093,Organic compounds;Organic acids and derivatives;Carboxylic acids and derivatives;Carboxylic acid derivatives
17418,Carbonyl compounds,0.87,CHEMONTID:0001831,4,CHEMONTID:0000323,CHEMONTID:0000000;CHEMONTID:0004603;CHEMONTID:0000323;CHEMONTID:0001831,Organic compounds;Organic oxygen compounds;Organooxygen compounds;Carbonyl compounds
4818,Secondary alcohols,0.87,CHEMONTID:0001661,5,CHEMONTID:0000129,CHEMONTID:0000000;CHEMONTID:0004603;CHEMONTID:0000323;CHEMONTID:0000129;CHEMONTID:0001661,Organic compounds;Organic oxygen compounds;Organooxygen compounds;Alcohols and polyols;Secondary alcohols
3813,Carboxylic acid derivatives,0.99,CHEMONTID:0001093,4,CHEMONTID:0000265,CHEMONTID:0000000;CHEMONTID:0000264;CHEMONTID:0000265;CHEMONTID:0001093,Organic compounds;Organic acids and derivatives;Carboxylic acids and derivatives;Carboxylic acid derivatives
5054,Carbonyl compounds,0.97,CHEMONTID:0001831,4,CHEMONTID:0000323,CHEMONTID:0000000;CHEMONTID:0004603;CHEMONTID:0000323;CHEMONTID:0001831,Organic compounds;Organic oxygen compounds;Organooxygen compounds;Carbonyl compounds
8733,Carbonyl compounds,0.89,CHEMONTID:0001831,4,CHEMONTID:0000323,CHEMONTID:0000000;CHEMONTID:0004603;CHEMONTID:0000323;CHEMONTID:0001831,Organic compounds;Organic oxygen compounds;Organooxygen compounds;Carbonyl compounds
15893,Amines,0.96,CHEMONTID:0002449,4,CHEMONTID:0000278,CHEMONTID:0000000;CHEMONTID:0004707;CHEMONTID:0000278;CHEMONTID:0002449,Organic compounds;Organic nitrogen compounds;Organonitrogen compounds;Amines
7176,Amines,0.86,CHEMONTID:0002449,4,CHEMONTID:0000278,CHEMONTID:0000000;CHEMONTID:0004707;CHEMONTID:0000278;CHEMONTID:0002449,Organic compounds;Organic nitrogen compounds;Organonitrogen compounds;Amines
20434,Carboxylic acid derivatives,0.99,CHEMONTID:0001093,4,CHEMONTID:0000265,CHEMONTID:0000000;CHEMONTID:0000264;CHEMONTID:0000265;CHEMONTID:0001093,Organic compounds;Organic acids and derivatives;Carboxylic acids and derivatives;Carboxylic acid derivatives
11172,Dialkyl phosphates,1,CHEMONTID:0003459,6,CHEMONTID:0003457,CHEMONTID:0000000;CHEMONTID:0000264;CHEMONTID:0000402;CHEMONTID:0000408;CHEMONTID:0003457;CHEMONTID:0003459,Organic compounds;Organic acids and derivatives;Organic phosphoric acids and derivatives;Phosphate esters;Alkyl phosphates;Dialkyl phosphates
7237,Carbonyl compounds,0.94,CHEMONTID:0001831,4,CHEMONTID:0000323,CHEMONTID:0000000;CHEMONTID:0004603;CHEMONTID:0000323;CHEMONTID:0001831,Organic compounds;Organic oxygen compounds;Organooxygen compounds;Carbonyl compounds
4112,Primary amines,0.89,CHEMONTID:0002450,5,CHEMONTID:0002449,CHEMONTID:0000000;CHEMONTID:0004707;CHEMONTID:0000278;CHEMONTID:0002449;CHEMONTID:0002450,Organic compounds;Organic nitrogen compounds;Organonitrogen compounds;Amines;Primary amines
3063,Carbonyl compounds,0.98,CHEMONTID:0001831,4,CHEMONTID:0000323,CHEMONTID:0000000;CHEMONTID:0004603;CHEMONTID:0000323;CHEMONTID:0001831,Organic compounds;Organic oxygen compounds;Organooxygen compounds;Carbonyl compounds
8181,Carbonyl compounds,0.98,CHEMONTID:0001831,4,CHEMONTID:0000323,CHEMONTID:0000000;CHEMONTID:0004603;CHEMONTID:0000323;CHEMONTID:0001831,Organic compounds;Organic oxygen compounds;Organooxygen compounds;Carbonyl compounds
20457,Carbonyl compounds,0.97,CHEMONTID:0001831,4,CHEMONTID:0000323,CHEMONTID:0000000;CHEMONTID:0004603;CHEMONTID:0000323;CHEMONTID:0001831,Organic compounds;Organic oxygen compounds;Organooxygen compounds;Carbonyl compounds
3648,Carbonyl compounds,1,CHEMONTID:0001831,4,CHEMONTID:0000323,CHEMONTID:0000000;CHEMONTID:0004603;CHEMONTID:0000323;CHEMONTID:0001831,Organic compounds;Organic oxygen compounds;Organooxygen compounds;Carbonyl compounds
17458,Primary amines,0.94,CHEMONTID:0002450,5,CHEMONTID:0002449,CHEMONTID:0000000;CHEMONTID:0004707;CHEMONTID:0000278;CHEMONTID:0002449;CHEMONTID:0002450,Organic compounds;Organic nitrogen compounds;Organonitrogen compounds;Amines;Primary amines
19048,N-acyl-alpha amino acids and derivatives,1,CHEMONTID:0001189,7,CHEMONTID:0000060,CHEMONTID:0000000;CHEMONTID:0000264;CHEMONTID:0000265;CHEMONTID:0000013;CHEMONTID:0000347;CHEMONTID:0000060;CHEMONTID:0001189,"Organic compounds;Organic acids and derivatives;Carboxylic acids and derivatives;Amino acids, peptides, and analogues;Amino acids and derivatives;Alpha amino acids and derivatives;N-acyl-alpha amino acids and derivatives"
18968,Ethers,0.9,CHEMONTID:0000254,4,CHEMONTID:0000323,CHEMONTID:0000000;CHEMONTID:0004603;CHEMONTID:0000323;CHEMONTID:0000254,Organic compounds;Organic oxygen compounds;Organooxygen compounds;Ethers
12994,Carbonyl compounds,0.96,CHEMONTID:0001831,4,CHEMONTID:0000323,CHEMONTID:0000000;CHEMONTID:0004603;CHEMONTID:0000323;CHEMONTID:0001831,Organic compounds;Organic oxygen compounds;Organooxygen compounds;Carbonyl compounds
11695,Alcohols and polyols,0.83,CHEMONTID:0000129,4,CHEMONTID:0000323,CHEMONTID:0000000;CHEMONTID:0004603;CHEMONTID:0000323;CHEMONTID:0000129,Organic compounds;Organic oxygen compounds;Organooxygen compounds;Alcohols and polyols
3408,Carboxylic acid derivatives,0.95,CHEMONTID:0001093,4,CHEMONTID:0000265,CHEMONTID:0000000;CHEMONTID:0000264;CHEMONTID:0000265;CHEMONTID:0001093,Organic compounds;Organic acids and derivatives;Carboxylic acids and derivatives;Carboxylic acid derivatives
5209,Guanidines,0.91,CHEMONTID:0000375,4,CHEMONTID:0000278,CHEMONTID:0000000;CHEMONTID:0004707;CHEMONTID:0000278;CHEMONTID:0000375,Organic compounds;Organic nitrogen compounds;Organonitrogen compounds;Guanidines
3659,Dialkyl ethers,0.95,CHEMONTID:0001167,5,CHEMONTID:0000254,CHEMONTID:0000000;CHEMONTID:0004603;CHEMONTID:0000323;CHEMONTID:0000254;CHEMONTID:0001167,Organic compounds;Organic oxygen compounds;Organooxygen compounds;Ethers;Dialkyl ethers
9356,Enoate esters,0.82,CHEMONTID:0003626,7,CHEMONTID:0003628,CHEMONTID:0000000;CHEMONTID:0000264;CHEMONTID:0000265;CHEMONTID:0001093;CHEMONTID:0001238;CHEMONTID:0003628;CHEMONTID:0003626,"Organic compounds;Organic acids and derivatives;Carboxylic acids and derivatives;Carboxylic acid derivatives;Carboxylic acid esters;Alpha,beta-unsaturated carboxylic esters;Enoate esters"
18044,Methyl esters,0.93,CHEMONTID:0003416,6,CHEMONTID:0001238,CHEMONTID:0000000;CHEMONTID:0000264;CHEMONTID:0000265;CHEMONTID:0001093;CHEMONTID:0001238;CHEMONTID:0003416,Organic compounds;Organic acids and derivatives;Carboxylic acids and derivatives;Carboxylic acid derivatives;Carboxylic acid esters;Methyl esters
10354,Primary amines,1,CHEMONTID:0002450,5,CHEMONTID:0002449,CHEMONTID:0000000;CHEMONTID:0004707;CHEMONTID:0000278;CHEMONTID:0002449;CHEMONTID:0002450,Organic compounds;Organic nitrogen compounds;Organonitrogen compounds;Amines;Primary amines
17533,Carboxylic acid derivatives,0.97,CHEMONTID:0001093,4,CHEMONTID:0000265,CHEMONTID:0000000;CHEMONTID:0000264;CHEMONTID:0000265;CHEMONTID:0001093,Organic compounds;Organic acids and derivatives;Carboxylic acids and derivatives;Carboxylic acid derivatives
3072,Primary amines,0.98,CHEMONTID:0002450,5,CHEMONTID:0002449,CHEMONTID:0000000;CHEMONTID:0004707;CHEMONTID:0000278;CHEMONTID:0002449;CHEMONTID:0002450,Organic compounds;Organic nitrogen compounds;Organonitrogen compounds;Amines;Primary amines
4007,Amines,0.89,CHEMONTID:0002449,4,CHEMONTID:0000278,CHEMONTID:0000000;CHEMONTID:0004707;CHEMONTID:0000278;CHEMONTID:0002449,Organic compounds;Organic nitrogen compounds;Organonitrogen compounds;Amines
11541,Carbonyl compounds,0.9,CHEMONTID:0001831,4,CHEMONTID:0000323,CHEMONTID:0000000;CHEMONTID:0004603;CHEMONTID:0000323;CHEMONTID:0001831,Organic compounds;Organic oxygen compounds;Organooxygen compounds;Carbonyl compounds
6467,Ethers,0.94,CHEMONTID:0000254,4,CHEMONTID:0000323,CHEMONTID:0000000;CHEMONTID:0004603;CHEMONTID:0000323;CHEMONTID:0000254,Organic compounds;Organic oxygen compounds;Organooxygen compounds;Ethers
3753,Amines,0.86,CHEMONTID:0002449,4,CHEMONTID:0000278,CHEMONTID:0000000;CHEMONTID:0004707;CHEMONTID:0000278;CHEMONTID:0002449,Organic compounds;Organic nitrogen compounds;Organonitrogen compounds;Amines
9877,Amines,0.88,CHEMONTID:0002449,4,CHEMONTID:0000278,CHEMONTID:0000000;CHEMONTID:0004707;CHEMONTID:0000278;CHEMONTID:0002449,Organic compounds;Organic nitrogen compounds;Organonitrogen compounds;Amines
3581,Carbonyl compounds,0.96,CHEMONTID:0001831,4,CHEMONTID:0000323,CHEMONTID:0000000;CHEMONTID:0004603;CHEMONTID:0000323;CHEMONTID:0001831,Organic compounds;Organic oxygen compounds;Organooxygen compounds;Carbonyl compounds
19184,Monocarboxylic acids and derivatives,0.81,CHEMONTID:0001137,4,CHEMONTID:0000265,CHEMONTID:0000000;CHEMONTID:0000264;CHEMONTID:0000265;CHEMONTID:0001137,Organic compounds;Organic acids and derivatives;Carboxylic acids and derivatives;Monocarboxylic acids and derivatives
7852,Amines,0.93,CHEMONTID:0002449,4,CHEMONTID:0000278,CHEMONTID:0000000;CHEMONTID:0004707;CHEMONTID:0000278;CHEMONTID:0002449,Organic compounds;Organic nitrogen compounds;Organonitrogen compounds;Amines
3915,Carbonyl compounds,0.88,CHEMONTID:0001831,4,CHEMONTID:0000323,CHEMONTID:0000000;CHEMONTID:0004603;CHEMONTID:0000323;CHEMONTID:0001831,Organic compounds;Organic oxygen compounds;Organooxygen compounds;Carbonyl compounds
9447,Amines,0.98,CHEMONTID:0002449,4,CHEMONTID:0000278,CHEMONTID:0000000;CHEMONTID:0004707;CHEMONTID:0000278;CHEMONTID:0002449,Organic compounds;Organic nitrogen compounds;Organonitrogen compounds;Amines
18402,Dialkyl ethers,0.95,CHEMONTID:0001167,5,CHEMONTID:0000254,CHEMONTID:0000000;CHEMONTID:0004603;CHEMONTID:0000323;CHEMONTID:0000254;CHEMONTID:0001167,Organic compounds;Organic oxygen compounds;Organooxygen compounds;Ethers;Dialkyl ethers
8215,Carbonyl compounds,1,CHEMONTID:0001831,4,CHEMONTID:0000323,CHEMONTID:0000000;CHEMONTID:0004603;CHEMONTID:0000323;CHEMONTID:0001831,Organic compounds;Organic oxygen compounds;Organooxygen compounds;Carbonyl compounds
2440,Guanidines,0.95,CHEMONTID:0000375,4,CHEMONTID:0000278,CHEMONTID:0000000;CHEMONTID:0004707;CHEMONTID:0000278;CHEMONTID:0000375,Organic compounds;Organic nitrogen compounds;Organonitrogen compounds;Guanidines
8298,Monoalkylamines,0.89,CHEMONTID:0000469,6,CHEMONTID:0002450,CHEMONTID:0000000;CHEMONTID:0004707;CHEMONTID:0000278;CHEMONTID:0002449;CHEMONTID:0002450;CHEMONTID:0000469,Organic compounds;Organic nitrogen compounds;Organonitrogen compounds;Amines;Primary amines;Monoalkylamines
10027,Primary amines,0.99,CHEMONTID:0002450,5,CHEMONTID:0002449,CHEMONTID:0000000;CHEMONTID:0004707;CHEMONTID:0000278;CHEMONTID:0002449;CHEMONTID:0002450,Organic compounds;Organic nitrogen compounds;Organonitrogen compounds;Amines;Primary amines
11650,Amines,1,CHEMONTID:0002449,4,CHEMONTID:0000278,CHEMONTID:0000000;CHEMONTID:0004707;CHEMONTID:0000278;CHEMONTID:0002449,Organic compounds;Organic nitrogen compounds;Organonitrogen compounds;Amines
4460,Carbonyl compounds,0.95,CHEMONTID:0001831,4,CHEMONTID:0000323,CHEMONTID:0000000;CHEMONTID:0004603;CHEMONTID:0000323;CHEMONTID:0001831,Organic compounds;Organic oxygen compounds;Organooxygen compounds;Carbonyl compounds
6529,Carbonyl compounds,0.99,CHEMONTID:0001831,4,CHEMONTID:0000323,CHEMONTID:0000000;CHEMONTID:0004603;CHEMONTID:0000323;CHEMONTID:0001831,Organic compounds;Organic oxygen compounds;Organooxygen compounds;Carbonyl compounds
4000,N-acyl amines,0.97,CHEMONTID:0001096,5,CHEMONTID:0000331,CHEMONTID:0000000;CHEMONTID:0000012;CHEMONTID:0003909;CHEMONTID:0000331;CHEMONTID:0001096,Organic compounds;Lipids and lipid-like molecules;Fatty Acyls;Fatty amides;N-acyl amines
12831,Monoalkylamines,0.98,CHEMONTID:0000469,6,CHEMONTID:0002450,CHEMONTID:0000000;CHEMONTID:0004707;CHEMONTID:0000278;CHEMONTID:0002449;CHEMONTID:0002450;CHEMONTID:0000469,Organic compounds;Organic nitrogen compounds;Organonitrogen compounds;Amines;Primary amines;Monoalkylamines
3861,Amines,0.91,CHEMONTID:0002449,4,CHEMONTID:0000278,CHEMONTID:0000000;CHEMONTID:0004707;CHEMONTID:0000278;CHEMONTID:0002449,Organic compounds;Organic nitrogen compounds;Organonitrogen compounds;Amines
8355,Cyclic olefins,0.96,CHEMONTID:0002840,5,CHEMONTID:0002838,CHEMONTID:0000000;CHEMONTID:0002837;CHEMONTID:0004475;CHEMONTID:0002838;CHEMONTID:0002840,Organic compounds;Hydrocarbons;Unsaturated hydrocarbons;Olefins;Cyclic olefins
11391,Amines,0.96,CHEMONTID:0002449,4,CHEMONTID:0000278,CHEMONTID:0000000;CHEMONTID:0004707;CHEMONTID:0000278;CHEMONTID:0002449,Organic compounds;Organic nitrogen compounds;Organonitrogen compounds;Amines
17236,Pyrimidines and pyrimidine derivatives,0.96,CHEMONTID:0000075,4,CHEMONTID:0001346,CHEMONTID:0000000;CHEMONTID:0000002;CHEMONTID:0001346;CHEMONTID:0000075,Organic compounds;Organoheterocyclic compounds;Diazines;Pyrimidines and pyrimidine derivatives
13810,Monoalkylamines,1,CHEMONTID:0000469,6,CHEMONTID:0002450,CHEMONTID:0000000;CHEMONTID:0004707;CHEMONTID:0000278;CHEMONTID:0002449;CHEMONTID:0002450;CHEMONTID:0000469,Organic compounds;Organic nitrogen compounds;Organonitrogen compounds;Amines;Primary amines;Monoalkylamines
10953,Monoalkylamines,0.98,CHEMONTID:0000469,6,CHEMONTID:0002450,CHEMONTID:0000000;CHEMONTID:0004707;CHEMONTID:0000278;CHEMONTID:0002449;CHEMONTID:0002450;CHEMONTID:0000469,Organic compounds;Organic nitrogen compounds;Organonitrogen compounds;Amines;Primary amines;Monoalkylamines
20147,Amines,0.91,CHEMONTID:0002449,4,CHEMONTID:0000278,CHEMONTID:0000000;CHEMONTID:0004707;CHEMONTID:0000278;CHEMONTID:0002449,Organic compounds;Organic nitrogen compounds;Organonitrogen compounds;Amines
19807,Carboxylic acid derivatives,1,CHEMONTID:0001093,4,CHEMONTID:0000265,CHEMONTID:0000000;CHEMONTID:0000264;CHEMONTID:0000265;CHEMONTID:0001093,Organic compounds;Organic acids and derivatives;Carboxylic acids and derivatives;Carboxylic acid derivatives
14391,Alkyl chlorides,0.99,CHEMONTID:0001026,4,CHEMONTID:0002867,CHEMONTID:0000000;CHEMONTID:0000267;CHEMONTID:0002867;CHEMONTID:0001026,Organic compounds;Organohalogen compounds;Alkyl halides;Alkyl chlorides
6902,Carbonyl compounds,0.88,CHEMONTID:0001831,4,CHEMONTID:0000323,CHEMONTID:0000000;CHEMONTID:0004603;CHEMONTID:0000323;CHEMONTID:0001831,Organic compounds;Organic oxygen compounds;Organooxygen compounds;Carbonyl compounds
9273,Amines,1,CHEMONTID:0002449,4,CHEMONTID:0000278,CHEMONTID:0000000;CHEMONTID:0004707;CHEMONTID:0000278;CHEMONTID:0002449,Organic compounds;Organic nitrogen compounds;Organonitrogen compounds;Amines
11988,Carbonyl compounds,0.92,CHEMONTID:0001831,4,CHEMONTID:0000323,CHEMONTID:0000000;CHEMONTID:0004603;CHEMONTID:0000323;CHEMONTID:0001831,Organic compounds;Organic oxygen compounds;Organooxygen compounds;Carbonyl compounds
15169,Primary amines,1,CHEMONTID:0002450,5,CHEMONTID:0002449,CHEMONTID:0000000;CHEMONTID:0004707;CHEMONTID:0000278;CHEMONTID:0002449;CHEMONTID:0002450,Organic compounds;Organic nitrogen compounds;Organonitrogen compounds;Amines;Primary amines
19541,Amines,0.83,CHEMONTID:0002449,4,CHEMONTID:0000278,CHEMONTID:0000000;CHEMONTID:0004707;CHEMONTID:0000278;CHEMONTID:0002449,Organic compounds;Organic nitrogen compounds;Organonitrogen compounds;Amines
367,N-acyl amines,0.97,CHEMONTID:0001096,5,CHEMONTID:0000331,CHEMONTID:0000000;CHEMONTID:0000012;CHEMONTID:0003909;CHEMONTID:0000331;CHEMONTID:0001096,Organic compounds;Lipids and lipid-like molecules;Fatty Acyls;Fatty amides;N-acyl amines
3604,Carboxylic acid derivatives,0.93,CHEMONTID:0001093,4,CHEMONTID:0000265,CHEMONTID:0000000;CHEMONTID:0000264;CHEMONTID:0000265;CHEMONTID:0001093,Organic compounds;Organic acids and derivatives;Carboxylic acids and derivatives;Carboxylic acid derivatives
3900,Carbonyl compounds,0.82,CHEMONTID:0001831,4,CHEMONTID:0000323,CHEMONTID:0000000;CHEMONTID:0004603;CHEMONTID:0000323;CHEMONTID:0001831,Organic compounds;Organic oxygen compounds;Organooxygen compounds;Carbonyl compounds
14105,Carboxylic acid derivatives,0.96,CHEMONTID:0001093,4,CHEMONTID:0000265,CHEMONTID:0000000;CHEMONTID:0000264;CHEMONTID:0000265;CHEMONTID:0001093,Organic compounds;Organic acids and derivatives;Carboxylic acids and derivatives;Carboxylic acid derivatives
12262,Amino acids and derivatives,0.98,CHEMONTID:0000347,5,CHEMONTID:0000013,CHEMONTID:0000000;CHEMONTID:0000264;CHEMONTID:0000265;CHEMONTID:0000013;CHEMONTID:0000347,"Organic compounds;Organic acids and derivatives;Carboxylic acids and derivatives;Amino acids, peptides, and analogues;Amino acids and derivatives"
16246,Amines,0.99,CHEMONTID:0002449,4,CHEMONTID:0000278,CHEMONTID:0000000;CHEMONTID:0004707;CHEMONTID:0000278;CHEMONTID:0002449,Organic compounds;Organic nitrogen compounds;Organonitrogen compounds;Amines
8610,Dicarboxylic acids and derivatives,0.88,CHEMONTID:0000346,4,CHEMONTID:0000265,CHEMONTID:0000000;CHEMONTID:0000264;CHEMONTID:0000265;CHEMONTID:0000346,Organic compounds;Organic acids and derivatives;Carboxylic acids and derivatives;Dicarboxylic acids and derivatives
4428,Monosaccharides,0.81,CHEMONTID:0001540,5,CHEMONTID:0000011,CHEMONTID:0000000;CHEMONTID:0004603;CHEMONTID:0000323;CHEMONTID:0000011;CHEMONTID:0001540,Organic compounds;Organic oxygen compounds;Organooxygen compounds;Carbohydrates and carbohydrate conjugates;Monosaccharides
14386,Alkyl phosphates,0.98,CHEMONTID:0003457,5,CHEMONTID:0000408,CHEMONTID:0000000;CHEMONTID:0000264;CHEMONTID:0000402;CHEMONTID:0000408;CHEMONTID:0003457,Organic compounds;Organic acids and derivatives;Organic phosphoric acids and derivatives;Phosphate esters;Alkyl phosphates
3310,Carbonyl compounds,0.92,CHEMONTID:0001831,4,CHEMONTID:0000323,CHEMONTID:0000000;CHEMONTID:0004603;CHEMONTID:0000323;CHEMONTID:0001831,Organic compounds;Organic oxygen compounds;Organooxygen compounds;Carbonyl compounds
6451,Ethers,0.93,CHEMONTID:0000254,4,CHEMONTID:0000323,CHEMONTID:0000000;CHEMONTID:0004603;CHEMONTID:0000323;CHEMONTID:0000254,Organic compounds;Organic oxygen compounds;Organooxygen compounds;Ethers
20615,Amines,0.98,CHEMONTID:0002449,4,CHEMONTID:0000278,CHEMONTID:0000000;CHEMONTID:0004707;CHEMONTID:0000278;CHEMONTID:0002449,Organic compounds;Organic nitrogen compounds;Organonitrogen compounds;Amines
4867,Carbonyl compounds,0.96,CHEMONTID:0001831,4,CHEMONTID:0000323,CHEMONTID:0000000;CHEMONTID:0004603;CHEMONTID:0000323;CHEMONTID:0001831,Organic compounds;Organic oxygen compounds;Organooxygen compounds;Carbonyl compounds
8647,Carbonyl compounds,0.95,CHEMONTID:0001831,4,CHEMONTID:0000323,CHEMONTID:0000000;CHEMONTID:0004603;CHEMONTID:0000323;CHEMONTID:0001831,Organic compounds;Organic oxygen compounds;Organooxygen compounds;Carbonyl compounds
11994,Carbonyl compounds,0.96,CHEMONTID:0001831,4,CHEMONTID:0000323,CHEMONTID:0000000;CHEMONTID:0004603;CHEMONTID:0000323;CHEMONTID:0001831,Organic compounds;Organic oxygen compounds;Organooxygen compounds;Carbonyl compounds
3349,Carbonyl compounds,0.99,CHEMONTID:0001831,4,CHEMONTID:0000323,CHEMONTID:0000000;CHEMONTID:0004603;CHEMONTID:0000323;CHEMONTID:0001831,Organic compounds;Organic oxygen compounds;Organooxygen compounds;Carbonyl compounds
18963,Carboxylic acid derivatives,0.94,CHEMONTID:0001093,4,CHEMONTID:0000265,CHEMONTID:0000000;CHEMONTID:0000264;CHEMONTID:0000265;CHEMONTID:0001093,Organic compounds;Organic acids and derivatives;Carboxylic acids and derivatives;Carboxylic acid derivatives
2243,Amines,1,CHEMONTID:0002449,4,CHEMONTID:0000278,CHEMONTID:0000000;CHEMONTID:0004707;CHEMONTID:0000278;CHEMONTID:0002449,Organic compounds;Organic nitrogen compounds;Organonitrogen compounds;Amines
14212,Carbonyl compounds,0.94,CHEMONTID:0001831,4,CHEMONTID:0000323,CHEMONTID:0000000;CHEMONTID:0004603;CHEMONTID:0000323;CHEMONTID:0001831,Organic compounds;Organic oxygen compounds;Organooxygen compounds;Carbonyl compounds
12057,Amino acids and derivatives,0.99,CHEMONTID:0000347,5,CHEMONTID:0000013,CHEMONTID:0000000;CHEMONTID:0000264;CHEMONTID:0000265;CHEMONTID:0000013;CHEMONTID:0000347,"Organic compounds;Organic acids and derivatives;Carboxylic acids and derivatives;Amino acids, peptides, and analogues;Amino acids and derivatives"
18245,Monoalkylamines,0.99,CHEMONTID:0000469,6,CHEMONTID:0002450,CHEMONTID:0000000;CHEMONTID:0004707;CHEMONTID:0000278;CHEMONTID:0002449;CHEMONTID:0002450;CHEMONTID:0000469,Organic compounds;Organic nitrogen compounds;Organonitrogen compounds;Amines;Primary amines;Monoalkylamines
10265,Amines,0.81,CHEMONTID:0002449,4,CHEMONTID:0000278,CHEMONTID:0000000;CHEMONTID:0004707;CHEMONTID:0000278;CHEMONTID:0002449,Organic compounds;Organic nitrogen compounds;Organonitrogen compounds;Amines
6125,Imidazoles,0.98,CHEMONTID:0000078,4,CHEMONTID:0000436,CHEMONTID:0000000;CHEMONTID:0000002;CHEMONTID:0000436;CHEMONTID:0000078,Organic compounds;Organoheterocyclic compounds;Azoles;Imidazoles
13524,Carbonyl compounds,0.98,CHEMONTID:0001831,4,CHEMONTID:0000323,CHEMONTID:0000000;CHEMONTID:0004603;CHEMONTID:0000323;CHEMONTID:0001831,Organic compounds;Organic oxygen compounds;Organooxygen compounds;Carbonyl compounds
10693,Carboxylic acid derivatives,0.96,CHEMONTID:0001093,4,CHEMONTID:0000265,CHEMONTID:0000000;CHEMONTID:0000264;CHEMONTID:0000265;CHEMONTID:0001093,Organic compounds;Organic acids and derivatives;Carboxylic acids and derivatives;Carboxylic acid derivatives
237,Amines,0.98,CHEMONTID:0002449,4,CHEMONTID:0000278,CHEMONTID:0000000;CHEMONTID:0004707;CHEMONTID:0000278;CHEMONTID:0002449,Organic compounds;Organic nitrogen compounds;Organonitrogen compounds;Amines
15875,Carbonyl compounds,0.93,CHEMONTID:0001831,4,CHEMONTID:0000323,CHEMONTID:0000000;CHEMONTID:0004603;CHEMONTID:0000323;CHEMONTID:0001831,Organic compounds;Organic oxygen compounds;Organooxygen compounds;Carbonyl compounds
922,Carboxylic acid derivatives,0.96,CHEMONTID:0001093,4,CHEMONTID:0000265,CHEMONTID:0000000;CHEMONTID:0000264;CHEMONTID:0000265;CHEMONTID:0001093,Organic compounds;Organic acids and derivatives;Carboxylic acids and derivatives;Carboxylic acid derivatives
11827,Carbonyl compounds,0.91,CHEMONTID:0001831,4,CHEMONTID:0000323,CHEMONTID:0000000;CHEMONTID:0004603;CHEMONTID:0000323;CHEMONTID:0001831,Organic compounds;Organic oxygen compounds;Organooxygen compounds;Carbonyl compounds
7126,Carboxylic acid derivatives,0.96,CHEMONTID:0001093,4,CHEMONTID:0000265,CHEMONTID:0000000;CHEMONTID:0000264;CHEMONTID:0000265;CHEMONTID:0001093,Organic compounds;Organic acids and derivatives;Carboxylic acids and derivatives;Carboxylic acid derivatives
14797,Organophosphine oxides,0.92,CHEMONTID:0001309,4,CHEMONTID:0000401,CHEMONTID:0000000;CHEMONTID:0000400;CHEMONTID:0000401;CHEMONTID:0001309,Organic compounds;Organophosphorus compounds;Organic phosphines and derivatives;Organophosphine oxides
1599,Carbonyl compounds,0.95,CHEMONTID:0001831,4,CHEMONTID:0000323,CHEMONTID:0000000;CHEMONTID:0004603;CHEMONTID:0000323;CHEMONTID:0001831,Organic compounds;Organic oxygen compounds;Organooxygen compounds;Carbonyl compounds
473,Carbonyl compounds,0.91,CHEMONTID:0001831,4,CHEMONTID:0000323,CHEMONTID:0000000;CHEMONTID:0004603;CHEMONTID:0000323;CHEMONTID:0001831,Organic compounds;Organic oxygen compounds;Organooxygen compounds;Carbonyl compounds
4025,Carbonyl compounds,0.88,CHEMONTID:0001831,4,CHEMONTID:0000323,CHEMONTID:0000000;CHEMONTID:0004603;CHEMONTID:0000323;CHEMONTID:0001831,Organic compounds;Organic oxygen compounds;Organooxygen compounds;Carbonyl compounds
11744,Primary amines,0.95,CHEMONTID:0002450,5,CHEMONTID:0002449,CHEMONTID:0000000;CHEMONTID:0004707;CHEMONTID:0000278;CHEMONTID:0002449;CHEMONTID:0002450,Organic compounds;Organic nitrogen compounds;Organonitrogen compounds;Amines;Primary amines
2061,Benzylamines,1,CHEMONTID:0002673,4,CHEMONTID:0002279,CHEMONTID:0000000;CHEMONTID:0002448;CHEMONTID:0002279;CHEMONTID:0002673,Organic compounds;Benzenoids;Benzene and substituted derivatives;Benzylamines
11830,Carbonyl compounds,0.94,CHEMONTID:0001831,4,CHEMONTID:0000323,CHEMONTID:0000000;CHEMONTID:0004603;CHEMONTID:0000323;CHEMONTID:0001831,Organic compounds;Organic oxygen compounds;Organooxygen compounds;Carbonyl compounds
2493,Monocarboxylic acids and derivatives,0.81,CHEMONTID:0001137,4,CHEMONTID:0000265,CHEMONTID:0000000;CHEMONTID:0000264;CHEMONTID:0000265;CHEMONTID:0001137,Organic compounds;Organic acids and derivatives;Carboxylic acids and derivatives;Monocarboxylic acids and derivatives
16651,Phosphate esters,0.99,CHEMONTID:0000408,4,CHEMONTID:0000402,CHEMONTID:0000000;CHEMONTID:0000264;CHEMONTID:0000402;CHEMONTID:0000408,Organic compounds;Organic acids and derivatives;Organic phosphoric acids and derivatives;Phosphate esters
20371,Pyrimidines and pyrimidine derivatives,0.86,CHEMONTID:0000075,4,CHEMONTID:0001346,CHEMONTID:0000000;CHEMONTID:0000002;CHEMONTID:0001346;CHEMONTID:0000075,Organic compounds;Organoheterocyclic compounds;Diazines;Pyrimidines and pyrimidine derivatives
18782,Carboxylic acid derivatives,0.96,CHEMONTID:0001093,4,CHEMONTID:0000265,CHEMONTID:0000000;CHEMONTID:0000264;CHEMONTID:0000265;CHEMONTID:0001093,Organic compounds;Organic acids and derivatives;Carboxylic acids and derivatives;Carboxylic acid derivatives
13665,Carbonyl compounds,0.95,CHEMONTID:0001831,4,CHEMONTID:0000323,CHEMONTID:0000000;CHEMONTID:0004603;CHEMONTID:0000323;CHEMONTID:0001831,Organic compounds;Organic oxygen compounds;Organooxygen compounds;Carbonyl compounds
3716,Carboxylic acid derivatives,1,CHEMONTID:0001093,4,CHEMONTID:0000265,CHEMONTID:0000000;CHEMONTID:0000264;CHEMONTID:0000265;CHEMONTID:0001093,Organic compounds;Organic acids and derivatives;Carboxylic acids and derivatives;Carboxylic acid derivatives
11569,Fatty acid esters,0.9,CHEMONTID:0000324,4,CHEMONTID:0003909,CHEMONTID:0000000;CHEMONTID:0000012;CHEMONTID:0003909;CHEMONTID:0000324,Organic compounds;Lipids and lipid-like molecules;Fatty Acyls;Fatty acid esters
15425,Monosaccharide phosphates,1,CHEMONTID:0001541,6,CHEMONTID:0001540,CHEMONTID:0000000;CHEMONTID:0004603;CHEMONTID:0000323;CHEMONTID:0000011;CHEMONTID:0001540;CHEMONTID:0001541,Organic compounds;Organic oxygen compounds;Organooxygen compounds;Carbohydrates and carbohydrate conjugates;Monosaccharides;Monosaccharide phosphates
5795,Alcohols and polyols,0.98,CHEMONTID:0000129,4,CHEMONTID:0000323,CHEMONTID:0000000;CHEMONTID:0004603;CHEMONTID:0000323;CHEMONTID:0000129,Organic compounds;Organic oxygen compounds;Organooxygen compounds;Alcohols and polyols
11026,Phosphate esters,1,CHEMONTID:0000408,4,CHEMONTID:0000402,CHEMONTID:0000000;CHEMONTID:0000264;CHEMONTID:0000402;CHEMONTID:0000408,Organic compounds;Organic acids and derivatives;Organic phosphoric acids and derivatives;Phosphate esters
17452,Monocarboxylic acids and derivatives,0.81,CHEMONTID:0001137,4,CHEMONTID:0000265,CHEMONTID:0000000;CHEMONTID:0000264;CHEMONTID:0000265;CHEMONTID:0001137,Organic compounds;Organic acids and derivatives;Carboxylic acids and derivatives;Monocarboxylic acids and derivatives
14621,Primary amines,0.91,CHEMONTID:0002450,5,CHEMONTID:0002449,CHEMONTID:0000000;CHEMONTID:0004707;CHEMONTID:0000278;CHEMONTID:0002449;CHEMONTID:0002450,Organic compounds;Organic nitrogen compounds;Organonitrogen compounds;Amines;Primary amines
19912,"Amino acids, peptides, and analogues",1,CHEMONTID:0000013,4,CHEMONTID:0000265,CHEMONTID:0000000;CHEMONTID:0000264;CHEMONTID:0000265;CHEMONTID:0000013,"Organic compounds;Organic acids and derivatives;Carboxylic acids and derivatives;Amino acids, peptides, and analogues"
6202,Monoalkylamines,0.99,CHEMONTID:0000469,6,CHEMONTID:0002450,CHEMONTID:0000000;CHEMONTID:0004707;CHEMONTID:0000278;CHEMONTID:0002449;CHEMONTID:0002450;CHEMONTID:0000469,Organic compounds;Organic nitrogen compounds;Organonitrogen compounds;Amines;Primary amines;Monoalkylamines
6384,Carboxylic acid derivatives,0.92,CHEMONTID:0001093,4,CHEMONTID:0000265,CHEMONTID:0000000;CHEMONTID:0000264;CHEMONTID:0000265;CHEMONTID:0001093,Organic compounds;Organic acids and derivatives;Carboxylic acids and derivatives;Carboxylic acid derivatives
1223,Guanidines,0.95,CHEMONTID:0000375,4,CHEMONTID:0000278,CHEMONTID:0000000;CHEMONTID:0004707;CHEMONTID:0000278;CHEMONTID:0000375,Organic compounds;Organic nitrogen compounds;Organonitrogen compounds;Guanidines
19060,Monocarboxylic acids and derivatives,0.9,CHEMONTID:0001137,4,CHEMONTID:0000265,CHEMONTID:0000000;CHEMONTID:0000264;CHEMONTID:0000265;CHEMONTID:0001137,Organic compounds;Organic acids and derivatives;Carboxylic acids and derivatives;Monocarboxylic acids and derivatives
20388,Carboxylic acid derivatives,0.9,CHEMONTID:0001093,4,CHEMONTID:0000265,CHEMONTID:0000000;CHEMONTID:0000264;CHEMONTID:0000265;CHEMONTID:0001093,Organic compounds;Organic acids and derivatives;Carboxylic acids and derivatives;Carboxylic acid derivatives
9958,Alcohols and polyols,0.82,CHEMONTID:0000129,4,CHEMONTID:0000323,CHEMONTID:0000000;CHEMONTID:0004603;CHEMONTID:0000323;CHEMONTID:0000129,Organic compounds;Organic oxygen compounds;Organooxygen compounds;Alcohols and polyols
8571,Primary amines,0.86,CHEMONTID:0002450,5,CHEMONTID:0002449,CHEMONTID:0000000;CHEMONTID:0004707;CHEMONTID:0000278;CHEMONTID:0002449;CHEMONTID:0002450,Organic compounds;Organic nitrogen compounds;Organonitrogen compounds;Amines;Primary amines
14839,Carboxylic acid derivatives,0.99,CHEMONTID:0001093,4,CHEMONTID:0000265,CHEMONTID:0000000;CHEMONTID:0000264;CHEMONTID:0000265;CHEMONTID:0001093,Organic compounds;Organic acids and derivatives;Carboxylic acids and derivatives;Carboxylic acid derivatives
10974,Carbonyl compounds,0.83,CHEMONTID:0001831,4,CHEMONTID:0000323,CHEMONTID:0000000;CHEMONTID:0004603;CHEMONTID:0000323;CHEMONTID:0001831,Organic compounds;Organic oxygen compounds;Organooxygen compounds;Carbonyl compounds
5909,Alcohols and polyols,0.89,CHEMONTID:0000129,4,CHEMONTID:0000323,CHEMONTID:0000000;CHEMONTID:0004603;CHEMONTID:0000323;CHEMONTID:0000129,Organic compounds;Organic oxygen compounds;Organooxygen compounds;Alcohols and polyols
9571,Primary amines,0.97,CHEMONTID:0002450,5,CHEMONTID:0002449,CHEMONTID:0000000;CHEMONTID:0004707;CHEMONTID:0000278;CHEMONTID:0002449;CHEMONTID:0002450,Organic compounds;Organic nitrogen compounds;Organonitrogen compounds;Amines;Primary amines
16545,Amino acids and derivatives,0.99,CHEMONTID:0000347,5,CHEMONTID:0000013,CHEMONTID:0000000;CHEMONTID:0000264;CHEMONTID:0000265;CHEMONTID:0000013;CHEMONTID:0000347,"Organic compounds;Organic acids and derivatives;Carboxylic acids and derivatives;Amino acids, peptides, and analogues;Amino acids and derivatives"
20339,Imidazoles,0.93,CHEMONTID:0000078,4,CHEMONTID:0000436,CHEMONTID:0000000;CHEMONTID:0000002;CHEMONTID:0000436;CHEMONTID:0000078,Organic compounds;Organoheterocyclic compounds;Azoles;Imidazoles
5723,Alcohols and polyols,0.9,CHEMONTID:0000129,4,CHEMONTID:0000323,CHEMONTID:0000000;CHEMONTID:0004603;CHEMONTID:0000323;CHEMONTID:0000129,Organic compounds;Organic oxygen compounds;Organooxygen compounds;Alcohols and polyols
20449,Pyrimidines and pyrimidine derivatives,0.98,CHEMONTID:0000075,4,CHEMONTID:0001346,CHEMONTID:0000000;CHEMONTID:0000002;CHEMONTID:0001346;CHEMONTID:0000075,Organic compounds;Organoheterocyclic compounds;Diazines;Pyrimidines and pyrimidine derivatives
2105,Amines,0.83,CHEMONTID:0002449,4,CHEMONTID:0000278,CHEMONTID:0000000;CHEMONTID:0004707;CHEMONTID:0000278;CHEMONTID:0002449,Organic compounds;Organic nitrogen compounds;Organonitrogen compounds;Amines
13741,Amines,1,CHEMONTID:0002449,4,CHEMONTID:0000278,CHEMONTID:0000000;CHEMONTID:0004707;CHEMONTID:0000278;CHEMONTID:0002449,Organic compounds;Organic nitrogen compounds;Organonitrogen compounds;Amines
8695,Carbonyl compounds,0.98,CHEMONTID:0001831,4,CHEMONTID:0000323,CHEMONTID:0000000;CHEMONTID:0004603;CHEMONTID:0000323;CHEMONTID:0001831,Organic compounds;Organic oxygen compounds;Organooxygen compounds;Carbonyl compounds
4321,Carbonyl compounds,0.98,CHEMONTID:0001831,4,CHEMONTID:0000323,CHEMONTID:0000000;CHEMONTID:0004603;CHEMONTID:0000323;CHEMONTID:0001831,Organic compounds;Organic oxygen compounds;Organooxygen compounds;Carbonyl compounds
18378,Amines,0.99,CHEMONTID:0002449,4,CHEMONTID:0000278,CHEMONTID:0000000;CHEMONTID:0004707;CHEMONTID:0000278;CHEMONTID:0002449,Organic compounds;Organic nitrogen compounds;Organonitrogen compounds;Amines
7800,Primary amines,0.99,CHEMONTID:0002450,5,CHEMONTID:0002449,CHEMONTID:0000000;CHEMONTID:0004707;CHEMONTID:0000278;CHEMONTID:0002449;CHEMONTID:0002450,Organic compounds;Organic nitrogen compounds;Organonitrogen compounds;Amines;Primary amines
6213,Alcohols and polyols,0.94,CHEMONTID:0000129,4,CHEMONTID:0000323,CHEMONTID:0000000;CHEMONTID:0004603;CHEMONTID:0000323;CHEMONTID:0000129,Organic compounds;Organic oxygen compounds;Organooxygen compounds;Alcohols and polyols
12543,Carbonyl compounds,0.88,CHEMONTID:0001831,4,CHEMONTID:0000323,CHEMONTID:0000000;CHEMONTID:0004603;CHEMONTID:0000323;CHEMONTID:0001831,Organic compounds;Organic oxygen compounds;Organooxygen compounds;Carbonyl compounds
11551,Carbonyl compounds,0.98,CHEMONTID:0001831,4,CHEMONTID:0000323,CHEMONTID:0000000;CHEMONTID:0004603;CHEMONTID:0000323;CHEMONTID:0001831,Organic compounds;Organic oxygen compounds;Organooxygen compounds;Carbonyl compounds
7347,Amino acids and derivatives,1,CHEMONTID:0000347,5,CHEMONTID:0000013,CHEMONTID:0000000;CHEMONTID:0000264;CHEMONTID:0000265;CHEMONTID:0000013;CHEMONTID:0000347,"Organic compounds;Organic acids and derivatives;Carboxylic acids and derivatives;Amino acids, peptides, and analogues;Amino acids and derivatives"
9711,Alcohols and polyols,1,CHEMONTID:0000129,4,CHEMONTID:0000323,CHEMONTID:0000000;CHEMONTID:0004603;CHEMONTID:0000323;CHEMONTID:0000129,Organic compounds;Organic oxygen compounds;Organooxygen compounds;Alcohols and polyols
20365,Alcohols and polyols,0.99,CHEMONTID:0000129,4,CHEMONTID:0000323,CHEMONTID:0000000;CHEMONTID:0004603;CHEMONTID:0000323;CHEMONTID:0000129,Organic compounds;Organic oxygen compounds;Organooxygen compounds;Alcohols and polyols
1149,Carbonyl compounds,0.89,CHEMONTID:0001831,4,CHEMONTID:0000323,CHEMONTID:0000000;CHEMONTID:0004603;CHEMONTID:0000323;CHEMONTID:0001831,Organic compounds;Organic oxygen compounds;Organooxygen compounds;Carbonyl compounds
19058,Carbonyl compounds,0.98,CHEMONTID:0001831,4,CHEMONTID:0000323,CHEMONTID:0000000;CHEMONTID:0004603;CHEMONTID:0000323;CHEMONTID:0001831,Organic compounds;Organic oxygen compounds;Organooxygen compounds;Carbonyl compounds
16133,Monoalkylamines,1,CHEMONTID:0000469,6,CHEMONTID:0002450,CHEMONTID:0000000;CHEMONTID:0004707;CHEMONTID:0000278;CHEMONTID:0002449;CHEMONTID:0002450;CHEMONTID:0000469,Organic compounds;Organic nitrogen compounds;Organonitrogen compounds;Amines;Primary amines;Monoalkylamines
18680,Carboxylic acid derivatives,0.98,CHEMONTID:0001093,4,CHEMONTID:0000265,CHEMONTID:0000000;CHEMONTID:0000264;CHEMONTID:0000265;CHEMONTID:0001093,Organic compounds;Organic acids and derivatives;Carboxylic acids and derivatives;Carboxylic acid derivatives
14070,Carbonyl compounds,0.94,CHEMONTID:0001831,4,CHEMONTID:0000323,CHEMONTID:0000000;CHEMONTID:0004603;CHEMONTID:0000323;CHEMONTID:0001831,Organic compounds;Organic oxygen compounds;Organooxygen compounds;Carbonyl compounds
13358,Carbonyl compounds,0.9,CHEMONTID:0001831,4,CHEMONTID:0000323,CHEMONTID:0000000;CHEMONTID:0004603;CHEMONTID:0000323;CHEMONTID:0001831,Organic compounds;Organic oxygen compounds;Organooxygen compounds;Carbonyl compounds
19620,Pyrimidines and pyrimidine derivatives,1,CHEMONTID:0000075,4,CHEMONTID:0001346,CHEMONTID:0000000;CHEMONTID:0000002;CHEMONTID:0001346;CHEMONTID:0000075,Organic compounds;Organoheterocyclic compounds;Diazines;Pyrimidines and pyrimidine derivatives
18526,Dialkyl ethers,0.96,CHEMONTID:0001167,5,CHEMONTID:0000254,CHEMONTID:0000000;CHEMONTID:0004603;CHEMONTID:0000323;CHEMONTID:0000254;CHEMONTID:0001167,Organic compounds;Organic oxygen compounds;Organooxygen compounds;Ethers;Dialkyl ethers
20733,Monoalkylamines,1,CHEMONTID:0000469,6,CHEMONTID:0002450,CHEMONTID:0000000;CHEMONTID:0004707;CHEMONTID:0000278;CHEMONTID:0002449;CHEMONTID:0002450;CHEMONTID:0000469,Organic compounds;Organic nitrogen compounds;Organonitrogen compounds;Amines;Primary amines;Monoalkylamines
18381,Amines,0.99,CHEMONTID:0002449,4,CHEMONTID:0000278,CHEMONTID:0000000;CHEMONTID:0004707;CHEMONTID:0000278;CHEMONTID:0002449,Organic compounds;Organic nitrogen compounds;Organonitrogen compounds;Amines
384,Alcohols and polyols,0.98,CHEMONTID:0000129,4,CHEMONTID:0000323,CHEMONTID:0000000;CHEMONTID:0004603;CHEMONTID:0000323;CHEMONTID:0000129,Organic compounds;Organic oxygen compounds;Organooxygen compounds;Alcohols and polyols
12292,Primary amines,1,CHEMONTID:0002450,5,CHEMONTID:0002449,CHEMONTID:0000000;CHEMONTID:0004707;CHEMONTID:0000278;CHEMONTID:0002449;CHEMONTID:0002450,Organic compounds;Organic nitrogen compounds;Organonitrogen compounds;Amines;Primary amines
6604,"1,3,5-triazines",0.98,CHEMONTID:0004105,4,CHEMONTID:0000098,CHEMONTID:0000000;CHEMONTID:0000002;CHEMONTID:0000098;CHEMONTID:0004105,"Organic compounds;Organoheterocyclic compounds;Triazines;1,3,5-triazines"
6960,Carboxylic acid derivatives,0.9,CHEMONTID:0001093,4,CHEMONTID:0000265,CHEMONTID:0000000;CHEMONTID:0000264;CHEMONTID:0000265;CHEMONTID:0001093,Organic compounds;Organic acids and derivatives;Carboxylic acids and derivatives;Carboxylic acid derivatives
14206,Pyrimidines and pyrimidine derivatives,0.94,CHEMONTID:0000075,4,CHEMONTID:0001346,CHEMONTID:0000000;CHEMONTID:0000002;CHEMONTID:0001346;CHEMONTID:0000075,Organic compounds;Organoheterocyclic compounds;Diazines;Pyrimidines and pyrimidine derivatives
5811,Carbonyl compounds,0.86,CHEMONTID:0001831,4,CHEMONTID:0000323,CHEMONTID:0000000;CHEMONTID:0004603;CHEMONTID:0000323;CHEMONTID:0001831,Organic compounds;Organic oxygen compounds;Organooxygen compounds;Carbonyl compounds
19592,Primary amines,0.91,CHEMONTID:0002450,5,CHEMONTID:0002449,CHEMONTID:0000000;CHEMONTID:0004707;CHEMONTID:0000278;CHEMONTID:0002449;CHEMONTID:0002450,Organic compounds;Organic nitrogen compounds;Organonitrogen compounds;Amines;Primary amines
7420,Carbonyl compounds,0.91,CHEMONTID:0001831,4,CHEMONTID:0000323,CHEMONTID:0000000;CHEMONTID:0004603;CHEMONTID:0000323;CHEMONTID:0001831,Organic compounds;Organic oxygen compounds;Organooxygen compounds;Carbonyl compounds
17614,Carboxylic acid derivatives,0.89,CHEMONTID:0001093,4,CHEMONTID:0000265,CHEMONTID:0000000;CHEMONTID:0000264;CHEMONTID:0000265;CHEMONTID:0001093,Organic compounds;Organic acids and derivatives;Carboxylic acids and derivatives;Carboxylic acid derivatives
11276,Amino acids and derivatives,1,CHEMONTID:0000347,5,CHEMONTID:0000013,CHEMONTID:0000000;CHEMONTID:0000264;CHEMONTID:0000265;CHEMONTID:0000013;CHEMONTID:0000347,"Organic compounds;Organic acids and derivatives;Carboxylic acids and derivatives;Amino acids, peptides, and analogues;Amino acids and derivatives"
1643,Imidazoles,0.88,CHEMONTID:0000078,4,CHEMONTID:0000436,CHEMONTID:0000000;CHEMONTID:0000002;CHEMONTID:0000436;CHEMONTID:0000078,Organic compounds;Organoheterocyclic compounds;Azoles;Imidazoles
1710,Carboxylic acid derivatives,0.95,CHEMONTID:0001093,4,CHEMONTID:0000265,CHEMONTID:0000000;CHEMONTID:0000264;CHEMONTID:0000265;CHEMONTID:0001093,Organic compounds;Organic acids and derivatives;Carboxylic acids and derivatives;Carboxylic acid derivatives
4906,Carbonyl compounds,0.97,CHEMONTID:0001831,4,CHEMONTID:0000323,CHEMONTID:0000000;CHEMONTID:0004603;CHEMONTID:0000323;CHEMONTID:0001831,Organic compounds;Organic oxygen compounds;Organooxygen compounds;Carbonyl compounds
7505,Alcohols and polyols,0.96,CHEMONTID:0000129,4,CHEMONTID:0000323,CHEMONTID:0000000;CHEMONTID:0004603;CHEMONTID:0000323;CHEMONTID:0000129,Organic compounds;Organic oxygen compounds;Organooxygen compounds;Alcohols and polyols
12191,Amines,1,CHEMONTID:0002449,4,CHEMONTID:0000278,CHEMONTID:0000000;CHEMONTID:0004707;CHEMONTID:0000278;CHEMONTID:0002449,Organic compounds;Organic nitrogen compounds;Organonitrogen compounds;Amines
4264,Carbonyl compounds,0.89,CHEMONTID:0001831,4,CHEMONTID:0000323,CHEMONTID:0000000;CHEMONTID:0004603;CHEMONTID:0000323;CHEMONTID:0001831,Organic compounds;Organic oxygen compounds;Organooxygen compounds;Carbonyl compounds
8056,Carboxylic acid derivatives,0.93,CHEMONTID:0001093,4,CHEMONTID:0000265,CHEMONTID:0000000;CHEMONTID:0000264;CHEMONTID:0000265;CHEMONTID:0001093,Organic compounds;Organic acids and derivatives;Carboxylic acids and derivatives;Carboxylic acid derivatives
10414,Monoalkylamines,0.99,CHEMONTID:0000469,6,CHEMONTID:0002450,CHEMONTID:0000000;CHEMONTID:0004707;CHEMONTID:0000278;CHEMONTID:0002449;CHEMONTID:0002450;CHEMONTID:0000469,Organic compounds;Organic nitrogen compounds;Organonitrogen compounds;Amines;Primary amines;Monoalkylamines
17292,Amines,0.94,CHEMONTID:0002449,4,CHEMONTID:0000278,CHEMONTID:0000000;CHEMONTID:0004707;CHEMONTID:0000278;CHEMONTID:0002449,Organic compounds;Organic nitrogen compounds;Organonitrogen compounds;Amines
8674,Carbonyl compounds,0.93,CHEMONTID:0001831,4,CHEMONTID:0000323,CHEMONTID:0000000;CHEMONTID:0004603;CHEMONTID:0000323;CHEMONTID:0001831,Organic compounds;Organic oxygen compounds;Organooxygen compounds;Carbonyl compounds
17438,Monoalkylamines,0.98,CHEMONTID:0000469,6,CHEMONTID:0002450,CHEMONTID:0000000;CHEMONTID:0004707;CHEMONTID:0000278;CHEMONTID:0002449;CHEMONTID:0002450;CHEMONTID:0000469,Organic compounds;Organic nitrogen compounds;Organonitrogen compounds;Amines;Primary amines;Monoalkylamines
10088,Carboxylic acid derivatives,0.96,CHEMONTID:0001093,4,CHEMONTID:0000265,CHEMONTID:0000000;CHEMONTID:0000264;CHEMONTID:0000265;CHEMONTID:0001093,Organic compounds;Organic acids and derivatives;Carboxylic acids and derivatives;Carboxylic acid derivatives
7691,Carbonyl compounds,0.92,CHEMONTID:0001831,4,CHEMONTID:0000323,CHEMONTID:0000000;CHEMONTID:0004603;CHEMONTID:0000323;CHEMONTID:0001831,Organic compounds;Organic oxygen compounds;Organooxygen compounds;Carbonyl compounds
6242,Carbonyl compounds,0.99,CHEMONTID:0001831,4,CHEMONTID:0000323,CHEMONTID:0000000;CHEMONTID:0004603;CHEMONTID:0000323;CHEMONTID:0001831,Organic compounds;Organic oxygen compounds;Organooxygen compounds;Carbonyl compounds
6704,Amines,0.87,CHEMONTID:0002449,4,CHEMONTID:0000278,CHEMONTID:0000000;CHEMONTID:0004707;CHEMONTID:0000278;CHEMONTID:0002449,Organic compounds;Organic nitrogen compounds;Organonitrogen compounds;Amines
4296,Amines,0.95,CHEMONTID:0002449,4,CHEMONTID:0000278,CHEMONTID:0000000;CHEMONTID:0004707;CHEMONTID:0000278;CHEMONTID:0002449,Organic compounds;Organic nitrogen compounds;Organonitrogen compounds;Amines
20040,Ethers,0.98,CHEMONTID:0000254,4,CHEMONTID:0000323,CHEMONTID:0000000;CHEMONTID:0004603;CHEMONTID:0000323;CHEMONTID:0000254,Organic compounds;Organic oxygen compounds;Organooxygen compounds;Ethers
8607,Carbonyl compounds,1,CHEMONTID:0001831,4,CHEMONTID:0000323,CHEMONTID:0000000;CHEMONTID:0004603;CHEMONTID:0000323;CHEMONTID:0001831,Organic compounds;Organic oxygen compounds;Organooxygen compounds;Carbonyl compounds
14750,Fatty acid esters,0.9,CHEMONTID:0000324,4,CHEMONTID:0003909,CHEMONTID:0000000;CHEMONTID:0000012;CHEMONTID:0003909;CHEMONTID:0000324,Organic compounds;Lipids and lipid-like molecules;Fatty Acyls;Fatty acid esters
3519,Carbonyl compounds,0.98,CHEMONTID:0001831,4,CHEMONTID:0000323,CHEMONTID:0000000;CHEMONTID:0004603;CHEMONTID:0000323;CHEMONTID:0001831,Organic compounds;Organic oxygen compounds;Organooxygen compounds;Carbonyl compounds
9142,Pyrimidines and pyrimidine derivatives,0.98,CHEMONTID:0000075,4,CHEMONTID:0001346,CHEMONTID:0000000;CHEMONTID:0000002;CHEMONTID:0001346;CHEMONTID:0000075,Organic compounds;Organoheterocyclic compounds;Diazines;Pyrimidines and pyrimidine derivatives
9109,Pyrimidines and pyrimidine derivatives,1,CHEMONTID:0000075,4,CHEMONTID:0001346,CHEMONTID:0000000;CHEMONTID:0000002;CHEMONTID:0001346;CHEMONTID:0000075,Organic compounds;Organoheterocyclic compounds;Diazines;Pyrimidines and pyrimidine derivatives
20414,1-hydroxy-2-unsubstituted benzenoids,0.93,CHEMONTID:0004646,4,CHEMONTID:0000134,CHEMONTID:0000000;CHEMONTID:0002448;CHEMONTID:0000134;CHEMONTID:0004646,Organic compounds;Benzenoids;Phenols;1-hydroxy-2-unsubstituted benzenoids
5680,Carbonyl compounds,0.98,CHEMONTID:0001831,4,CHEMONTID:0000323,CHEMONTID:0000000;CHEMONTID:0004603;CHEMONTID:0000323;CHEMONTID:0001831,Organic compounds;Organic oxygen compounds;Organooxygen compounds;Carbonyl compounds
4567,Amines,0.82,CHEMONTID:0002449,4,CHEMONTID:0000278,CHEMONTID:0000000;CHEMONTID:0004707;CHEMONTID:0000278;CHEMONTID:0002449,Organic compounds;Organic nitrogen compounds;Organonitrogen compounds;Amines
9455,Amines,0.81,CHEMONTID:0002449,4,CHEMONTID:0000278,CHEMONTID:0000000;CHEMONTID:0004707;CHEMONTID:0000278;CHEMONTID:0002449,Organic compounds;Organic nitrogen compounds;Organonitrogen compounds;Amines
12798,Monoalkylamines,1,CHEMONTID:0000469,6,CHEMONTID:0002450,CHEMONTID:0000000;CHEMONTID:0004707;CHEMONTID:0000278;CHEMONTID:0002449;CHEMONTID:0002450;CHEMONTID:0000469,Organic compounds;Organic nitrogen compounds;Organonitrogen compounds;Amines;Primary amines;Monoalkylamines
14548,Monoalkylamines,0.99,CHEMONTID:0000469,6,CHEMONTID:0002450,CHEMONTID:0000000;CHEMONTID:0004707;CHEMONTID:0000278;CHEMONTID:0002449;CHEMONTID:0002450;CHEMONTID:0000469,Organic compounds;Organic nitrogen compounds;Organonitrogen compounds;Amines;Primary amines;Monoalkylamines
472,Pyrimidines and pyrimidine derivatives,0.85,CHEMONTID:0000075,4,CHEMONTID:0001346,CHEMONTID:0000000;CHEMONTID:0000002;CHEMONTID:0001346;CHEMONTID:0000075,Organic compounds;Organoheterocyclic compounds;Diazines;Pyrimidines and pyrimidine derivatives
8961,Ethers,0.9,CHEMONTID:0000254,4,CHEMONTID:0000323,CHEMONTID:0000000;CHEMONTID:0004603;CHEMONTID:0000323;CHEMONTID:0000254,Organic compounds;Organic oxygen compounds;Organooxygen compounds;Ethers
10325,Alcohols and polyols,0.82,CHEMONTID:0000129,4,CHEMONTID:0000323,CHEMONTID:0000000;CHEMONTID:0004603;CHEMONTID:0000323;CHEMONTID:0000129,Organic compounds;Organic oxygen compounds;Organooxygen compounds;Alcohols and polyols
20341,Carbonyl compounds,0.9,CHEMONTID:0001831,4,CHEMONTID:0000323,CHEMONTID:0000000;CHEMONTID:0004603;CHEMONTID:0000323;CHEMONTID:0001831,Organic compounds;Organic oxygen compounds;Organooxygen compounds;Carbonyl compounds
1132,Alcohols and polyols,0.96,CHEMONTID:0000129,4,CHEMONTID:0000323,CHEMONTID:0000000;CHEMONTID:0004603;CHEMONTID:0000323;CHEMONTID:0000129,Organic compounds;Organic oxygen compounds;Organooxygen compounds;Alcohols and polyols
18083,Carbonyl compounds,0.96,CHEMONTID:0001831,4,CHEMONTID:0000323,CHEMONTID:0000000;CHEMONTID:0004603;CHEMONTID:0000323;CHEMONTID:0001831,Organic compounds;Organic oxygen compounds;Organooxygen compounds;Carbonyl compounds
6113,Carboxylic acid derivatives,1,CHEMONTID:0001093,4,CHEMONTID:0000265,CHEMONTID:0000000;CHEMONTID:0000264;CHEMONTID:0000265;CHEMONTID:0001093,Organic compounds;Organic acids and derivatives;Carboxylic acids and derivatives;Carboxylic acid derivatives
4095,Carbonyl compounds,0.96,CHEMONTID:0001831,4,CHEMONTID:0000323,CHEMONTID:0000000;CHEMONTID:0004603;CHEMONTID:0000323;CHEMONTID:0001831,Organic compounds;Organic oxygen compounds;Organooxygen compounds;Carbonyl compounds
9013,Ethers,0.99,CHEMONTID:0000254,4,CHEMONTID:0000323,CHEMONTID:0000000;CHEMONTID:0004603;CHEMONTID:0000323;CHEMONTID:0000254,Organic compounds;Organic oxygen compounds;Organooxygen compounds;Ethers
13062,Amines,0.99,CHEMONTID:0002449,4,CHEMONTID:0000278,CHEMONTID:0000000;CHEMONTID:0004707;CHEMONTID:0000278;CHEMONTID:0002449,Organic compounds;Organic nitrogen compounds;Organonitrogen compounds;Amines
2320,N-substituted imidazoles,0.96,CHEMONTID:0002311,6,CHEMONTID:0002310,CHEMONTID:0000000;CHEMONTID:0000002;CHEMONTID:0000436;CHEMONTID:0000078;CHEMONTID:0002310;CHEMONTID:0002311,Organic compounds;Organoheterocyclic compounds;Azoles;Imidazoles;Substituted imidazoles;N-substituted imidazoles
14483,Benzylamines,0.95,CHEMONTID:0002673,4,CHEMONTID:0002279,CHEMONTID:0000000;CHEMONTID:0002448;CHEMONTID:0002279;CHEMONTID:0002673,Organic compounds;Benzenoids;Benzene and substituted derivatives;Benzylamines
256,Alcohols and polyols,0.98,CHEMONTID:0000129,4,CHEMONTID:0000323,CHEMONTID:0000000;CHEMONTID:0004603;CHEMONTID:0000323;CHEMONTID:0000129,Organic compounds;Organic oxygen compounds;Organooxygen compounds;Alcohols and polyols
14137,Carboxylic acid derivatives,0.9,CHEMONTID:0001093,4,CHEMONTID:0000265,CHEMONTID:0000000;CHEMONTID:0000264;CHEMONTID:0000265;CHEMONTID:0001093,Organic compounds;Organic acids and derivatives;Carboxylic acids and derivatives;Carboxylic acid derivatives
236,Amines,0.9,CHEMONTID:0002449,4,CHEMONTID:0000278,CHEMONTID:0000000;CHEMONTID:0004707;CHEMONTID:0000278;CHEMONTID:0002449,Organic compounds;Organic nitrogen compounds;Organonitrogen compounds;Amines
7702,Guanidines,0.97,CHEMONTID:0000375,4,CHEMONTID:0000278,CHEMONTID:0000000;CHEMONTID:0004707;CHEMONTID:0000278;CHEMONTID:0000375,Organic compounds;Organic nitrogen compounds;Organonitrogen compounds;Guanidines
5934,Alcohols and polyols,0.93,CHEMONTID:0000129,4,CHEMONTID:0000323,CHEMONTID:0000000;CHEMONTID:0004603;CHEMONTID:0000323;CHEMONTID:0000129,Organic compounds;Organic oxygen compounds;Organooxygen compounds;Alcohols and polyols
2975,Carbonyl compounds,0.95,CHEMONTID:0001831,4,CHEMONTID:0000323,CHEMONTID:0000000;CHEMONTID:0004603;CHEMONTID:0000323;CHEMONTID:0001831,Organic compounds;Organic oxygen compounds;Organooxygen compounds;Carbonyl compounds
15654,Carbonyl compounds,0.89,CHEMONTID:0001831,4,CHEMONTID:0000323,CHEMONTID:0000000;CHEMONTID:0004603;CHEMONTID:0000323;CHEMONTID:0001831,Organic compounds;Organic oxygen compounds;Organooxygen compounds;Carbonyl compounds
18718,Carboxylic acid derivatives,0.99,CHEMONTID:0001093,4,CHEMONTID:0000265,CHEMONTID:0000000;CHEMONTID:0000264;CHEMONTID:0000265;CHEMONTID:0001093,Organic compounds;Organic acids and derivatives;Carboxylic acids and derivatives;Carboxylic acid derivatives
3807,Carboxylic acid derivatives,0.99,CHEMONTID:0001093,4,CHEMONTID:0000265,CHEMONTID:0000000;CHEMONTID:0000264;CHEMONTID:0000265;CHEMONTID:0001093,Organic compounds;Organic acids and derivatives;Carboxylic acids and derivatives;Carboxylic acid derivatives
10199,Imidazoles,0.95,CHEMONTID:0000078,4,CHEMONTID:0000436,CHEMONTID:0000000;CHEMONTID:0000002;CHEMONTID:0000436;CHEMONTID:0000078,Organic compounds;Organoheterocyclic compounds;Azoles;Imidazoles
2862,Carbonyl compounds,0.96,CHEMONTID:0001831,4,CHEMONTID:0000323,CHEMONTID:0000000;CHEMONTID:0004603;CHEMONTID:0000323;CHEMONTID:0001831,Organic compounds;Organic oxygen compounds;Organooxygen compounds;Carbonyl compounds
6411,Amines,0.81,CHEMONTID:0002449,4,CHEMONTID:0000278,CHEMONTID:0000000;CHEMONTID:0004707;CHEMONTID:0000278;CHEMONTID:0002449,Organic compounds;Organic nitrogen compounds;Organonitrogen compounds;Amines
17946,Ethers,0.92,CHEMONTID:0000254,4,CHEMONTID:0000323,CHEMONTID:0000000;CHEMONTID:0004603;CHEMONTID:0000323;CHEMONTID:0000254,Organic compounds;Organic oxygen compounds;Organooxygen compounds;Ethers
13968,Amines,0.99,CHEMONTID:0002449,4,CHEMONTID:0000278,CHEMONTID:0000000;CHEMONTID:0004707;CHEMONTID:0000278;CHEMONTID:0002449,Organic compounds;Organic nitrogen compounds;Organonitrogen compounds;Amines
12488,Carbonyl compounds,0.92,CHEMONTID:0001831,4,CHEMONTID:0000323,CHEMONTID:0000000;CHEMONTID:0004603;CHEMONTID:0000323;CHEMONTID:0001831,Organic compounds;Organic oxygen compounds;Organooxygen compounds;Carbonyl compounds
6621,Glycosyl compounds,1,CHEMONTID:0002105,5,CHEMONTID:0000011,CHEMONTID:0000000;CHEMONTID:0004603;CHEMONTID:0000323;CHEMONTID:0000011;CHEMONTID:0002105,Organic compounds;Organic oxygen compounds;Organooxygen compounds;Carbohydrates and carbohydrate conjugates;Glycosyl compounds
6983,Fatty acids and conjugates,0.91,CHEMONTID:0000262,4,CHEMONTID:0003909,CHEMONTID:0000000;CHEMONTID:0000012;CHEMONTID:0003909;CHEMONTID:0000262,Organic compounds;Lipids and lipid-like molecules;Fatty Acyls;Fatty acids and conjugates
16298,Primary amines,0.91,CHEMONTID:0002450,5,CHEMONTID:0002449,CHEMONTID:0000000;CHEMONTID:0004707;CHEMONTID:0000278;CHEMONTID:0002449;CHEMONTID:0002450,Organic compounds;Organic nitrogen compounds;Organonitrogen compounds;Amines;Primary amines
3747,Amines,0.85,CHEMONTID:0002449,4,CHEMONTID:0000278,CHEMONTID:0000000;CHEMONTID:0004707;CHEMONTID:0000278;CHEMONTID:0002449,Organic compounds;Organic nitrogen compounds;Organonitrogen compounds;Amines
15490,Primary amines,0.96,CHEMONTID:0002450,5,CHEMONTID:0002449,CHEMONTID:0000000;CHEMONTID:0004707;CHEMONTID:0000278;CHEMONTID:0002449;CHEMONTID:0002450,Organic compounds;Organic nitrogen compounds;Organonitrogen compounds;Amines;Primary amines
8942,Carbonyl compounds,0.88,CHEMONTID:0001831,4,CHEMONTID:0000323,CHEMONTID:0000000;CHEMONTID:0004603;CHEMONTID:0000323;CHEMONTID:0001831,Organic compounds;Organic oxygen compounds;Organooxygen compounds;Carbonyl compounds
4669,Alcohols and polyols,0.87,CHEMONTID:0000129,4,CHEMONTID:0000323,CHEMONTID:0000000;CHEMONTID:0004603;CHEMONTID:0000323;CHEMONTID:0000129,Organic compounds;Organic oxygen compounds;Organooxygen compounds;Alcohols and polyols
16892,Carbonyl compounds,1,CHEMONTID:0001831,4,CHEMONTID:0000323,CHEMONTID:0000000;CHEMONTID:0004603;CHEMONTID:0000323;CHEMONTID:0001831,Organic compounds;Organic oxygen compounds;Organooxygen compounds;Carbonyl compounds
3569,Alcohols and polyols,0.97,CHEMONTID:0000129,4,CHEMONTID:0000323,CHEMONTID:0000000;CHEMONTID:0004603;CHEMONTID:0000323;CHEMONTID:0000129,Organic compounds;Organic oxygen compounds;Organooxygen compounds;Alcohols and polyols
8145,Amino acids,1,CHEMONTID:0004176,6,CHEMONTID:0000347,CHEMONTID:0000000;CHEMONTID:0000264;CHEMONTID:0000265;CHEMONTID:0000013;CHEMONTID:0000347;CHEMONTID:0004176,"Organic compounds;Organic acids and derivatives;Carboxylic acids and derivatives;Amino acids, peptides, and analogues;Amino acids and derivatives;Amino acids"
14248,Carbonyl compounds,0.8,CHEMONTID:0001831,4,CHEMONTID:0000323,CHEMONTID:0000000;CHEMONTID:0004603;CHEMONTID:0000323;CHEMONTID:0001831,Organic compounds;Organic oxygen compounds;Organooxygen compounds;Carbonyl compounds
3966,Carboxylic acid derivatives,0.97,CHEMONTID:0001093,4,CHEMONTID:0000265,CHEMONTID:0000000;CHEMONTID:0000264;CHEMONTID:0000265;CHEMONTID:0001093,Organic compounds;Organic acids and derivatives;Carboxylic acids and derivatives;Carboxylic acid derivatives
19246,Carbonyl compounds,0.86,CHEMONTID:0001831,4,CHEMONTID:0000323,CHEMONTID:0000000;CHEMONTID:0004603;CHEMONTID:0000323;CHEMONTID:0001831,Organic compounds;Organic oxygen compounds;Organooxygen compounds;Carbonyl compounds
20181,Alcohols and polyols,0.85,CHEMONTID:0000129,4,CHEMONTID:0000323,CHEMONTID:0000000;CHEMONTID:0004603;CHEMONTID:0000323;CHEMONTID:0000129,Organic compounds;Organic oxygen compounds;Organooxygen compounds;Alcohols and polyols
3088,Carbonyl compounds,0.99,CHEMONTID:0001831,4,CHEMONTID:0000323,CHEMONTID:0000000;CHEMONTID:0004603;CHEMONTID:0000323;CHEMONTID:0001831,Organic compounds;Organic oxygen compounds;Organooxygen compounds;Carbonyl compounds
18041,Alcohols and polyols,0.96,CHEMONTID:0000129,4,CHEMONTID:0000323,CHEMONTID:0000000;CHEMONTID:0004603;CHEMONTID:0000323;CHEMONTID:0000129,Organic compounds;Organic oxygen compounds;Organooxygen compounds;Alcohols and polyols
5106,Primary amines,0.99,CHEMONTID:0002450,5,CHEMONTID:0002449,CHEMONTID:0000000;CHEMONTID:0004707;CHEMONTID:0000278;CHEMONTID:0002449;CHEMONTID:0002450,Organic compounds;Organic nitrogen compounds;Organonitrogen compounds;Amines;Primary amines
10291,Pyrimidines and pyrimidine derivatives,0.91,CHEMONTID:0000075,4,CHEMONTID:0001346,CHEMONTID:0000000;CHEMONTID:0000002;CHEMONTID:0001346;CHEMONTID:0000075,Organic compounds;Organoheterocyclic compounds;Diazines;Pyrimidines and pyrimidine derivatives
17917,Primary amines,1,CHEMONTID:0002450,5,CHEMONTID:0002449,CHEMONTID:0000000;CHEMONTID:0004707;CHEMONTID:0000278;CHEMONTID:0002449;CHEMONTID:0002450,Organic compounds;Organic nitrogen compounds;Organonitrogen compounds;Amines;Primary amines
17874,Amines,0.82,CHEMONTID:0002449,4,CHEMONTID:0000278,CHEMONTID:0000000;CHEMONTID:0004707;CHEMONTID:0000278;CHEMONTID:0002449,Organic compounds;Organic nitrogen compounds;Organonitrogen compounds;Amines
5470,Pyrimidines and pyrimidine derivatives,0.98,CHEMONTID:0000075,4,CHEMONTID:0001346,CHEMONTID:0000000;CHEMONTID:0000002;CHEMONTID:0001346;CHEMONTID:0000075,Organic compounds;Organoheterocyclic compounds;Diazines;Pyrimidines and pyrimidine derivatives
14188,Carbonyl compounds,0.89,CHEMONTID:0001831,4,CHEMONTID:0000323,CHEMONTID:0000000;CHEMONTID:0004603;CHEMONTID:0000323;CHEMONTID:0001831,Organic compounds;Organic oxygen compounds;Organooxygen compounds;Carbonyl compounds
14921,Monocarboxylic acids and derivatives,0.81,CHEMONTID:0001137,4,CHEMONTID:0000265,CHEMONTID:0000000;CHEMONTID:0000264;CHEMONTID:0000265;CHEMONTID:0001137,Organic compounds;Organic acids and derivatives;Carboxylic acids and derivatives;Monocarboxylic acids and derivatives
4621,Carbonyl compounds,0.98,CHEMONTID:0001831,4,CHEMONTID:0000323,CHEMONTID:0000000;CHEMONTID:0004603;CHEMONTID:0000323;CHEMONTID:0001831,Organic compounds;Organic oxygen compounds;Organooxygen compounds;Carbonyl compounds
385,Phosphate esters,0.88,CHEMONTID:0000408,4,CHEMONTID:0000402,CHEMONTID:0000000;CHEMONTID:0000264;CHEMONTID:0000402;CHEMONTID:0000408,Organic compounds;Organic acids and derivatives;Organic phosphoric acids and derivatives;Phosphate esters
9419,Carboxylic acids,0.94,CHEMONTID:0001205,4,CHEMONTID:0000265,CHEMONTID:0000000;CHEMONTID:0000264;CHEMONTID:0000265;CHEMONTID:0001205,Organic compounds;Organic acids and derivatives;Carboxylic acids and derivatives;Carboxylic acids
19391,Amines,0.9,CHEMONTID:0002449,4,CHEMONTID:0000278,CHEMONTID:0000000;CHEMONTID:0004707;CHEMONTID:0000278;CHEMONTID:0002449,Organic compounds;Organic nitrogen compounds;Organonitrogen compounds;Amines
7045,Primary amines,0.88,CHEMONTID:0002450,5,CHEMONTID:0002449,CHEMONTID:0000000;CHEMONTID:0004707;CHEMONTID:0000278;CHEMONTID:0002449;CHEMONTID:0002450,Organic compounds;Organic nitrogen compounds;Organonitrogen compounds;Amines;Primary amines
11705,Dialkyl ethers,0.97,CHEMONTID:0001167,5,CHEMONTID:0000254,CHEMONTID:0000000;CHEMONTID:0004603;CHEMONTID:0000323;CHEMONTID:0000254;CHEMONTID:0001167,Organic compounds;Organic oxygen compounds;Organooxygen compounds;Ethers;Dialkyl ethers
1460,Carboxylic acid derivatives,0.91,CHEMONTID:0001093,4,CHEMONTID:0000265,CHEMONTID:0000000;CHEMONTID:0000264;CHEMONTID:0000265;CHEMONTID:0001093,Organic compounds;Organic acids and derivatives;Carboxylic acids and derivatives;Carboxylic acid derivatives
5149,Monocarboxylic acids and derivatives,0.81,CHEMONTID:0001137,4,CHEMONTID:0000265,CHEMONTID:0000000;CHEMONTID:0000264;CHEMONTID:0000265;CHEMONTID:0001137,Organic compounds;Organic acids and derivatives;Carboxylic acids and derivatives;Monocarboxylic acids and derivatives
11532,Monoalkylamines,0.98,CHEMONTID:0000469,6,CHEMONTID:0002450,CHEMONTID:0000000;CHEMONTID:0004707;CHEMONTID:0000278;CHEMONTID:0002449;CHEMONTID:0002450;CHEMONTID:0000469,Organic compounds;Organic nitrogen compounds;Organonitrogen compounds;Amines;Primary amines;Monoalkylamines
18097,Amines,1,CHEMONTID:0002449,4,CHEMONTID:0000278,CHEMONTID:0000000;CHEMONTID:0004707;CHEMONTID:0000278;CHEMONTID:0002449,Organic compounds;Organic nitrogen compounds;Organonitrogen compounds;Amines
9933,Ethers,0.83,CHEMONTID:0000254,4,CHEMONTID:0000323,CHEMONTID:0000000;CHEMONTID:0004603;CHEMONTID:0000323;CHEMONTID:0000254,Organic compounds;Organic oxygen compounds;Organooxygen compounds;Ethers
8491,Alcohols and polyols,0.91,CHEMONTID:0000129,4,CHEMONTID:0000323,CHEMONTID:0000000;CHEMONTID:0004603;CHEMONTID:0000323;CHEMONTID:0000129,Organic compounds;Organic oxygen compounds;Organooxygen compounds;Alcohols and polyols
9606,Dialkyl ethers,0.95,CHEMONTID:0001167,5,CHEMONTID:0000254,CHEMONTID:0000000;CHEMONTID:0004603;CHEMONTID:0000323;CHEMONTID:0000254;CHEMONTID:0001167,Organic compounds;Organic oxygen compounds;Organooxygen compounds;Ethers;Dialkyl ethers
10864,Alcohols and polyols,0.93,CHEMONTID:0000129,4,CHEMONTID:0000323,CHEMONTID:0000000;CHEMONTID:0004603;CHEMONTID:0000323;CHEMONTID:0000129,Organic compounds;Organic oxygen compounds;Organooxygen compounds;Alcohols and polyols
5799,Carboxylic acid derivatives,0.92,CHEMONTID:0001093,4,CHEMONTID:0000265,CHEMONTID:0000000;CHEMONTID:0000264;CHEMONTID:0000265;CHEMONTID:0001093,Organic compounds;Organic acids and derivatives;Carboxylic acids and derivatives;Carboxylic acid derivatives
12314,Carbonyl compounds,0.94,CHEMONTID:0001831,4,CHEMONTID:0000323,CHEMONTID:0000000;CHEMONTID:0004603;CHEMONTID:0000323;CHEMONTID:0001831,Organic compounds;Organic oxygen compounds;Organooxygen compounds;Carbonyl compounds
20400,Guanidines,0.89,CHEMONTID:0000375,4,CHEMONTID:0000278,CHEMONTID:0000000;CHEMONTID:0004707;CHEMONTID:0000278;CHEMONTID:0000375,Organic compounds;Organic nitrogen compounds;Organonitrogen compounds;Guanidines
11185,Alcohols and polyols,0.95,CHEMONTID:0000129,4,CHEMONTID:0000323,CHEMONTID:0000000;CHEMONTID:0004603;CHEMONTID:0000323;CHEMONTID:0000129,Organic compounds;Organic oxygen compounds;Organooxygen compounds;Alcohols and polyols
6253,Carbonyl compounds,0.88,CHEMONTID:0001831,4,CHEMONTID:0000323,CHEMONTID:0000000;CHEMONTID:0004603;CHEMONTID:0000323;CHEMONTID:0001831,Organic compounds;Organic oxygen compounds;Organooxygen compounds;Carbonyl compounds
10780,Quaternary ammonium salts,0.85,CHEMONTID:0000503,4,CHEMONTID:0000278,CHEMONTID:0000000;CHEMONTID:0004707;CHEMONTID:0000278;CHEMONTID:0000503,Organic compounds;Organic nitrogen compounds;Organonitrogen compounds;Quaternary ammonium salts
19659,Cyclic alcohols and derivatives,0.81,CHEMONTID:0001292,5,CHEMONTID:0000129,CHEMONTID:0000000;CHEMONTID:0004603;CHEMONTID:0000323;CHEMONTID:0000129;CHEMONTID:0001292,Organic compounds;Organic oxygen compounds;Organooxygen compounds;Alcohols and polyols;Cyclic alcohols and derivatives
7241,Dialkyl ethers,0.99,CHEMONTID:0001167,5,CHEMONTID:0000254,CHEMONTID:0000000;CHEMONTID:0004603;CHEMONTID:0000323;CHEMONTID:0000254;CHEMONTID:0001167,Organic compounds;Organic oxygen compounds;Organooxygen compounds;Ethers;Dialkyl ethers
8665,Carbonyl compounds,0.82,CHEMONTID:0001831,4,CHEMONTID:0000323,CHEMONTID:0000000;CHEMONTID:0004603;CHEMONTID:0000323;CHEMONTID:0001831,Organic compounds;Organic oxygen compounds;Organooxygen compounds;Carbonyl compounds
2119,Dialkyl ethers,0.99,CHEMONTID:0001167,5,CHEMONTID:0000254,CHEMONTID:0000000;CHEMONTID:0004603;CHEMONTID:0000323;CHEMONTID:0000254;CHEMONTID:0001167,Organic compounds;Organic oxygen compounds;Organooxygen compounds;Ethers;Dialkyl ethers
15767,Carboxylic acid derivatives,0.99,CHEMONTID:0001093,4,CHEMONTID:0000265,CHEMONTID:0000000;CHEMONTID:0000264;CHEMONTID:0000265;CHEMONTID:0001093,Organic compounds;Organic acids and derivatives;Carboxylic acids and derivatives;Carboxylic acid derivatives
9118,Phosphate esters,0.95,CHEMONTID:0000408,4,CHEMONTID:0000402,CHEMONTID:0000000;CHEMONTID:0000264;CHEMONTID:0000402;CHEMONTID:0000408,Organic compounds;Organic acids and derivatives;Organic phosphoric acids and derivatives;Phosphate esters
9153,Amines,0.8,CHEMONTID:0002449,4,CHEMONTID:0000278,CHEMONTID:0000000;CHEMONTID:0004707;CHEMONTID:0000278;CHEMONTID:0002449,Organic compounds;Organic nitrogen compounds;Organonitrogen compounds;Amines
11193,Carbonyl compounds,0.94,CHEMONTID:0001831,4,CHEMONTID:0000323,CHEMONTID:0000000;CHEMONTID:0004603;CHEMONTID:0000323;CHEMONTID:0001831,Organic compounds;Organic oxygen compounds;Organooxygen compounds;Carbonyl compounds
3508,Carbonyl compounds,0.85,CHEMONTID:0001831,4,CHEMONTID:0000323,CHEMONTID:0000000;CHEMONTID:0004603;CHEMONTID:0000323;CHEMONTID:0001831,Organic compounds;Organic oxygen compounds;Organooxygen compounds;Carbonyl compounds
6890,Carbonyl compounds,0.95,CHEMONTID:0001831,4,CHEMONTID:0000323,CHEMONTID:0000000;CHEMONTID:0004603;CHEMONTID:0000323;CHEMONTID:0001831,Organic compounds;Organic oxygen compounds;Organooxygen compounds;Carbonyl compounds
14063,Carboxylic acid derivatives,0.95,CHEMONTID:0001093,4,CHEMONTID:0000265,CHEMONTID:0000000;CHEMONTID:0000264;CHEMONTID:0000265;CHEMONTID:0001093,Organic compounds;Organic acids and derivatives;Carboxylic acids and derivatives;Carboxylic acid derivatives
18064,Carbonyl compounds,0.99,CHEMONTID:0001831,4,CHEMONTID:0000323,CHEMONTID:0000000;CHEMONTID:0004603;CHEMONTID:0000323;CHEMONTID:0001831,Organic compounds;Organic oxygen compounds;Organooxygen compounds;Carbonyl compounds
13521,Carbonyl compounds,0.92,CHEMONTID:0001831,4,CHEMONTID:0000323,CHEMONTID:0000000;CHEMONTID:0004603;CHEMONTID:0000323;CHEMONTID:0001831,Organic compounds;Organic oxygen compounds;Organooxygen compounds;Carbonyl compounds
20682,Monoalkylamines,1,CHEMONTID:0000469,6,CHEMONTID:0002450,CHEMONTID:0000000;CHEMONTID:0004707;CHEMONTID:0000278;CHEMONTID:0002449;CHEMONTID:0002450;CHEMONTID:0000469,Organic compounds;Organic nitrogen compounds;Organonitrogen compounds;Amines;Primary amines;Monoalkylamines
17085,Fatty amides,0.83,CHEMONTID:0000331,4,CHEMONTID:0003909,CHEMONTID:0000000;CHEMONTID:0000012;CHEMONTID:0003909;CHEMONTID:0000331,Organic compounds;Lipids and lipid-like molecules;Fatty Acyls;Fatty amides
11737,Carboxylic acid derivatives,0.88,CHEMONTID:0001093,4,CHEMONTID:0000265,CHEMONTID:0000000;CHEMONTID:0000264;CHEMONTID:0000265;CHEMONTID:0001093,Organic compounds;Organic acids and derivatives;Carboxylic acids and derivatives;Carboxylic acid derivatives
9509,Carbonyl compounds,0.93,CHEMONTID:0001831,4,CHEMONTID:0000323,CHEMONTID:0000000;CHEMONTID:0004603;CHEMONTID:0000323;CHEMONTID:0001831,Organic compounds;Organic oxygen compounds;Organooxygen compounds;Carbonyl compounds
2404,Carbonyl compounds,0.95,CHEMONTID:0001831,4,CHEMONTID:0000323,CHEMONTID:0000000;CHEMONTID:0004603;CHEMONTID:0000323;CHEMONTID:0001831,Organic compounds;Organic oxygen compounds;Organooxygen compounds;Carbonyl compounds
3951,Alcohols and polyols,0.82,CHEMONTID:0000129,4,CHEMONTID:0000323,CHEMONTID:0000000;CHEMONTID:0004603;CHEMONTID:0000323;CHEMONTID:0000129,Organic compounds;Organic oxygen compounds;Organooxygen compounds;Alcohols and polyols
3684,Amines,1,CHEMONTID:0002449,4,CHEMONTID:0000278,CHEMONTID:0000000;CHEMONTID:0004707;CHEMONTID:0000278;CHEMONTID:0002449,Organic compounds;Organic nitrogen compounds;Organonitrogen compounds;Amines
10137,Trialkylamines,0.97,CHEMONTID:0002239,6,CHEMONTID:0002452,CHEMONTID:0000000;CHEMONTID:0004707;CHEMONTID:0000278;CHEMONTID:0002449;CHEMONTID:0002452;CHEMONTID:0002239,Organic compounds;Organic nitrogen compounds;Organonitrogen compounds;Amines;Tertiary amines;Trialkylamines
8903,Phosphate esters,0.98,CHEMONTID:0000408,4,CHEMONTID:0000402,CHEMONTID:0000000;CHEMONTID:0000264;CHEMONTID:0000402;CHEMONTID:0000408,Organic compounds;Organic acids and derivatives;Organic phosphoric acids and derivatives;Phosphate esters
3980,Carbonyl compounds,0.93,CHEMONTID:0001831,4,CHEMONTID:0000323,CHEMONTID:0000000;CHEMONTID:0004603;CHEMONTID:0000323;CHEMONTID:0001831,Organic compounds;Organic oxygen compounds;Organooxygen compounds;Carbonyl compounds
16694,Primary amines,0.89,CHEMONTID:0002450,5,CHEMONTID:0002449,CHEMONTID:0000000;CHEMONTID:0004707;CHEMONTID:0000278;CHEMONTID:0002449;CHEMONTID:0002450,Organic compounds;Organic nitrogen compounds;Organonitrogen compounds;Amines;Primary amines
17519,Carbonyl compounds,0.98,CHEMONTID:0001831,4,CHEMONTID:0000323,CHEMONTID:0000000;CHEMONTID:0004603;CHEMONTID:0000323;CHEMONTID:0001831,Organic compounds;Organic oxygen compounds;Organooxygen compounds;Carbonyl compounds
12053,Primary amines,0.94,CHEMONTID:0002450,5,CHEMONTID:0002449,CHEMONTID:0000000;CHEMONTID:0004707;CHEMONTID:0000278;CHEMONTID:0002449;CHEMONTID:0002450,Organic compounds;Organic nitrogen compounds;Organonitrogen compounds;Amines;Primary amines
7157,Primary amines,1,CHEMONTID:0002450,5,CHEMONTID:0002449,CHEMONTID:0000000;CHEMONTID:0004707;CHEMONTID:0000278;CHEMONTID:0002449;CHEMONTID:0002450,Organic compounds;Organic nitrogen compounds;Organonitrogen compounds;Amines;Primary amines
16062,Alcohols and polyols,0.98,CHEMONTID:0000129,4,CHEMONTID:0000323,CHEMONTID:0000000;CHEMONTID:0004603;CHEMONTID:0000323;CHEMONTID:0000129,Organic compounds;Organic oxygen compounds;Organooxygen compounds;Alcohols and polyols
19990,N-acyl amines,0.81,CHEMONTID:0001096,5,CHEMONTID:0000331,CHEMONTID:0000000;CHEMONTID:0000012;CHEMONTID:0003909;CHEMONTID:0000331;CHEMONTID:0001096,Organic compounds;Lipids and lipid-like molecules;Fatty Acyls;Fatty amides;N-acyl amines
15335,Primary amines,0.99,CHEMONTID:0002450,5,CHEMONTID:0002449,CHEMONTID:0000000;CHEMONTID:0004707;CHEMONTID:0000278;CHEMONTID:0002449;CHEMONTID:0002450,Organic compounds;Organic nitrogen compounds;Organonitrogen compounds;Amines;Primary amines
8710,1-hydroxy-2-unsubstituted benzenoids,0.85,CHEMONTID:0004646,4,CHEMONTID:0000134,CHEMONTID:0000000;CHEMONTID:0002448;CHEMONTID:0000134;CHEMONTID:0004646,Organic compounds;Benzenoids;Phenols;1-hydroxy-2-unsubstituted benzenoids
13231,Carbonyl compounds,0.84,CHEMONTID:0001831,4,CHEMONTID:0000323,CHEMONTID:0000000;CHEMONTID:0004603;CHEMONTID:0000323;CHEMONTID:0001831,Organic compounds;Organic oxygen compounds;Organooxygen compounds;Carbonyl compounds
442,Alcohols and polyols,0.95,CHEMONTID:0000129,4,CHEMONTID:0000323,CHEMONTID:0000000;CHEMONTID:0004603;CHEMONTID:0000323;CHEMONTID:0000129,Organic compounds;Organic oxygen compounds;Organooxygen compounds;Alcohols and polyols
12365,Carbonyl compounds,0.95,CHEMONTID:0001831,4,CHEMONTID:0000323,CHEMONTID:0000000;CHEMONTID:0004603;CHEMONTID:0000323;CHEMONTID:0001831,Organic compounds;Organic oxygen compounds;Organooxygen compounds;Carbonyl compounds
14763,Carbonyl compounds,0.9,CHEMONTID:0001831,4,CHEMONTID:0000323,CHEMONTID:0000000;CHEMONTID:0004603;CHEMONTID:0000323;CHEMONTID:0001831,Organic compounds;Organic oxygen compounds;Organooxygen compounds;Carbonyl compounds
6740,Pyrimidines and pyrimidine derivatives,1,CHEMONTID:0000075,4,CHEMONTID:0001346,CHEMONTID:0000000;CHEMONTID:0000002;CHEMONTID:0001346;CHEMONTID:0000075,Organic compounds;Organoheterocyclic compounds;Diazines;Pyrimidines and pyrimidine derivatives
10245,Carbonyl compounds,0.98,CHEMONTID:0001831,4,CHEMONTID:0000323,CHEMONTID:0000000;CHEMONTID:0004603;CHEMONTID:0000323;CHEMONTID:0001831,Organic compounds;Organic oxygen compounds;Organooxygen compounds;Carbonyl compounds
15133,Carbonyl compounds,0.89,CHEMONTID:0001831,4,CHEMONTID:0000323,CHEMONTID:0000000;CHEMONTID:0004603;CHEMONTID:0000323;CHEMONTID:0001831,Organic compounds;Organic oxygen compounds;Organooxygen compounds;Carbonyl compounds
15536,Amines,0.97,CHEMONTID:0002449,4,CHEMONTID:0000278,CHEMONTID:0000000;CHEMONTID:0004707;CHEMONTID:0000278;CHEMONTID:0002449,Organic compounds;Organic nitrogen compounds;Organonitrogen compounds;Amines
2678,"Amino acids, peptides, and analogues",0.88,CHEMONTID:0000013,4,CHEMONTID:0000265,CHEMONTID:0000000;CHEMONTID:0000264;CHEMONTID:0000265;CHEMONTID:0000013,"Organic compounds;Organic acids and derivatives;Carboxylic acids and derivatives;Amino acids, peptides, and analogues"
15028,Carboxylic acid derivatives,0.92,CHEMONTID:0001093,4,CHEMONTID:0000265,CHEMONTID:0000000;CHEMONTID:0000264;CHEMONTID:0000265;CHEMONTID:0001093,Organic compounds;Organic acids and derivatives;Carboxylic acids and derivatives;Carboxylic acid derivatives
17549,Dialkyl ethers,0.95,CHEMONTID:0001167,5,CHEMONTID:0000254,CHEMONTID:0000000;CHEMONTID:0004603;CHEMONTID:0000323;CHEMONTID:0000254;CHEMONTID:0001167,Organic compounds;Organic oxygen compounds;Organooxygen compounds;Ethers;Dialkyl ethers
20321,Hydroquinolines,0.89,CHEMONTID:0001715,4,CHEMONTID:0001253,CHEMONTID:0000000;CHEMONTID:0000002;CHEMONTID:0001253;CHEMONTID:0001715,Organic compounds;Organoheterocyclic compounds;Quinolines and derivatives;Hydroquinolines
10253,Carbonyl compounds,0.8,CHEMONTID:0001831,4,CHEMONTID:0000323,CHEMONTID:0000000;CHEMONTID:0004603;CHEMONTID:0000323;CHEMONTID:0001831,Organic compounds;Organic oxygen compounds;Organooxygen compounds;Carbonyl compounds
16094,Carbonyl compounds,0.92,CHEMONTID:0001831,4,CHEMONTID:0000323,CHEMONTID:0000000;CHEMONTID:0004603;CHEMONTID:0000323;CHEMONTID:0001831,Organic compounds;Organic oxygen compounds;Organooxygen compounds;Carbonyl compounds
8253,Carbonyl compounds,0.97,CHEMONTID:0001831,4,CHEMONTID:0000323,CHEMONTID:0000000;CHEMONTID:0004603;CHEMONTID:0000323;CHEMONTID:0001831,Organic compounds;Organic oxygen compounds;Organooxygen compounds;Carbonyl compounds
4810,Carbonyl compounds,0.9,CHEMONTID:0001831,4,CHEMONTID:0000323,CHEMONTID:0000000;CHEMONTID:0004603;CHEMONTID:0000323;CHEMONTID:0001831,Organic compounds;Organic oxygen compounds;Organooxygen compounds;Carbonyl compounds
5289,Glycosyl compounds,0.99,CHEMONTID:0002105,5,CHEMONTID:0000011,CHEMONTID:0000000;CHEMONTID:0004603;CHEMONTID:0000323;CHEMONTID:0000011;CHEMONTID:0002105,Organic compounds;Organic oxygen compounds;Organooxygen compounds;Carbohydrates and carbohydrate conjugates;Glycosyl compounds
20656,Carbonyl compounds,0.96,CHEMONTID:0001831,4,CHEMONTID:0000323,CHEMONTID:0000000;CHEMONTID:0004603;CHEMONTID:0000323;CHEMONTID:0001831,Organic compounds;Organic oxygen compounds;Organooxygen compounds;Carbonyl compounds
11297,Monocarboxylic acids and derivatives,0.8,CHEMONTID:0001137,4,CHEMONTID:0000265,CHEMONTID:0000000;CHEMONTID:0000264;CHEMONTID:0000265;CHEMONTID:0001137,Organic compounds;Organic acids and derivatives;Carboxylic acids and derivatives;Monocarboxylic acids and derivatives
14068,Carbonyl compounds,0.88,CHEMONTID:0001831,4,CHEMONTID:0000323,CHEMONTID:0000000;CHEMONTID:0004603;CHEMONTID:0000323;CHEMONTID:0001831,Organic compounds;Organic oxygen compounds;Organooxygen compounds;Carbonyl compounds
14127,Alcohols and polyols,0.93,CHEMONTID:0000129,4,CHEMONTID:0000323,CHEMONTID:0000000;CHEMONTID:0004603;CHEMONTID:0000323;CHEMONTID:0000129,Organic compounds;Organic oxygen compounds;Organooxygen compounds;Alcohols and polyols
15932,Dialkyl phosphates,1,CHEMONTID:0003459,6,CHEMONTID:0003457,CHEMONTID:0000000;CHEMONTID:0000264;CHEMONTID:0000402;CHEMONTID:0000408;CHEMONTID:0003457;CHEMONTID:0003459,Organic compounds;Organic acids and derivatives;Organic phosphoric acids and derivatives;Phosphate esters;Alkyl phosphates;Dialkyl phosphates
6780,Monoalkylamines,0.94,CHEMONTID:0000469,6,CHEMONTID:0002450,CHEMONTID:0000000;CHEMONTID:0004707;CHEMONTID:0000278;CHEMONTID:0002449;CHEMONTID:0002450;CHEMONTID:0000469,Organic compounds;Organic nitrogen compounds;Organonitrogen compounds;Amines;Primary amines;Monoalkylamines
1562,Primary amines,0.99,CHEMONTID:0002450,5,CHEMONTID:0002449,CHEMONTID:0000000;CHEMONTID:0004707;CHEMONTID:0000278;CHEMONTID:0002449;CHEMONTID:0002450,Organic compounds;Organic nitrogen compounds;Organonitrogen compounds;Amines;Primary amines
3825,Carbonyl compounds,0.87,CHEMONTID:0001831,4,CHEMONTID:0000323,CHEMONTID:0000000;CHEMONTID:0004603;CHEMONTID:0000323;CHEMONTID:0001831,Organic compounds;Organic oxygen compounds;Organooxygen compounds;Carbonyl compounds
3702,Carbonyl compounds,0.9,CHEMONTID:0001831,4,CHEMONTID:0000323,CHEMONTID:0000000;CHEMONTID:0004603;CHEMONTID:0000323;CHEMONTID:0001831,Organic compounds;Organic oxygen compounds;Organooxygen compounds;Carbonyl compounds
13021,Carboxylic acid derivatives,1,CHEMONTID:0001093,4,CHEMONTID:0000265,CHEMONTID:0000000;CHEMONTID:0000264;CHEMONTID:0000265;CHEMONTID:0001093,Organic compounds;Organic acids and derivatives;Carboxylic acids and derivatives;Carboxylic acid derivatives
13605,Carbonyl compounds,0.92,CHEMONTID:0001831,4,CHEMONTID:0000323,CHEMONTID:0000000;CHEMONTID:0004603;CHEMONTID:0000323;CHEMONTID:0001831,Organic compounds;Organic oxygen compounds;Organooxygen compounds;Carbonyl compounds
19238,Alcohols and polyols,0.82,CHEMONTID:0000129,4,CHEMONTID:0000323,CHEMONTID:0000000;CHEMONTID:0004603;CHEMONTID:0000323;CHEMONTID:0000129,Organic compounds;Organic oxygen compounds;Organooxygen compounds;Alcohols and polyols
5916,Secondary carboxylic acid amides,0.87,CHEMONTID:0001663,6,CHEMONTID:0000475,CHEMONTID:0000000;CHEMONTID:0000264;CHEMONTID:0000265;CHEMONTID:0001093;CHEMONTID:0000475;CHEMONTID:0001663,Organic compounds;Organic acids and derivatives;Carboxylic acids and derivatives;Carboxylic acid derivatives;Carboxylic acid amides;Secondary carboxylic acid amides
4434,Alpha amino acids and derivatives,0.99,CHEMONTID:0000060,6,CHEMONTID:0000347,CHEMONTID:0000000;CHEMONTID:0000264;CHEMONTID:0000265;CHEMONTID:0000013;CHEMONTID:0000347;CHEMONTID:0000060,"Organic compounds;Organic acids and derivatives;Carboxylic acids and derivatives;Amino acids, peptides, and analogues;Amino acids and derivatives;Alpha amino acids and derivatives"
5298,Monocarboxylic acids and derivatives,0.8,CHEMONTID:0001137,4,CHEMONTID:0000265,CHEMONTID:0000000;CHEMONTID:0000264;CHEMONTID:0000265;CHEMONTID:0001137,Organic compounds;Organic acids and derivatives;Carboxylic acids and derivatives;Monocarboxylic acids and derivatives
16756,Primary amines,0.99,CHEMONTID:0002450,5,CHEMONTID:0002449,CHEMONTID:0000000;CHEMONTID:0004707;CHEMONTID:0000278;CHEMONTID:0002449;CHEMONTID:0002450,Organic compounds;Organic nitrogen compounds;Organonitrogen compounds;Amines;Primary amines
4849,Primary amines,0.8,CHEMONTID:0002450,5,CHEMONTID:0002449,CHEMONTID:0000000;CHEMONTID:0004707;CHEMONTID:0000278;CHEMONTID:0002449;CHEMONTID:0002450,Organic compounds;Organic nitrogen compounds;Organonitrogen compounds;Amines;Primary amines
13457,Amines,1,CHEMONTID:0002449,4,CHEMONTID:0000278,CHEMONTID:0000000;CHEMONTID:0004707;CHEMONTID:0000278;CHEMONTID:0002449,Organic compounds;Organic nitrogen compounds;Organonitrogen compounds;Amines
366,Carbonyl compounds,0.81,CHEMONTID:0001831,4,CHEMONTID:0000323,CHEMONTID:0000000;CHEMONTID:0004603;CHEMONTID:0000323;CHEMONTID:0001831,Organic compounds;Organic oxygen compounds;Organooxygen compounds;Carbonyl compounds
6540,Carboxylic acid derivatives,0.98,CHEMONTID:0001093,4,CHEMONTID:0000265,CHEMONTID:0000000;CHEMONTID:0000264;CHEMONTID:0000265;CHEMONTID:0001093,Organic compounds;Organic acids and derivatives;Carboxylic acids and derivatives;Carboxylic acid derivatives
5039,Monoalkylamines,1,CHEMONTID:0000469,6,CHEMONTID:0002450,CHEMONTID:0000000;CHEMONTID:0004707;CHEMONTID:0000278;CHEMONTID:0002449;CHEMONTID:0002450;CHEMONTID:0000469,Organic compounds;Organic nitrogen compounds;Organonitrogen compounds;Amines;Primary amines;Monoalkylamines
20207,Primary amines,0.99,CHEMONTID:0002450,5,CHEMONTID:0002449,CHEMONTID:0000000;CHEMONTID:0004707;CHEMONTID:0000278;CHEMONTID:0002449;CHEMONTID:0002450,Organic compounds;Organic nitrogen compounds;Organonitrogen compounds;Amines;Primary amines
19354,Amines,0.99,CHEMONTID:0002449,4,CHEMONTID:0000278,CHEMONTID:0000000;CHEMONTID:0004707;CHEMONTID:0000278;CHEMONTID:0002449,Organic compounds;Organic nitrogen compounds;Organonitrogen compounds;Amines
13613,Carbonyl compounds,0.98,CHEMONTID:0001831,4,CHEMONTID:0000323,CHEMONTID:0000000;CHEMONTID:0004603;CHEMONTID:0000323;CHEMONTID:0001831,Organic compounds;Organic oxygen compounds;Organooxygen compounds;Carbonyl compounds
1268,Monoalkylamines,0.82,CHEMONTID:0000469,6,CHEMONTID:0002450,CHEMONTID:0000000;CHEMONTID:0004707;CHEMONTID:0000278;CHEMONTID:0002449;CHEMONTID:0002450;CHEMONTID:0000469,Organic compounds;Organic nitrogen compounds;Organonitrogen compounds;Amines;Primary amines;Monoalkylamines
19600,Alcohols and polyols,0.94,CHEMONTID:0000129,4,CHEMONTID:0000323,CHEMONTID:0000000;CHEMONTID:0004603;CHEMONTID:0000323;CHEMONTID:0000129,Organic compounds;Organic oxygen compounds;Organooxygen compounds;Alcohols and polyols
6053,Carbonyl compounds,0.99,CHEMONTID:0001831,4,CHEMONTID:0000323,CHEMONTID:0000000;CHEMONTID:0004603;CHEMONTID:0000323;CHEMONTID:0001831,Organic compounds;Organic oxygen compounds;Organooxygen compounds;Carbonyl compounds
14401,Tertiary amines,1,CHEMONTID:0002452,5,CHEMONTID:0002449,CHEMONTID:0000000;CHEMONTID:0004707;CHEMONTID:0000278;CHEMONTID:0002449;CHEMONTID:0002452,Organic compounds;Organic nitrogen compounds;Organonitrogen compounds;Amines;Tertiary amines
19132,Monoalkylamines,0.99,CHEMONTID:0000469,6,CHEMONTID:0002450,CHEMONTID:0000000;CHEMONTID:0004707;CHEMONTID:0000278;CHEMONTID:0002449;CHEMONTID:0002450;CHEMONTID:0000469,Organic compounds;Organic nitrogen compounds;Organonitrogen compounds;Amines;Primary amines;Monoalkylamines
19972,Carbonyl compounds,0.86,CHEMONTID:0001831,4,CHEMONTID:0000323,CHEMONTID:0000000;CHEMONTID:0004603;CHEMONTID:0000323;CHEMONTID:0001831,Organic compounds;Organic oxygen compounds;Organooxygen compounds;Carbonyl compounds
5888,Carbonyl compounds,0.9,CHEMONTID:0001831,4,CHEMONTID:0000323,CHEMONTID:0000000;CHEMONTID:0004603;CHEMONTID:0000323;CHEMONTID:0001831,Organic compounds;Organic oxygen compounds;Organooxygen compounds;Carbonyl compounds
14722,Amines,0.95,CHEMONTID:0002449,4,CHEMONTID:0000278,CHEMONTID:0000000;CHEMONTID:0004707;CHEMONTID:0000278;CHEMONTID:0002449,Organic compounds;Organic nitrogen compounds;Organonitrogen compounds;Amines
14928,Amines,0.98,CHEMONTID:0002449,4,CHEMONTID:0000278,CHEMONTID:0000000;CHEMONTID:0004707;CHEMONTID:0000278;CHEMONTID:0002449,Organic compounds;Organic nitrogen compounds;Organonitrogen compounds;Amines
4801,Carbonyl compounds,0.88,CHEMONTID:0001831,4,CHEMONTID:0000323,CHEMONTID:0000000;CHEMONTID:0004603;CHEMONTID:0000323;CHEMONTID:0001831,Organic compounds;Organic oxygen compounds;Organooxygen compounds;Carbonyl compounds
13629,Carbonyl compounds,1,CHEMONTID:0001831,4,CHEMONTID:0000323,CHEMONTID:0000000;CHEMONTID:0004603;CHEMONTID:0000323;CHEMONTID:0001831,Organic compounds;Organic oxygen compounds;Organooxygen compounds;Carbonyl compounds
15577,Carbonyl compounds,0.93,CHEMONTID:0001831,4,CHEMONTID:0000323,CHEMONTID:0000000;CHEMONTID:0004603;CHEMONTID:0000323;CHEMONTID:0001831,Organic compounds;Organic oxygen compounds;Organooxygen compounds;Carbonyl compounds
15127,Amines,1,CHEMONTID:0002449,4,CHEMONTID:0000278,CHEMONTID:0000000;CHEMONTID:0004707;CHEMONTID:0000278;CHEMONTID:0002449,Organic compounds;Organic nitrogen compounds;Organonitrogen compounds;Amines
14273,Carbonyl compounds,0.88,CHEMONTID:0001831,4,CHEMONTID:0000323,CHEMONTID:0000000;CHEMONTID:0004603;CHEMONTID:0000323;CHEMONTID:0001831,Organic compounds;Organic oxygen compounds;Organooxygen compounds;Carbonyl compounds
1056,"Amino acids, peptides, and analogues",0.91,CHEMONTID:0000013,4,CHEMONTID:0000265,CHEMONTID:0000000;CHEMONTID:0000264;CHEMONTID:0000265;CHEMONTID:0000013,"Organic compounds;Organic acids and derivatives;Carboxylic acids and derivatives;Amino acids, peptides, and analogues"
16605,Peptides,1,CHEMONTID:0000348,5,CHEMONTID:0000013,CHEMONTID:0000000;CHEMONTID:0000264;CHEMONTID:0000265;CHEMONTID:0000013;CHEMONTID:0000348,"Organic compounds;Organic acids and derivatives;Carboxylic acids and derivatives;Amino acids, peptides, and analogues;Peptides"
4156,Carboxylic acid derivatives,0.98,CHEMONTID:0001093,4,CHEMONTID:0000265,CHEMONTID:0000000;CHEMONTID:0000264;CHEMONTID:0000265;CHEMONTID:0001093,Organic compounds;Organic acids and derivatives;Carboxylic acids and derivatives;Carboxylic acid derivatives
12530,Carbonyl compounds,0.97,CHEMONTID:0001831,4,CHEMONTID:0000323,CHEMONTID:0000000;CHEMONTID:0004603;CHEMONTID:0000323;CHEMONTID:0001831,Organic compounds;Organic oxygen compounds;Organooxygen compounds;Carbonyl compounds
7768,Dialkyl ethers,0.93,CHEMONTID:0001167,5,CHEMONTID:0000254,CHEMONTID:0000000;CHEMONTID:0004603;CHEMONTID:0000323;CHEMONTID:0000254;CHEMONTID:0001167,Organic compounds;Organic oxygen compounds;Organooxygen compounds;Ethers;Dialkyl ethers
5010,Carbonyl compounds,0.96,CHEMONTID:0001831,4,CHEMONTID:0000323,CHEMONTID:0000000;CHEMONTID:0004603;CHEMONTID:0000323;CHEMONTID:0001831,Organic compounds;Organic oxygen compounds;Organooxygen compounds;Carbonyl compounds
5838,Amines,1,CHEMONTID:0002449,4,CHEMONTID:0000278,CHEMONTID:0000000;CHEMONTID:0004707;CHEMONTID:0000278;CHEMONTID:0002449,Organic compounds;Organic nitrogen compounds;Organonitrogen compounds;Amines
8625,Primary amines,0.93,CHEMONTID:0002450,5,CHEMONTID:0002449,CHEMONTID:0000000;CHEMONTID:0004707;CHEMONTID:0000278;CHEMONTID:0002449;CHEMONTID:0002450,Organic compounds;Organic nitrogen compounds;Organonitrogen compounds;Amines;Primary amines
20257,Carbonyl compounds,0.93,CHEMONTID:0001831,4,CHEMONTID:0000323,CHEMONTID:0000000;CHEMONTID:0004603;CHEMONTID:0000323;CHEMONTID:0001831,Organic compounds;Organic oxygen compounds;Organooxygen compounds;Carbonyl compounds
10666,"1,3,5-triazines",0.99,CHEMONTID:0004105,4,CHEMONTID:0000098,CHEMONTID:0000000;CHEMONTID:0000002;CHEMONTID:0000098;CHEMONTID:0004105,"Organic compounds;Organoheterocyclic compounds;Triazines;1,3,5-triazines"
9518,Alcohols and polyols,0.97,CHEMONTID:0000129,4,CHEMONTID:0000323,CHEMONTID:0000000;CHEMONTID:0004603;CHEMONTID:0000323;CHEMONTID:0000129,Organic compounds;Organic oxygen compounds;Organooxygen compounds;Alcohols and polyols
10184,Amino acids and derivatives,0.96,CHEMONTID:0000347,5,CHEMONTID:0000013,CHEMONTID:0000000;CHEMONTID:0000264;CHEMONTID:0000265;CHEMONTID:0000013;CHEMONTID:0000347,"Organic compounds;Organic acids and derivatives;Carboxylic acids and derivatives;Amino acids, peptides, and analogues;Amino acids and derivatives"
10794,Ethers,0.92,CHEMONTID:0000254,4,CHEMONTID:0000323,CHEMONTID:0000000;CHEMONTID:0004603;CHEMONTID:0000323;CHEMONTID:0000254,Organic compounds;Organic oxygen compounds;Organooxygen compounds;Ethers
2429,Carbonyl compounds,0.87,CHEMONTID:0001831,4,CHEMONTID:0000323,CHEMONTID:0000000;CHEMONTID:0004603;CHEMONTID:0000323;CHEMONTID:0001831,Organic compounds;Organic oxygen compounds;Organooxygen compounds;Carbonyl compounds
20572,Carboxylic acid amides,0.99,CHEMONTID:0000475,5,CHEMONTID:0001093,CHEMONTID:0000000;CHEMONTID:0000264;CHEMONTID:0000265;CHEMONTID:0001093;CHEMONTID:0000475,Organic compounds;Organic acids and derivatives;Carboxylic acids and derivatives;Carboxylic acid derivatives;Carboxylic acid amides
14884,Carboxylic acids,0.98,CHEMONTID:0001205,4,CHEMONTID:0000265,CHEMONTID:0000000;CHEMONTID:0000264;CHEMONTID:0000265;CHEMONTID:0001205,Organic compounds;Organic acids and derivatives;Carboxylic acids and derivatives;Carboxylic acids
17836,Guanidines,0.99,CHEMONTID:0000375,4,CHEMONTID:0000278,CHEMONTID:0000000;CHEMONTID:0004707;CHEMONTID:0000278;CHEMONTID:0000375,Organic compounds;Organic nitrogen compounds;Organonitrogen compounds;Guanidines
18419,Ethers,0.95,CHEMONTID:0000254,4,CHEMONTID:0000323,CHEMONTID:0000000;CHEMONTID:0004603;CHEMONTID:0000323;CHEMONTID:0000254,Organic compounds;Organic oxygen compounds;Organooxygen compounds;Ethers
11248,Amines,0.83,CHEMONTID:0002449,4,CHEMONTID:0000278,CHEMONTID:0000000;CHEMONTID:0004707;CHEMONTID:0000278;CHEMONTID:0002449,Organic compounds;Organic nitrogen compounds;Organonitrogen compounds;Amines
6097,Carbonyl compounds,0.98,CHEMONTID:0001831,4,CHEMONTID:0000323,CHEMONTID:0000000;CHEMONTID:0004603;CHEMONTID:0000323;CHEMONTID:0001831,Organic compounds;Organic oxygen compounds;Organooxygen compounds;Carbonyl compounds
12500,Alcohols and polyols,0.8,CHEMONTID:0000129,4,CHEMONTID:0000323,CHEMONTID:0000000;CHEMONTID:0004603;CHEMONTID:0000323;CHEMONTID:0000129,Organic compounds;Organic oxygen compounds;Organooxygen compounds;Alcohols and polyols
4545,Carbonyl compounds,0.89,CHEMONTID:0001831,4,CHEMONTID:0000323,CHEMONTID:0000000;CHEMONTID:0004603;CHEMONTID:0000323;CHEMONTID:0001831,Organic compounds;Organic oxygen compounds;Organooxygen compounds;Carbonyl compounds
1453,Phosphate esters,0.99,CHEMONTID:0000408,4,CHEMONTID:0000402,CHEMONTID:0000000;CHEMONTID:0000264;CHEMONTID:0000402;CHEMONTID:0000408,Organic compounds;Organic acids and derivatives;Organic phosphoric acids and derivatives;Phosphate esters
3,Primary carboxylic acid amides,0.85,CHEMONTID:0001662,6,CHEMONTID:0000475,CHEMONTID:0000000;CHEMONTID:0000264;CHEMONTID:0000265;CHEMONTID:0001093;CHEMONTID:0000475;CHEMONTID:0001662,Organic compounds;Organic acids and derivatives;Carboxylic acids and derivatives;Carboxylic acid derivatives;Carboxylic acid amides;Primary carboxylic acid amides
12748,Fatty amides,0.94,CHEMONTID:0000331,4,CHEMONTID:0003909,CHEMONTID:0000000;CHEMONTID:0000012;CHEMONTID:0003909;CHEMONTID:0000331,Organic compounds;Lipids and lipid-like molecules;Fatty Acyls;Fatty amides
19955,6-aminopurines,0.99,CHEMONTID:0002987,5,CHEMONTID:0000245,CHEMONTID:0000000;CHEMONTID:0000002;CHEMONTID:0001797;CHEMONTID:0000245;CHEMONTID:0002987,Organic compounds;Organoheterocyclic compounds;Imidazopyrimidines;Purines and purine derivatives;6-aminopurines
18451,Carboxylic acid derivatives,0.98,CHEMONTID:0001093,4,CHEMONTID:0000265,CHEMONTID:0000000;CHEMONTID:0000264;CHEMONTID:0000265;CHEMONTID:0001093,Organic compounds;Organic acids and derivatives;Carboxylic acids and derivatives;Carboxylic acid derivatives
2343,Carbonyl compounds,0.91,CHEMONTID:0001831,4,CHEMONTID:0000323,CHEMONTID:0000000;CHEMONTID:0004603;CHEMONTID:0000323;CHEMONTID:0001831,Organic compounds;Organic oxygen compounds;Organooxygen compounds;Carbonyl compounds
10149,Primary amines,0.94,CHEMONTID:0002450,5,CHEMONTID:0002449,CHEMONTID:0000000;CHEMONTID:0004707;CHEMONTID:0000278;CHEMONTID:0002449;CHEMONTID:0002450,Organic compounds;Organic nitrogen compounds;Organonitrogen compounds;Amines;Primary amines
3185,Carbonyl compounds,0.87,CHEMONTID:0001831,4,CHEMONTID:0000323,CHEMONTID:0000000;CHEMONTID:0004603;CHEMONTID:0000323;CHEMONTID:0001831,Organic compounds;Organic oxygen compounds;Organooxygen compounds;Carbonyl compounds
19082,Carbonyl compounds,0.81,CHEMONTID:0001831,4,CHEMONTID:0000323,CHEMONTID:0000000;CHEMONTID:0004603;CHEMONTID:0000323;CHEMONTID:0001831,Organic compounds;Organic oxygen compounds;Organooxygen compounds;Carbonyl compounds
10989,Ethers,0.89,CHEMONTID:0000254,4,CHEMONTID:0000323,CHEMONTID:0000000;CHEMONTID:0004603;CHEMONTID:0000323;CHEMONTID:0000254,Organic compounds;Organic oxygen compounds;Organooxygen compounds;Ethers
14785,Carbonyl compounds,0.97,CHEMONTID:0001831,4,CHEMONTID:0000323,CHEMONTID:0000000;CHEMONTID:0004603;CHEMONTID:0000323;CHEMONTID:0001831,Organic compounds;Organic oxygen compounds;Organooxygen compounds;Carbonyl compounds
1537,Carbonyl compounds,0.99,CHEMONTID:0001831,4,CHEMONTID:0000323,CHEMONTID:0000000;CHEMONTID:0004603;CHEMONTID:0000323;CHEMONTID:0001831,Organic compounds;Organic oxygen compounds;Organooxygen compounds;Carbonyl compounds
2875,Carboxylic acid derivatives,0.91,CHEMONTID:0001093,4,CHEMONTID:0000265,CHEMONTID:0000000;CHEMONTID:0000264;CHEMONTID:0000265;CHEMONTID:0001093,Organic compounds;Organic acids and derivatives;Carboxylic acids and derivatives;Carboxylic acid derivatives
17221,Amines,0.98,CHEMONTID:0002449,4,CHEMONTID:0000278,CHEMONTID:0000000;CHEMONTID:0004707;CHEMONTID:0000278;CHEMONTID:0002449,Organic compounds;Organic nitrogen compounds;Organonitrogen compounds;Amines
3005,Primary amines,0.96,CHEMONTID:0002450,5,CHEMONTID:0002449,CHEMONTID:0000000;CHEMONTID:0004707;CHEMONTID:0000278;CHEMONTID:0002449;CHEMONTID:0002450,Organic compounds;Organic nitrogen compounds;Organonitrogen compounds;Amines;Primary amines
3210,Carbonyl compounds,0.89,CHEMONTID:0001831,4,CHEMONTID:0000323,CHEMONTID:0000000;CHEMONTID:0004603;CHEMONTID:0000323;CHEMONTID:0001831,Organic compounds;Organic oxygen compounds;Organooxygen compounds;Carbonyl compounds
7775,Carbonyl compounds,0.97,CHEMONTID:0001831,4,CHEMONTID:0000323,CHEMONTID:0000000;CHEMONTID:0004603;CHEMONTID:0000323;CHEMONTID:0001831,Organic compounds;Organic oxygen compounds;Organooxygen compounds;Carbonyl compounds
9863,Carbonyl compounds,0.91,CHEMONTID:0001831,4,CHEMONTID:0000323,CHEMONTID:0000000;CHEMONTID:0004603;CHEMONTID:0000323;CHEMONTID:0001831,Organic compounds;Organic oxygen compounds;Organooxygen compounds;Carbonyl compounds
10530,Carboxylic acid derivatives,0.93,CHEMONTID:0001093,4,CHEMONTID:0000265,CHEMONTID:0000000;CHEMONTID:0000264;CHEMONTID:0000265;CHEMONTID:0001093,Organic compounds;Organic acids and derivatives;Carboxylic acids and derivatives;Carboxylic acid derivatives
5955,Carbonyl compounds,0.88,CHEMONTID:0001831,4,CHEMONTID:0000323,CHEMONTID:0000000;CHEMONTID:0004603;CHEMONTID:0000323;CHEMONTID:0001831,Organic compounds;Organic oxygen compounds;Organooxygen compounds;Carbonyl compounds
10324,Carbonyl compounds,0.93,CHEMONTID:0001831,4,CHEMONTID:0000323,CHEMONTID:0000000;CHEMONTID:0004603;CHEMONTID:0000323;CHEMONTID:0001831,Organic compounds;Organic oxygen compounds;Organooxygen compounds;Carbonyl compounds
11602,Carbonyl compounds,0.96,CHEMONTID:0001831,4,CHEMONTID:0000323,CHEMONTID:0000000;CHEMONTID:0004603;CHEMONTID:0000323;CHEMONTID:0001831,Organic compounds;Organic oxygen compounds;Organooxygen compounds;Carbonyl compounds
16116,Monocarboxylic acids and derivatives,0.91,CHEMONTID:0001137,4,CHEMONTID:0000265,CHEMONTID:0000000;CHEMONTID:0000264;CHEMONTID:0000265;CHEMONTID:0001137,Organic compounds;Organic acids and derivatives;Carboxylic acids and derivatives;Monocarboxylic acids and derivatives
10824,Pyrimidines and pyrimidine derivatives,0.95,CHEMONTID:0000075,4,CHEMONTID:0001346,CHEMONTID:0000000;CHEMONTID:0000002;CHEMONTID:0001346;CHEMONTID:0000075,Organic compounds;Organoheterocyclic compounds;Diazines;Pyrimidines and pyrimidine derivatives
13273,Carbonyl compounds,0.85,CHEMONTID:0001831,4,CHEMONTID:0000323,CHEMONTID:0000000;CHEMONTID:0004603;CHEMONTID:0000323;CHEMONTID:0001831,Organic compounds;Organic oxygen compounds;Organooxygen compounds;Carbonyl compounds
11527,Carbonyl compounds,0.92,CHEMONTID:0001831,4,CHEMONTID:0000323,CHEMONTID:0000000;CHEMONTID:0004603;CHEMONTID:0000323;CHEMONTID:0001831,Organic compounds;Organic oxygen compounds;Organooxygen compounds;Carbonyl compounds
16876,Amines,0.98,CHEMONTID:0002449,4,CHEMONTID:0000278,CHEMONTID:0000000;CHEMONTID:0004707;CHEMONTID:0000278;CHEMONTID:0002449,Organic compounds;Organic nitrogen compounds;Organonitrogen compounds;Amines
8347,Carbonyl compounds,0.91,CHEMONTID:0001831,4,CHEMONTID:0000323,CHEMONTID:0000000;CHEMONTID:0004603;CHEMONTID:0000323;CHEMONTID:0001831,Organic compounds;Organic oxygen compounds;Organooxygen compounds;Carbonyl compounds
12704,Carbonyl compounds,0.95,CHEMONTID:0001831,4,CHEMONTID:0000323,CHEMONTID:0000000;CHEMONTID:0004603;CHEMONTID:0000323;CHEMONTID:0001831,Organic compounds;Organic oxygen compounds;Organooxygen compounds;Carbonyl compounds
875,Amino fatty acids,0.87,CHEMONTID:0000489,5,CHEMONTID:0000262,CHEMONTID:0000000;CHEMONTID:0000012;CHEMONTID:0003909;CHEMONTID:0000262;CHEMONTID:0000489,Organic compounds;Lipids and lipid-like molecules;Fatty Acyls;Fatty acids and conjugates;Amino fatty acids
5176,Carboxylic acid derivatives,0.99,CHEMONTID:0001093,4,CHEMONTID:0000265,CHEMONTID:0000000;CHEMONTID:0000264;CHEMONTID:0000265;CHEMONTID:0001093,Organic compounds;Organic acids and derivatives;Carboxylic acids and derivatives;Carboxylic acid derivatives
14961,Carbonyl compounds,0.82,CHEMONTID:0001831,4,CHEMONTID:0000323,CHEMONTID:0000000;CHEMONTID:0004603;CHEMONTID:0000323;CHEMONTID:0001831,Organic compounds;Organic oxygen compounds;Organooxygen compounds;Carbonyl compounds
16779,Ethers,0.97,CHEMONTID:0000254,4,CHEMONTID:0000323,CHEMONTID:0000000;CHEMONTID:0004603;CHEMONTID:0000323;CHEMONTID:0000254,Organic compounds;Organic oxygen compounds;Organooxygen compounds;Ethers
17037,Carbonyl compounds,0.9,CHEMONTID:0001831,4,CHEMONTID:0000323,CHEMONTID:0000000;CHEMONTID:0004603;CHEMONTID:0000323;CHEMONTID:0001831,Organic compounds;Organic oxygen compounds;Organooxygen compounds;Carbonyl compounds
14482,Carbonyl compounds,0.86,CHEMONTID:0001831,4,CHEMONTID:0000323,CHEMONTID:0000000;CHEMONTID:0004603;CHEMONTID:0000323;CHEMONTID:0001831,Organic compounds;Organic oxygen compounds;Organooxygen compounds;Carbonyl compounds
20664,Carboxylic acid derivatives,0.81,CHEMONTID:0001093,4,CHEMONTID:0000265,CHEMONTID:0000000;CHEMONTID:0000264;CHEMONTID:0000265;CHEMONTID:0001093,Organic compounds;Organic acids and derivatives;Carboxylic acids and derivatives;Carboxylic acid derivatives
12424,Primary amines,0.87,CHEMONTID:0002450,5,CHEMONTID:0002449,CHEMONTID:0000000;CHEMONTID:0004707;CHEMONTID:0000278;CHEMONTID:0002449;CHEMONTID:0002450,Organic compounds;Organic nitrogen compounds;Organonitrogen compounds;Amines;Primary amines
7043,Carbonyl compounds,0.97,CHEMONTID:0001831,4,CHEMONTID:0000323,CHEMONTID:0000000;CHEMONTID:0004603;CHEMONTID:0000323;CHEMONTID:0001831,Organic compounds;Organic oxygen compounds;Organooxygen compounds;Carbonyl compounds
6935,Carbonyl compounds,0.97,CHEMONTID:0001831,4,CHEMONTID:0000323,CHEMONTID:0000000;CHEMONTID:0004603;CHEMONTID:0000323;CHEMONTID:0001831,Organic compounds;Organic oxygen compounds;Organooxygen compounds;Carbonyl compounds
6171,Alcohols and polyols,0.85,CHEMONTID:0000129,4,CHEMONTID:0000323,CHEMONTID:0000000;CHEMONTID:0004603;CHEMONTID:0000323;CHEMONTID:0000129,Organic compounds;Organic oxygen compounds;Organooxygen compounds;Alcohols and polyols
18719,Carbonyl compounds,0.97,CHEMONTID:0001831,4,CHEMONTID:0000323,CHEMONTID:0000000;CHEMONTID:0004603;CHEMONTID:0000323;CHEMONTID:0001831,Organic compounds;Organic oxygen compounds;Organooxygen compounds;Carbonyl compounds
8319,Carboxylic acid derivatives,1,CHEMONTID:0001093,4,CHEMONTID:0000265,CHEMONTID:0000000;CHEMONTID:0000264;CHEMONTID:0000265;CHEMONTID:0001093,Organic compounds;Organic acids and derivatives;Carboxylic acids and derivatives;Carboxylic acid derivatives
9155,Carbonyl compounds,0.97,CHEMONTID:0001831,4,CHEMONTID:0000323,CHEMONTID:0000000;CHEMONTID:0004603;CHEMONTID:0000323;CHEMONTID:0001831,Organic compounds;Organic oxygen compounds;Organooxygen compounds;Carbonyl compounds
18229,Carbonyl compounds,0.81,CHEMONTID:0001831,4,CHEMONTID:0000323,CHEMONTID:0000000;CHEMONTID:0004603;CHEMONTID:0000323;CHEMONTID:0001831,Organic compounds;Organic oxygen compounds;Organooxygen compounds;Carbonyl compounds
13335,Primary amines,0.92,CHEMONTID:0002450,5,CHEMONTID:0002449,CHEMONTID:0000000;CHEMONTID:0004707;CHEMONTID:0000278;CHEMONTID:0002449;CHEMONTID:0002450,Organic compounds;Organic nitrogen compounds;Organonitrogen compounds;Amines;Primary amines
9425,Primary amines,0.99,CHEMONTID:0002450,5,CHEMONTID:0002449,CHEMONTID:0000000;CHEMONTID:0004707;CHEMONTID:0000278;CHEMONTID:0002449;CHEMONTID:0002450,Organic compounds;Organic nitrogen compounds;Organonitrogen compounds;Amines;Primary amines
6284,Carbonyl compounds,0.93,CHEMONTID:0001831,4,CHEMONTID:0000323,CHEMONTID:0000000;CHEMONTID:0004603;CHEMONTID:0000323;CHEMONTID:0001831,Organic compounds;Organic oxygen compounds;Organooxygen compounds;Carbonyl compounds
16634,Ethers,0.9,CHEMONTID:0000254,4,CHEMONTID:0000323,CHEMONTID:0000000;CHEMONTID:0004603;CHEMONTID:0000323;CHEMONTID:0000254,Organic compounds;Organic oxygen compounds;Organooxygen compounds;Ethers
391,Dialkyl phosphates,0.83,CHEMONTID:0003459,6,CHEMONTID:0003457,CHEMONTID:0000000;CHEMONTID:0000264;CHEMONTID:0000402;CHEMONTID:0000408;CHEMONTID:0003457;CHEMONTID:0003459,Organic compounds;Organic acids and derivatives;Organic phosphoric acids and derivatives;Phosphate esters;Alkyl phosphates;Dialkyl phosphates
17628,Carbonyl compounds,0.81,CHEMONTID:0001831,4,CHEMONTID:0000323,CHEMONTID:0000000;CHEMONTID:0004603;CHEMONTID:0000323;CHEMONTID:0001831,Organic compounds;Organic oxygen compounds;Organooxygen compounds;Carbonyl compounds
3894,Carbonyl compounds,0.93,CHEMONTID:0001831,4,CHEMONTID:0000323,CHEMONTID:0000000;CHEMONTID:0004603;CHEMONTID:0000323;CHEMONTID:0001831,Organic compounds;Organic oxygen compounds;Organooxygen compounds;Carbonyl compounds
17947,Carbonyl compounds,0.97,CHEMONTID:0001831,4,CHEMONTID:0000323,CHEMONTID:0000000;CHEMONTID:0004603;CHEMONTID:0000323;CHEMONTID:0001831,Organic compounds;Organic oxygen compounds;Organooxygen compounds;Carbonyl compounds
9131,Carbonyl compounds,0.99,CHEMONTID:0001831,4,CHEMONTID:0000323,CHEMONTID:0000000;CHEMONTID:0004603;CHEMONTID:0000323;CHEMONTID:0001831,Organic compounds;Organic oxygen compounds;Organooxygen compounds;Carbonyl compounds
3616,Carbonyl compounds,0.96,CHEMONTID:0001831,4,CHEMONTID:0000323,CHEMONTID:0000000;CHEMONTID:0004603;CHEMONTID:0000323;CHEMONTID:0001831,Organic compounds;Organic oxygen compounds;Organooxygen compounds;Carbonyl compounds
8016,Carboxylic acid derivatives,0.94,CHEMONTID:0001093,4,CHEMONTID:0000265,CHEMONTID:0000000;CHEMONTID:0000264;CHEMONTID:0000265;CHEMONTID:0001093,Organic compounds;Organic acids and derivatives;Carboxylic acids and derivatives;Carboxylic acid derivatives
20293,Alcohols and polyols,0.99,CHEMONTID:0000129,4,CHEMONTID:0000323,CHEMONTID:0000000;CHEMONTID:0004603;CHEMONTID:0000323;CHEMONTID:0000129,Organic compounds;Organic oxygen compounds;Organooxygen compounds;Alcohols and polyols
9144,Cyclic alcohols and derivatives,0.89,CHEMONTID:0001292,5,CHEMONTID:0000129,CHEMONTID:0000000;CHEMONTID:0004603;CHEMONTID:0000323;CHEMONTID:0000129;CHEMONTID:0001292,Organic compounds;Organic oxygen compounds;Organooxygen compounds;Alcohols and polyols;Cyclic alcohols and derivatives
4221,Amines,0.92,CHEMONTID:0002449,4,CHEMONTID:0000278,CHEMONTID:0000000;CHEMONTID:0004707;CHEMONTID:0000278;CHEMONTID:0002449,Organic compounds;Organic nitrogen compounds;Organonitrogen compounds;Amines
20741,Alcohols and polyols,0.83,CHEMONTID:0000129,4,CHEMONTID:0000323,CHEMONTID:0000000;CHEMONTID:0004603;CHEMONTID:0000323;CHEMONTID:0000129,Organic compounds;Organic oxygen compounds;Organooxygen compounds;Alcohols and polyols
2456,Carbonyl compounds,0.83,CHEMONTID:0001831,4,CHEMONTID:0000323,CHEMONTID:0000000;CHEMONTID:0004603;CHEMONTID:0000323;CHEMONTID:0001831,Organic compounds;Organic oxygen compounds;Organooxygen compounds;Carbonyl compounds
6833,Carbonyl compounds,0.95,CHEMONTID:0001831,4,CHEMONTID:0000323,CHEMONTID:0000000;CHEMONTID:0004603;CHEMONTID:0000323;CHEMONTID:0001831,Organic compounds;Organic oxygen compounds;Organooxygen compounds;Carbonyl compounds
17245,Carboxylic acids,0.9,CHEMONTID:0001205,4,CHEMONTID:0000265,CHEMONTID:0000000;CHEMONTID:0000264;CHEMONTID:0000265;CHEMONTID:0001205,Organic compounds;Organic acids and derivatives;Carboxylic acids and derivatives;Carboxylic acids
9342,Amines,0.92,CHEMONTID:0002449,4,CHEMONTID:0000278,CHEMONTID:0000000;CHEMONTID:0004707;CHEMONTID:0000278;CHEMONTID:0002449,Organic compounds;Organic nitrogen compounds;Organonitrogen compounds;Amines
11214,Alcohols and polyols,0.93,CHEMONTID:0000129,4,CHEMONTID:0000323,CHEMONTID:0000000;CHEMONTID:0004603;CHEMONTID:0000323;CHEMONTID:0000129,Organic compounds;Organic oxygen compounds;Organooxygen compounds;Alcohols and polyols
8557,Glycosyl compounds,0.99,CHEMONTID:0002105,5,CHEMONTID:0000011,CHEMONTID:0000000;CHEMONTID:0004603;CHEMONTID:0000323;CHEMONTID:0000011;CHEMONTID:0002105,Organic compounds;Organic oxygen compounds;Organooxygen compounds;Carbohydrates and carbohydrate conjugates;Glycosyl compounds
20648,Amines,1,CHEMONTID:0002449,4,CHEMONTID:0000278,CHEMONTID:0000000;CHEMONTID:0004707;CHEMONTID:0000278;CHEMONTID:0002449,Organic compounds;Organic nitrogen compounds;Organonitrogen compounds;Amines
7519,Ethers,0.95,CHEMONTID:0000254,4,CHEMONTID:0000323,CHEMONTID:0000000;CHEMONTID:0004603;CHEMONTID:0000323;CHEMONTID:0000254,Organic compounds;Organic oxygen compounds;Organooxygen compounds;Ethers
16398,Carbonyl compounds,0.99,CHEMONTID:0001831,4,CHEMONTID:0000323,CHEMONTID:0000000;CHEMONTID:0004603;CHEMONTID:0000323;CHEMONTID:0001831,Organic compounds;Organic oxygen compounds;Organooxygen compounds;Carbonyl compounds
20180,Carboxylic acid derivatives,0.97,CHEMONTID:0001093,4,CHEMONTID:0000265,CHEMONTID:0000000;CHEMONTID:0000264;CHEMONTID:0000265;CHEMONTID:0001093,Organic compounds;Organic acids and derivatives;Carboxylic acids and derivatives;Carboxylic acid derivatives
19247,Carbonyl compounds,0.92,CHEMONTID:0001831,4,CHEMONTID:0000323,CHEMONTID:0000000;CHEMONTID:0004603;CHEMONTID:0000323;CHEMONTID:0001831,Organic compounds;Organic oxygen compounds;Organooxygen compounds;Carbonyl compounds
6702,Monocarboxylic acids and derivatives,0.85,CHEMONTID:0001137,4,CHEMONTID:0000265,CHEMONTID:0000000;CHEMONTID:0000264;CHEMONTID:0000265;CHEMONTID:0001137,Organic compounds;Organic acids and derivatives;Carboxylic acids and derivatives;Monocarboxylic acids and derivatives
18040,Purines and purine derivatives,1,CHEMONTID:0000245,4,CHEMONTID:0001797,CHEMONTID:0000000;CHEMONTID:0000002;CHEMONTID:0001797;CHEMONTID:0000245,Organic compounds;Organoheterocyclic compounds;Imidazopyrimidines;Purines and purine derivatives
12465,Alcohols and polyols,0.99,CHEMONTID:0000129,4,CHEMONTID:0000323,CHEMONTID:0000000;CHEMONTID:0004603;CHEMONTID:0000323;CHEMONTID:0000129,Organic compounds;Organic oxygen compounds;Organooxygen compounds;Alcohols and polyols
6115,Amines,0.85,CHEMONTID:0002449,4,CHEMONTID:0000278,CHEMONTID:0000000;CHEMONTID:0004707;CHEMONTID:0000278;CHEMONTID:0002449,Organic compounds;Organic nitrogen compounds;Organonitrogen compounds;Amines
200,Alcohols and polyols,0.98,CHEMONTID:0000129,4,CHEMONTID:0000323,CHEMONTID:0000000;CHEMONTID:0004603;CHEMONTID:0000323;CHEMONTID:0000129,Organic compounds;Organic oxygen compounds;Organooxygen compounds;Alcohols and polyols
18544,Monoalkylamines,0.86,CHEMONTID:0000469,6,CHEMONTID:0002450,CHEMONTID:0000000;CHEMONTID:0004707;CHEMONTID:0000278;CHEMONTID:0002449;CHEMONTID:0002450;CHEMONTID:0000469,Organic compounds;Organic nitrogen compounds;Organonitrogen compounds;Amines;Primary amines;Monoalkylamines
17554,Guanidines,0.93,CHEMONTID:0000375,4,CHEMONTID:0000278,CHEMONTID:0000000;CHEMONTID:0004707;CHEMONTID:0000278;CHEMONTID:0000375,Organic compounds;Organic nitrogen compounds;Organonitrogen compounds;Guanidines
9015,6-aminopurines,0.89,CHEMONTID:0002987,5,CHEMONTID:0000245,CHEMONTID:0000000;CHEMONTID:0000002;CHEMONTID:0001797;CHEMONTID:0000245;CHEMONTID:0002987,Organic compounds;Organoheterocyclic compounds;Imidazopyrimidines;Purines and purine derivatives;6-aminopurines
17916,Carbonyl compounds,0.81,CHEMONTID:0001831,4,CHEMONTID:0000323,CHEMONTID:0000000;CHEMONTID:0004603;CHEMONTID:0000323;CHEMONTID:0001831,Organic compounds;Organic oxygen compounds;Organooxygen compounds;Carbonyl compounds
19316,Carbonyl compounds,0.82,CHEMONTID:0001831,4,CHEMONTID:0000323,CHEMONTID:0000000;CHEMONTID:0004603;CHEMONTID:0000323;CHEMONTID:0001831,Organic compounds;Organic oxygen compounds;Organooxygen compounds;Carbonyl compounds
15658,Guanidines,0.84,CHEMONTID:0000375,4,CHEMONTID:0000278,CHEMONTID:0000000;CHEMONTID:0004707;CHEMONTID:0000278;CHEMONTID:0000375,Organic compounds;Organic nitrogen compounds;Organonitrogen compounds;Guanidines
4093,Carbonyl compounds,0.92,CHEMONTID:0001831,4,CHEMONTID:0000323,CHEMONTID:0000000;CHEMONTID:0004603;CHEMONTID:0000323;CHEMONTID:0001831,Organic compounds;Organic oxygen compounds;Organooxygen compounds;Carbonyl compounds
9453,Carbonyl compounds,0.93,CHEMONTID:0001831,4,CHEMONTID:0000323,CHEMONTID:0000000;CHEMONTID:0004603;CHEMONTID:0000323;CHEMONTID:0001831,Organic compounds;Organic oxygen compounds;Organooxygen compounds;Carbonyl compounds
926,Carbonyl compounds,0.99,CHEMONTID:0001831,4,CHEMONTID:0000323,CHEMONTID:0000000;CHEMONTID:0004603;CHEMONTID:0000323;CHEMONTID:0001831,Organic compounds;Organic oxygen compounds;Organooxygen compounds;Carbonyl compounds
9386,Carbonyl compounds,0.95,CHEMONTID:0001831,4,CHEMONTID:0000323,CHEMONTID:0000000;CHEMONTID:0004603;CHEMONTID:0000323;CHEMONTID:0001831,Organic compounds;Organic oxygen compounds;Organooxygen compounds;Carbonyl compounds
11704,Primary alcohols,0.86,CHEMONTID:0000286,5,CHEMONTID:0000129,CHEMONTID:0000000;CHEMONTID:0004603;CHEMONTID:0000323;CHEMONTID:0000129;CHEMONTID:0000286,Organic compounds;Organic oxygen compounds;Organooxygen compounds;Alcohols and polyols;Primary alcohols
4495,Carbonyl compounds,0.97,CHEMONTID:0001831,4,CHEMONTID:0000323,CHEMONTID:0000000;CHEMONTID:0004603;CHEMONTID:0000323;CHEMONTID:0001831,Organic compounds;Organic oxygen compounds;Organooxygen compounds;Carbonyl compounds
11533,Carbonyl compounds,0.88,CHEMONTID:0001831,4,CHEMONTID:0000323,CHEMONTID:0000000;CHEMONTID:0004603;CHEMONTID:0000323;CHEMONTID:0001831,Organic compounds;Organic oxygen compounds;Organooxygen compounds;Carbonyl compounds
12472,Carboxylic acid derivatives,0.99,CHEMONTID:0001093,4,CHEMONTID:0000265,CHEMONTID:0000000;CHEMONTID:0000264;CHEMONTID:0000265;CHEMONTID:0001093,Organic compounds;Organic acids and derivatives;Carboxylic acids and derivatives;Carboxylic acid derivatives
6957,Carbonyl compounds,0.84,CHEMONTID:0001831,4,CHEMONTID:0000323,CHEMONTID:0000000;CHEMONTID:0004603;CHEMONTID:0000323;CHEMONTID:0001831,Organic compounds;Organic oxygen compounds;Organooxygen compounds;Carbonyl compounds
13096,Amines,0.93,CHEMONTID:0002449,4,CHEMONTID:0000278,CHEMONTID:0000000;CHEMONTID:0004707;CHEMONTID:0000278;CHEMONTID:0002449,Organic compounds;Organic nitrogen compounds;Organonitrogen compounds;Amines
3397,Carbonyl compounds,0.92,CHEMONTID:0001831,4,CHEMONTID:0000323,CHEMONTID:0000000;CHEMONTID:0004603;CHEMONTID:0000323;CHEMONTID:0001831,Organic compounds;Organic oxygen compounds;Organooxygen compounds;Carbonyl compounds
10865,Carbohydrates and carbohydrate conjugates,1,CHEMONTID:0000011,4,CHEMONTID:0000323,CHEMONTID:0000000;CHEMONTID:0004603;CHEMONTID:0000323;CHEMONTID:0000011,Organic compounds;Organic oxygen compounds;Organooxygen compounds;Carbohydrates and carbohydrate conjugates
19016,Alcohols and polyols,0.95,CHEMONTID:0000129,4,CHEMONTID:0000323,CHEMONTID:0000000;CHEMONTID:0004603;CHEMONTID:0000323;CHEMONTID:0000129,Organic compounds;Organic oxygen compounds;Organooxygen compounds;Alcohols and polyols
4364,Alcohols and polyols,0.97,CHEMONTID:0000129,4,CHEMONTID:0000323,CHEMONTID:0000000;CHEMONTID:0004603;CHEMONTID:0000323;CHEMONTID:0000129,Organic compounds;Organic oxygen compounds;Organooxygen compounds;Alcohols and polyols
15766,Carboxylic acid derivatives,0.98,CHEMONTID:0001093,4,CHEMONTID:0000265,CHEMONTID:0000000;CHEMONTID:0000264;CHEMONTID:0000265;CHEMONTID:0001093,Organic compounds;Organic acids and derivatives;Carboxylic acids and derivatives;Carboxylic acid derivatives
5608,Carboxylic acid derivatives,0.97,CHEMONTID:0001093,4,CHEMONTID:0000265,CHEMONTID:0000000;CHEMONTID:0000264;CHEMONTID:0000265;CHEMONTID:0001093,Organic compounds;Organic acids and derivatives;Carboxylic acids and derivatives;Carboxylic acid derivatives
9207,Dicarboxylic acids and derivatives,0.81,CHEMONTID:0000346,4,CHEMONTID:0000265,CHEMONTID:0000000;CHEMONTID:0000264;CHEMONTID:0000265;CHEMONTID:0000346,Organic compounds;Organic acids and derivatives;Carboxylic acids and derivatives;Dicarboxylic acids and derivatives
10375,Carbonyl compounds,0.95,CHEMONTID:0001831,4,CHEMONTID:0000323,CHEMONTID:0000000;CHEMONTID:0004603;CHEMONTID:0000323;CHEMONTID:0001831,Organic compounds;Organic oxygen compounds;Organooxygen compounds;Carbonyl compounds
6916,Carbonyl compounds,0.82,CHEMONTID:0001831,4,CHEMONTID:0000323,CHEMONTID:0000000;CHEMONTID:0004603;CHEMONTID:0000323;CHEMONTID:0001831,Organic compounds;Organic oxygen compounds;Organooxygen compounds;Carbonyl compounds
11004,Carboxylic acid derivatives,0.85,CHEMONTID:0001093,4,CHEMONTID:0000265,CHEMONTID:0000000;CHEMONTID:0000264;CHEMONTID:0000265;CHEMONTID:0001093,Organic compounds;Organic acids and derivatives;Carboxylic acids and derivatives;Carboxylic acid derivatives
11209,Monoalkylamines,0.95,CHEMONTID:0000469,6,CHEMONTID:0002450,CHEMONTID:0000000;CHEMONTID:0004707;CHEMONTID:0000278;CHEMONTID:0002449;CHEMONTID:0002450;CHEMONTID:0000469,Organic compounds;Organic nitrogen compounds;Organonitrogen compounds;Amines;Primary amines;Monoalkylamines
18459,Alcohols and polyols,0.97,CHEMONTID:0000129,4,CHEMONTID:0000323,CHEMONTID:0000000;CHEMONTID:0004603;CHEMONTID:0000323;CHEMONTID:0000129,Organic compounds;Organic oxygen compounds;Organooxygen compounds;Alcohols and polyols
13520,Carbonyl compounds,0.95,CHEMONTID:0001831,4,CHEMONTID:0000323,CHEMONTID:0000000;CHEMONTID:0004603;CHEMONTID:0000323;CHEMONTID:0001831,Organic compounds;Organic oxygen compounds;Organooxygen compounds;Carbonyl compounds
11501,Carbonyl compounds,1,CHEMONTID:0001831,4,CHEMONTID:0000323,CHEMONTID:0000000;CHEMONTID:0004603;CHEMONTID:0000323;CHEMONTID:0001831,Organic compounds;Organic oxygen compounds;Organooxygen compounds;Carbonyl compounds
16272,Monocarboxylic acids and derivatives,0.85,CHEMONTID:0001137,4,CHEMONTID:0000265,CHEMONTID:0000000;CHEMONTID:0000264;CHEMONTID:0000265;CHEMONTID:0001137,Organic compounds;Organic acids and derivatives;Carboxylic acids and derivatives;Monocarboxylic acids and derivatives
4145,Carbonyl compounds,0.99,CHEMONTID:0001831,4,CHEMONTID:0000323,CHEMONTID:0000000;CHEMONTID:0004603;CHEMONTID:0000323;CHEMONTID:0001831,Organic compounds;Organic oxygen compounds;Organooxygen compounds;Carbonyl compounds
16717,Alpha amino acids and derivatives,1,CHEMONTID:0000060,6,CHEMONTID:0000347,CHEMONTID:0000000;CHEMONTID:0000264;CHEMONTID:0000265;CHEMONTID:0000013;CHEMONTID:0000347;CHEMONTID:0000060,"Organic compounds;Organic acids and derivatives;Carboxylic acids and derivatives;Amino acids, peptides, and analogues;Amino acids and derivatives;Alpha amino acids and derivatives"
5260,Carbonyl compounds,0.89,CHEMONTID:0001831,4,CHEMONTID:0000323,CHEMONTID:0000000;CHEMONTID:0004603;CHEMONTID:0000323;CHEMONTID:0001831,Organic compounds;Organic oxygen compounds;Organooxygen compounds;Carbonyl compounds
17084,Carboxylic acid derivatives,0.92,CHEMONTID:0001093,4,CHEMONTID:0000265,CHEMONTID:0000000;CHEMONTID:0000264;CHEMONTID:0000265;CHEMONTID:0001093,Organic compounds;Organic acids and derivatives;Carboxylic acids and derivatives;Carboxylic acid derivatives
18492,Carbonyl compounds,0.99,CHEMONTID:0001831,4,CHEMONTID:0000323,CHEMONTID:0000000;CHEMONTID:0004603;CHEMONTID:0000323;CHEMONTID:0001831,Organic compounds;Organic oxygen compounds;Organooxygen compounds;Carbonyl compounds
10520,Carboxylic acid derivatives,1,CHEMONTID:0001093,4,CHEMONTID:0000265,CHEMONTID:0000000;CHEMONTID:0000264;CHEMONTID:0000265;CHEMONTID:0001093,Organic compounds;Organic acids and derivatives;Carboxylic acids and derivatives;Carboxylic acid derivatives
17796,Pyrimidines and pyrimidine derivatives,0.86,CHEMONTID:0000075,4,CHEMONTID:0001346,CHEMONTID:0000000;CHEMONTID:0000002;CHEMONTID:0001346;CHEMONTID:0000075,Organic compounds;Organoheterocyclic compounds;Diazines;Pyrimidines and pyrimidine derivatives
19008,Carbonyl compounds,0.92,CHEMONTID:0001831,4,CHEMONTID:0000323,CHEMONTID:0000000;CHEMONTID:0004603;CHEMONTID:0000323;CHEMONTID:0001831,Organic compounds;Organic oxygen compounds;Organooxygen compounds;Carbonyl compounds
10136,Amines,0.98,CHEMONTID:0002449,4,CHEMONTID:0000278,CHEMONTID:0000000;CHEMONTID:0004707;CHEMONTID:0000278;CHEMONTID:0002449,Organic compounds;Organic nitrogen compounds;Organonitrogen compounds;Amines
8534,Purines and purine derivatives,0.92,CHEMONTID:0000245,4,CHEMONTID:0001797,CHEMONTID:0000000;CHEMONTID:0000002;CHEMONTID:0001797;CHEMONTID:0000245,Organic compounds;Organoheterocyclic compounds;Imidazopyrimidines;Purines and purine derivatives
16810,Carbonyl compounds,0.83,CHEMONTID:0001831,4,CHEMONTID:0000323,CHEMONTID:0000000;CHEMONTID:0004603;CHEMONTID:0000323;CHEMONTID:0001831,Organic compounds;Organic oxygen compounds;Organooxygen compounds;Carbonyl compounds
10499,Carbonyl compounds,0.94,CHEMONTID:0001831,4,CHEMONTID:0000323,CHEMONTID:0000000;CHEMONTID:0004603;CHEMONTID:0000323;CHEMONTID:0001831,Organic compounds;Organic oxygen compounds;Organooxygen compounds;Carbonyl compounds
10626,Monoalkylamines,0.99,CHEMONTID:0000469,6,CHEMONTID:0002450,CHEMONTID:0000000;CHEMONTID:0004707;CHEMONTID:0000278;CHEMONTID:0002449;CHEMONTID:0002450;CHEMONTID:0000469,Organic compounds;Organic nitrogen compounds;Organonitrogen compounds;Amines;Primary amines;Monoalkylamines
4720,Primary amines,0.93,CHEMONTID:0002450,5,CHEMONTID:0002449,CHEMONTID:0000000;CHEMONTID:0004707;CHEMONTID:0000278;CHEMONTID:0002449;CHEMONTID:0002450,Organic compounds;Organic nitrogen compounds;Organonitrogen compounds;Amines;Primary amines
4871,Carboxylic acid derivatives,0.93,CHEMONTID:0001093,4,CHEMONTID:0000265,CHEMONTID:0000000;CHEMONTID:0000264;CHEMONTID:0000265;CHEMONTID:0001093,Organic compounds;Organic acids and derivatives;Carboxylic acids and derivatives;Carboxylic acid derivatives
6009,Dialkyl ethers,0.85,CHEMONTID:0001167,5,CHEMONTID:0000254,CHEMONTID:0000000;CHEMONTID:0004603;CHEMONTID:0000323;CHEMONTID:0000254;CHEMONTID:0001167,Organic compounds;Organic oxygen compounds;Organooxygen compounds;Ethers;Dialkyl ethers
19986,Amines,0.87,CHEMONTID:0002449,4,CHEMONTID:0000278,CHEMONTID:0000000;CHEMONTID:0004707;CHEMONTID:0000278;CHEMONTID:0002449,Organic compounds;Organic nitrogen compounds;Organonitrogen compounds;Amines
6055,Carbonyl compounds,0.92,CHEMONTID:0001831,4,CHEMONTID:0000323,CHEMONTID:0000000;CHEMONTID:0004603;CHEMONTID:0000323;CHEMONTID:0001831,Organic compounds;Organic oxygen compounds;Organooxygen compounds;Carbonyl compounds
13227,Purines and purine derivatives,0.99,CHEMONTID:0000245,4,CHEMONTID:0001797,CHEMONTID:0000000;CHEMONTID:0000002;CHEMONTID:0001797;CHEMONTID:0000245,Organic compounds;Organoheterocyclic compounds;Imidazopyrimidines;Purines and purine derivatives
878,Carbonyl compounds,0.81,CHEMONTID:0001831,4,CHEMONTID:0000323,CHEMONTID:0000000;CHEMONTID:0004603;CHEMONTID:0000323;CHEMONTID:0001831,Organic compounds;Organic oxygen compounds;Organooxygen compounds;Carbonyl compounds
12864,Amines,0.91,CHEMONTID:0002449,4,CHEMONTID:0000278,CHEMONTID:0000000;CHEMONTID:0004707;CHEMONTID:0000278;CHEMONTID:0002449,Organic compounds;Organic nitrogen compounds;Organonitrogen compounds;Amines
4346,Carboxylic acid derivatives,0.95,CHEMONTID:0001093,4,CHEMONTID:0000265,CHEMONTID:0000000;CHEMONTID:0000264;CHEMONTID:0000265;CHEMONTID:0001093,Organic compounds;Organic acids and derivatives;Carboxylic acids and derivatives;Carboxylic acid derivatives
11464,Carbonyl compounds,0.9,CHEMONTID:0001831,4,CHEMONTID:0000323,CHEMONTID:0000000;CHEMONTID:0004603;CHEMONTID:0000323;CHEMONTID:0001831,Organic compounds;Organic oxygen compounds;Organooxygen compounds;Carbonyl compounds
18264,Carbonyl compounds,0.99,CHEMONTID:0001831,4,CHEMONTID:0000323,CHEMONTID:0000000;CHEMONTID:0004603;CHEMONTID:0000323;CHEMONTID:0001831,Organic compounds;Organic oxygen compounds;Organooxygen compounds;Carbonyl compounds
14196,Carbonyl compounds,0.85,CHEMONTID:0001831,4,CHEMONTID:0000323,CHEMONTID:0000000;CHEMONTID:0004603;CHEMONTID:0000323;CHEMONTID:0001831,Organic compounds;Organic oxygen compounds;Organooxygen compounds;Carbonyl compounds
12892,Amino acids and derivatives,0.96,CHEMONTID:0000347,5,CHEMONTID:0000013,CHEMONTID:0000000;CHEMONTID:0000264;CHEMONTID:0000265;CHEMONTID:0000013;CHEMONTID:0000347,"Organic compounds;Organic acids and derivatives;Carboxylic acids and derivatives;Amino acids, peptides, and analogues;Amino acids and derivatives"
7849,Carbonyl compounds,0.93,CHEMONTID:0001831,4,CHEMONTID:0000323,CHEMONTID:0000000;CHEMONTID:0004603;CHEMONTID:0000323;CHEMONTID:0001831,Organic compounds;Organic oxygen compounds;Organooxygen compounds;Carbonyl compounds
8282,Alkyl phosphates,1,CHEMONTID:0003457,5,CHEMONTID:0000408,CHEMONTID:0000000;CHEMONTID:0000264;CHEMONTID:0000402;CHEMONTID:0000408;CHEMONTID:0003457,Organic compounds;Organic acids and derivatives;Organic phosphoric acids and derivatives;Phosphate esters;Alkyl phosphates
15686,Carboxylic acid derivatives,0.94,CHEMONTID:0001093,4,CHEMONTID:0000265,CHEMONTID:0000000;CHEMONTID:0000264;CHEMONTID:0000265;CHEMONTID:0001093,Organic compounds;Organic acids and derivatives;Carboxylic acids and derivatives;Carboxylic acid derivatives
15360,Amines,0.99,CHEMONTID:0002449,4,CHEMONTID:0000278,CHEMONTID:0000000;CHEMONTID:0004707;CHEMONTID:0000278;CHEMONTID:0002449,Organic compounds;Organic nitrogen compounds;Organonitrogen compounds;Amines
17548,Monoalkylamines,0.97,CHEMONTID:0000469,6,CHEMONTID:0002450,CHEMONTID:0000000;CHEMONTID:0004707;CHEMONTID:0000278;CHEMONTID:0002449;CHEMONTID:0002450;CHEMONTID:0000469,Organic compounds;Organic nitrogen compounds;Organonitrogen compounds;Amines;Primary amines;Monoalkylamines
2048,Carbonyl compounds,0.94,CHEMONTID:0001831,4,CHEMONTID:0000323,CHEMONTID:0000000;CHEMONTID:0004603;CHEMONTID:0000323;CHEMONTID:0001831,Organic compounds;Organic oxygen compounds;Organooxygen compounds;Carbonyl compounds
376,Alcohols and polyols,0.98,CHEMONTID:0000129,4,CHEMONTID:0000323,CHEMONTID:0000000;CHEMONTID:0004603;CHEMONTID:0000323;CHEMONTID:0000129,Organic compounds;Organic oxygen compounds;Organooxygen compounds;Alcohols and polyols
17688,Carboxylic acid derivatives,1,CHEMONTID:0001093,4,CHEMONTID:0000265,CHEMONTID:0000000;CHEMONTID:0000264;CHEMONTID:0000265;CHEMONTID:0001093,Organic compounds;Organic acids and derivatives;Carboxylic acids and derivatives;Carboxylic acid derivatives
20654,Carboxylic acid derivatives,0.99,CHEMONTID:0001093,4,CHEMONTID:0000265,CHEMONTID:0000000;CHEMONTID:0000264;CHEMONTID:0000265;CHEMONTID:0001093,Organic compounds;Organic acids and derivatives;Carboxylic acids and derivatives;Carboxylic acid derivatives
20634,Primary amines,0.99,CHEMONTID:0002450,5,CHEMONTID:0002449,CHEMONTID:0000000;CHEMONTID:0004707;CHEMONTID:0000278;CHEMONTID:0002449;CHEMONTID:0002450,Organic compounds;Organic nitrogen compounds;Organonitrogen compounds;Amines;Primary amines
7391,Carboxylic acid derivatives,0.92,CHEMONTID:0001093,4,CHEMONTID:0000265,CHEMONTID:0000000;CHEMONTID:0000264;CHEMONTID:0000265;CHEMONTID:0001093,Organic compounds;Organic acids and derivatives;Carboxylic acids and derivatives;Carboxylic acid derivatives
12309,Carbonyl compounds,0.85,CHEMONTID:0001831,4,CHEMONTID:0000323,CHEMONTID:0000000;CHEMONTID:0004603;CHEMONTID:0000323;CHEMONTID:0001831,Organic compounds;Organic oxygen compounds;Organooxygen compounds;Carbonyl compounds
11316,Carboxylic acid derivatives,0.99,CHEMONTID:0001093,4,CHEMONTID:0000265,CHEMONTID:0000000;CHEMONTID:0000264;CHEMONTID:0000265;CHEMONTID:0001093,Organic compounds;Organic acids and derivatives;Carboxylic acids and derivatives;Carboxylic acid derivatives
1484,Carbonyl compounds,0.81,CHEMONTID:0001831,4,CHEMONTID:0000323,CHEMONTID:0000000;CHEMONTID:0004603;CHEMONTID:0000323;CHEMONTID:0001831,Organic compounds;Organic oxygen compounds;Organooxygen compounds;Carbonyl compounds
16392,Amines,0.98,CHEMONTID:0002449,4,CHEMONTID:0000278,CHEMONTID:0000000;CHEMONTID:0004707;CHEMONTID:0000278;CHEMONTID:0002449,Organic compounds;Organic nitrogen compounds;Organonitrogen compounds;Amines
9716,Carbonyl compounds,0.91,CHEMONTID:0001831,4,CHEMONTID:0000323,CHEMONTID:0000000;CHEMONTID:0004603;CHEMONTID:0000323;CHEMONTID:0001831,Organic compounds;Organic oxygen compounds;Organooxygen compounds;Carbonyl compounds
19839,Ethers,0.93,CHEMONTID:0000254,4,CHEMONTID:0000323,CHEMONTID:0000000;CHEMONTID:0004603;CHEMONTID:0000323;CHEMONTID:0000254,Organic compounds;Organic oxygen compounds;Organooxygen compounds;Ethers
5318,Carboxylic acid derivatives,0.99,CHEMONTID:0001093,4,CHEMONTID:0000265,CHEMONTID:0000000;CHEMONTID:0000264;CHEMONTID:0000265;CHEMONTID:0001093,Organic compounds;Organic acids and derivatives;Carboxylic acids and derivatives;Carboxylic acid derivatives
16290,Amines,0.82,CHEMONTID:0002449,4,CHEMONTID:0000278,CHEMONTID:0000000;CHEMONTID:0004707;CHEMONTID:0000278;CHEMONTID:0002449,Organic compounds;Organic nitrogen compounds;Organonitrogen compounds;Amines
3653,Carbonyl compounds,0.93,CHEMONTID:0001831,4,CHEMONTID:0000323,CHEMONTID:0000000;CHEMONTID:0004603;CHEMONTID:0000323;CHEMONTID:0001831,Organic compounds;Organic oxygen compounds;Organooxygen compounds;Carbonyl compounds
7380,Alcohols and polyols,0.95,CHEMONTID:0000129,4,CHEMONTID:0000323,CHEMONTID:0000000;CHEMONTID:0004603;CHEMONTID:0000323;CHEMONTID:0000129,Organic compounds;Organic oxygen compounds;Organooxygen compounds;Alcohols and polyols
10803,Amines,0.89,CHEMONTID:0002449,4,CHEMONTID:0000278,CHEMONTID:0000000;CHEMONTID:0004707;CHEMONTID:0000278;CHEMONTID:0002449,Organic compounds;Organic nitrogen compounds;Organonitrogen compounds;Amines
13456,Monoalkylamines,0.92,CHEMONTID:0000469,6,CHEMONTID:0002450,CHEMONTID:0000000;CHEMONTID:0004707;CHEMONTID:0000278;CHEMONTID:0002449;CHEMONTID:0002450;CHEMONTID:0000469,Organic compounds;Organic nitrogen compounds;Organonitrogen compounds;Amines;Primary amines;Monoalkylamines
9257,Carbonyl compounds,0.89,CHEMONTID:0001831,4,CHEMONTID:0000323,CHEMONTID:0000000;CHEMONTID:0004603;CHEMONTID:0000323;CHEMONTID:0001831,Organic compounds;Organic oxygen compounds;Organooxygen compounds;Carbonyl compounds
3682,Carbonyl compounds,0.92,CHEMONTID:0001831,4,CHEMONTID:0000323,CHEMONTID:0000000;CHEMONTID:0004603;CHEMONTID:0000323;CHEMONTID:0001831,Organic compounds;Organic oxygen compounds;Organooxygen compounds;Carbonyl compounds
8905,Primary amines,0.89,CHEMONTID:0002450,5,CHEMONTID:0002449,CHEMONTID:0000000;CHEMONTID:0004707;CHEMONTID:0000278;CHEMONTID:0002449;CHEMONTID:0002450,Organic compounds;Organic nitrogen compounds;Organonitrogen compounds;Amines;Primary amines
3759,Carbonyl compounds,0.96,CHEMONTID:0001831,4,CHEMONTID:0000323,CHEMONTID:0000000;CHEMONTID:0004603;CHEMONTID:0000323;CHEMONTID:0001831,Organic compounds;Organic oxygen compounds;Organooxygen compounds;Carbonyl compounds
18235,Monosaccharide phosphates,1,CHEMONTID:0001541,6,CHEMONTID:0001540,CHEMONTID:0000000;CHEMONTID:0004603;CHEMONTID:0000323;CHEMONTID:0000011;CHEMONTID:0001540;CHEMONTID:0001541,Organic compounds;Organic oxygen compounds;Organooxygen compounds;Carbohydrates and carbohydrate conjugates;Monosaccharides;Monosaccharide phosphates
2402,Carbonyl compounds,0.93,CHEMONTID:0001831,4,CHEMONTID:0000323,CHEMONTID:0000000;CHEMONTID:0004603;CHEMONTID:0000323;CHEMONTID:0001831,Organic compounds;Organic oxygen compounds;Organooxygen compounds;Carbonyl compounds
15648,Carbohydrates and carbohydrate conjugates,0.93,CHEMONTID:0000011,4,CHEMONTID:0000323,CHEMONTID:0000000;CHEMONTID:0004603;CHEMONTID:0000323;CHEMONTID:0000011,Organic compounds;Organic oxygen compounds;Organooxygen compounds;Carbohydrates and carbohydrate conjugates
9233,Amines,0.99,CHEMONTID:0002449,4,CHEMONTID:0000278,CHEMONTID:0000000;CHEMONTID:0004707;CHEMONTID:0000278;CHEMONTID:0002449,Organic compounds;Organic nitrogen compounds;Organonitrogen compounds;Amines
16850,Carbonyl compounds,0.99,CHEMONTID:0001831,4,CHEMONTID:0000323,CHEMONTID:0000000;CHEMONTID:0004603;CHEMONTID:0000323;CHEMONTID:0001831,Organic compounds;Organic oxygen compounds;Organooxygen compounds;Carbonyl compounds
14555,Carbonyl compounds,0.99,CHEMONTID:0001831,4,CHEMONTID:0000323,CHEMONTID:0000000;CHEMONTID:0004603;CHEMONTID:0000323;CHEMONTID:0001831,Organic compounds;Organic oxygen compounds;Organooxygen compounds;Carbonyl compounds
8398,Carbonyl compounds,0.84,CHEMONTID:0001831,4,CHEMONTID:0000323,CHEMONTID:0000000;CHEMONTID:0004603;CHEMONTID:0000323;CHEMONTID:0001831,Organic compounds;Organic oxygen compounds;Organooxygen compounds;Carbonyl compounds
19601,Carbonyl compounds,0.96,CHEMONTID:0001831,4,CHEMONTID:0000323,CHEMONTID:0000000;CHEMONTID:0004603;CHEMONTID:0000323;CHEMONTID:0001831,Organic compounds;Organic oxygen compounds;Organooxygen compounds;Carbonyl compounds
19133,Amines,1,CHEMONTID:0002449,4,CHEMONTID:0000278,CHEMONTID:0000000;CHEMONTID:0004707;CHEMONTID:0000278;CHEMONTID:0002449,Organic compounds;Organic nitrogen compounds;Organonitrogen compounds;Amines
6082,Carbonyl compounds,0.92,CHEMONTID:0001831,4,CHEMONTID:0000323,CHEMONTID:0000000;CHEMONTID:0004603;CHEMONTID:0000323;CHEMONTID:0001831,Organic compounds;Organic oxygen compounds;Organooxygen compounds;Carbonyl compounds
14400,Monocarboxylic acids and derivatives,0.94,CHEMONTID:0001137,4,CHEMONTID:0000265,CHEMONTID:0000000;CHEMONTID:0000264;CHEMONTID:0000265;CHEMONTID:0001137,Organic compounds;Organic acids and derivatives;Carboxylic acids and derivatives;Monocarboxylic acids and derivatives
3711,Carbonyl compounds,0.93,CHEMONTID:0001831,4,CHEMONTID:0000323,CHEMONTID:0000000;CHEMONTID:0004603;CHEMONTID:0000323;CHEMONTID:0001831,Organic compounds;Organic oxygen compounds;Organooxygen compounds;Carbonyl compounds
9645,Carbonyl compounds,0.91,CHEMONTID:0001831,4,CHEMONTID:0000323,CHEMONTID:0000000;CHEMONTID:0004603;CHEMONTID:0000323;CHEMONTID:0001831,Organic compounds;Organic oxygen compounds;Organooxygen compounds;Carbonyl compounds
14723,Carboxylic acid derivatives,0.97,CHEMONTID:0001093,4,CHEMONTID:0000265,CHEMONTID:0000000;CHEMONTID:0000264;CHEMONTID:0000265;CHEMONTID:0001093,Organic compounds;Organic acids and derivatives;Carboxylic acids and derivatives;Carboxylic acid derivatives
20283,Monocarboxylic acids and derivatives,0.95,CHEMONTID:0001137,4,CHEMONTID:0000265,CHEMONTID:0000000;CHEMONTID:0000264;CHEMONTID:0000265;CHEMONTID:0001137,Organic compounds;Organic acids and derivatives;Carboxylic acids and derivatives;Monocarboxylic acids and derivatives
15126,Carboxylic acid derivatives,0.84,CHEMONTID:0001093,4,CHEMONTID:0000265,CHEMONTID:0000000;CHEMONTID:0000264;CHEMONTID:0000265;CHEMONTID:0001093,Organic compounds;Organic acids and derivatives;Carboxylic acids and derivatives;Carboxylic acid derivatives
7858,Carbonyl compounds,0.96,CHEMONTID:0001831,4,CHEMONTID:0000323,CHEMONTID:0000000;CHEMONTID:0004603;CHEMONTID:0000323;CHEMONTID:0001831,Organic compounds;Organic oxygen compounds;Organooxygen compounds;Carbonyl compounds
15576,Alcohols and polyols,0.9,CHEMONTID:0000129,4,CHEMONTID:0000323,CHEMONTID:0000000;CHEMONTID:0004603;CHEMONTID:0000323;CHEMONTID:0000129,Organic compounds;Organic oxygen compounds;Organooxygen compounds;Alcohols and polyols
7971,Carbonyl compounds,0.89,CHEMONTID:0001831,4,CHEMONTID:0000323,CHEMONTID:0000000;CHEMONTID:0004603;CHEMONTID:0000323;CHEMONTID:0001831,Organic compounds;Organic oxygen compounds;Organooxygen compounds;Carbonyl compounds
12886,Carbonyl compounds,0.82,CHEMONTID:0001831,4,CHEMONTID:0000323,CHEMONTID:0000000;CHEMONTID:0004603;CHEMONTID:0000323;CHEMONTID:0001831,Organic compounds;Organic oxygen compounds;Organooxygen compounds;Carbonyl compounds
15523,Amines,0.98,CHEMONTID:0002449,4,CHEMONTID:0000278,CHEMONTID:0000000;CHEMONTID:0004707;CHEMONTID:0000278;CHEMONTID:0002449,Organic compounds;Organic nitrogen compounds;Organonitrogen compounds;Amines
8139,Carbonyl compounds,0.92,CHEMONTID:0001831,4,CHEMONTID:0000323,CHEMONTID:0000000;CHEMONTID:0004603;CHEMONTID:0000323;CHEMONTID:0001831,Organic compounds;Organic oxygen compounds;Organooxygen compounds;Carbonyl compounds
7495,Dialkyl ethers,0.98,CHEMONTID:0001167,5,CHEMONTID:0000254,CHEMONTID:0000000;CHEMONTID:0004603;CHEMONTID:0000323;CHEMONTID:0000254;CHEMONTID:0001167,Organic compounds;Organic oxygen compounds;Organooxygen compounds;Ethers;Dialkyl ethers
3461,Ethers,0.8,CHEMONTID:0000254,4,CHEMONTID:0000323,CHEMONTID:0000000;CHEMONTID:0004603;CHEMONTID:0000323;CHEMONTID:0000254,Organic compounds;Organic oxygen compounds;Organooxygen compounds;Ethers
8255,Pyrimidines and pyrimidine derivatives,0.95,CHEMONTID:0000075,4,CHEMONTID:0001346,CHEMONTID:0000000;CHEMONTID:0000002;CHEMONTID:0001346;CHEMONTID:0000075,Organic compounds;Organoheterocyclic compounds;Diazines;Pyrimidines and pyrimidine derivatives
3291,Monoalkylamines,1,CHEMONTID:0000469,6,CHEMONTID:0002450,CHEMONTID:0000000;CHEMONTID:0004707;CHEMONTID:0000278;CHEMONTID:0002449;CHEMONTID:0002450;CHEMONTID:0000469,Organic compounds;Organic nitrogen compounds;Organonitrogen compounds;Amines;Primary amines;Monoalkylamines
8527,Amines,0.99,CHEMONTID:0002449,4,CHEMONTID:0000278,CHEMONTID:0000000;CHEMONTID:0004707;CHEMONTID:0000278;CHEMONTID:0002449,Organic compounds;Organic nitrogen compounds;Organonitrogen compounds;Amines
6523,Carbonyl compounds,1,CHEMONTID:0001831,4,CHEMONTID:0000323,CHEMONTID:0000000;CHEMONTID:0004603;CHEMONTID:0000323;CHEMONTID:0001831,Organic compounds;Organic oxygen compounds;Organooxygen compounds;Carbonyl compounds
20235,Amines,0.82,CHEMONTID:0002449,4,CHEMONTID:0000278,CHEMONTID:0000000;CHEMONTID:0004707;CHEMONTID:0000278;CHEMONTID:0002449,Organic compounds;Organic nitrogen compounds;Organonitrogen compounds;Amines
10667,Carboxylic acid derivatives,0.91,CHEMONTID:0001093,4,CHEMONTID:0000265,CHEMONTID:0000000;CHEMONTID:0000264;CHEMONTID:0000265;CHEMONTID:0001093,Organic compounds;Organic acids and derivatives;Carboxylic acids and derivatives;Carboxylic acid derivatives
4662,Monocarboxylic acids and derivatives,0.8,CHEMONTID:0001137,4,CHEMONTID:0000265,CHEMONTID:0000000;CHEMONTID:0000264;CHEMONTID:0000265;CHEMONTID:0001137,Organic compounds;Organic acids and derivatives;Carboxylic acids and derivatives;Monocarboxylic acids and derivatives
3823,Alkyl phosphates,0.99,CHEMONTID:0003457,5,CHEMONTID:0000408,CHEMONTID:0000000;CHEMONTID:0000264;CHEMONTID:0000402;CHEMONTID:0000408;CHEMONTID:0003457,Organic compounds;Organic acids and derivatives;Organic phosphoric acids and derivatives;Phosphate esters;Alkyl phosphates
661,Amines,0.9,CHEMONTID:0002449,4,CHEMONTID:0000278,CHEMONTID:0000000;CHEMONTID:0004707;CHEMONTID:0000278;CHEMONTID:0002449,Organic compounds;Organic nitrogen compounds;Organonitrogen compounds;Amines
11840,Carbonyl compounds,0.92,CHEMONTID:0001831,4,CHEMONTID:0000323,CHEMONTID:0000000;CHEMONTID:0004603;CHEMONTID:0000323;CHEMONTID:0001831,Organic compounds;Organic oxygen compounds;Organooxygen compounds;Carbonyl compounds
3704,Carbonyl compounds,0.97,CHEMONTID:0001831,4,CHEMONTID:0000323,CHEMONTID:0000000;CHEMONTID:0004603;CHEMONTID:0000323;CHEMONTID:0001831,Organic compounds;Organic oxygen compounds;Organooxygen compounds;Carbonyl compounds
11249,Secondary alcohols,0.99,CHEMONTID:0001661,5,CHEMONTID:0000129,CHEMONTID:0000000;CHEMONTID:0004603;CHEMONTID:0000323;CHEMONTID:0000129;CHEMONTID:0001661,Organic compounds;Organic oxygen compounds;Organooxygen compounds;Alcohols and polyols;Secondary alcohols
10995,Carbonyl compounds,0.87,CHEMONTID:0001831,4,CHEMONTID:0000323,CHEMONTID:0000000;CHEMONTID:0004603;CHEMONTID:0000323;CHEMONTID:0001831,Organic compounds;Organic oxygen compounds;Organooxygen compounds;Carbonyl compounds
12462,Amino acids and derivatives,0.83,CHEMONTID:0000347,5,CHEMONTID:0000013,CHEMONTID:0000000;CHEMONTID:0000264;CHEMONTID:0000265;CHEMONTID:0000013;CHEMONTID:0000347,"Organic compounds;Organic acids and derivatives;Carboxylic acids and derivatives;Amino acids, peptides, and analogues;Amino acids and derivatives"
10094,Carbonyl compounds,0.93,CHEMONTID:0001831,4,CHEMONTID:0000323,CHEMONTID:0000000;CHEMONTID:0004603;CHEMONTID:0000323;CHEMONTID:0001831,Organic compounds;Organic oxygen compounds;Organooxygen compounds;Carbonyl compounds
7757,Carbonyl compounds,0.9,CHEMONTID:0001831,4,CHEMONTID:0000323,CHEMONTID:0000000;CHEMONTID:0004603;CHEMONTID:0000323;CHEMONTID:0001831,Organic compounds;Organic oxygen compounds;Organooxygen compounds;Carbonyl compounds
16629,Ethers,0.84,CHEMONTID:0000254,4,CHEMONTID:0000323,CHEMONTID:0000000;CHEMONTID:0004603;CHEMONTID:0000323;CHEMONTID:0000254,Organic compounds;Organic oxygen compounds;Organooxygen compounds;Ethers
18027,Carboxylic acid derivatives,0.97,CHEMONTID:0001093,4,CHEMONTID:0000265,CHEMONTID:0000000;CHEMONTID:0000264;CHEMONTID:0000265;CHEMONTID:0001093,Organic compounds;Organic acids and derivatives;Carboxylic acids and derivatives;Carboxylic acid derivatives
12092,Ethers,0.87,CHEMONTID:0000254,4,CHEMONTID:0000323,CHEMONTID:0000000;CHEMONTID:0004603;CHEMONTID:0000323;CHEMONTID:0000254,Organic compounds;Organic oxygen compounds;Organooxygen compounds;Ethers
13315,Carboxylic acid derivatives,0.99,CHEMONTID:0001093,4,CHEMONTID:0000265,CHEMONTID:0000000;CHEMONTID:0000264;CHEMONTID:0000265;CHEMONTID:0001093,Organic compounds;Organic acids and derivatives;Carboxylic acids and derivatives;Carboxylic acid derivatives
2522,Carboxylic acid derivatives,0.96,CHEMONTID:0001093,4,CHEMONTID:0000265,CHEMONTID:0000000;CHEMONTID:0000264;CHEMONTID:0000265;CHEMONTID:0001093,Organic compounds;Organic acids and derivatives;Carboxylic acids and derivatives;Carboxylic acid derivatives
14220,Carboxylic acid derivatives,0.99,CHEMONTID:0001093,4,CHEMONTID:0000265,CHEMONTID:0000000;CHEMONTID:0000264;CHEMONTID:0000265;CHEMONTID:0001093,Organic compounds;Organic acids and derivatives;Carboxylic acids and derivatives;Carboxylic acid derivatives
14145,Carbonyl compounds,0.94,CHEMONTID:0001831,4,CHEMONTID:0000323,CHEMONTID:0000000;CHEMONTID:0004603;CHEMONTID:0000323;CHEMONTID:0001831,Organic compounds;Organic oxygen compounds;Organooxygen compounds;Carbonyl compounds
9601,Alcohols and polyols,0.84,CHEMONTID:0000129,4,CHEMONTID:0000323,CHEMONTID:0000000;CHEMONTID:0004603;CHEMONTID:0000323;CHEMONTID:0000129,Organic compounds;Organic oxygen compounds;Organooxygen compounds;Alcohols and polyols
11781,"Amino acids, peptides, and analogues",0.96,CHEMONTID:0000013,4,CHEMONTID:0000265,CHEMONTID:0000000;CHEMONTID:0000264;CHEMONTID:0000265;CHEMONTID:0000013,"Organic compounds;Organic acids and derivatives;Carboxylic acids and derivatives;Amino acids, peptides, and analogues"
3755,Alcohols and polyols,0.83,CHEMONTID:0000129,4,CHEMONTID:0000323,CHEMONTID:0000000;CHEMONTID:0004603;CHEMONTID:0000323;CHEMONTID:0000129,Organic compounds;Organic oxygen compounds;Organooxygen compounds;Alcohols and polyols
8909,Alkyl chlorides,0.93,CHEMONTID:0001026,4,CHEMONTID:0002867,CHEMONTID:0000000;CHEMONTID:0000267;CHEMONTID:0002867;CHEMONTID:0001026,Organic compounds;Organohalogen compounds;Alkyl halides;Alkyl chlorides
5563,Amines,0.96,CHEMONTID:0002449,4,CHEMONTID:0000278,CHEMONTID:0000000;CHEMONTID:0004707;CHEMONTID:0000278;CHEMONTID:0002449,Organic compounds;Organic nitrogen compounds;Organonitrogen compounds;Amines
2606,Carbonyl compounds,0.85,CHEMONTID:0001831,4,CHEMONTID:0000323,CHEMONTID:0000000;CHEMONTID:0004603;CHEMONTID:0000323;CHEMONTID:0001831,Organic compounds;Organic oxygen compounds;Organooxygen compounds;Carbonyl compounds
18765,Amines,0.96,CHEMONTID:0002449,4,CHEMONTID:0000278,CHEMONTID:0000000;CHEMONTID:0004707;CHEMONTID:0000278;CHEMONTID:0002449,Organic compounds;Organic nitrogen compounds;Organonitrogen compounds;Amines
5462,Primary amines,0.84,CHEMONTID:0002450,5,CHEMONTID:0002449,CHEMONTID:0000000;CHEMONTID:0004707;CHEMONTID:0000278;CHEMONTID:0002449;CHEMONTID:0002450,Organic compounds;Organic nitrogen compounds;Organonitrogen compounds;Amines;Primary amines
18297,Carboxylic acid derivatives,0.99,CHEMONTID:0001093,4,CHEMONTID:0000265,CHEMONTID:0000000;CHEMONTID:0000264;CHEMONTID:0000265;CHEMONTID:0001093,Organic compounds;Organic acids and derivatives;Carboxylic acids and derivatives;Carboxylic acid derivatives
9940,Monoalkylamines,0.96,CHEMONTID:0000469,6,CHEMONTID:0002450,CHEMONTID:0000000;CHEMONTID:0004707;CHEMONTID:0000278;CHEMONTID:0002449;CHEMONTID:0002450;CHEMONTID:0000469,Organic compounds;Organic nitrogen compounds;Organonitrogen compounds;Amines;Primary amines;Monoalkylamines
2299,Amines,0.89,CHEMONTID:0002449,4,CHEMONTID:0000278,CHEMONTID:0000000;CHEMONTID:0004707;CHEMONTID:0000278;CHEMONTID:0002449,Organic compounds;Organic nitrogen compounds;Organonitrogen compounds;Amines
8213,Carbonyl compounds,0.98,CHEMONTID:0001831,4,CHEMONTID:0000323,CHEMONTID:0000000;CHEMONTID:0004603;CHEMONTID:0000323;CHEMONTID:0001831,Organic compounds;Organic oxygen compounds;Organooxygen compounds;Carbonyl compounds
15102,N-acyl amines,0.96,CHEMONTID:0001096,5,CHEMONTID:0000331,CHEMONTID:0000000;CHEMONTID:0000012;CHEMONTID:0003909;CHEMONTID:0000331;CHEMONTID:0001096,Organic compounds;Lipids and lipid-like molecules;Fatty Acyls;Fatty amides;N-acyl amines
6255,Carbonyl compounds,0.84,CHEMONTID:0001831,4,CHEMONTID:0000323,CHEMONTID:0000000;CHEMONTID:0004603;CHEMONTID:0000323;CHEMONTID:0001831,Organic compounds;Organic oxygen compounds;Organooxygen compounds;Carbonyl compounds
19877,Carbonyl compounds,0.97,CHEMONTID:0001831,4,CHEMONTID:0000323,CHEMONTID:0000000;CHEMONTID:0004603;CHEMONTID:0000323;CHEMONTID:0001831,Organic compounds;Organic oxygen compounds;Organooxygen compounds;Carbonyl compounds
15665,Primary amines,1,CHEMONTID:0002450,5,CHEMONTID:0002449,CHEMONTID:0000000;CHEMONTID:0004707;CHEMONTID:0000278;CHEMONTID:0002449;CHEMONTID:0002450,Organic compounds;Organic nitrogen compounds;Organonitrogen compounds;Amines;Primary amines
509,Carbonyl compounds,0.92,CHEMONTID:0001831,4,CHEMONTID:0000323,CHEMONTID:0000000;CHEMONTID:0004603;CHEMONTID:0000323;CHEMONTID:0001831,Organic compounds;Organic oxygen compounds;Organooxygen compounds;Carbonyl compounds
13593,Monoalkylamines,0.98,CHEMONTID:0000469,6,CHEMONTID:0002450,CHEMONTID:0000000;CHEMONTID:0004707;CHEMONTID:0000278;CHEMONTID:0002449;CHEMONTID:0002450;CHEMONTID:0000469,Organic compounds;Organic nitrogen compounds;Organonitrogen compounds;Amines;Primary amines;Monoalkylamines
7402,Monoalkylamines,0.91,CHEMONTID:0000469,6,CHEMONTID:0002450,CHEMONTID:0000000;CHEMONTID:0004707;CHEMONTID:0000278;CHEMONTID:0002449;CHEMONTID:0002450;CHEMONTID:0000469,Organic compounds;Organic nitrogen compounds;Organonitrogen compounds;Amines;Primary amines;Monoalkylamines
5516,Amines,0.91,CHEMONTID:0002449,4,CHEMONTID:0000278,CHEMONTID:0000000;CHEMONTID:0004707;CHEMONTID:0000278;CHEMONTID:0002449,Organic compounds;Organic nitrogen compounds;Organonitrogen compounds;Amines
14169,Monocarboxylic acids and derivatives,0.91,CHEMONTID:0001137,4,CHEMONTID:0000265,CHEMONTID:0000000;CHEMONTID:0000264;CHEMONTID:0000265;CHEMONTID:0001137,Organic compounds;Organic acids and derivatives;Carboxylic acids and derivatives;Monocarboxylic acids and derivatives
10892,Carbonyl compounds,0.9,CHEMONTID:0001831,4,CHEMONTID:0000323,CHEMONTID:0000000;CHEMONTID:0004603;CHEMONTID:0000323;CHEMONTID:0001831,Organic compounds;Organic oxygen compounds;Organooxygen compounds;Carbonyl compounds
14362,Olefins,0.99,CHEMONTID:0002838,4,CHEMONTID:0004475,CHEMONTID:0000000;CHEMONTID:0002837;CHEMONTID:0004475;CHEMONTID:0002838,Organic compounds;Hydrocarbons;Unsaturated hydrocarbons;Olefins
19199,Monocarboxylic acids and derivatives,0.89,CHEMONTID:0001137,4,CHEMONTID:0000265,CHEMONTID:0000000;CHEMONTID:0000264;CHEMONTID:0000265;CHEMONTID:0001137,Organic compounds;Organic acids and derivatives;Carboxylic acids and derivatives;Monocarboxylic acids and derivatives
8353,Carbonyl compounds,0.92,CHEMONTID:0001831,4,CHEMONTID:0000323,CHEMONTID:0000000;CHEMONTID:0004603;CHEMONTID:0000323;CHEMONTID:0001831,Organic compounds;Organic oxygen compounds;Organooxygen compounds;Carbonyl compounds
6049,Amines,0.96,CHEMONTID:0002449,4,CHEMONTID:0000278,CHEMONTID:0000000;CHEMONTID:0004707;CHEMONTID:0000278;CHEMONTID:0002449,Organic compounds;Organic nitrogen compounds;Organonitrogen compounds;Amines
13553,Carbonyl compounds,0.82,CHEMONTID:0001831,4,CHEMONTID:0000323,CHEMONTID:0000000;CHEMONTID:0004603;CHEMONTID:0000323;CHEMONTID:0001831,Organic compounds;Organic oxygen compounds;Organooxygen compounds;Carbonyl compounds
16982,Monocarboxylic acids and derivatives,0.95,CHEMONTID:0001137,4,CHEMONTID:0000265,CHEMONTID:0000000;CHEMONTID:0000264;CHEMONTID:0000265;CHEMONTID:0001137,Organic compounds;Organic acids and derivatives;Carboxylic acids and derivatives;Monocarboxylic acids and derivatives
10904,Monocarboxylic acids and derivatives,0.84,CHEMONTID:0001137,4,CHEMONTID:0000265,CHEMONTID:0000000;CHEMONTID:0000264;CHEMONTID:0000265;CHEMONTID:0001137,Organic compounds;Organic acids and derivatives;Carboxylic acids and derivatives;Monocarboxylic acids and derivatives
3109,Carbonyl compounds,0.8,CHEMONTID:0001831,4,CHEMONTID:0000323,CHEMONTID:0000000;CHEMONTID:0004603;CHEMONTID:0000323;CHEMONTID:0001831,Organic compounds;Organic oxygen compounds;Organooxygen compounds;Carbonyl compounds
6314,6-alkylaminopurines,0.98,CHEMONTID:0003454,6,CHEMONTID:0002987,CHEMONTID:0000000;CHEMONTID:0000002;CHEMONTID:0001797;CHEMONTID:0000245;CHEMONTID:0002987;CHEMONTID:0003454,Organic compounds;Organoheterocyclic compounds;Imidazopyrimidines;Purines and purine derivatives;6-aminopurines;6-alkylaminopurines
18388,Amino acids and derivatives,0.91,CHEMONTID:0000347,5,CHEMONTID:0000013,CHEMONTID:0000000;CHEMONTID:0000264;CHEMONTID:0000265;CHEMONTID:0000013;CHEMONTID:0000347,"Organic compounds;Organic acids and derivatives;Carboxylic acids and derivatives;Amino acids, peptides, and analogues;Amino acids and derivatives"
6652,Pyrimidines and pyrimidine derivatives,0.96,CHEMONTID:0000075,4,CHEMONTID:0001346,CHEMONTID:0000000;CHEMONTID:0000002;CHEMONTID:0001346;CHEMONTID:0000075,Organic compounds;Organoheterocyclic compounds;Diazines;Pyrimidines and pyrimidine derivatives
3740,Alcohols and polyols,0.81,CHEMONTID:0000129,4,CHEMONTID:0000323,CHEMONTID:0000000;CHEMONTID:0004603;CHEMONTID:0000323;CHEMONTID:0000129,Organic compounds;Organic oxygen compounds;Organooxygen compounds;Alcohols and polyols
11148,Carboxylic acid derivatives,0.99,CHEMONTID:0001093,4,CHEMONTID:0000265,CHEMONTID:0000000;CHEMONTID:0000264;CHEMONTID:0000265;CHEMONTID:0001093,Organic compounds;Organic acids and derivatives;Carboxylic acids and derivatives;Carboxylic acid derivatives
12724,Monoalkylamines,0.99,CHEMONTID:0000469,6,CHEMONTID:0002450,CHEMONTID:0000000;CHEMONTID:0004707;CHEMONTID:0000278;CHEMONTID:0002449;CHEMONTID:0002450;CHEMONTID:0000469,Organic compounds;Organic nitrogen compounds;Organonitrogen compounds;Amines;Primary amines;Monoalkylamines
4410,Primary alcohols,0.84,CHEMONTID:0000286,5,CHEMONTID:0000129,CHEMONTID:0000000;CHEMONTID:0004603;CHEMONTID:0000323;CHEMONTID:0000129;CHEMONTID:0000286,Organic compounds;Organic oxygen compounds;Organooxygen compounds;Alcohols and polyols;Primary alcohols
4070,Amines,0.87,CHEMONTID:0002449,4,CHEMONTID:0000278,CHEMONTID:0000000;CHEMONTID:0004707;CHEMONTID:0000278;CHEMONTID:0002449,Organic compounds;Organic nitrogen compounds;Organonitrogen compounds;Amines
15234,Amines,1,CHEMONTID:0002449,4,CHEMONTID:0000278,CHEMONTID:0000000;CHEMONTID:0004707;CHEMONTID:0000278;CHEMONTID:0002449,Organic compounds;Organic nitrogen compounds;Organonitrogen compounds;Amines
2667,Primary amines,0.8,CHEMONTID:0002450,5,CHEMONTID:0002449,CHEMONTID:0000000;CHEMONTID:0004707;CHEMONTID:0000278;CHEMONTID:0002449;CHEMONTID:0002450,Organic compounds;Organic nitrogen compounds;Organonitrogen compounds;Amines;Primary amines
11755,Primary amines,1,CHEMONTID:0002450,5,CHEMONTID:0002449,CHEMONTID:0000000;CHEMONTID:0004707;CHEMONTID:0000278;CHEMONTID:0002449;CHEMONTID:0002450,Organic compounds;Organic nitrogen compounds;Organonitrogen compounds;Amines;Primary amines
3602,Carbonyl compounds,0.94,CHEMONTID:0001831,4,CHEMONTID:0000323,CHEMONTID:0000000;CHEMONTID:0004603;CHEMONTID:0000323;CHEMONTID:0001831,Organic compounds;Organic oxygen compounds;Organooxygen compounds;Carbonyl compounds
10169,Carboxylic acid derivatives,0.98,CHEMONTID:0001093,4,CHEMONTID:0000265,CHEMONTID:0000000;CHEMONTID:0000264;CHEMONTID:0000265;CHEMONTID:0001093,Organic compounds;Organic acids and derivatives;Carboxylic acids and derivatives;Carboxylic acid derivatives
17419,Carbonyl compounds,0.85,CHEMONTID:0001831,4,CHEMONTID:0000323,CHEMONTID:0000000;CHEMONTID:0004603;CHEMONTID:0000323;CHEMONTID:0001831,Organic compounds;Organic oxygen compounds;Organooxygen compounds;Carbonyl compounds
15304,Carboxylic acid esters,0.93,CHEMONTID:0001238,5,CHEMONTID:0001093,CHEMONTID:0000000;CHEMONTID:0000264;CHEMONTID:0000265;CHEMONTID:0001093;CHEMONTID:0001238,Organic compounds;Organic acids and derivatives;Carboxylic acids and derivatives;Carboxylic acid derivatives;Carboxylic acid esters
49,Pentose phosphates,1,CHEMONTID:0002259,7,CHEMONTID:0001497,CHEMONTID:0000000;CHEMONTID:0004603;CHEMONTID:0000323;CHEMONTID:0000011;CHEMONTID:0001540;CHEMONTID:0001497;CHEMONTID:0002259,Organic compounds;Organic oxygen compounds;Organooxygen compounds;Carbohydrates and carbohydrate conjugates;Monosaccharides;Pentoses;Pentose phosphates
9431,Alkyl phosphates,0.94,CHEMONTID:0003457,5,CHEMONTID:0000408,CHEMONTID:0000000;CHEMONTID:0000264;CHEMONTID:0000402;CHEMONTID:0000408;CHEMONTID:0003457,Organic compounds;Organic acids and derivatives;Organic phosphoric acids and derivatives;Phosphate esters;Alkyl phosphates
12694,Carbonyl compounds,0.95,CHEMONTID:0001831,4,CHEMONTID:0000323,CHEMONTID:0000000;CHEMONTID:0004603;CHEMONTID:0000323;CHEMONTID:0001831,Organic compounds;Organic oxygen compounds;Organooxygen compounds;Carbonyl compounds
16163,Carbonyl compounds,0.94,CHEMONTID:0001831,4,CHEMONTID:0000323,CHEMONTID:0000000;CHEMONTID:0004603;CHEMONTID:0000323;CHEMONTID:0001831,Organic compounds;Organic oxygen compounds;Organooxygen compounds;Carbonyl compounds
10586,Carbonyl compounds,0.88,CHEMONTID:0001831,4,CHEMONTID:0000323,CHEMONTID:0000000;CHEMONTID:0004603;CHEMONTID:0000323;CHEMONTID:0001831,Organic compounds;Organic oxygen compounds;Organooxygen compounds;Carbonyl compounds
6904,Carboxylic acid derivatives,0.88,CHEMONTID:0001093,4,CHEMONTID:0000265,CHEMONTID:0000000;CHEMONTID:0000264;CHEMONTID:0000265;CHEMONTID:0001093,Organic compounds;Organic acids and derivatives;Carboxylic acids and derivatives;Carboxylic acid derivatives
8206,Monocarboxylic acids and derivatives,0.91,CHEMONTID:0001137,4,CHEMONTID:0000265,CHEMONTID:0000000;CHEMONTID:0000264;CHEMONTID:0000265;CHEMONTID:0001137,Organic compounds;Organic acids and derivatives;Carboxylic acids and derivatives;Monocarboxylic acids and derivatives
5389,Imidazoles,0.87,CHEMONTID:0000078,4,CHEMONTID:0000436,CHEMONTID:0000000;CHEMONTID:0000002;CHEMONTID:0000436;CHEMONTID:0000078,Organic compounds;Organoheterocyclic compounds;Azoles;Imidazoles
20456,Pyrimidines and pyrimidine derivatives,0.99,CHEMONTID:0000075,4,CHEMONTID:0001346,CHEMONTID:0000000;CHEMONTID:0000002;CHEMONTID:0001346;CHEMONTID:0000075,Organic compounds;Organoheterocyclic compounds;Diazines;Pyrimidines and pyrimidine derivatives
5548,Androstane steroids,0.83,CHEMONTID:0003568,4,CHEMONTID:0000258,CHEMONTID:0000000;CHEMONTID:0000012;CHEMONTID:0000258;CHEMONTID:0003568,Organic compounds;Lipids and lipid-like molecules;Steroids and steroid derivatives;Androstane steroids
10542,Carbonyl compounds,0.83,CHEMONTID:0001831,4,CHEMONTID:0000323,CHEMONTID:0000000;CHEMONTID:0004603;CHEMONTID:0000323;CHEMONTID:0001831,Organic compounds;Organic oxygen compounds;Organooxygen compounds;Carbonyl compounds
2939,Organic phosphonic acids,0.87,CHEMONTID:0001302,4,CHEMONTID:0000419,CHEMONTID:0000000;CHEMONTID:0000264;CHEMONTID:0000419;CHEMONTID:0001302,Organic compounds;Organic acids and derivatives;Organic phosphonic acids and derivatives;Organic phosphonic acids
16180,Alcohols and polyols,0.88,CHEMONTID:0000129,4,CHEMONTID:0000323,CHEMONTID:0000000;CHEMONTID:0004603;CHEMONTID:0000323;CHEMONTID:0000129,Organic compounds;Organic oxygen compounds;Organooxygen compounds;Alcohols and polyols
19049,Fatty acid esters,0.93,CHEMONTID:0000324,4,CHEMONTID:0003909,CHEMONTID:0000000;CHEMONTID:0000012;CHEMONTID:0003909;CHEMONTID:0000324,Organic compounds;Lipids and lipid-like molecules;Fatty Acyls;Fatty acid esters
10968,Tetrazoles,0.94,CHEMONTID:0000111,4,CHEMONTID:0000436,CHEMONTID:0000000;CHEMONTID:0000002;CHEMONTID:0000436;CHEMONTID:0000111,Organic compounds;Organoheterocyclic compounds;Azoles;Tetrazoles
20521,Carbonyl compounds,0.84,CHEMONTID:0001831,4,CHEMONTID:0000323,CHEMONTID:0000000;CHEMONTID:0004603;CHEMONTID:0000323;CHEMONTID:0001831,Organic compounds;Organic oxygen compounds;Organooxygen compounds;Carbonyl compounds
13680,Carbonyl compounds,0.93,CHEMONTID:0001831,4,CHEMONTID:0000323,CHEMONTID:0000000;CHEMONTID:0004603;CHEMONTID:0000323;CHEMONTID:0001831,Organic compounds;Organic oxygen compounds;Organooxygen compounds;Carbonyl compounds
660,Primary amines,0.99,CHEMONTID:0002450,5,CHEMONTID:0002449,CHEMONTID:0000000;CHEMONTID:0004707;CHEMONTID:0000278;CHEMONTID:0002449;CHEMONTID:0002450,Organic compounds;Organic nitrogen compounds;Organonitrogen compounds;Amines;Primary amines
16445,Carbonyl compounds,0.99,CHEMONTID:0001831,4,CHEMONTID:0000323,CHEMONTID:0000000;CHEMONTID:0004603;CHEMONTID:0000323;CHEMONTID:0001831,Organic compounds;Organic oxygen compounds;Organooxygen compounds;Carbonyl compounds
12995,Carbonyl compounds,0.93,CHEMONTID:0001831,4,CHEMONTID:0000323,CHEMONTID:0000000;CHEMONTID:0004603;CHEMONTID:0000323;CHEMONTID:0001831,Organic compounds;Organic oxygen compounds;Organooxygen compounds;Carbonyl compounds
17532,Alcohols and polyols,0.89,CHEMONTID:0000129,4,CHEMONTID:0000323,CHEMONTID:0000000;CHEMONTID:0004603;CHEMONTID:0000323;CHEMONTID:0000129,Organic compounds;Organic oxygen compounds;Organooxygen compounds;Alcohols and polyols
5398,Alpha amino acid amides,0.97,CHEMONTID:0002309,7,CHEMONTID:0000060,CHEMONTID:0000000;CHEMONTID:0000264;CHEMONTID:0000265;CHEMONTID:0000013;CHEMONTID:0000347;CHEMONTID:0000060;CHEMONTID:0002309,"Organic compounds;Organic acids and derivatives;Carboxylic acids and derivatives;Amino acids, peptides, and analogues;Amino acids and derivatives;Alpha amino acids and derivatives;Alpha amino acid amides"
10355,Monoalkylamines,0.94,CHEMONTID:0000469,6,CHEMONTID:0002450,CHEMONTID:0000000;CHEMONTID:0004707;CHEMONTID:0000278;CHEMONTID:0002449;CHEMONTID:0002450;CHEMONTID:0000469,Organic compounds;Organic nitrogen compounds;Organonitrogen compounds;Amines;Primary amines;Monoalkylamines
15966,Amino acids,1,CHEMONTID:0004176,6,CHEMONTID:0000347,CHEMONTID:0000000;CHEMONTID:0000264;CHEMONTID:0000265;CHEMONTID:0000013;CHEMONTID:0000347;CHEMONTID:0004176,"Organic compounds;Organic acids and derivatives;Carboxylic acids and derivatives;Amino acids, peptides, and analogues;Amino acids and derivatives;Amino acids"
4843,Carbonyl compounds,0.9,CHEMONTID:0001831,4,CHEMONTID:0000323,CHEMONTID:0000000;CHEMONTID:0004603;CHEMONTID:0000323;CHEMONTID:0001831,Organic compounds;Organic oxygen compounds;Organooxygen compounds;Carbonyl compounds
4175,Primary amines,0.98,CHEMONTID:0002450,5,CHEMONTID:0002449,CHEMONTID:0000000;CHEMONTID:0004707;CHEMONTID:0000278;CHEMONTID:0002449;CHEMONTID:0002450,Organic compounds;Organic nitrogen compounds;Organonitrogen compounds;Amines;Primary amines
17364,Carbonyl compounds,1,CHEMONTID:0001831,4,CHEMONTID:0000323,CHEMONTID:0000000;CHEMONTID:0004603;CHEMONTID:0000323;CHEMONTID:0001831,Organic compounds;Organic oxygen compounds;Organooxygen compounds;Carbonyl compounds
3118,Dialkyl ethers,0.97,CHEMONTID:0001167,5,CHEMONTID:0000254,CHEMONTID:0000000;CHEMONTID:0004603;CHEMONTID:0000323;CHEMONTID:0000254;CHEMONTID:0001167,Organic compounds;Organic oxygen compounds;Organooxygen compounds;Ethers;Dialkyl ethers
17162,Dialkyl ethers,0.93,CHEMONTID:0001167,5,CHEMONTID:0000254,CHEMONTID:0000000;CHEMONTID:0004603;CHEMONTID:0000323;CHEMONTID:0000254;CHEMONTID:0001167,Organic compounds;Organic oxygen compounds;Organooxygen compounds;Ethers;Dialkyl ethers
855,Phosphate esters,0.84,CHEMONTID:0000408,4,CHEMONTID:0000402,CHEMONTID:0000000;CHEMONTID:0000264;CHEMONTID:0000402;CHEMONTID:0000408,Organic compounds;Organic acids and derivatives;Organic phosphoric acids and derivatives;Phosphate esters
12753,Carboxylic acids,1,CHEMONTID:0001205,4,CHEMONTID:0000265,CHEMONTID:0000000;CHEMONTID:0000264;CHEMONTID:0000265;CHEMONTID:0001205,Organic compounds;Organic acids and derivatives;Carboxylic acids and derivatives;Carboxylic acids
2136,Carbonyl compounds,0.85,CHEMONTID:0001831,4,CHEMONTID:0000323,CHEMONTID:0000000;CHEMONTID:0004603;CHEMONTID:0000323;CHEMONTID:0001831,Organic compounds;Organic oxygen compounds;Organooxygen compounds;Carbonyl compounds
6365,Amines,0.98,CHEMONTID:0002449,4,CHEMONTID:0000278,CHEMONTID:0000000;CHEMONTID:0004707;CHEMONTID:0000278;CHEMONTID:0002449,Organic compounds;Organic nitrogen compounds;Organonitrogen compounds;Amines
19185,Primary amines,0.87,CHEMONTID:0002450,5,CHEMONTID:0002449,CHEMONTID:0000000;CHEMONTID:0004707;CHEMONTID:0000278;CHEMONTID:0002449;CHEMONTID:0002450,Organic compounds;Organic nitrogen compounds;Organonitrogen compounds;Amines;Primary amines
14322,Monoalkylamines,0.99,CHEMONTID:0000469,6,CHEMONTID:0002450,CHEMONTID:0000000;CHEMONTID:0004707;CHEMONTID:0000278;CHEMONTID:0002449;CHEMONTID:0002450;CHEMONTID:0000469,Organic compounds;Organic nitrogen compounds;Organonitrogen compounds;Amines;Primary amines;Monoalkylamines
4061,Carbonyl compounds,0.91,CHEMONTID:0001831,4,CHEMONTID:0000323,CHEMONTID:0000000;CHEMONTID:0004603;CHEMONTID:0000323;CHEMONTID:0001831,Organic compounds;Organic oxygen compounds;Organooxygen compounds;Carbonyl compounds
16468,Carbonyl compounds,0.93,CHEMONTID:0001831,4,CHEMONTID:0000323,CHEMONTID:0000000;CHEMONTID:0004603;CHEMONTID:0000323;CHEMONTID:0001831,Organic compounds;Organic oxygen compounds;Organooxygen compounds;Carbonyl compounds
9814,Carbonyl compounds,0.82,CHEMONTID:0001831,4,CHEMONTID:0000323,CHEMONTID:0000000;CHEMONTID:0004603;CHEMONTID:0000323;CHEMONTID:0001831,Organic compounds;Organic oxygen compounds;Organooxygen compounds;Carbonyl compounds
2597,Carbonyl compounds,0.98,CHEMONTID:0001831,4,CHEMONTID:0000323,CHEMONTID:0000000;CHEMONTID:0004603;CHEMONTID:0000323;CHEMONTID:0001831,Organic compounds;Organic oxygen compounds;Organooxygen compounds;Carbonyl compounds
3498,Carboxylic acid derivatives,0.92,CHEMONTID:0001093,4,CHEMONTID:0000265,CHEMONTID:0000000;CHEMONTID:0000264;CHEMONTID:0000265;CHEMONTID:0001093,Organic compounds;Organic acids and derivatives;Carboxylic acids and derivatives;Carboxylic acid derivatives
2261,Alcohols and polyols,0.89,CHEMONTID:0000129,4,CHEMONTID:0000323,CHEMONTID:0000000;CHEMONTID:0004603;CHEMONTID:0000323;CHEMONTID:0000129,Organic compounds;Organic oxygen compounds;Organooxygen compounds;Alcohols and polyols
7710,Ethers,0.95,CHEMONTID:0000254,4,CHEMONTID:0000323,CHEMONTID:0000000;CHEMONTID:0004603;CHEMONTID:0000323;CHEMONTID:0000254,Organic compounds;Organic oxygen compounds;Organooxygen compounds;Ethers
5507,Carbonyl compounds,0.91,CHEMONTID:0001831,4,CHEMONTID:0000323,CHEMONTID:0000000;CHEMONTID:0004603;CHEMONTID:0000323;CHEMONTID:0001831,Organic compounds;Organic oxygen compounds;Organooxygen compounds;Carbonyl compounds
9977,Alcohols and polyols,0.98,CHEMONTID:0000129,4,CHEMONTID:0000323,CHEMONTID:0000000;CHEMONTID:0004603;CHEMONTID:0000323;CHEMONTID:0000129,Organic compounds;Organic oxygen compounds;Organooxygen compounds;Alcohols and polyols
9803,Carbonyl compounds,0.99,CHEMONTID:0001831,4,CHEMONTID:0000323,CHEMONTID:0000000;CHEMONTID:0004603;CHEMONTID:0000323;CHEMONTID:0001831,Organic compounds;Organic oxygen compounds;Organooxygen compounds;Carbonyl compounds
11390,Carbonyl compounds,0.84,CHEMONTID:0001831,4,CHEMONTID:0000323,CHEMONTID:0000000;CHEMONTID:0004603;CHEMONTID:0000323;CHEMONTID:0001831,Organic compounds;Organic oxygen compounds;Organooxygen compounds;Carbonyl compounds
8384,"1,3,5-triazines",1,CHEMONTID:0004105,4,CHEMONTID:0000098,CHEMONTID:0000000;CHEMONTID:0000002;CHEMONTID:0000098;CHEMONTID:0004105,"Organic compounds;Organoheterocyclic compounds;Triazines;1,3,5-triazines"
3815,Carbonyl compounds,0.99,CHEMONTID:0001831,4,CHEMONTID:0000323,CHEMONTID:0000000;CHEMONTID:0004603;CHEMONTID:0000323;CHEMONTID:0001831,Organic compounds;Organic oxygen compounds;Organooxygen compounds;Carbonyl compounds
14390,Alcohols and polyols,0.95,CHEMONTID:0000129,4,CHEMONTID:0000323,CHEMONTID:0000000;CHEMONTID:0004603;CHEMONTID:0000323;CHEMONTID:0000129,Organic compounds;Organic oxygen compounds;Organooxygen compounds;Alcohols and polyols
8735,Carbonyl compounds,0.92,CHEMONTID:0001831,4,CHEMONTID:0000323,CHEMONTID:0000000;CHEMONTID:0004603;CHEMONTID:0000323;CHEMONTID:0001831,Organic compounds;Organic oxygen compounds;Organooxygen compounds;Carbonyl compounds
5231,Carbonyl compounds,0.83,CHEMONTID:0001831,4,CHEMONTID:0000323,CHEMONTID:0000000;CHEMONTID:0004603;CHEMONTID:0000323;CHEMONTID:0001831,Organic compounds;Organic oxygen compounds;Organooxygen compounds;Carbonyl compounds
19540,Alcohols and polyols,0.94,CHEMONTID:0000129,4,CHEMONTID:0000323,CHEMONTID:0000000;CHEMONTID:0004603;CHEMONTID:0000323;CHEMONTID:0000129,Organic compounds;Organic oxygen compounds;Organooxygen compounds;Alcohols and polyols
11989,Carbonyl compounds,0.99,CHEMONTID:0001831,4,CHEMONTID:0000323,CHEMONTID:0000000;CHEMONTID:0004603;CHEMONTID:0000323;CHEMONTID:0001831,Organic compounds;Organic oxygen compounds;Organooxygen compounds;Carbonyl compounds
15168,Carbonyl compounds,0.95,CHEMONTID:0001831,4,CHEMONTID:0000323,CHEMONTID:0000000;CHEMONTID:0004603;CHEMONTID:0000323;CHEMONTID:0001831,Organic compounds;Organic oxygen compounds;Organooxygen compounds;Carbonyl compounds
4114,Alcohols and polyols,0.95,CHEMONTID:0000129,4,CHEMONTID:0000323,CHEMONTID:0000000;CHEMONTID:0004603;CHEMONTID:0000323;CHEMONTID:0000129,Organic compounds;Organic oxygen compounds;Organooxygen compounds;Alcohols and polyols
6678,Carbonyl compounds,1,CHEMONTID:0001831,4,CHEMONTID:0000323,CHEMONTID:0000000;CHEMONTID:0004603;CHEMONTID:0000323;CHEMONTID:0001831,Organic compounds;Organic oxygen compounds;Organooxygen compounds;Carbonyl compounds
9512,Carbonyl compounds,0.96,CHEMONTID:0001831,4,CHEMONTID:0000323,CHEMONTID:0000000;CHEMONTID:0004603;CHEMONTID:0000323;CHEMONTID:0001831,Organic compounds;Organic oxygen compounds;Organooxygen compounds;Carbonyl compounds
2423,Amines,0.99,CHEMONTID:0002449,4,CHEMONTID:0000278,CHEMONTID:0000000;CHEMONTID:0004707;CHEMONTID:0000278;CHEMONTID:0002449,Organic compounds;Organic nitrogen compounds;Organonitrogen compounds;Amines
14104,Alkyl phosphates,0.87,CHEMONTID:0003457,5,CHEMONTID:0000408,CHEMONTID:0000000;CHEMONTID:0000264;CHEMONTID:0000402;CHEMONTID:0000408;CHEMONTID:0003457,Organic compounds;Organic acids and derivatives;Organic phosphoric acids and derivatives;Phosphate esters;Alkyl phosphates
16247,Alcohols and polyols,0.9,CHEMONTID:0000129,4,CHEMONTID:0000323,CHEMONTID:0000000;CHEMONTID:0004603;CHEMONTID:0000323;CHEMONTID:0000129,Organic compounds;Organic oxygen compounds;Organooxygen compounds;Alcohols and polyols
14387,Carboxylic acid derivatives,0.86,CHEMONTID:0001093,4,CHEMONTID:0000265,CHEMONTID:0000000;CHEMONTID:0000264;CHEMONTID:0000265;CHEMONTID:0001093,Organic compounds;Organic acids and derivatives;Carboxylic acids and derivatives;Carboxylic acid derivatives
18033,Phosphate esters,0.99,CHEMONTID:0000408,4,CHEMONTID:0000402,CHEMONTID:0000000;CHEMONTID:0000264;CHEMONTID:0000402;CHEMONTID:0000408,Organic compounds;Organic acids and derivatives;Organic phosphoric acids and derivatives;Phosphate esters
18632,Carboxylic acid derivatives,1,CHEMONTID:0001093,4,CHEMONTID:0000265,CHEMONTID:0000000;CHEMONTID:0000264;CHEMONTID:0000265;CHEMONTID:0001093,Organic compounds;Organic acids and derivatives;Carboxylic acids and derivatives;Carboxylic acid derivatives
14151,Alcohols and polyols,0.91,CHEMONTID:0000129,4,CHEMONTID:0000323,CHEMONTID:0000000;CHEMONTID:0004603;CHEMONTID:0000323;CHEMONTID:0000129,Organic compounds;Organic oxygen compounds;Organooxygen compounds;Alcohols and polyols
3513,Carbohydrates and carbohydrate conjugates,0.99,CHEMONTID:0000011,4,CHEMONTID:0000323,CHEMONTID:0000000;CHEMONTID:0004603;CHEMONTID:0000323;CHEMONTID:0000011,Organic compounds;Organic oxygen compounds;Organooxygen compounds;Carbohydrates and carbohydrate conjugates
13937,Alcohols and polyols,0.86,CHEMONTID:0000129,4,CHEMONTID:0000323,CHEMONTID:0000000;CHEMONTID:0004603;CHEMONTID:0000323;CHEMONTID:0000129,Organic compounds;Organic oxygen compounds;Organooxygen compounds;Alcohols and polyols
14036,Primary amines,0.99,CHEMONTID:0002450,5,CHEMONTID:0002449,CHEMONTID:0000000;CHEMONTID:0004707;CHEMONTID:0000278;CHEMONTID:0002449;CHEMONTID:0002450,Organic compounds;Organic nitrogen compounds;Organonitrogen compounds;Amines;Primary amines
20614,Carboxylic acid derivatives,0.92,CHEMONTID:0001093,4,CHEMONTID:0000265,CHEMONTID:0000000;CHEMONTID:0000264;CHEMONTID:0000265;CHEMONTID:0001093,Organic compounds;Organic acids and derivatives;Carboxylic acids and derivatives;Carboxylic acid derivatives
7150,Primary amines,0.95,CHEMONTID:0002450,5,CHEMONTID:0002449,CHEMONTID:0000000;CHEMONTID:0004707;CHEMONTID:0000278;CHEMONTID:0002449;CHEMONTID:0002450,Organic compounds;Organic nitrogen compounds;Organonitrogen compounds;Amines;Primary amines
13397,Carboxylic acid derivatives,0.98,CHEMONTID:0001093,4,CHEMONTID:0000265,CHEMONTID:0000000;CHEMONTID:0000264;CHEMONTID:0000265;CHEMONTID:0001093,Organic compounds;Organic acids and derivatives;Carboxylic acids and derivatives;Carboxylic acid derivatives
5688,Amino acids and derivatives,0.92,CHEMONTID:0000347,5,CHEMONTID:0000013,CHEMONTID:0000000;CHEMONTID:0000264;CHEMONTID:0000265;CHEMONTID:0000013;CHEMONTID:0000347,"Organic compounds;Organic acids and derivatives;Carboxylic acids and derivatives;Amino acids, peptides, and analogues;Amino acids and derivatives"
5435,"1,3,5-triazines",1,CHEMONTID:0004105,4,CHEMONTID:0000098,CHEMONTID:0000000;CHEMONTID:0000002;CHEMONTID:0000098;CHEMONTID:0004105,"Organic compounds;Organoheterocyclic compounds;Triazines;1,3,5-triazines"
13840,Ethers,0.99,CHEMONTID:0000254,4,CHEMONTID:0000323,CHEMONTID:0000000;CHEMONTID:0004603;CHEMONTID:0000323;CHEMONTID:0000254,Organic compounds;Organic oxygen compounds;Organooxygen compounds;Ethers
19284,Monoalkylamines,0.99,CHEMONTID:0000469,6,CHEMONTID:0002450,CHEMONTID:0000000;CHEMONTID:0004707;CHEMONTID:0000278;CHEMONTID:0002449;CHEMONTID:0002450;CHEMONTID:0000469,Organic compounds;Organic nitrogen compounds;Organonitrogen compounds;Amines;Primary amines;Monoalkylamines
8706,Carbonyl compounds,0.85,CHEMONTID:0001831,4,CHEMONTID:0000323,CHEMONTID:0000000;CHEMONTID:0004603;CHEMONTID:0000323;CHEMONTID:0001831,Organic compounds;Organic oxygen compounds;Organooxygen compounds;Carbonyl compounds
2103,Carbonyl compounds,0.92,CHEMONTID:0001831,4,CHEMONTID:0000323,CHEMONTID:0000000;CHEMONTID:0004603;CHEMONTID:0000323;CHEMONTID:0001831,Organic compounds;Organic oxygen compounds;Organooxygen compounds;Carbonyl compounds
5725,Carbonyl compounds,0.93,CHEMONTID:0001831,4,CHEMONTID:0000323,CHEMONTID:0000000;CHEMONTID:0004603;CHEMONTID:0000323;CHEMONTID:0001831,Organic compounds;Organic oxygen compounds;Organooxygen compounds;Carbonyl compounds
3236,Carboxylic acid derivatives,0.98,CHEMONTID:0001093,4,CHEMONTID:0000265,CHEMONTID:0000000;CHEMONTID:0000264;CHEMONTID:0000265;CHEMONTID:0001093,Organic compounds;Organic acids and derivatives;Carboxylic acids and derivatives;Carboxylic acid derivatives
6141,Carbonyl compounds,0.94,CHEMONTID:0001831,4,CHEMONTID:0000323,CHEMONTID:0000000;CHEMONTID:0004603;CHEMONTID:0000323;CHEMONTID:0001831,Organic compounds;Organic oxygen compounds;Organooxygen compounds;Carbonyl compounds
18244,Alcohols and polyols,0.91,CHEMONTID:0000129,4,CHEMONTID:0000323,CHEMONTID:0000000;CHEMONTID:0004603;CHEMONTID:0000323;CHEMONTID:0000129,Organic compounds;Organic oxygen compounds;Organooxygen compounds;Alcohols and polyols
9914,Carboxylic acid derivatives,0.94,CHEMONTID:0001093,4,CHEMONTID:0000265,CHEMONTID:0000000;CHEMONTID:0000264;CHEMONTID:0000265;CHEMONTID:0001093,Organic compounds;Organic acids and derivatives;Carboxylic acids and derivatives;Carboxylic acid derivatives
19332,Amines,1,CHEMONTID:0002449,4,CHEMONTID:0000278,CHEMONTID:0000000;CHEMONTID:0004707;CHEMONTID:0000278;CHEMONTID:0002449,Organic compounds;Organic nitrogen compounds;Organonitrogen compounds;Amines
10692,Alcohols and polyols,0.98,CHEMONTID:0000129,4,CHEMONTID:0000323,CHEMONTID:0000000;CHEMONTID:0004603;CHEMONTID:0000323;CHEMONTID:0000129,Organic compounds;Organic oxygen compounds;Organooxygen compounds;Alcohols and polyols
9868,Carbonyl compounds,0.92,CHEMONTID:0001831,4,CHEMONTID:0000323,CHEMONTID:0000000;CHEMONTID:0004603;CHEMONTID:0000323;CHEMONTID:0001831,Organic compounds;Organic oxygen compounds;Organooxygen compounds;Carbonyl compounds
9657,Carbonyl compounds,0.94,CHEMONTID:0001831,4,CHEMONTID:0000323,CHEMONTID:0000000;CHEMONTID:0004603;CHEMONTID:0000323;CHEMONTID:0001831,Organic compounds;Organic oxygen compounds;Organooxygen compounds;Carbonyl compounds
14982,Alkyl aryl ethers,0.9,CHEMONTID:0000128,5,CHEMONTID:0000254,CHEMONTID:0000000;CHEMONTID:0004603;CHEMONTID:0000323;CHEMONTID:0000254;CHEMONTID:0000128,Organic compounds;Organic oxygen compounds;Organooxygen compounds;Ethers;Alkyl aryl ethers
9975,Carbonyl compounds,0.97,CHEMONTID:0001831,4,CHEMONTID:0000323,CHEMONTID:0000000;CHEMONTID:0004603;CHEMONTID:0000323;CHEMONTID:0001831,Organic compounds;Organic oxygen compounds;Organooxygen compounds;Carbonyl compounds
13711,Monoalkylamines,1,CHEMONTID:0000469,6,CHEMONTID:0002450,CHEMONTID:0000000;CHEMONTID:0004707;CHEMONTID:0000278;CHEMONTID:0002449;CHEMONTID:0002450;CHEMONTID:0000469,Organic compounds;Organic nitrogen compounds;Organonitrogen compounds;Amines;Primary amines;Monoalkylamines
10752,Monoalkylamines,1,CHEMONTID:0000469,6,CHEMONTID:0002450,CHEMONTID:0000000;CHEMONTID:0004707;CHEMONTID:0000278;CHEMONTID:0002449;CHEMONTID:0002450;CHEMONTID:0000469,Organic compounds;Organic nitrogen compounds;Organonitrogen compounds;Amines;Primary amines;Monoalkylamines
4432,Primary amines,0.85,CHEMONTID:0002450,5,CHEMONTID:0002449,CHEMONTID:0000000;CHEMONTID:0004707;CHEMONTID:0000278;CHEMONTID:0002449;CHEMONTID:0002450,Organic compounds;Organic nitrogen compounds;Organonitrogen compounds;Amines;Primary amines
2317,Pyrimidines and pyrimidine derivatives,1,CHEMONTID:0000075,4,CHEMONTID:0001346,CHEMONTID:0000000;CHEMONTID:0000002;CHEMONTID:0001346;CHEMONTID:0000075,Organic compounds;Organoheterocyclic compounds;Diazines;Pyrimidines and pyrimidine derivatives
16474,Carbonyl compounds,0.93,CHEMONTID:0001831,4,CHEMONTID:0000323,CHEMONTID:0000000;CHEMONTID:0004603;CHEMONTID:0000323;CHEMONTID:0001831,Organic compounds;Organic oxygen compounds;Organooxygen compounds;Carbonyl compounds
6709,Carbonyl compounds,0.88,CHEMONTID:0001831,4,CHEMONTID:0000323,CHEMONTID:0000000;CHEMONTID:0004603;CHEMONTID:0000323;CHEMONTID:0001831,Organic compounds;Organic oxygen compounds;Organooxygen compounds;Carbonyl compounds
10110,Alcohols and polyols,0.81,CHEMONTID:0000129,4,CHEMONTID:0000323,CHEMONTID:0000000;CHEMONTID:0004603;CHEMONTID:0000323;CHEMONTID:0000129,Organic compounds;Organic oxygen compounds;Organooxygen compounds;Alcohols and polyols
5487,Alcohols and polyols,0.89,CHEMONTID:0000129,4,CHEMONTID:0000323,CHEMONTID:0000000;CHEMONTID:0004603;CHEMONTID:0000323;CHEMONTID:0000129,Organic compounds;Organic oxygen compounds;Organooxygen compounds;Alcohols and polyols
16650,Dialkyl ethers,0.97,CHEMONTID:0001167,5,CHEMONTID:0000254,CHEMONTID:0000000;CHEMONTID:0004603;CHEMONTID:0000323;CHEMONTID:0000254;CHEMONTID:0001167,Organic compounds;Organic oxygen compounds;Organooxygen compounds;Ethers;Dialkyl ethers
10106,Amines,1,CHEMONTID:0002449,4,CHEMONTID:0000278,CHEMONTID:0000000;CHEMONTID:0004707;CHEMONTID:0000278;CHEMONTID:0002449,Organic compounds;Organic nitrogen compounds;Organonitrogen compounds;Amines
15394,Carbonyl compounds,0.9,CHEMONTID:0001831,4,CHEMONTID:0000323,CHEMONTID:0000000;CHEMONTID:0004603;CHEMONTID:0000323;CHEMONTID:0001831,Organic compounds;Organic oxygen compounds;Organooxygen compounds;Carbonyl compounds
11745,"Amino acids, peptides, and analogues",0.85,CHEMONTID:0000013,4,CHEMONTID:0000265,CHEMONTID:0000000;CHEMONTID:0000264;CHEMONTID:0000265;CHEMONTID:0000013,"Organic compounds;Organic acids and derivatives;Carboxylic acids and derivatives;Amino acids, peptides, and analogues"
6179,Amines,0.93,CHEMONTID:0002449,4,CHEMONTID:0000278,CHEMONTID:0000000;CHEMONTID:0004707;CHEMONTID:0000278;CHEMONTID:0002449,Organic compounds;Organic nitrogen compounds;Organonitrogen compounds;Amines
7445,Alcohols and polyols,0.84,CHEMONTID:0000129,4,CHEMONTID:0000323,CHEMONTID:0000000;CHEMONTID:0004603;CHEMONTID:0000323;CHEMONTID:0000129,Organic compounds;Organic oxygen compounds;Organooxygen compounds;Alcohols and polyols
13207,Amino acids and derivatives,1,CHEMONTID:0000347,5,CHEMONTID:0000013,CHEMONTID:0000000;CHEMONTID:0000264;CHEMONTID:0000265;CHEMONTID:0000013;CHEMONTID:0000347,"Organic compounds;Organic acids and derivatives;Carboxylic acids and derivatives;Amino acids, peptides, and analogues;Amino acids and derivatives"
9269,Carbonyl compounds,0.91,CHEMONTID:0001831,4,CHEMONTID:0000323,CHEMONTID:0000000;CHEMONTID:0004603;CHEMONTID:0000323;CHEMONTID:0001831,Organic compounds;Organic oxygen compounds;Organooxygen compounds;Carbonyl compounds
13707,Carbonyl compounds,0.82,CHEMONTID:0001831,4,CHEMONTID:0000323,CHEMONTID:0000000;CHEMONTID:0004603;CHEMONTID:0000323;CHEMONTID:0001831,Organic compounds;Organic oxygen compounds;Organooxygen compounds;Carbonyl compounds
9044,Carbonyl compounds,0.9,CHEMONTID:0001831,4,CHEMONTID:0000323,CHEMONTID:0000000;CHEMONTID:0004603;CHEMONTID:0000323;CHEMONTID:0001831,Organic compounds;Organic oxygen compounds;Organooxygen compounds;Carbonyl compounds
15424,Carbonyl compounds,0.88,CHEMONTID:0001831,4,CHEMONTID:0000323,CHEMONTID:0000000;CHEMONTID:0004603;CHEMONTID:0000323;CHEMONTID:0001831,Organic compounds;Organic oxygen compounds;Organooxygen compounds;Carbonyl compounds
7503,Alkyl phosphates,0.97,CHEMONTID:0003457,5,CHEMONTID:0000408,CHEMONTID:0000000;CHEMONTID:0000264;CHEMONTID:0000402;CHEMONTID:0000408;CHEMONTID:0003457,Organic compounds;Organic acids and derivatives;Organic phosphoric acids and derivatives;Phosphate esters;Alkyl phosphates
11027,Carbonyl compounds,0.91,CHEMONTID:0001831,4,CHEMONTID:0000323,CHEMONTID:0000000;CHEMONTID:0004603;CHEMONTID:0000323;CHEMONTID:0001831,Organic compounds;Organic oxygen compounds;Organooxygen compounds;Carbonyl compounds
13563,Carbonyl compounds,1,CHEMONTID:0001831,4,CHEMONTID:0000323,CHEMONTID:0000000;CHEMONTID:0004603;CHEMONTID:0000323;CHEMONTID:0001831,Organic compounds;Organic oxygen compounds;Organooxygen compounds;Carbonyl compounds
4806,Carbohydrates and carbohydrate conjugates,1,CHEMONTID:0000011,4,CHEMONTID:0000323,CHEMONTID:0000000;CHEMONTID:0004603;CHEMONTID:0000323;CHEMONTID:0000011,Organic compounds;Organic oxygen compounds;Organooxygen compounds;Carbohydrates and carbohydrate conjugates
11568,Carboxylic acid derivatives,0.94,CHEMONTID:0001093,4,CHEMONTID:0000265,CHEMONTID:0000000;CHEMONTID:0000264;CHEMONTID:0000265;CHEMONTID:0001093,Organic compounds;Organic acids and derivatives;Carboxylic acids and derivatives;Carboxylic acid derivatives
14511,Alcohols and polyols,0.99,CHEMONTID:0000129,4,CHEMONTID:0000323,CHEMONTID:0000000;CHEMONTID:0004603;CHEMONTID:0000323;CHEMONTID:0000129,Organic compounds;Organic oxygen compounds;Organooxygen compounds;Alcohols and polyols
5502,Amines,0.96,CHEMONTID:0002449,4,CHEMONTID:0000278,CHEMONTID:0000000;CHEMONTID:0004707;CHEMONTID:0000278;CHEMONTID:0002449,Organic compounds;Organic nitrogen compounds;Organonitrogen compounds;Amines
13903,N-substituted imidazoles,1,CHEMONTID:0002311,6,CHEMONTID:0002310,CHEMONTID:0000000;CHEMONTID:0000002;CHEMONTID:0000436;CHEMONTID:0000078;CHEMONTID:0002310;CHEMONTID:0002311,Organic compounds;Organoheterocyclic compounds;Azoles;Imidazoles;Substituted imidazoles;N-substituted imidazoles
3588,Secondary alcohols,1,CHEMONTID:0001661,5,CHEMONTID:0000129,CHEMONTID:0000000;CHEMONTID:0004603;CHEMONTID:0000323;CHEMONTID:0000129;CHEMONTID:0001661,Organic compounds;Organic oxygen compounds;Organooxygen compounds;Alcohols and polyols;Secondary alcohols
8634,Alcohols and polyols,0.98,CHEMONTID:0000129,4,CHEMONTID:0000323,CHEMONTID:0000000;CHEMONTID:0004603;CHEMONTID:0000323;CHEMONTID:0000129,Organic compounds;Organic oxygen compounds;Organooxygen compounds;Alcohols and polyols
6103,Carbonyl compounds,0.98,CHEMONTID:0001831,4,CHEMONTID:0000323,CHEMONTID:0000000;CHEMONTID:0004603;CHEMONTID:0000323;CHEMONTID:0001831,Organic compounds;Organic oxygen compounds;Organooxygen compounds;Carbonyl compounds
13688,Amines,0.97,CHEMONTID:0002449,4,CHEMONTID:0000278,CHEMONTID:0000000;CHEMONTID:0004707;CHEMONTID:0000278;CHEMONTID:0002449,Organic compounds;Organic nitrogen compounds;Organonitrogen compounds;Amines
4817,Amines,0.95,CHEMONTID:0002449,4,CHEMONTID:0000278,CHEMONTID:0000000;CHEMONTID:0004707;CHEMONTID:0000278;CHEMONTID:0002449,Organic compounds;Organic nitrogen compounds;Organonitrogen compounds;Amines
5144,Fatty acid methyl esters,0.97,CHEMONTID:0003417,5,CHEMONTID:0000324,CHEMONTID:0000000;CHEMONTID:0000012;CHEMONTID:0003909;CHEMONTID:0000324;CHEMONTID:0003417,Organic compounds;Lipids and lipid-like molecules;Fatty Acyls;Fatty acid esters;Fatty acid methyl esters
20448,Guanidines,0.98,CHEMONTID:0000375,4,CHEMONTID:0000278,CHEMONTID:0000000;CHEMONTID:0004707;CHEMONTID:0000278;CHEMONTID:0000375,Organic compounds;Organic nitrogen compounds;Organonitrogen compounds;Guanidines
20537,Carbonyl compounds,0.95,CHEMONTID:0001831,4,CHEMONTID:0000323,CHEMONTID:0000000;CHEMONTID:0004603;CHEMONTID:0000323;CHEMONTID:0001831,Organic compounds;Organic oxygen compounds;Organooxygen compounds;Carbonyl compounds
18379,Ethers,0.94,CHEMONTID:0000254,4,CHEMONTID:0000323,CHEMONTID:0000000;CHEMONTID:0004603;CHEMONTID:0000323;CHEMONTID:0000254,Organic compounds;Organic oxygen compounds;Organooxygen compounds;Ethers
12542,Carbonyl compounds,0.94,CHEMONTID:0001831,4,CHEMONTID:0000323,CHEMONTID:0000000;CHEMONTID:0004603;CHEMONTID:0000323;CHEMONTID:0001831,Organic compounds;Organic oxygen compounds;Organooxygen compounds;Carbonyl compounds
3647,Carbonyl compounds,0.99,CHEMONTID:0001831,4,CHEMONTID:0000323,CHEMONTID:0000000;CHEMONTID:0004603;CHEMONTID:0000323;CHEMONTID:0001831,Organic compounds;Organic oxygen compounds;Organooxygen compounds;Carbonyl compounds
3041,Carbonyl compounds,1,CHEMONTID:0001831,4,CHEMONTID:0000323,CHEMONTID:0000000;CHEMONTID:0004603;CHEMONTID:0000323;CHEMONTID:0001831,Organic compounds;Organic oxygen compounds;Organooxygen compounds;Carbonyl compounds
11550,Amines,0.92,CHEMONTID:0002449,4,CHEMONTID:0000278,CHEMONTID:0000000;CHEMONTID:0004707;CHEMONTID:0000278;CHEMONTID:0002449,Organic compounds;Organic nitrogen compounds;Organonitrogen compounds;Amines
8160,Carbonyl compounds,0.89,CHEMONTID:0001831,4,CHEMONTID:0000323,CHEMONTID:0000000;CHEMONTID:0004603;CHEMONTID:0000323;CHEMONTID:0001831,Organic compounds;Organic oxygen compounds;Organooxygen compounds;Carbonyl compounds
11870,Alcohols and polyols,0.91,CHEMONTID:0000129,4,CHEMONTID:0000323,CHEMONTID:0000000;CHEMONTID:0004603;CHEMONTID:0000323;CHEMONTID:0000129,Organic compounds;Organic oxygen compounds;Organooxygen compounds;Alcohols and polyols
6123,Carbonyl compounds,0.9,CHEMONTID:0001831,4,CHEMONTID:0000323,CHEMONTID:0000000;CHEMONTID:0004603;CHEMONTID:0000323;CHEMONTID:0001831,Organic compounds;Organic oxygen compounds;Organooxygen compounds;Carbonyl compounds
9413,Monocarboxylic acids and derivatives,0.86,CHEMONTID:0001137,4,CHEMONTID:0000265,CHEMONTID:0000000;CHEMONTID:0000264;CHEMONTID:0000265;CHEMONTID:0001137,Organic compounds;Organic acids and derivatives;Carboxylic acids and derivatives;Monocarboxylic acids and derivatives
4423,Amines,0.96,CHEMONTID:0002449,4,CHEMONTID:0000278,CHEMONTID:0000000;CHEMONTID:0004707;CHEMONTID:0000278;CHEMONTID:0002449,Organic compounds;Organic nitrogen compounds;Organonitrogen compounds;Amines
2760,Amines,0.94,CHEMONTID:0002449,4,CHEMONTID:0000278,CHEMONTID:0000000;CHEMONTID:0004707;CHEMONTID:0000278;CHEMONTID:0002449,Organic compounds;Organic nitrogen compounds;Organonitrogen compounds;Amines
9055,Carboxylic acid derivatives,1,CHEMONTID:0001093,4,CHEMONTID:0000265,CHEMONTID:0000000;CHEMONTID:0000264;CHEMONTID:0000265;CHEMONTID:0001093,Organic compounds;Organic acids and derivatives;Carboxylic acids and derivatives;Carboxylic acid derivatives
16132,Monocarboxylic acids and derivatives,0.86,CHEMONTID:0001137,4,CHEMONTID:0000265,CHEMONTID:0000000;CHEMONTID:0000264;CHEMONTID:0000265;CHEMONTID:0001137,Organic compounds;Organic acids and derivatives;Carboxylic acids and derivatives;Monocarboxylic acids and derivatives
20039,6-aminopurines,0.86,CHEMONTID:0002987,5,CHEMONTID:0000245,CHEMONTID:0000000;CHEMONTID:0000002;CHEMONTID:0001797;CHEMONTID:0000245;CHEMONTID:0002987,Organic compounds;Organoheterocyclic compounds;Imidazopyrimidines;Purines and purine derivatives;6-aminopurines
7958,Carbonyl compounds,0.97,CHEMONTID:0001831,4,CHEMONTID:0000323,CHEMONTID:0000000;CHEMONTID:0004603;CHEMONTID:0000323;CHEMONTID:0001831,Organic compounds;Organic oxygen compounds;Organooxygen compounds;Carbonyl compounds
19059,Carbonyl compounds,0.94,CHEMONTID:0001831,4,CHEMONTID:0000323,CHEMONTID:0000000;CHEMONTID:0004603;CHEMONTID:0000323;CHEMONTID:0001831,Organic compounds;Organic oxygen compounds;Organooxygen compounds;Carbonyl compounds
10746,Amines,1,CHEMONTID:0002449,4,CHEMONTID:0000278,CHEMONTID:0000000;CHEMONTID:0004707;CHEMONTID:0000278;CHEMONTID:0002449,Organic compounds;Organic nitrogen compounds;Organonitrogen compounds;Amines
2918,Carbonyl compounds,0.96,CHEMONTID:0001831,4,CHEMONTID:0000323,CHEMONTID:0000000;CHEMONTID:0004603;CHEMONTID:0000323;CHEMONTID:0001831,Organic compounds;Organic oxygen compounds;Organooxygen compounds;Carbonyl compounds
18681,Trialkylamines,0.97,CHEMONTID:0002239,6,CHEMONTID:0002452,CHEMONTID:0000000;CHEMONTID:0004707;CHEMONTID:0000278;CHEMONTID:0002449;CHEMONTID:0002452;CHEMONTID:0002239,Organic compounds;Organic nitrogen compounds;Organonitrogen compounds;Amines;Tertiary amines;Trialkylamines
5590,Dialkyl ethers,0.96,CHEMONTID:0001167,5,CHEMONTID:0000254,CHEMONTID:0000000;CHEMONTID:0004603;CHEMONTID:0000323;CHEMONTID:0000254;CHEMONTID:0001167,Organic compounds;Organic oxygen compounds;Organooxygen compounds;Ethers;Dialkyl ethers
1171,Alcohols and polyols,0.94,CHEMONTID:0000129,4,CHEMONTID:0000323,CHEMONTID:0000000;CHEMONTID:0004603;CHEMONTID:0000323;CHEMONTID:0000129,Organic compounds;Organic oxygen compounds;Organooxygen compounds;Alcohols and polyols
18380,Alcohols and polyols,0.96,CHEMONTID:0000129,4,CHEMONTID:0000323,CHEMONTID:0000000;CHEMONTID:0004603;CHEMONTID:0000323;CHEMONTID:0000129,Organic compounds;Organic oxygen compounds;Organooxygen compounds;Alcohols and polyols
12219,Carbonyl compounds,0.83,CHEMONTID:0001831,4,CHEMONTID:0000323,CHEMONTID:0000000;CHEMONTID:0004603;CHEMONTID:0000323;CHEMONTID:0001831,Organic compounds;Organic oxygen compounds;Organooxygen compounds;Carbonyl compounds
18527,Carbonyl compounds,0.94,CHEMONTID:0001831,4,CHEMONTID:0000323,CHEMONTID:0000000;CHEMONTID:0004603;CHEMONTID:0000323;CHEMONTID:0001831,Organic compounds;Organic oxygen compounds;Organooxygen compounds;Carbonyl compounds
20732,Carbonyl compounds,0.98,CHEMONTID:0001831,4,CHEMONTID:0000323,CHEMONTID:0000000;CHEMONTID:0004603;CHEMONTID:0000323;CHEMONTID:0001831,Organic compounds;Organic oxygen compounds;Organooxygen compounds;Carbonyl compounds
7215,Carbonyl compounds,0.94,CHEMONTID:0001831,4,CHEMONTID:0000323,CHEMONTID:0000000;CHEMONTID:0004603;CHEMONTID:0000323;CHEMONTID:0001831,Organic compounds;Organic oxygen compounds;Organooxygen compounds;Carbonyl compounds
3227,Ethers,0.9,CHEMONTID:0000254,4,CHEMONTID:0000323,CHEMONTID:0000000;CHEMONTID:0004603;CHEMONTID:0000323;CHEMONTID:0000254,Organic compounds;Organic oxygen compounds;Organooxygen compounds;Ethers
7744,Carbonyl compounds,0.92,CHEMONTID:0001831,4,CHEMONTID:0000323,CHEMONTID:0000000;CHEMONTID:0004603;CHEMONTID:0000323;CHEMONTID:0001831,Organic compounds;Organic oxygen compounds;Organooxygen compounds;Carbonyl compounds
227,Carbonyl compounds,0.83,CHEMONTID:0001831,4,CHEMONTID:0000323,CHEMONTID:0000000;CHEMONTID:0004603;CHEMONTID:0000323;CHEMONTID:0001831,Organic compounds;Organic oxygen compounds;Organooxygen compounds;Carbonyl compounds
16144,Carboxylic acid derivatives,0.98,CHEMONTID:0001093,4,CHEMONTID:0000265,CHEMONTID:0000000;CHEMONTID:0000264;CHEMONTID:0000265;CHEMONTID:0001093,Organic compounds;Organic acids and derivatives;Carboxylic acids and derivatives;Carboxylic acid derivatives
12186,Dialkyl ethers,0.98,CHEMONTID:0001167,5,CHEMONTID:0000254,CHEMONTID:0000000;CHEMONTID:0004603;CHEMONTID:0000323;CHEMONTID:0000254;CHEMONTID:0001167,Organic compounds;Organic oxygen compounds;Organooxygen compounds;Ethers;Dialkyl ethers
10223,Carboxylic acid derivatives,0.99,CHEMONTID:0001093,4,CHEMONTID:0000265,CHEMONTID:0000000;CHEMONTID:0000264;CHEMONTID:0000265;CHEMONTID:0001093,Organic compounds;Organic acids and derivatives;Carboxylic acids and derivatives;Carboxylic acid derivatives
17615,Guanidines,0.95,CHEMONTID:0000375,4,CHEMONTID:0000278,CHEMONTID:0000000;CHEMONTID:0004707;CHEMONTID:0000278;CHEMONTID:0000375,Organic compounds;Organic nitrogen compounds;Organonitrogen compounds;Guanidines
19884,Carboxylic acid derivatives,0.93,CHEMONTID:0001093,4,CHEMONTID:0000265,CHEMONTID:0000000;CHEMONTID:0000264;CHEMONTID:0000265;CHEMONTID:0001093,Organic compounds;Organic acids and derivatives;Carboxylic acids and derivatives;Carboxylic acid derivatives
8167,Monocarboxylic acids and derivatives,0.88,CHEMONTID:0001137,4,CHEMONTID:0000265,CHEMONTID:0000000;CHEMONTID:0000264;CHEMONTID:0000265;CHEMONTID:0001137,Organic compounds;Organic acids and derivatives;Carboxylic acids and derivatives;Monocarboxylic acids and derivatives
8087,Carboxylic acid derivatives,0.99,CHEMONTID:0001093,4,CHEMONTID:0000265,CHEMONTID:0000000;CHEMONTID:0000264;CHEMONTID:0000265;CHEMONTID:0001093,Organic compounds;Organic acids and derivatives;Carboxylic acids and derivatives;Carboxylic acid derivatives
10415,Alkyl aryl ethers,0.99,CHEMONTID:0000128,5,CHEMONTID:0000254,CHEMONTID:0000000;CHEMONTID:0004603;CHEMONTID:0000323;CHEMONTID:0000254;CHEMONTID:0000128,Organic compounds;Organic oxygen compounds;Organooxygen compounds;Ethers;Alkyl aryl ethers
12190,Trialkylamines,0.97,CHEMONTID:0002239,6,CHEMONTID:0002452,CHEMONTID:0000000;CHEMONTID:0004707;CHEMONTID:0000278;CHEMONTID:0002449;CHEMONTID:0002452;CHEMONTID:0002239,Organic compounds;Organic nitrogen compounds;Organonitrogen compounds;Amines;Tertiary amines;Trialkylamines
10235,Carbonyl compounds,0.88,CHEMONTID:0001831,4,CHEMONTID:0000323,CHEMONTID:0000000;CHEMONTID:0004603;CHEMONTID:0000323;CHEMONTID:0001831,Organic compounds;Organic oxygen compounds;Organooxygen compounds;Carbonyl compounds
1570,Primary amines,0.99,CHEMONTID:0002450,5,CHEMONTID:0002449,CHEMONTID:0000000;CHEMONTID:0004707;CHEMONTID:0000278;CHEMONTID:0002449;CHEMONTID:0002450,Organic compounds;Organic nitrogen compounds;Organonitrogen compounds;Amines;Primary amines
19325,N-acyl amines,0.98,CHEMONTID:0001096,5,CHEMONTID:0000331,CHEMONTID:0000000;CHEMONTID:0000012;CHEMONTID:0003909;CHEMONTID:0000331;CHEMONTID:0001096,Organic compounds;Lipids and lipid-like molecules;Fatty Acyls;Fatty amides;N-acyl amines
6196,Carbohydrates and carbohydrate conjugates,1,CHEMONTID:0000011,4,CHEMONTID:0000323,CHEMONTID:0000000;CHEMONTID:0004603;CHEMONTID:0000323;CHEMONTID:0000011,Organic compounds;Organic oxygen compounds;Organooxygen compounds;Carbohydrates and carbohydrate conjugates
7612,Primary amines,0.99,CHEMONTID:0002450,5,CHEMONTID:0002449,CHEMONTID:0000000;CHEMONTID:0004707;CHEMONTID:0000278;CHEMONTID:0002449;CHEMONTID:0002450,Organic compounds;Organic nitrogen compounds;Organonitrogen compounds;Amines;Primary amines
17885,Amines,0.99,CHEMONTID:0002449,4,CHEMONTID:0000278,CHEMONTID:0000000;CHEMONTID:0004707;CHEMONTID:0000278;CHEMONTID:0002449,Organic compounds;Organic nitrogen compounds;Organonitrogen compounds;Amines
2986,Carbonyl compounds,0.97,CHEMONTID:0001831,4,CHEMONTID:0000323,CHEMONTID:0000000;CHEMONTID:0004603;CHEMONTID:0000323;CHEMONTID:0001831,Organic compounds;Organic oxygen compounds;Organooxygen compounds;Carbonyl compounds
19377,Carbonyl compounds,0.98,CHEMONTID:0001831,4,CHEMONTID:0000323,CHEMONTID:0000000;CHEMONTID:0004603;CHEMONTID:0000323;CHEMONTID:0001831,Organic compounds;Organic oxygen compounds;Organooxygen compounds;Carbonyl compounds
6485,Amines,1,CHEMONTID:0002449,4,CHEMONTID:0000278,CHEMONTID:0000000;CHEMONTID:0004707;CHEMONTID:0000278;CHEMONTID:0002449,Organic compounds;Organic nitrogen compounds;Organonitrogen compounds;Amines
18359,Carbonyl compounds,0.92,CHEMONTID:0001831,4,CHEMONTID:0000323,CHEMONTID:0000000;CHEMONTID:0004603;CHEMONTID:0000323;CHEMONTID:0001831,Organic compounds;Organic oxygen compounds;Organooxygen compounds;Carbonyl compounds
12495,Carbonyl compounds,1,CHEMONTID:0001831,4,CHEMONTID:0000323,CHEMONTID:0000000;CHEMONTID:0004603;CHEMONTID:0000323;CHEMONTID:0001831,Organic compounds;Organic oxygen compounds;Organooxygen compounds;Carbonyl compounds
15513,Carbonyl compounds,0.95,CHEMONTID:0001831,4,CHEMONTID:0000323,CHEMONTID:0000000;CHEMONTID:0004603;CHEMONTID:0000323;CHEMONTID:0001831,Organic compounds;Organic oxygen compounds;Organooxygen compounds;Carbonyl compounds
7327,Alcohols and polyols,0.99,CHEMONTID:0000129,4,CHEMONTID:0000323,CHEMONTID:0000000;CHEMONTID:0004603;CHEMONTID:0000323;CHEMONTID:0000129,Organic compounds;Organic oxygen compounds;Organooxygen compounds;Alcohols and polyols
16287,Carbonyl compounds,0.89,CHEMONTID:0001831,4,CHEMONTID:0000323,CHEMONTID:0000000;CHEMONTID:0004603;CHEMONTID:0000323;CHEMONTID:0001831,Organic compounds;Organic oxygen compounds;Organooxygen compounds;Carbonyl compounds
15826,Primary amines,0.94,CHEMONTID:0002450,5,CHEMONTID:0002449,CHEMONTID:0000000;CHEMONTID:0004707;CHEMONTID:0000278;CHEMONTID:0002449;CHEMONTID:0002450,Organic compounds;Organic nitrogen compounds;Organonitrogen compounds;Amines;Primary amines
1831,"1,2-aminoalcohols",0.98,CHEMONTID:0001897,6,CHEMONTID:0002460,CHEMONTID:0000000;CHEMONTID:0004707;CHEMONTID:0000278;CHEMONTID:0002449;CHEMONTID:0002460;CHEMONTID:0001897,"Organic compounds;Organic nitrogen compounds;Organonitrogen compounds;Amines;Alkanolamines;1,2-aminoalcohols"
10082,Carbonyl compounds,1,CHEMONTID:0001831,4,CHEMONTID:0000323,CHEMONTID:0000000;CHEMONTID:0004603;CHEMONTID:0000323;CHEMONTID:0001831,Organic compounds;Organic oxygen compounds;Organooxygen compounds;Carbonyl compounds
12139,Alcohols and polyols,0.85,CHEMONTID:0000129,4,CHEMONTID:0000323,CHEMONTID:0000000;CHEMONTID:0004603;CHEMONTID:0000323;CHEMONTID:0000129,Organic compounds;Organic oxygen compounds;Organooxygen compounds;Alcohols and polyols
4083,Carbonyl compounds,0.92,CHEMONTID:0001831,4,CHEMONTID:0000323,CHEMONTID:0000000;CHEMONTID:0004603;CHEMONTID:0000323;CHEMONTID:0001831,Organic compounds;Organic oxygen compounds;Organooxygen compounds;Carbonyl compounds
9550,Secondary alcohols,0.83,CHEMONTID:0001661,5,CHEMONTID:0000129,CHEMONTID:0000000;CHEMONTID:0004603;CHEMONTID:0000323;CHEMONTID:0000129;CHEMONTID:0001661,Organic compounds;Organic oxygen compounds;Organooxygen compounds;Alcohols and polyols;Secondary alcohols
18590,Ethers,0.99,CHEMONTID:0000254,4,CHEMONTID:0000323,CHEMONTID:0000000;CHEMONTID:0004603;CHEMONTID:0000323;CHEMONTID:0000254,Organic compounds;Organic oxygen compounds;Organooxygen compounds;Ethers
4052,Carbonyl compounds,0.93,CHEMONTID:0001831,4,CHEMONTID:0000323,CHEMONTID:0000000;CHEMONTID:0004603;CHEMONTID:0000323;CHEMONTID:0001831,Organic compounds;Organic oxygen compounds;Organooxygen compounds;Carbonyl compounds
17711,Alcohols and polyols,0.95,CHEMONTID:0000129,4,CHEMONTID:0000323,CHEMONTID:0000000;CHEMONTID:0004603;CHEMONTID:0000323;CHEMONTID:0000129,Organic compounds;Organic oxygen compounds;Organooxygen compounds;Alcohols and polyols
17177,Alcohols and polyols,0.84,CHEMONTID:0000129,4,CHEMONTID:0000323,CHEMONTID:0000000;CHEMONTID:0004603;CHEMONTID:0000323;CHEMONTID:0000129,Organic compounds;Organic oxygen compounds;Organooxygen compounds;Alcohols and polyols
20698,Alcohols and polyols,0.83,CHEMONTID:0000129,4,CHEMONTID:0000323,CHEMONTID:0000000;CHEMONTID:0004603;CHEMONTID:0000323;CHEMONTID:0000129,Organic compounds;Organic oxygen compounds;Organooxygen compounds;Alcohols and polyols
4903,Carbonyl compounds,0.99,CHEMONTID:0001831,4,CHEMONTID:0000323,CHEMONTID:0000000;CHEMONTID:0004603;CHEMONTID:0000323;CHEMONTID:0001831,Organic compounds;Organic oxygen compounds;Organooxygen compounds;Carbonyl compounds
20243,Amines,0.94,CHEMONTID:0002449,4,CHEMONTID:0000278,CHEMONTID:0000000;CHEMONTID:0004707;CHEMONTID:0000278;CHEMONTID:0002449,Organic compounds;Organic nitrogen compounds;Organonitrogen compounds;Amines
11264,Monocarboxylic acids and derivatives,0.9,CHEMONTID:0001137,4,CHEMONTID:0000265,CHEMONTID:0000000;CHEMONTID:0000264;CHEMONTID:0000265;CHEMONTID:0001137,Organic compounds;Organic acids and derivatives;Carboxylic acids and derivatives;Monocarboxylic acids and derivatives
3027,Carbonyl compounds,0.96,CHEMONTID:0001831,4,CHEMONTID:0000323,CHEMONTID:0000000;CHEMONTID:0004603;CHEMONTID:0000323;CHEMONTID:0001831,Organic compounds;Organic oxygen compounds;Organooxygen compounds;Carbonyl compounds
11907,Carbonyl compounds,0.98,CHEMONTID:0001831,4,CHEMONTID:0000323,CHEMONTID:0000000;CHEMONTID:0004603;CHEMONTID:0000323;CHEMONTID:0001831,Organic compounds;Organic oxygen compounds;Organooxygen compounds;Carbonyl compounds
800,Monoalkylamines,0.9,CHEMONTID:0000469,6,CHEMONTID:0002450,CHEMONTID:0000000;CHEMONTID:0004707;CHEMONTID:0000278;CHEMONTID:0002449;CHEMONTID:0002450;CHEMONTID:0000469,Organic compounds;Organic nitrogen compounds;Organonitrogen compounds;Amines;Primary amines;Monoalkylamines
5975,Carboxylic acid derivatives,0.91,CHEMONTID:0001093,4,CHEMONTID:0000265,CHEMONTID:0000000;CHEMONTID:0000264;CHEMONTID:0000265;CHEMONTID:0001093,Organic compounds;Organic acids and derivatives;Carboxylic acids and derivatives;Carboxylic acid derivatives
14337,Carboxylic acid derivatives,0.94,CHEMONTID:0001093,4,CHEMONTID:0000265,CHEMONTID:0000000;CHEMONTID:0000264;CHEMONTID:0000265;CHEMONTID:0001093,Organic compounds;Organic acids and derivatives;Carboxylic acids and derivatives;Carboxylic acid derivatives
11609,Amines,0.94,CHEMONTID:0002449,4,CHEMONTID:0000278,CHEMONTID:0000000;CHEMONTID:0004707;CHEMONTID:0000278;CHEMONTID:0002449,Organic compounds;Organic nitrogen compounds;Organonitrogen compounds;Amines
14543,Primary amines,0.98,CHEMONTID:0002450,5,CHEMONTID:0002449,CHEMONTID:0000000;CHEMONTID:0004707;CHEMONTID:0000278;CHEMONTID:0002449;CHEMONTID:0002450,Organic compounds;Organic nitrogen compounds;Organonitrogen compounds;Amines;Primary amines
12793,Carbonyl compounds,0.9,CHEMONTID:0001831,4,CHEMONTID:0000323,CHEMONTID:0000000;CHEMONTID:0004603;CHEMONTID:0000323;CHEMONTID:0001831,Organic compounds;Organic oxygen compounds;Organooxygen compounds;Carbonyl compounds
13753,Purines and purine derivatives,0.98,CHEMONTID:0000245,4,CHEMONTID:0001797,CHEMONTID:0000000;CHEMONTID:0000002;CHEMONTID:0001797;CHEMONTID:0000245,Organic compounds;Organoheterocyclic compounds;Imidazopyrimidines;Purines and purine derivatives
20113,Carbonyl compounds,0.89,CHEMONTID:0001831,4,CHEMONTID:0000323,CHEMONTID:0000000;CHEMONTID:0004603;CHEMONTID:0000323;CHEMONTID:0001831,Organic compounds;Organic oxygen compounds;Organooxygen compounds;Carbonyl compounds
7490,Carboxylic acid derivatives,0.96,CHEMONTID:0001093,4,CHEMONTID:0000265,CHEMONTID:0000000;CHEMONTID:0000264;CHEMONTID:0000265;CHEMONTID:0001093,Organic compounds;Organic acids and derivatives;Carboxylic acids and derivatives;Carboxylic acid derivatives
8231,Alcohols and polyols,0.98,CHEMONTID:0000129,4,CHEMONTID:0000323,CHEMONTID:0000000;CHEMONTID:0004603;CHEMONTID:0000323;CHEMONTID:0000129,Organic compounds;Organic oxygen compounds;Organooxygen compounds;Alcohols and polyols
8777,Alcohols and polyols,0.85,CHEMONTID:0000129,4,CHEMONTID:0000323,CHEMONTID:0000000;CHEMONTID:0004603;CHEMONTID:0000323;CHEMONTID:0000129,Organic compounds;Organic oxygen compounds;Organooxygen compounds;Alcohols and polyols
18088,Carboxylic acid derivatives,0.87,CHEMONTID:0001093,4,CHEMONTID:0000265,CHEMONTID:0000000;CHEMONTID:0000264;CHEMONTID:0000265;CHEMONTID:0001093,Organic compounds;Organic acids and derivatives;Carboxylic acids and derivatives;Carboxylic acid derivatives
10398,"Amino acids, peptides, and analogues",0.96,CHEMONTID:0000013,4,CHEMONTID:0000265,CHEMONTID:0000000;CHEMONTID:0000264;CHEMONTID:0000265;CHEMONTID:0000013,"Organic compounds;Organic acids and derivatives;Carboxylic acids and derivatives;Amino acids, peptides, and analogues"
13068,Ethers,0.96,CHEMONTID:0000254,4,CHEMONTID:0000323,CHEMONTID:0000000;CHEMONTID:0004603;CHEMONTID:0000323;CHEMONTID:0000254,Organic compounds;Organic oxygen compounds;Organooxygen compounds;Ethers
19263,Pyrimidines and pyrimidine derivatives,0.85,CHEMONTID:0000075,4,CHEMONTID:0001346,CHEMONTID:0000000;CHEMONTID:0000002;CHEMONTID:0001346;CHEMONTID:0000075,Organic compounds;Organoheterocyclic compounds;Diazines;Pyrimidines and pyrimidine derivatives
8705,Carbonyl compounds,0.94,CHEMONTID:0001831,4,CHEMONTID:0000323,CHEMONTID:0000000;CHEMONTID:0004603;CHEMONTID:0000323;CHEMONTID:0001831,Organic compounds;Organic oxygen compounds;Organooxygen compounds;Carbonyl compounds
17499,Alkyl phosphates,1,CHEMONTID:0003457,5,CHEMONTID:0000408,CHEMONTID:0000000;CHEMONTID:0000264;CHEMONTID:0000402;CHEMONTID:0000408;CHEMONTID:0003457,Organic compounds;Organic acids and derivatives;Organic phosphoric acids and derivatives;Phosphate esters;Alkyl phosphates
19089,Alcohols and polyols,0.95,CHEMONTID:0000129,4,CHEMONTID:0000323,CHEMONTID:0000000;CHEMONTID:0004603;CHEMONTID:0000323;CHEMONTID:0000129,Organic compounds;Organic oxygen compounds;Organooxygen compounds;Alcohols and polyols
18390,Dialkyl ethers,0.86,CHEMONTID:0001167,5,CHEMONTID:0000254,CHEMONTID:0000000;CHEMONTID:0004603;CHEMONTID:0000323;CHEMONTID:0000254;CHEMONTID:0001167,Organic compounds;Organic oxygen compounds;Organooxygen compounds;Ethers;Dialkyl ethers
5807,Carbonyl compounds,0.94,CHEMONTID:0001831,4,CHEMONTID:0000323,CHEMONTID:0000000;CHEMONTID:0004603;CHEMONTID:0000323;CHEMONTID:0001831,Organic compounds;Organic oxygen compounds;Organooxygen compounds;Carbonyl compounds
12640,Carboxylic acid derivatives,0.96,CHEMONTID:0001093,4,CHEMONTID:0000265,CHEMONTID:0000000;CHEMONTID:0000264;CHEMONTID:0000265;CHEMONTID:0001093,Organic compounds;Organic acids and derivatives;Carboxylic acids and derivatives;Carboxylic acid derivatives
17098,Ethers,0.86,CHEMONTID:0000254,4,CHEMONTID:0000323,CHEMONTID:0000000;CHEMONTID:0004603;CHEMONTID:0000323;CHEMONTID:0000254,Organic compounds;Organic oxygen compounds;Organooxygen compounds;Ethers
4108,Imidazoles,0.97,CHEMONTID:0000078,4,CHEMONTID:0000436,CHEMONTID:0000000;CHEMONTID:0000002;CHEMONTID:0000436;CHEMONTID:0000078,Organic compounds;Organoheterocyclic compounds;Azoles;Imidazoles
10142,Amines,0.97,CHEMONTID:0002449,4,CHEMONTID:0000278,CHEMONTID:0000000;CHEMONTID:0004707;CHEMONTID:0000278;CHEMONTID:0002449,Organic compounds;Organic nitrogen compounds;Organonitrogen compounds;Amines
18222,Primary amines,0.86,CHEMONTID:0002450,5,CHEMONTID:0002449,CHEMONTID:0000000;CHEMONTID:0004707;CHEMONTID:0000278;CHEMONTID:0002449;CHEMONTID:0002450,Organic compounds;Organic nitrogen compounds;Organonitrogen compounds;Amines;Primary amines
6350,Carboxylic acid derivatives,0.84,CHEMONTID:0001093,4,CHEMONTID:0000265,CHEMONTID:0000000;CHEMONTID:0000264;CHEMONTID:0000265;CHEMONTID:0001093,Organic compounds;Organic acids and derivatives;Carboxylic acids and derivatives;Carboxylic acid derivatives
6923,Carbohydrates and carbohydrate conjugates,0.94,CHEMONTID:0000011,4,CHEMONTID:0000323,CHEMONTID:0000000;CHEMONTID:0004603;CHEMONTID:0000323;CHEMONTID:0000011,Organic compounds;Organic oxygen compounds;Organooxygen compounds;Carbohydrates and carbohydrate conjugates
5073,Carbonyl compounds,0.96,CHEMONTID:0001831,4,CHEMONTID:0000323,CHEMONTID:0000000;CHEMONTID:0004603;CHEMONTID:0000323;CHEMONTID:0001831,Organic compounds;Organic oxygen compounds;Organooxygen compounds;Carbonyl compounds
1371,Dialkyl ethers,0.96,CHEMONTID:0001167,5,CHEMONTID:0000254,CHEMONTID:0000000;CHEMONTID:0004603;CHEMONTID:0000323;CHEMONTID:0000254;CHEMONTID:0001167,Organic compounds;Organic oxygen compounds;Organooxygen compounds;Ethers;Dialkyl ethers
4047,Carbonyl compounds,0.86,CHEMONTID:0001831,4,CHEMONTID:0000323,CHEMONTID:0000000;CHEMONTID:0004603;CHEMONTID:0000323;CHEMONTID:0001831,Organic compounds;Organic oxygen compounds;Organooxygen compounds;Carbonyl compounds
18113,Carbonyl compounds,0.88,CHEMONTID:0001831,4,CHEMONTID:0000323,CHEMONTID:0000000;CHEMONTID:0004603;CHEMONTID:0000323;CHEMONTID:0001831,Organic compounds;Organic oxygen compounds;Organooxygen compounds;Carbonyl compounds
12480,Carbonyl compounds,0.94,CHEMONTID:0001831,4,CHEMONTID:0000323,CHEMONTID:0000000;CHEMONTID:0004603;CHEMONTID:0000323;CHEMONTID:0001831,Organic compounds;Organic oxygen compounds;Organooxygen compounds;Carbonyl compounds
9690,Imidazoles,0.93,CHEMONTID:0000078,4,CHEMONTID:0000436,CHEMONTID:0000000;CHEMONTID:0000002;CHEMONTID:0000436;CHEMONTID:0000078,Organic compounds;Organoheterocyclic compounds;Azoles;Imidazoles
11494,Carbonyl compounds,0.87,CHEMONTID:0001831,4,CHEMONTID:0000323,CHEMONTID:0000000;CHEMONTID:0004603;CHEMONTID:0000323;CHEMONTID:0001831,Organic compounds;Organic oxygen compounds;Organooxygen compounds;Carbonyl compounds
7216,Carbonyl compounds,0.82,CHEMONTID:0001831,4,CHEMONTID:0000323,CHEMONTID:0000000;CHEMONTID:0004603;CHEMONTID:0000323;CHEMONTID:0001831,Organic compounds;Organic oxygen compounds;Organooxygen compounds;Carbonyl compounds
16039,Alcohols and polyols,0.99,CHEMONTID:0000129,4,CHEMONTID:0000323,CHEMONTID:0000000;CHEMONTID:0004603;CHEMONTID:0000323;CHEMONTID:0000129,Organic compounds;Organic oxygen compounds;Organooxygen compounds;Alcohols and polyols
17930,Carbonyl compounds,0.95,CHEMONTID:0001831,4,CHEMONTID:0000323,CHEMONTID:0000000;CHEMONTID:0004603;CHEMONTID:0000323;CHEMONTID:0001831,Organic compounds;Organic oxygen compounds;Organooxygen compounds;Carbonyl compounds
11198,Carboxylic acid derivatives,0.81,CHEMONTID:0001093,4,CHEMONTID:0000265,CHEMONTID:0000000;CHEMONTID:0000264;CHEMONTID:0000265;CHEMONTID:0001093,Organic compounds;Organic acids and derivatives;Carboxylic acids and derivatives;Carboxylic acid derivatives
12654,Monoalkylamines,0.96,CHEMONTID:0000469,6,CHEMONTID:0002450,CHEMONTID:0000000;CHEMONTID:0004707;CHEMONTID:0000278;CHEMONTID:0002449;CHEMONTID:0002450;CHEMONTID:0000469,Organic compounds;Organic nitrogen compounds;Organonitrogen compounds;Amines;Primary amines;Monoalkylamines
7277,Carbonyl compounds,0.92,CHEMONTID:0001831,4,CHEMONTID:0000323,CHEMONTID:0000000;CHEMONTID:0004603;CHEMONTID:0000323;CHEMONTID:0001831,Organic compounds;Organic oxygen compounds;Organooxygen compounds;Carbonyl compounds
1511,Carbonyl compounds,0.96,CHEMONTID:0001831,4,CHEMONTID:0000323,CHEMONTID:0000000;CHEMONTID:0004603;CHEMONTID:0000323;CHEMONTID:0001831,Organic compounds;Organic oxygen compounds;Organooxygen compounds;Carbonyl compounds
8244,Amines,0.96,CHEMONTID:0002449,4,CHEMONTID:0000278,CHEMONTID:0000000;CHEMONTID:0004707;CHEMONTID:0000278;CHEMONTID:0002449,Organic compounds;Organic nitrogen compounds;Organonitrogen compounds;Amines
17483,Carboxylic acid derivatives,0.99,CHEMONTID:0001093,4,CHEMONTID:0000265,CHEMONTID:0000000;CHEMONTID:0000264;CHEMONTID:0000265;CHEMONTID:0001093,Organic compounds;Organic acids and derivatives;Carboxylic acids and derivatives;Carboxylic acid derivatives
10451,Carboxylic acid esters,1,CHEMONTID:0001238,5,CHEMONTID:0001093,CHEMONTID:0000000;CHEMONTID:0000264;CHEMONTID:0000265;CHEMONTID:0001093;CHEMONTID:0001238,Organic compounds;Organic acids and derivatives;Carboxylic acids and derivatives;Carboxylic acid derivatives;Carboxylic acid esters
5866,Carbonyl compounds,0.95,CHEMONTID:0001831,4,CHEMONTID:0000323,CHEMONTID:0000000;CHEMONTID:0004603;CHEMONTID:0000323;CHEMONTID:0001831,Organic compounds;Organic oxygen compounds;Organooxygen compounds;Carbonyl compounds
8766,Carbonyl compounds,0.9,CHEMONTID:0001831,4,CHEMONTID:0000323,CHEMONTID:0000000;CHEMONTID:0004603;CHEMONTID:0000323;CHEMONTID:0001831,Organic compounds;Organic oxygen compounds;Organooxygen compounds;Carbonyl compounds
14667,Carbonyl compounds,0.91,CHEMONTID:0001831,4,CHEMONTID:0000323,CHEMONTID:0000000;CHEMONTID:0004603;CHEMONTID:0000323;CHEMONTID:0001831,Organic compounds;Organic oxygen compounds;Organooxygen compounds;Carbonyl compounds
9609,Carbonyl compounds,0.95,CHEMONTID:0001831,4,CHEMONTID:0000323,CHEMONTID:0000000;CHEMONTID:0004603;CHEMONTID:0000323;CHEMONTID:0001831,Organic compounds;Organic oxygen compounds;Organooxygen compounds;Carbonyl compounds
19203,Pyrimidines and pyrimidine derivatives,0.98,CHEMONTID:0000075,4,CHEMONTID:0001346,CHEMONTID:0000000;CHEMONTID:0000002;CHEMONTID:0001346;CHEMONTID:0000075,Organic compounds;Organoheterocyclic compounds;Diazines;Pyrimidines and pyrimidine derivatives
18875,Amines,0.98,CHEMONTID:0002449,4,CHEMONTID:0000278,CHEMONTID:0000000;CHEMONTID:0004707;CHEMONTID:0000278;CHEMONTID:0002449,Organic compounds;Organic nitrogen compounds;Organonitrogen compounds;Amines
2081,N-acyl amines,0.96,CHEMONTID:0001096,5,CHEMONTID:0000331,CHEMONTID:0000000;CHEMONTID:0000012;CHEMONTID:0003909;CHEMONTID:0000331;CHEMONTID:0001096,Organic compounds;Lipids and lipid-like molecules;Fatty Acyls;Fatty amides;N-acyl amines
15257,Carbonyl compounds,0.9,CHEMONTID:0001831,4,CHEMONTID:0000323,CHEMONTID:0000000;CHEMONTID:0004603;CHEMONTID:0000323;CHEMONTID:0001831,Organic compounds;Organic oxygen compounds;Organooxygen compounds;Carbonyl compounds
3470,Amino acids and derivatives,0.85,CHEMONTID:0000347,5,CHEMONTID:0000013,CHEMONTID:0000000;CHEMONTID:0000264;CHEMONTID:0000265;CHEMONTID:0000013;CHEMONTID:0000347,"Organic compounds;Organic acids and derivatives;Carboxylic acids and derivatives;Amino acids, peptides, and analogues;Amino acids and derivatives"
6468,Carbonyl compounds,0.87,CHEMONTID:0001831,4,CHEMONTID:0000323,CHEMONTID:0000000;CHEMONTID:0004603;CHEMONTID:0000323;CHEMONTID:0001831,Organic compounds;Organic oxygen compounds;Organooxygen compounds;Carbonyl compounds
334,Carbonyl compounds,0.97,CHEMONTID:0001831,4,CHEMONTID:0000323,CHEMONTID:0000000;CHEMONTID:0004603;CHEMONTID:0000323;CHEMONTID:0001831,Organic compounds;Organic oxygen compounds;Organooxygen compounds;Carbonyl compounds
17605,Monocarboxylic acids and derivatives,0.9,CHEMONTID:0001137,4,CHEMONTID:0000265,CHEMONTID:0000000;CHEMONTID:0000264;CHEMONTID:0000265;CHEMONTID:0001137,Organic compounds;Organic acids and derivatives;Carboxylic acids and derivatives;Monocarboxylic acids and derivatives
1765,Carbonyl compounds,0.88,CHEMONTID:0001831,4,CHEMONTID:0000323,CHEMONTID:0000000;CHEMONTID:0004603;CHEMONTID:0000323;CHEMONTID:0001831,Organic compounds;Organic oxygen compounds;Organooxygen compounds;Carbonyl compounds
14183,Primary amines,0.99,CHEMONTID:0002450,5,CHEMONTID:0002449,CHEMONTID:0000000;CHEMONTID:0004707;CHEMONTID:0000278;CHEMONTID:0002449;CHEMONTID:0002450,Organic compounds;Organic nitrogen compounds;Organonitrogen compounds;Amines;Primary amines
8360,Carbohydrates and carbohydrate conjugates,0.98,CHEMONTID:0000011,4,CHEMONTID:0000323,CHEMONTID:0000000;CHEMONTID:0004603;CHEMONTID:0000323;CHEMONTID:0000011,Organic compounds;Organic oxygen compounds;Organooxygen compounds;Carbohydrates and carbohydrate conjugates
9685,Carboxylic acid derivatives,0.88,CHEMONTID:0001093,4,CHEMONTID:0000265,CHEMONTID:0000000;CHEMONTID:0000264;CHEMONTID:0000265;CHEMONTID:0001093,Organic compounds;Organic acids and derivatives;Carboxylic acids and derivatives;Carboxylic acid derivatives
12941,Alcohols and polyols,1,CHEMONTID:0000129,4,CHEMONTID:0000323,CHEMONTID:0000000;CHEMONTID:0004603;CHEMONTID:0000323;CHEMONTID:0000129,Organic compounds;Organic oxygen compounds;Organooxygen compounds;Alcohols and polyols
7336,Carbonyl compounds,0.97,CHEMONTID:0001831,4,CHEMONTID:0000323,CHEMONTID:0000000;CHEMONTID:0004603;CHEMONTID:0000323;CHEMONTID:0001831,Organic compounds;Organic oxygen compounds;Organooxygen compounds;Carbonyl compounds
3799,Carbonyl compounds,0.88,CHEMONTID:0001831,4,CHEMONTID:0000323,CHEMONTID:0000000;CHEMONTID:0004603;CHEMONTID:0000323;CHEMONTID:0001831,Organic compounds;Organic oxygen compounds;Organooxygen compounds;Carbonyl compounds
16264,Triazoles,0.8,CHEMONTID:0000099,4,CHEMONTID:0000436,CHEMONTID:0000000;CHEMONTID:0000002;CHEMONTID:0000436;CHEMONTID:0000099,Organic compounds;Organoheterocyclic compounds;Azoles;Triazoles
14243,Carbonyl compounds,0.85,CHEMONTID:0001831,4,CHEMONTID:0000323,CHEMONTID:0000000;CHEMONTID:0004603;CHEMONTID:0000323;CHEMONTID:0001831,Organic compounds;Organic oxygen compounds;Organooxygen compounds;Carbonyl compounds
6494,Amines,0.99,CHEMONTID:0002449,4,CHEMONTID:0000278,CHEMONTID:0000000;CHEMONTID:0004707;CHEMONTID:0000278;CHEMONTID:0002449,Organic compounds;Organic nitrogen compounds;Organonitrogen compounds;Amines
5873,Alcohols and polyols,0.96,CHEMONTID:0000129,4,CHEMONTID:0000323,CHEMONTID:0000000;CHEMONTID:0004603;CHEMONTID:0000323;CHEMONTID:0000129,Organic compounds;Organic oxygen compounds;Organooxygen compounds;Alcohols and polyols
15319,Carbonyl compounds,0.97,CHEMONTID:0001831,4,CHEMONTID:0000323,CHEMONTID:0000000;CHEMONTID:0004603;CHEMONTID:0000323;CHEMONTID:0001831,Organic compounds;Organic oxygen compounds;Organooxygen compounds;Carbonyl compounds
9227,Carbonyl compounds,0.91,CHEMONTID:0001831,4,CHEMONTID:0000323,CHEMONTID:0000000;CHEMONTID:0004603;CHEMONTID:0000323;CHEMONTID:0001831,Organic compounds;Organic oxygen compounds;Organooxygen compounds;Carbonyl compounds
19744,Carbonyl compounds,0.81,CHEMONTID:0001831,4,CHEMONTID:0000323,CHEMONTID:0000000;CHEMONTID:0004603;CHEMONTID:0000323;CHEMONTID:0001831,Organic compounds;Organic oxygen compounds;Organooxygen compounds;Carbonyl compounds
8297,Alcohols and polyols,0.88,CHEMONTID:0000129,4,CHEMONTID:0000323,CHEMONTID:0000000;CHEMONTID:0004603;CHEMONTID:0000323;CHEMONTID:0000129,Organic compounds;Organic oxygen compounds;Organooxygen compounds;Alcohols and polyols
5344,Carbonyl compounds,0.98,CHEMONTID:0001831,4,CHEMONTID:0000323,CHEMONTID:0000000;CHEMONTID:0004603;CHEMONTID:0000323;CHEMONTID:0001831,Organic compounds;Organic oxygen compounds;Organooxygen compounds;Carbonyl compounds
15197,Monoalkylamines,0.95,CHEMONTID:0000469,6,CHEMONTID:0002450,CHEMONTID:0000000;CHEMONTID:0004707;CHEMONTID:0000278;CHEMONTID:0002449;CHEMONTID:0002450;CHEMONTID:0000469,Organic compounds;Organic nitrogen compounds;Organonitrogen compounds;Amines;Primary amines;Monoalkylamines
10277,Ethers,0.99,CHEMONTID:0000254,4,CHEMONTID:0000323,CHEMONTID:0000000;CHEMONTID:0004603;CHEMONTID:0000323;CHEMONTID:0000254,Organic compounds;Organic oxygen compounds;Organooxygen compounds;Ethers
14130,Carbohydrates and carbohydrate conjugates,0.99,CHEMONTID:0000011,4,CHEMONTID:0000323,CHEMONTID:0000000;CHEMONTID:0004603;CHEMONTID:0000323;CHEMONTID:0000011,Organic compounds;Organic oxygen compounds;Organooxygen compounds;Carbohydrates and carbohydrate conjugates
12045,Primary amines,0.98,CHEMONTID:0002450,5,CHEMONTID:0002449,CHEMONTID:0000000;CHEMONTID:0004707;CHEMONTID:0000278;CHEMONTID:0002449;CHEMONTID:0002450,Organic compounds;Organic nitrogen compounds;Organonitrogen compounds;Amines;Primary amines
10842,Monocarboxylic acids and derivatives,0.94,CHEMONTID:0001137,4,CHEMONTID:0000265,CHEMONTID:0000000;CHEMONTID:0000264;CHEMONTID:0000265;CHEMONTID:0001137,Organic compounds;Organic acids and derivatives;Carboxylic acids and derivatives;Monocarboxylic acids and derivatives
12937,Carboxylic acid derivatives,0.92,CHEMONTID:0001093,4,CHEMONTID:0000265,CHEMONTID:0000000;CHEMONTID:0000264;CHEMONTID:0000265;CHEMONTID:0001093,Organic compounds;Organic acids and derivatives;Carboxylic acids and derivatives;Carboxylic acid derivatives
12928,Carbonyl compounds,0.84,CHEMONTID:0001831,4,CHEMONTID:0000323,CHEMONTID:0000000;CHEMONTID:0004603;CHEMONTID:0000323;CHEMONTID:0001831,Organic compounds;Organic oxygen compounds;Organooxygen compounds;Carbonyl compounds
9480,Carbonyl compounds,0.97,CHEMONTID:0001831,4,CHEMONTID:0000323,CHEMONTID:0000000;CHEMONTID:0004603;CHEMONTID:0000323;CHEMONTID:0001831,Organic compounds;Organic oxygen compounds;Organooxygen compounds;Carbonyl compounds
9192,Dialkyl phosphates,1,CHEMONTID:0003459,6,CHEMONTID:0003457,CHEMONTID:0000000;CHEMONTID:0000264;CHEMONTID:0000402;CHEMONTID:0000408;CHEMONTID:0003457;CHEMONTID:0003459,Organic compounds;Organic acids and derivatives;Organic phosphoric acids and derivatives;Phosphate esters;Alkyl phosphates;Dialkyl phosphates
198,Carbonyl compounds,0.92,CHEMONTID:0001831,4,CHEMONTID:0000323,CHEMONTID:0000000;CHEMONTID:0004603;CHEMONTID:0000323;CHEMONTID:0001831,Organic compounds;Organic oxygen compounds;Organooxygen compounds;Carbonyl compounds
20688,Carbonyl compounds,0.9,CHEMONTID:0001831,4,CHEMONTID:0000323,CHEMONTID:0000000;CHEMONTID:0004603;CHEMONTID:0000323;CHEMONTID:0001831,Organic compounds;Organic oxygen compounds;Organooxygen compounds;Carbonyl compounds
10848,Carboxylic acids,0.9,CHEMONTID:0001205,4,CHEMONTID:0000265,CHEMONTID:0000000;CHEMONTID:0000264;CHEMONTID:0000265;CHEMONTID:0001205,Organic compounds;Organic acids and derivatives;Carboxylic acids and derivatives;Carboxylic acids
10363,Carbonyl compounds,0.85,CHEMONTID:0001831,4,CHEMONTID:0000323,CHEMONTID:0000000;CHEMONTID:0004603;CHEMONTID:0000323;CHEMONTID:0001831,Organic compounds;Organic oxygen compounds;Organooxygen compounds;Carbonyl compounds
11012,Carbonyl compounds,0.96,CHEMONTID:0001831,4,CHEMONTID:0000323,CHEMONTID:0000000;CHEMONTID:0004603;CHEMONTID:0000323;CHEMONTID:0001831,Organic compounds;Organic oxygen compounds;Organooxygen compounds;Carbonyl compounds
13506,Phosphate esters,0.96,CHEMONTID:0000408,4,CHEMONTID:0000402,CHEMONTID:0000000;CHEMONTID:0000264;CHEMONTID:0000402;CHEMONTID:0000408,Organic compounds;Organic acids and derivatives;Organic phosphoric acids and derivatives;Phosphate esters
15023,Amines,0.86,CHEMONTID:0002449,4,CHEMONTID:0000278,CHEMONTID:0000000;CHEMONTID:0004707;CHEMONTID:0000278;CHEMONTID:0002449,Organic compounds;Organic nitrogen compounds;Organonitrogen compounds;Amines
12899,Carbonyl compounds,0.81,CHEMONTID:0001831,4,CHEMONTID:0000323,CHEMONTID:0000000;CHEMONTID:0004603;CHEMONTID:0000323;CHEMONTID:0001831,Organic compounds;Organic oxygen compounds;Organooxygen compounds;Carbonyl compounds
3540,Amines,0.9,CHEMONTID:0002449,4,CHEMONTID:0000278,CHEMONTID:0000000;CHEMONTID:0004707;CHEMONTID:0000278;CHEMONTID:0002449,Organic compounds;Organic nitrogen compounds;Organonitrogen compounds;Amines
15816,Carbonyl compounds,0.96,CHEMONTID:0001831,4,CHEMONTID:0000323,CHEMONTID:0000000;CHEMONTID:0004603;CHEMONTID:0000323;CHEMONTID:0001831,Organic compounds;Organic oxygen compounds;Organooxygen compounds;Carbonyl compounds
10258,Alcohols and polyols,0.87,CHEMONTID:0000129,4,CHEMONTID:0000323,CHEMONTID:0000000;CHEMONTID:0004603;CHEMONTID:0000323;CHEMONTID:0000129,Organic compounds;Organic oxygen compounds;Organooxygen compounds;Alcohols and polyols
9957,Carbonyl compounds,0.91,CHEMONTID:0001831,4,CHEMONTID:0000323,CHEMONTID:0000000;CHEMONTID:0004603;CHEMONTID:0000323;CHEMONTID:0001831,Organic compounds;Organic oxygen compounds;Organooxygen compounds;Carbonyl compounds
12446,Fatty amides,0.85,CHEMONTID:0000331,4,CHEMONTID:0003909,CHEMONTID:0000000;CHEMONTID:0000012;CHEMONTID:0003909;CHEMONTID:0000331,Organic compounds;Lipids and lipid-like molecules;Fatty Acyls;Fatty amides
9432,Carboxylic acid derivatives,0.94,CHEMONTID:0001093,4,CHEMONTID:0000265,CHEMONTID:0000000;CHEMONTID:0000264;CHEMONTID:0000265;CHEMONTID:0001093,Organic compounds;Organic acids and derivatives;Carboxylic acids and derivatives;Carboxylic acid derivatives
10778,Amines,0.84,CHEMONTID:0002449,4,CHEMONTID:0000278,CHEMONTID:0000000;CHEMONTID:0004707;CHEMONTID:0000278;CHEMONTID:0002449,Organic compounds;Organic nitrogen compounds;Organonitrogen compounds;Amines
8872,Carbonyl compounds,0.84,CHEMONTID:0001831,4,CHEMONTID:0000323,CHEMONTID:0000000;CHEMONTID:0004603;CHEMONTID:0000323;CHEMONTID:0001831,Organic compounds;Organic oxygen compounds;Organooxygen compounds;Carbonyl compounds
2521,Carbonyl compounds,0.91,CHEMONTID:0001831,4,CHEMONTID:0000323,CHEMONTID:0000000;CHEMONTID:0004603;CHEMONTID:0000323;CHEMONTID:0001831,Organic compounds;Organic oxygen compounds;Organooxygen compounds;Carbonyl compounds
14264,Carbonyl compounds,1,CHEMONTID:0001831,4,CHEMONTID:0000323,CHEMONTID:0000000;CHEMONTID:0004603;CHEMONTID:0000323;CHEMONTID:0001831,Organic compounds;Organic oxygen compounds;Organooxygen compounds;Carbonyl compounds
9797,Carbonyl compounds,0.97,CHEMONTID:0001831,4,CHEMONTID:0000323,CHEMONTID:0000000;CHEMONTID:0004603;CHEMONTID:0000323;CHEMONTID:0001831,Organic compounds;Organic oxygen compounds;Organooxygen compounds;Carbonyl compounds
18103,Carbonyl compounds,0.97,CHEMONTID:0001831,4,CHEMONTID:0000323,CHEMONTID:0000000;CHEMONTID:0004603;CHEMONTID:0000323;CHEMONTID:0001831,Organic compounds;Organic oxygen compounds;Organooxygen compounds;Carbonyl compounds
4370,Carboxylic acid derivatives,0.88,CHEMONTID:0001093,4,CHEMONTID:0000265,CHEMONTID:0000000;CHEMONTID:0000264;CHEMONTID:0000265;CHEMONTID:0001093,Organic compounds;Organic acids and derivatives;Carboxylic acids and derivatives;Carboxylic acid derivatives
8440,Secondary alcohols,0.93,CHEMONTID:0001661,5,CHEMONTID:0000129,CHEMONTID:0000000;CHEMONTID:0004603;CHEMONTID:0000323;CHEMONTID:0000129;CHEMONTID:0001661,Organic compounds;Organic oxygen compounds;Organooxygen compounds;Alcohols and polyols;Secondary alcohols
11121,Carbonyl compounds,0.89,CHEMONTID:0001831,4,CHEMONTID:0000323,CHEMONTID:0000000;CHEMONTID:0004603;CHEMONTID:0000323;CHEMONTID:0001831,Organic compounds;Organic oxygen compounds;Organooxygen compounds;Carbonyl compounds
16456,Carbonyl compounds,0.95,CHEMONTID:0001831,4,CHEMONTID:0000323,CHEMONTID:0000000;CHEMONTID:0004603;CHEMONTID:0000323;CHEMONTID:0001831,Organic compounds;Organic oxygen compounds;Organooxygen compounds;Carbonyl compounds
8131,Carbonyl compounds,0.98,CHEMONTID:0001831,4,CHEMONTID:0000323,CHEMONTID:0000000;CHEMONTID:0004603;CHEMONTID:0000323;CHEMONTID:0001831,Organic compounds;Organic oxygen compounds;Organooxygen compounds;Carbonyl compounds
9337,Dialkyl ethers,0.96,CHEMONTID:0001167,5,CHEMONTID:0000254,CHEMONTID:0000000;CHEMONTID:0004603;CHEMONTID:0000323;CHEMONTID:0000254;CHEMONTID:0001167,Organic compounds;Organic oxygen compounds;Organooxygen compounds;Ethers;Dialkyl ethers
17005,Carbonyl compounds,0.9,CHEMONTID:0001831,4,CHEMONTID:0000323,CHEMONTID:0000000;CHEMONTID:0004603;CHEMONTID:0000323;CHEMONTID:0001831,Organic compounds;Organic oxygen compounds;Organooxygen compounds;Carbonyl compounds
11417,Carbonyl compounds,0.98,CHEMONTID:0001831,4,CHEMONTID:0000323,CHEMONTID:0000000;CHEMONTID:0004603;CHEMONTID:0000323;CHEMONTID:0001831,Organic compounds;Organic oxygen compounds;Organooxygen compounds;Carbonyl compounds
17657,Carboxylic acid derivatives,0.87,CHEMONTID:0001093,4,CHEMONTID:0000265,CHEMONTID:0000000;CHEMONTID:0000264;CHEMONTID:0000265;CHEMONTID:0001093,Organic compounds;Organic acids and derivatives;Carboxylic acids and derivatives;Carboxylic acid derivatives
5027,Carbonyl compounds,0.86,CHEMONTID:0001831,4,CHEMONTID:0000323,CHEMONTID:0000000;CHEMONTID:0004603;CHEMONTID:0000323;CHEMONTID:0001831,Organic compounds;Organic oxygen compounds;Organooxygen compounds;Carbonyl compounds
5895,Primary amines,1,CHEMONTID:0002450,5,CHEMONTID:0002449,CHEMONTID:0000000;CHEMONTID:0004707;CHEMONTID:0000278;CHEMONTID:0002449;CHEMONTID:0002450,Organic compounds;Organic nitrogen compounds;Organonitrogen compounds;Amines;Primary amines
11202,Carbonyl compounds,0.93,CHEMONTID:0001831,4,CHEMONTID:0000323,CHEMONTID:0000000;CHEMONTID:0004603;CHEMONTID:0000323;CHEMONTID:0001831,Organic compounds;Organic oxygen compounds;Organooxygen compounds;Carbonyl compounds
18915,Carboxylic acid derivatives,0.98,CHEMONTID:0001093,4,CHEMONTID:0000265,CHEMONTID:0000000;CHEMONTID:0000264;CHEMONTID:0000265;CHEMONTID:0001093,Organic compounds;Organic acids and derivatives;Carboxylic acids and derivatives;Carboxylic acid derivatives
2910,Phosphate esters,1,CHEMONTID:0000408,4,CHEMONTID:0000402,CHEMONTID:0000000;CHEMONTID:0000264;CHEMONTID:0000402;CHEMONTID:0000408,Organic compounds;Organic acids and derivatives;Organic phosphoric acids and derivatives;Phosphate esters
15938,Alcohols and polyols,0.89,CHEMONTID:0000129,4,CHEMONTID:0000323,CHEMONTID:0000000;CHEMONTID:0004603;CHEMONTID:0000323;CHEMONTID:0000129,Organic compounds;Organic oxygen compounds;Organooxygen compounds;Alcohols and polyols
19196,Ethers,0.84,CHEMONTID:0000254,4,CHEMONTID:0000323,CHEMONTID:0000000;CHEMONTID:0004603;CHEMONTID:0000323;CHEMONTID:0000254,Organic compounds;Organic oxygen compounds;Organooxygen compounds;Ethers
1731,Carbonyl compounds,0.98,CHEMONTID:0001831,4,CHEMONTID:0000323,CHEMONTID:0000000;CHEMONTID:0004603;CHEMONTID:0000323;CHEMONTID:0001831,Organic compounds;Organic oxygen compounds;Organooxygen compounds;Carbonyl compounds
2722,Monoalkylamines,0.99,CHEMONTID:0000469,6,CHEMONTID:0002450,CHEMONTID:0000000;CHEMONTID:0004707;CHEMONTID:0000278;CHEMONTID:0002449;CHEMONTID:0002450;CHEMONTID:0000469,Organic compounds;Organic nitrogen compounds;Organonitrogen compounds;Amines;Primary amines;Monoalkylamines
4278,Carbonyl compounds,0.95,CHEMONTID:0001831,4,CHEMONTID:0000323,CHEMONTID:0000000;CHEMONTID:0004603;CHEMONTID:0000323;CHEMONTID:0001831,Organic compounds;Organic oxygen compounds;Organooxygen compounds;Carbonyl compounds
16027,Carboxylic acid derivatives,0.95,CHEMONTID:0001093,4,CHEMONTID:0000265,CHEMONTID:0000000;CHEMONTID:0000264;CHEMONTID:0000265;CHEMONTID:0001093,Organic compounds;Organic acids and derivatives;Carboxylic acids and derivatives;Carboxylic acid derivatives
1216,Ethers,0.97,CHEMONTID:0000254,4,CHEMONTID:0000323,CHEMONTID:0000000;CHEMONTID:0004603;CHEMONTID:0000323;CHEMONTID:0000254,Organic compounds;Organic oxygen compounds;Organooxygen compounds;Ethers
3584,Carbonyl compounds,0.9,CHEMONTID:0001831,4,CHEMONTID:0000323,CHEMONTID:0000000;CHEMONTID:0004603;CHEMONTID:0000323;CHEMONTID:0001831,Organic compounds;Organic oxygen compounds;Organooxygen compounds;Carbonyl compounds
2368,Carbohydrates and carbohydrate conjugates,0.99,CHEMONTID:0000011,4,CHEMONTID:0000323,CHEMONTID:0000000;CHEMONTID:0004603;CHEMONTID:0000323;CHEMONTID:0000011,Organic compounds;Organic oxygen compounds;Organooxygen compounds;Carbohydrates and carbohydrate conjugates
11482,"Amino acids, peptides, and analogues",0.92,CHEMONTID:0000013,4,CHEMONTID:0000265,CHEMONTID:0000000;CHEMONTID:0000264;CHEMONTID:0000265;CHEMONTID:0000013,"Organic compounds;Organic acids and derivatives;Carboxylic acids and derivatives;Amino acids, peptides, and analogues"
5644,Amines,1,CHEMONTID:0002449,4,CHEMONTID:0000278,CHEMONTID:0000000;CHEMONTID:0004707;CHEMONTID:0000278;CHEMONTID:0002449,Organic compounds;Organic nitrogen compounds;Organonitrogen compounds;Amines
12394,Secondary carboxylic acid amides,0.85,CHEMONTID:0001663,6,CHEMONTID:0000475,CHEMONTID:0000000;CHEMONTID:0000264;CHEMONTID:0000265;CHEMONTID:0001093;CHEMONTID:0000475;CHEMONTID:0001663,Organic compounds;Organic acids and derivatives;Carboxylic acids and derivatives;Carboxylic acid derivatives;Carboxylic acid amides;Secondary carboxylic acid amides
4399,Monoalkylamines,0.84,CHEMONTID:0000469,6,CHEMONTID:0002450,CHEMONTID:0000000;CHEMONTID:0004707;CHEMONTID:0000278;CHEMONTID:0002449;CHEMONTID:0002450;CHEMONTID:0000469,Organic compounds;Organic nitrogen compounds;Organonitrogen compounds;Amines;Primary amines;Monoalkylamines
12414,Primary amines,0.92,CHEMONTID:0002450,5,CHEMONTID:0002449,CHEMONTID:0000000;CHEMONTID:0004707;CHEMONTID:0000278;CHEMONTID:0002449;CHEMONTID:0002450,Organic compounds;Organic nitrogen compounds;Organonitrogen compounds;Amines;Primary amines
18981,Monocarboxylic acids and derivatives,0.88,CHEMONTID:0001137,4,CHEMONTID:0000265,CHEMONTID:0000000;CHEMONTID:0000264;CHEMONTID:0000265;CHEMONTID:0001137,Organic compounds;Organic acids and derivatives;Carboxylic acids and derivatives;Monocarboxylic acids and derivatives
8029,Carboxylic acid derivatives,0.97,CHEMONTID:0001093,4,CHEMONTID:0000265,CHEMONTID:0000000;CHEMONTID:0000264;CHEMONTID:0000265;CHEMONTID:0001093,Organic compounds;Organic acids and derivatives;Carboxylic acids and derivatives;Carboxylic acid derivatives
8184,Ethers,0.94,CHEMONTID:0000254,4,CHEMONTID:0000323,CHEMONTID:0000000;CHEMONTID:0004603;CHEMONTID:0000323;CHEMONTID:0000254,Organic compounds;Organic oxygen compounds;Organooxygen compounds;Ethers
4287,Alcohols and polyols,1,CHEMONTID:0000129,4,CHEMONTID:0000323,CHEMONTID:0000000;CHEMONTID:0004603;CHEMONTID:0000323;CHEMONTID:0000129,Organic compounds;Organic oxygen compounds;Organooxygen compounds;Alcohols and polyols
8863,Monoalkylamines,0.97,CHEMONTID:0000469,6,CHEMONTID:0002450,CHEMONTID:0000000;CHEMONTID:0004707;CHEMONTID:0000278;CHEMONTID:0002449;CHEMONTID:0002450;CHEMONTID:0000469,Organic compounds;Organic nitrogen compounds;Organonitrogen compounds;Amines;Primary amines;Monoalkylamines
19697,Carboxylic acid derivatives,0.96,CHEMONTID:0001093,4,CHEMONTID:0000265,CHEMONTID:0000000;CHEMONTID:0000264;CHEMONTID:0000265;CHEMONTID:0001093,Organic compounds;Organic acids and derivatives;Carboxylic acids and derivatives;Carboxylic acid derivatives
3357,Tertiary amines,0.9,CHEMONTID:0002452,5,CHEMONTID:0002449,CHEMONTID:0000000;CHEMONTID:0004707;CHEMONTID:0000278;CHEMONTID:0002449;CHEMONTID:0002452,Organic compounds;Organic nitrogen compounds;Organonitrogen compounds;Amines;Tertiary amines
10527,Carbonyl compounds,0.89,CHEMONTID:0001831,4,CHEMONTID:0000323,CHEMONTID:0000000;CHEMONTID:0004603;CHEMONTID:0000323;CHEMONTID:0001831,Organic compounds;Organic oxygen compounds;Organooxygen compounds;Carbonyl compounds
13100,Carbonyl compounds,0.95,CHEMONTID:0001831,4,CHEMONTID:0000323,CHEMONTID:0000000;CHEMONTID:0004603;CHEMONTID:0000323;CHEMONTID:0001831,Organic compounds;Organic oxygen compounds;Organooxygen compounds;Carbonyl compounds
8451,Carbonyl compounds,0.82,CHEMONTID:0001831,4,CHEMONTID:0000323,CHEMONTID:0000000;CHEMONTID:0004603;CHEMONTID:0000323;CHEMONTID:0001831,Organic compounds;Organic oxygen compounds;Organooxygen compounds;Carbonyl compounds
1153,Carbonyl compounds,0.89,CHEMONTID:0001831,4,CHEMONTID:0000323,CHEMONTID:0000000;CHEMONTID:0004603;CHEMONTID:0000323;CHEMONTID:0001831,Organic compounds;Organic oxygen compounds;Organooxygen compounds;Carbonyl compounds
17766,Alcohols and polyols,0.89,CHEMONTID:0000129,4,CHEMONTID:0000323,CHEMONTID:0000000;CHEMONTID:0004603;CHEMONTID:0000323;CHEMONTID:0000129,Organic compounds;Organic oxygen compounds;Organooxygen compounds;Alcohols and polyols
1125,Tetrazoles,0.88,CHEMONTID:0000111,4,CHEMONTID:0000436,CHEMONTID:0000000;CHEMONTID:0000002;CHEMONTID:0000436;CHEMONTID:0000111,Organic compounds;Organoheterocyclic compounds;Azoles;Tetrazoles
15713,Carbonyl compounds,0.87,CHEMONTID:0001831,4,CHEMONTID:0000323,CHEMONTID:0000000;CHEMONTID:0004603;CHEMONTID:0000323;CHEMONTID:0001831,Organic compounds;Organic oxygen compounds;Organooxygen compounds;Carbonyl compounds
20707,Carbonyl compounds,0.95,CHEMONTID:0001831,4,CHEMONTID:0000323,CHEMONTID:0000000;CHEMONTID:0004603;CHEMONTID:0000323;CHEMONTID:0001831,Organic compounds;Organic oxygen compounds;Organooxygen compounds;Carbonyl compounds
10332,Carbonyl compounds,0.8,CHEMONTID:0001831,4,CHEMONTID:0000323,CHEMONTID:0000000;CHEMONTID:0004603;CHEMONTID:0000323;CHEMONTID:0001831,Organic compounds;Organic oxygen compounds;Organooxygen compounds;Carbonyl compounds
9898,Alcohols and polyols,0.95,CHEMONTID:0000129,4,CHEMONTID:0000323,CHEMONTID:0000000;CHEMONTID:0004603;CHEMONTID:0000323;CHEMONTID:0000129,Organic compounds;Organic oxygen compounds;Organooxygen compounds;Alcohols and polyols
11918,Amines,0.98,CHEMONTID:0002449,4,CHEMONTID:0000278,CHEMONTID:0000000;CHEMONTID:0004707;CHEMONTID:0000278;CHEMONTID:0002449,Organic compounds;Organic nitrogen compounds;Organonitrogen compounds;Amines
4503,Carbonyl compounds,0.93,CHEMONTID:0001831,4,CHEMONTID:0000323,CHEMONTID:0000000;CHEMONTID:0004603;CHEMONTID:0000323;CHEMONTID:0001831,Organic compounds;Organic oxygen compounds;Organooxygen compounds;Carbonyl compounds
13265,Amines,0.91,CHEMONTID:0002449,4,CHEMONTID:0000278,CHEMONTID:0000000;CHEMONTID:0004707;CHEMONTID:0000278;CHEMONTID:0002449,Organic compounds;Organic nitrogen compounds;Organonitrogen compounds;Amines
10504,Carbonyl compounds,0.84,CHEMONTID:0001831,4,CHEMONTID:0000323,CHEMONTID:0000000;CHEMONTID:0004603;CHEMONTID:0000323;CHEMONTID:0001831,Organic compounds;Organic oxygen compounds;Organooxygen compounds;Carbonyl compounds
6165,Carbonyl compounds,0.91,CHEMONTID:0001831,4,CHEMONTID:0000323,CHEMONTID:0000000;CHEMONTID:0004603;CHEMONTID:0000323;CHEMONTID:0001831,Organic compounds;Organic oxygen compounds;Organooxygen compounds;Carbonyl compounds
392,Carbonyl compounds,0.84,CHEMONTID:0001831,4,CHEMONTID:0000323,CHEMONTID:0000000;CHEMONTID:0004603;CHEMONTID:0000323;CHEMONTID:0001831,Organic compounds;Organic oxygen compounds;Organooxygen compounds;Carbonyl compounds
13853,Carbonyl compounds,0.9,CHEMONTID:0001831,4,CHEMONTID:0000323,CHEMONTID:0000000;CHEMONTID:0004603;CHEMONTID:0000323;CHEMONTID:0001831,Organic compounds;Organic oxygen compounds;Organooxygen compounds;Carbonyl compounds
12992,Amines,1,CHEMONTID:0002449,4,CHEMONTID:0000278,CHEMONTID:0000000;CHEMONTID:0004707;CHEMONTID:0000278;CHEMONTID:0002449,Organic compounds;Organic nitrogen compounds;Organonitrogen compounds;Amines
4176,Alkyl phosphates,1,CHEMONTID:0003457,5,CHEMONTID:0000408,CHEMONTID:0000000;CHEMONTID:0000264;CHEMONTID:0000402;CHEMONTID:0000408;CHEMONTID:0003457,Organic compounds;Organic acids and derivatives;Organic phosphoric acids and derivatives;Phosphate esters;Alkyl phosphates
10764,Amines,0.99,CHEMONTID:0002449,4,CHEMONTID:0000278,CHEMONTID:0000000;CHEMONTID:0004707;CHEMONTID:0000278;CHEMONTID:0002449,Organic compounds;Organic nitrogen compounds;Organonitrogen compounds;Amines
14942,Dialkyl ethers,0.91,CHEMONTID:0001167,5,CHEMONTID:0000254,CHEMONTID:0000000;CHEMONTID:0004603;CHEMONTID:0000323;CHEMONTID:0000254;CHEMONTID:0001167,Organic compounds;Organic oxygen compounds;Organooxygen compounds;Ethers;Dialkyl ethers
15037,Fatty amides,0.96,CHEMONTID:0000331,4,CHEMONTID:0003909,CHEMONTID:0000000;CHEMONTID:0000012;CHEMONTID:0003909;CHEMONTID:0000331,Organic compounds;Lipids and lipid-like molecules;Fatty Acyls;Fatty amides
10311,Carbonyl compounds,0.91,CHEMONTID:0001831,4,CHEMONTID:0000323,CHEMONTID:0000000;CHEMONTID:0004603;CHEMONTID:0000323;CHEMONTID:0001831,Organic compounds;Organic oxygen compounds;Organooxygen compounds;Carbonyl compounds
6366,Carboxylic acid derivatives,0.9,CHEMONTID:0001093,4,CHEMONTID:0000265,CHEMONTID:0000000;CHEMONTID:0000264;CHEMONTID:0000265;CHEMONTID:0001093,Organic compounds;Organic acids and derivatives;Carboxylic acids and derivatives;Carboxylic acid derivatives
7929,Alcohols and polyols,0.9,CHEMONTID:0000129,4,CHEMONTID:0000323,CHEMONTID:0000000;CHEMONTID:0004603;CHEMONTID:0000323;CHEMONTID:0000129,Organic compounds;Organic oxygen compounds;Organooxygen compounds;Alcohols and polyols
9391,Alcohols and polyols,0.89,CHEMONTID:0000129,4,CHEMONTID:0000323,CHEMONTID:0000000;CHEMONTID:0004603;CHEMONTID:0000323;CHEMONTID:0000129,Organic compounds;Organic oxygen compounds;Organooxygen compounds;Alcohols and polyols
9755,Monoalkylamines,0.98,CHEMONTID:0000469,6,CHEMONTID:0002450,CHEMONTID:0000000;CHEMONTID:0004707;CHEMONTID:0000278;CHEMONTID:0002449;CHEMONTID:0002450;CHEMONTID:0000469,Organic compounds;Organic nitrogen compounds;Organonitrogen compounds;Amines;Primary amines;Monoalkylamines
14564,Carbonyl compounds,0.88,CHEMONTID:0001831,4,CHEMONTID:0000323,CHEMONTID:0000000;CHEMONTID:0004603;CHEMONTID:0000323;CHEMONTID:0001831,Organic compounds;Organic oxygen compounds;Organooxygen compounds;Carbonyl compounds
17272,Fatty amides,0.83,CHEMONTID:0000331,4,CHEMONTID:0003909,CHEMONTID:0000000;CHEMONTID:0000012;CHEMONTID:0003909;CHEMONTID:0000331,Organic compounds;Lipids and lipid-like molecules;Fatty Acyls;Fatty amides
8957,Primary amines,0.99,CHEMONTID:0002450,5,CHEMONTID:0002449,CHEMONTID:0000000;CHEMONTID:0004707;CHEMONTID:0000278;CHEMONTID:0002449;CHEMONTID:0002450,Organic compounds;Organic nitrogen compounds;Organonitrogen compounds;Amines;Primary amines
3274,Carboxylic acid salts,1,CHEMONTID:0001166,5,CHEMONTID:0001093,CHEMONTID:0000000;CHEMONTID:0000264;CHEMONTID:0000265;CHEMONTID:0001093;CHEMONTID:0001166,Organic compounds;Organic acids and derivatives;Carboxylic acids and derivatives;Carboxylic acid derivatives;Carboxylic acid salts
7399,Primary amines,1,CHEMONTID:0002450,5,CHEMONTID:0002449,CHEMONTID:0000000;CHEMONTID:0004707;CHEMONTID:0000278;CHEMONTID:0002449;CHEMONTID:0002450,Organic compounds;Organic nitrogen compounds;Organonitrogen compounds;Amines;Primary amines
13618,Carboxylic acid derivatives,0.99,CHEMONTID:0001093,4,CHEMONTID:0000265,CHEMONTID:0000000;CHEMONTID:0000264;CHEMONTID:0000265;CHEMONTID:0001093,Organic compounds;Organic acids and derivatives;Carboxylic acids and derivatives;Carboxylic acid derivatives
6776,Carbonyl compounds,0.99,CHEMONTID:0001831,4,CHEMONTID:0000323,CHEMONTID:0000000;CHEMONTID:0004603;CHEMONTID:0000323;CHEMONTID:0001831,Organic compounds;Organic oxygen compounds;Organooxygen compounds;Carbonyl compounds
13429,Carbonyl compounds,0.98,CHEMONTID:0001831,4,CHEMONTID:0000323,CHEMONTID:0000000;CHEMONTID:0004603;CHEMONTID:0000323;CHEMONTID:0001831,Organic compounds;Organic oxygen compounds;Organooxygen compounds;Carbonyl compounds
4243,Guanidines,0.98,CHEMONTID:0000375,4,CHEMONTID:0000278,CHEMONTID:0000000;CHEMONTID:0004707;CHEMONTID:0000278;CHEMONTID:0000375,Organic compounds;Organic nitrogen compounds;Organonitrogen compounds;Guanidines
3837,Carbonyl compounds,0.89,CHEMONTID:0001831,4,CHEMONTID:0000323,CHEMONTID:0000000;CHEMONTID:0004603;CHEMONTID:0000323;CHEMONTID:0001831,Organic compounds;Organic oxygen compounds;Organooxygen compounds;Carbonyl compounds
19175,Alcohols and polyols,0.98,CHEMONTID:0000129,4,CHEMONTID:0000323,CHEMONTID:0000000;CHEMONTID:0004603;CHEMONTID:0000323;CHEMONTID:0000129,Organic compounds;Organic oxygen compounds;Organooxygen compounds;Alcohols and polyols
10162,Carbonyl compounds,0.95,CHEMONTID:0001831,4,CHEMONTID:0000323,CHEMONTID:0000000;CHEMONTID:0004603;CHEMONTID:0000323;CHEMONTID:0001831,Organic compounds;Organic oxygen compounds;Organooxygen compounds;Carbonyl compounds
5118,Alcohols and polyols,0.87,CHEMONTID:0000129,4,CHEMONTID:0000323,CHEMONTID:0000000;CHEMONTID:0004603;CHEMONTID:0000323;CHEMONTID:0000129,Organic compounds;Organic oxygen compounds;Organooxygen compounds;Alcohols and polyols
20488,Monoalkylamines,0.89,CHEMONTID:0000469,6,CHEMONTID:0002450,CHEMONTID:0000000;CHEMONTID:0004707;CHEMONTID:0000278;CHEMONTID:0002449;CHEMONTID:0002450;CHEMONTID:0000469,Organic compounds;Organic nitrogen compounds;Organonitrogen compounds;Amines;Primary amines;Monoalkylamines
18583,Ethers,1,CHEMONTID:0000254,4,CHEMONTID:0000323,CHEMONTID:0000000;CHEMONTID:0004603;CHEMONTID:0000323;CHEMONTID:0000254,Organic compounds;Organic oxygen compounds;Organooxygen compounds;Ethers
18678,Carbonyl compounds,0.93,CHEMONTID:0001831,4,CHEMONTID:0000323,CHEMONTID:0000000;CHEMONTID:0004603;CHEMONTID:0000323;CHEMONTID:0001831,Organic compounds;Organic oxygen compounds;Organooxygen compounds;Carbonyl compounds
10403,Amines,0.98,CHEMONTID:0002449,4,CHEMONTID:0000278,CHEMONTID:0000000;CHEMONTID:0004707;CHEMONTID:0000278;CHEMONTID:0002449,Organic compounds;Organic nitrogen compounds;Organonitrogen compounds;Amines
3548,Monocarboxylic acids and derivatives,0.81,CHEMONTID:0001137,4,CHEMONTID:0000265,CHEMONTID:0000000;CHEMONTID:0000264;CHEMONTID:0000265;CHEMONTID:0001137,Organic compounds;Organic acids and derivatives;Carboxylic acids and derivatives;Monocarboxylic acids and derivatives
3883,Carboxylic acid derivatives,0.92,CHEMONTID:0001093,4,CHEMONTID:0000265,CHEMONTID:0000000;CHEMONTID:0000264;CHEMONTID:0000265;CHEMONTID:0001093,Organic compounds;Organic acids and derivatives;Carboxylic acids and derivatives;Carboxylic acid derivatives
9407,Monoalkylamines,1,CHEMONTID:0000469,6,CHEMONTID:0002450,CHEMONTID:0000000;CHEMONTID:0004707;CHEMONTID:0000278;CHEMONTID:0002449;CHEMONTID:0002450;CHEMONTID:0000469,Organic compounds;Organic nitrogen compounds;Organonitrogen compounds;Amines;Primary amines;Monoalkylamines
15898,Alcohols and polyols,0.99,CHEMONTID:0000129,4,CHEMONTID:0000323,CHEMONTID:0000000;CHEMONTID:0004603;CHEMONTID:0000323;CHEMONTID:0000129,Organic compounds;Organic oxygen compounds;Organooxygen compounds;Alcohols and polyols
19635,Carbonyl compounds,0.95,CHEMONTID:0001831,4,CHEMONTID:0000323,CHEMONTID:0000000;CHEMONTID:0004603;CHEMONTID:0000323;CHEMONTID:0001831,Organic compounds;Organic oxygen compounds;Organooxygen compounds;Carbonyl compounds
14691,3-alkylindoles,0.94,CHEMONTID:0004196,5,CHEMONTID:0002497,CHEMONTID:0000000;CHEMONTID:0000002;CHEMONTID:0000211;CHEMONTID:0002497;CHEMONTID:0004196,Organic compounds;Organoheterocyclic compounds;Indoles and derivatives;Indoles;3-alkylindoles
9488,Amines,0.95,CHEMONTID:0002449,4,CHEMONTID:0000278,CHEMONTID:0000000;CHEMONTID:0004707;CHEMONTID:0000278;CHEMONTID:0002449,Organic compounds;Organic nitrogen compounds;Organonitrogen compounds;Amines
4583,Carboxylic acid derivatives,0.98,CHEMONTID:0001093,4,CHEMONTID:0000265,CHEMONTID:0000000;CHEMONTID:0000264;CHEMONTID:0000265;CHEMONTID:0001093,Organic compounds;Organic acids and derivatives;Carboxylic acids and derivatives;Carboxylic acid derivatives
10730,Alcohols and polyols,0.81,CHEMONTID:0000129,4,CHEMONTID:0000323,CHEMONTID:0000000;CHEMONTID:0004603;CHEMONTID:0000323;CHEMONTID:0000129,Organic compounds;Organic oxygen compounds;Organooxygen compounds;Alcohols and polyols
10038,Ethers,0.86,CHEMONTID:0000254,4,CHEMONTID:0000323,CHEMONTID:0000000;CHEMONTID:0004603;CHEMONTID:0000323;CHEMONTID:0000254,Organic compounds;Organic oxygen compounds;Organooxygen compounds;Ethers
3467,Amines,0.96,CHEMONTID:0002449,4,CHEMONTID:0000278,CHEMONTID:0000000;CHEMONTID:0004707;CHEMONTID:0000278;CHEMONTID:0002449,Organic compounds;Organic nitrogen compounds;Organonitrogen compounds;Amines
20125,Fatty amides,0.87,CHEMONTID:0000331,4,CHEMONTID:0003909,CHEMONTID:0000000;CHEMONTID:0000012;CHEMONTID:0003909;CHEMONTID:0000331,Organic compounds;Lipids and lipid-like molecules;Fatty Acyls;Fatty amides
6515,Monoalkylamines,1,CHEMONTID:0000469,6,CHEMONTID:0002450,CHEMONTID:0000000;CHEMONTID:0004707;CHEMONTID:0000278;CHEMONTID:0002449;CHEMONTID:0002450;CHEMONTID:0000469,Organic compounds;Organic nitrogen compounds;Organonitrogen compounds;Amines;Primary amines;Monoalkylamines
11353,Carbonyl compounds,0.85,CHEMONTID:0001831,4,CHEMONTID:0000323,CHEMONTID:0000000;CHEMONTID:0004603;CHEMONTID:0000323;CHEMONTID:0001831,Organic compounds;Organic oxygen compounds;Organooxygen compounds;Carbonyl compounds
7829,Carbonyl compounds,0.98,CHEMONTID:0001831,4,CHEMONTID:0000323,CHEMONTID:0000000;CHEMONTID:0004603;CHEMONTID:0000323;CHEMONTID:0001831,Organic compounds;Organic oxygen compounds;Organooxygen compounds;Carbonyl compounds
3110,Primary amines,0.99,CHEMONTID:0002450,5,CHEMONTID:0002449,CHEMONTID:0000000;CHEMONTID:0004707;CHEMONTID:0000278;CHEMONTID:0002449;CHEMONTID:0002450,Organic compounds;Organic nitrogen compounds;Organonitrogen compounds;Amines;Primary amines
13148,Sulfuric acid monoesters,0.96,CHEMONTID:0001185,5,CHEMONTID:0003455,CHEMONTID:0000000;CHEMONTID:0000264;CHEMONTID:0000403;CHEMONTID:0003455;CHEMONTID:0001185,Organic compounds;Organic acids and derivatives;Organic sulfuric acids and derivatives;Sulfuric acid esters;Sulfuric acid monoesters
4207,Guanidines,0.8,CHEMONTID:0000375,4,CHEMONTID:0000278,CHEMONTID:0000000;CHEMONTID:0004707;CHEMONTID:0000278;CHEMONTID:0000375,Organic compounds;Organic nitrogen compounds;Organonitrogen compounds;Guanidines
8825,Fatty acids and conjugates,0.92,CHEMONTID:0000262,4,CHEMONTID:0003909,CHEMONTID:0000000;CHEMONTID:0000012;CHEMONTID:0003909;CHEMONTID:0000262,Organic compounds;Lipids and lipid-like molecules;Fatty Acyls;Fatty acids and conjugates
601,Phosphate esters,0.96,CHEMONTID:0000408,4,CHEMONTID:0000402,CHEMONTID:0000000;CHEMONTID:0000264;CHEMONTID:0000402;CHEMONTID:0000408,Organic compounds;Organic acids and derivatives;Organic phosphoric acids and derivatives;Phosphate esters
18894,Carboxylic acid derivatives,0.97,CHEMONTID:0001093,4,CHEMONTID:0000265,CHEMONTID:0000000;CHEMONTID:0000264;CHEMONTID:0000265;CHEMONTID:0001093,Organic compounds;Organic acids and derivatives;Carboxylic acids and derivatives;Carboxylic acid derivatives
1564,Dialkyl ethers,0.97,CHEMONTID:0001167,5,CHEMONTID:0000254,CHEMONTID:0000000;CHEMONTID:0004603;CHEMONTID:0000323;CHEMONTID:0000254;CHEMONTID:0001167,Organic compounds;Organic oxygen compounds;Organooxygen compounds;Ethers;Dialkyl ethers
1952,Alcohols and polyols,0.95,CHEMONTID:0000129,4,CHEMONTID:0000323,CHEMONTID:0000000;CHEMONTID:0004603;CHEMONTID:0000323;CHEMONTID:0000129,Organic compounds;Organic oxygen compounds;Organooxygen compounds;Alcohols and polyols
9106,Carbonyl compounds,0.98,CHEMONTID:0001831,4,CHEMONTID:0000323,CHEMONTID:0000000;CHEMONTID:0004603;CHEMONTID:0000323;CHEMONTID:0001831,Organic compounds;Organic oxygen compounds;Organooxygen compounds;Carbonyl compounds
14705,Monocarboxylic acids and derivatives,0.8,CHEMONTID:0001137,4,CHEMONTID:0000265,CHEMONTID:0000000;CHEMONTID:0000264;CHEMONTID:0000265;CHEMONTID:0001137,Organic compounds;Organic acids and derivatives;Carboxylic acids and derivatives;Monocarboxylic acids and derivatives
7089,Carbonyl compounds,0.93,CHEMONTID:0001831,4,CHEMONTID:0000323,CHEMONTID:0000000;CHEMONTID:0004603;CHEMONTID:0000323;CHEMONTID:0001831,Organic compounds;Organic oxygen compounds;Organooxygen compounds;Carbonyl compounds
12293,Phosphate esters,0.99,CHEMONTID:0000408,4,CHEMONTID:0000402,CHEMONTID:0000000;CHEMONTID:0000264;CHEMONTID:0000402;CHEMONTID:0000408,Organic compounds;Organic acids and derivatives;Organic phosphoric acids and derivatives;Phosphate esters
6797,Carbonyl compounds,0.91,CHEMONTID:0001831,4,CHEMONTID:0000323,CHEMONTID:0000000;CHEMONTID:0004603;CHEMONTID:0000323;CHEMONTID:0001831,Organic compounds;Organic oxygen compounds;Organooxygen compounds;Carbonyl compounds
4872,Alcohols and polyols,0.88,CHEMONTID:0000129,4,CHEMONTID:0000323,CHEMONTID:0000000;CHEMONTID:0004603;CHEMONTID:0000323;CHEMONTID:0000129,Organic compounds;Organic oxygen compounds;Organooxygen compounds;Alcohols and polyols
10216,Carboxylic acid derivatives,0.93,CHEMONTID:0001093,4,CHEMONTID:0000265,CHEMONTID:0000000;CHEMONTID:0000264;CHEMONTID:0000265;CHEMONTID:0001093,Organic compounds;Organic acids and derivatives;Carboxylic acids and derivatives;Carboxylic acid derivatives
12229,Carbonyl compounds,0.81,CHEMONTID:0001831,4,CHEMONTID:0000323,CHEMONTID:0000000;CHEMONTID:0004603;CHEMONTID:0000323;CHEMONTID:0001831,Organic compounds;Organic oxygen compounds;Organooxygen compounds;Carbonyl compounds
14635,Amines,0.99,CHEMONTID:0002449,4,CHEMONTID:0000278,CHEMONTID:0000000;CHEMONTID:0004707;CHEMONTID:0000278;CHEMONTID:0002449,Organic compounds;Organic nitrogen compounds;Organonitrogen compounds;Amines
7546,Carbonyl compounds,0.99,CHEMONTID:0001831,4,CHEMONTID:0000323,CHEMONTID:0000000;CHEMONTID:0004603;CHEMONTID:0000323;CHEMONTID:0001831,Organic compounds;Organic oxygen compounds;Organooxygen compounds;Carbonyl compounds
19305,"Amino acids, peptides, and analogues",0.94,CHEMONTID:0000013,4,CHEMONTID:0000265,CHEMONTID:0000000;CHEMONTID:0000264;CHEMONTID:0000265;CHEMONTID:0000013,"Organic compounds;Organic acids and derivatives;Carboxylic acids and derivatives;Amino acids, peptides, and analogues"
5494,Carbonyl compounds,0.97,CHEMONTID:0001831,4,CHEMONTID:0000323,CHEMONTID:0000000;CHEMONTID:0004603;CHEMONTID:0000323;CHEMONTID:0001831,Organic compounds;Organic oxygen compounds;Organooxygen compounds;Carbonyl compounds
9759,Carbonyl compounds,0.99,CHEMONTID:0001831,4,CHEMONTID:0000323,CHEMONTID:0000000;CHEMONTID:0004603;CHEMONTID:0000323;CHEMONTID:0001831,Organic compounds;Organic oxygen compounds;Organooxygen compounds;Carbonyl compounds
5629,Alcohols and polyols,0.86,CHEMONTID:0000129,4,CHEMONTID:0000323,CHEMONTID:0000000;CHEMONTID:0004603;CHEMONTID:0000323;CHEMONTID:0000129,Organic compounds;Organic oxygen compounds;Organooxygen compounds;Alcohols and polyols
924,Carbonyl compounds,0.94,CHEMONTID:0001831,4,CHEMONTID:0000323,CHEMONTID:0000000;CHEMONTID:0004603;CHEMONTID:0000323;CHEMONTID:0001831,Organic compounds;Organic oxygen compounds;Organooxygen compounds;Carbonyl compounds
4345,Carbonyl compounds,0.97,CHEMONTID:0001831,4,CHEMONTID:0000323,CHEMONTID:0000000;CHEMONTID:0004603;CHEMONTID:0000323;CHEMONTID:0001831,Organic compounds;Organic oxygen compounds;Organooxygen compounds;Carbonyl compounds
6670,Carbonyl compounds,0.96,CHEMONTID:0001831,4,CHEMONTID:0000323,CHEMONTID:0000000;CHEMONTID:0004603;CHEMONTID:0000323;CHEMONTID:0001831,Organic compounds;Organic oxygen compounds;Organooxygen compounds;Carbonyl compounds
11682,Carbonyl compounds,0.85,CHEMONTID:0001831,4,CHEMONTID:0000323,CHEMONTID:0000000;CHEMONTID:0004603;CHEMONTID:0000323;CHEMONTID:0001831,Organic compounds;Organic oxygen compounds;Organooxygen compounds;Carbonyl compounds
9748,Carbonyl compounds,0.91,CHEMONTID:0001831,4,CHEMONTID:0000323,CHEMONTID:0000000;CHEMONTID:0004603;CHEMONTID:0000323;CHEMONTID:0001831,Organic compounds;Organic oxygen compounds;Organooxygen compounds;Carbonyl compounds
7557,Dialkyl ethers,0.99,CHEMONTID:0001167,5,CHEMONTID:0000254,CHEMONTID:0000000;CHEMONTID:0004603;CHEMONTID:0000323;CHEMONTID:0000254;CHEMONTID:0001167,Organic compounds;Organic oxygen compounds;Organooxygen compounds;Ethers;Dialkyl ethers
15347,Carbonyl compounds,0.95,CHEMONTID:0001831,4,CHEMONTID:0000323,CHEMONTID:0000000;CHEMONTID:0004603;CHEMONTID:0000323;CHEMONTID:0001831,Organic compounds;Organic oxygen compounds;Organooxygen compounds;Carbonyl compounds
14452,Carbonyl compounds,0.97,CHEMONTID:0001831,4,CHEMONTID:0000323,CHEMONTID:0000000;CHEMONTID:0004603;CHEMONTID:0000323;CHEMONTID:0001831,Organic compounds;Organic oxygen compounds;Organooxygen compounds;Carbonyl compounds
6347,Ethers,0.92,CHEMONTID:0000254,4,CHEMONTID:0000323,CHEMONTID:0000000;CHEMONTID:0004603;CHEMONTID:0000323;CHEMONTID:0000254,Organic compounds;Organic oxygen compounds;Organooxygen compounds;Ethers
13914,Fatty amides,0.96,CHEMONTID:0000331,4,CHEMONTID:0003909,CHEMONTID:0000000;CHEMONTID:0000012;CHEMONTID:0003909;CHEMONTID:0000331,Organic compounds;Lipids and lipid-like molecules;Fatty Acyls;Fatty amides
14444,Primary amines,0.97,CHEMONTID:0002450,5,CHEMONTID:0002449,CHEMONTID:0000000;CHEMONTID:0004707;CHEMONTID:0000278;CHEMONTID:0002449;CHEMONTID:0002450,Organic compounds;Organic nitrogen compounds;Organonitrogen compounds;Amines;Primary amines
11956,Monocarboxylic acids and derivatives,0.83,CHEMONTID:0001137,4,CHEMONTID:0000265,CHEMONTID:0000000;CHEMONTID:0000264;CHEMONTID:0000265;CHEMONTID:0001137,Organic compounds;Organic acids and derivatives;Carboxylic acids and derivatives;Monocarboxylic acids and derivatives
6661,Carbonyl compounds,0.9,CHEMONTID:0001831,4,CHEMONTID:0000323,CHEMONTID:0000000;CHEMONTID:0004603;CHEMONTID:0000323;CHEMONTID:0001831,Organic compounds;Organic oxygen compounds;Organooxygen compounds;Carbonyl compounds
9702,Carbonyl compounds,0.82,CHEMONTID:0001831,4,CHEMONTID:0000323,CHEMONTID:0000000;CHEMONTID:0004603;CHEMONTID:0000323;CHEMONTID:0001831,Organic compounds;Organic oxygen compounds;Organooxygen compounds;Carbonyl compounds
12148,Carbonyl compounds,0.99,CHEMONTID:0001831,4,CHEMONTID:0000323,CHEMONTID:0000000;CHEMONTID:0004603;CHEMONTID:0000323;CHEMONTID:0001831,Organic compounds;Organic oxygen compounds;Organooxygen compounds;Carbonyl compounds
13033,"1,3,5-triazines",0.87,CHEMONTID:0004105,4,CHEMONTID:0000098,CHEMONTID:0000000;CHEMONTID:0000002;CHEMONTID:0000098;CHEMONTID:0004105,"Organic compounds;Organoheterocyclic compounds;Triazines;1,3,5-triazines"
18014,Primary amines,0.81,CHEMONTID:0002450,5,CHEMONTID:0002449,CHEMONTID:0000000;CHEMONTID:0004707;CHEMONTID:0000278;CHEMONTID:0002449;CHEMONTID:0002450,Organic compounds;Organic nitrogen compounds;Organonitrogen compounds;Amines;Primary amines
8834,Alkyl phosphates,0.97,CHEMONTID:0003457,5,CHEMONTID:0000408,CHEMONTID:0000000;CHEMONTID:0000264;CHEMONTID:0000402;CHEMONTID:0000408;CHEMONTID:0003457,Organic compounds;Organic acids and derivatives;Organic phosphoric acids and derivatives;Phosphate esters;Alkyl phosphates
8462,Dialkyl ethers,0.87,CHEMONTID:0001167,5,CHEMONTID:0000254,CHEMONTID:0000000;CHEMONTID:0004603;CHEMONTID:0000323;CHEMONTID:0000254;CHEMONTID:0001167,Organic compounds;Organic oxygen compounds;Organooxygen compounds;Ethers;Dialkyl ethers
14468,"Amino acids, peptides, and analogues",0.92,CHEMONTID:0000013,4,CHEMONTID:0000265,CHEMONTID:0000000;CHEMONTID:0000264;CHEMONTID:0000265;CHEMONTID:0000013,"Organic compounds;Organic acids and derivatives;Carboxylic acids and derivatives;Amino acids, peptides, and analogues"
14801,Monoalkylamines,0.99,CHEMONTID:0000469,6,CHEMONTID:0002450,CHEMONTID:0000000;CHEMONTID:0004707;CHEMONTID:0000278;CHEMONTID:0002449;CHEMONTID:0002450;CHEMONTID:0000469,Organic compounds;Organic nitrogen compounds;Organonitrogen compounds;Amines;Primary amines;Monoalkylamines
16409,Carbonyl compounds,0.84,CHEMONTID:0001831,4,CHEMONTID:0000323,CHEMONTID:0000000;CHEMONTID:0004603;CHEMONTID:0000323;CHEMONTID:0001831,Organic compounds;Organic oxygen compounds;Organooxygen compounds;Carbonyl compounds
13865,Pyrimidines and pyrimidine derivatives,1,CHEMONTID:0000075,4,CHEMONTID:0001346,CHEMONTID:0000000;CHEMONTID:0000002;CHEMONTID:0001346;CHEMONTID:0000075,Organic compounds;Organoheterocyclic compounds;Diazines;Pyrimidines and pyrimidine derivatives
2004,Carboxylic acids,0.93,CHEMONTID:0001205,4,CHEMONTID:0000265,CHEMONTID:0000000;CHEMONTID:0000264;CHEMONTID:0000265;CHEMONTID:0001205,Organic compounds;Organic acids and derivatives;Carboxylic acids and derivatives;Carboxylic acids
16747,Dialkyl ethers,0.99,CHEMONTID:0001167,5,CHEMONTID:0000254,CHEMONTID:0000000;CHEMONTID:0004603;CHEMONTID:0000323;CHEMONTID:0000254;CHEMONTID:0001167,Organic compounds;Organic oxygen compounds;Organooxygen compounds;Ethers;Dialkyl ethers
8906,Carbonyl compounds,0.86,CHEMONTID:0001831,4,CHEMONTID:0000323,CHEMONTID:0000000;CHEMONTID:0004603;CHEMONTID:0000323;CHEMONTID:0001831,Organic compounds;Organic oxygen compounds;Organooxygen compounds;Carbonyl compounds
4592,Monoalkylamines,0.87,CHEMONTID:0000469,6,CHEMONTID:0002450,CHEMONTID:0000000;CHEMONTID:0004707;CHEMONTID:0000278;CHEMONTID:0002449;CHEMONTID:0002450;CHEMONTID:0000469,Organic compounds;Organic nitrogen compounds;Organonitrogen compounds;Amines;Primary amines;Monoalkylamines
14814,Carbonyl compounds,0.98,CHEMONTID:0001831,4,CHEMONTID:0000323,CHEMONTID:0000000;CHEMONTID:0004603;CHEMONTID:0000323;CHEMONTID:0001831,Organic compounds;Organic oxygen compounds;Organooxygen compounds;Carbonyl compounds
10125,Primary amines,0.98,CHEMONTID:0002450,5,CHEMONTID:0002449,CHEMONTID:0000000;CHEMONTID:0004707;CHEMONTID:0000278;CHEMONTID:0002449;CHEMONTID:0002450,Organic compounds;Organic nitrogen compounds;Organonitrogen compounds;Amines;Primary amines
18253,Carboxylic acid derivatives,0.94,CHEMONTID:0001093,4,CHEMONTID:0000265,CHEMONTID:0000000;CHEMONTID:0000264;CHEMONTID:0000265;CHEMONTID:0001093,Organic compounds;Organic acids and derivatives;Carboxylic acids and derivatives;Carboxylic acid derivatives
14796,Fatty acid esters,0.94,CHEMONTID:0000324,4,CHEMONTID:0003909,CHEMONTID:0000000;CHEMONTID:0000012;CHEMONTID:0003909;CHEMONTID:0000324,Organic compounds;Lipids and lipid-like molecules;Fatty Acyls;Fatty acid esters
3101,Carbonyl compounds,0.96,CHEMONTID:0001831,4,CHEMONTID:0000323,CHEMONTID:0000000;CHEMONTID:0004603;CHEMONTID:0000323;CHEMONTID:0001831,Organic compounds;Organic oxygen compounds;Organooxygen compounds;Carbonyl compounds
17942,Monosaccharides,0.83,CHEMONTID:0001540,5,CHEMONTID:0000011,CHEMONTID:0000000;CHEMONTID:0004603;CHEMONTID:0000323;CHEMONTID:0000011;CHEMONTID:0001540,Organic compounds;Organic oxygen compounds;Organooxygen compounds;Carbohydrates and carbohydrate conjugates;Monosaccharides
6504,Carbonyl compounds,0.82,CHEMONTID:0001831,4,CHEMONTID:0000323,CHEMONTID:0000000;CHEMONTID:0004603;CHEMONTID:0000323;CHEMONTID:0001831,Organic compounds;Organic oxygen compounds;Organooxygen compounds;Carbonyl compounds
12519,"Amino acids, peptides, and analogues",0.91,CHEMONTID:0000013,4,CHEMONTID:0000265,CHEMONTID:0000000;CHEMONTID:0000264;CHEMONTID:0000265;CHEMONTID:0000013,"Organic compounds;Organic acids and derivatives;Carboxylic acids and derivatives;Amino acids, peptides, and analogues"
10471,Carbonyl compounds,0.96,CHEMONTID:0001831,4,CHEMONTID:0000323,CHEMONTID:0000000;CHEMONTID:0004603;CHEMONTID:0000323;CHEMONTID:0001831,Organic compounds;Organic oxygen compounds;Organooxygen compounds;Carbonyl compounds
9857,Amines,0.91,CHEMONTID:0002449,4,CHEMONTID:0000278,CHEMONTID:0000000;CHEMONTID:0004707;CHEMONTID:0000278;CHEMONTID:0002449,Organic compounds;Organic nitrogen compounds;Organonitrogen compounds;Amines
6720,Monoalkylamines,0.99,CHEMONTID:0000469,6,CHEMONTID:0002450,CHEMONTID:0000000;CHEMONTID:0004707;CHEMONTID:0000278;CHEMONTID:0002449;CHEMONTID:0002450;CHEMONTID:0000469,Organic compounds;Organic nitrogen compounds;Organonitrogen compounds;Amines;Primary amines;Monoalkylamines
17453,Carbonyl compounds,0.99,CHEMONTID:0001831,4,CHEMONTID:0000323,CHEMONTID:0000000;CHEMONTID:0004603;CHEMONTID:0000323;CHEMONTID:0001831,Organic compounds;Organic oxygen compounds;Organooxygen compounds;Carbonyl compounds
8305,Alcohols and polyols,0.84,CHEMONTID:0000129,4,CHEMONTID:0000323,CHEMONTID:0000000;CHEMONTID:0004603;CHEMONTID:0000323;CHEMONTID:0000129,Organic compounds;Organic oxygen compounds;Organooxygen compounds;Alcohols and polyols
11982,Monoalkylamines,1,CHEMONTID:0000469,6,CHEMONTID:0002450,CHEMONTID:0000000;CHEMONTID:0004707;CHEMONTID:0000278;CHEMONTID:0002449;CHEMONTID:0002450;CHEMONTID:0000469,Organic compounds;Organic nitrogen compounds;Organonitrogen compounds;Amines;Primary amines;Monoalkylamines
5604,Carbonyl compounds,0.99,CHEMONTID:0001831,4,CHEMONTID:0000323,CHEMONTID:0000000;CHEMONTID:0004603;CHEMONTID:0000323;CHEMONTID:0001831,Organic compounds;Organic oxygen compounds;Organooxygen compounds;Carbonyl compounds
8477,Carbonyl compounds,0.92,CHEMONTID:0001831,4,CHEMONTID:0000323,CHEMONTID:0000000;CHEMONTID:0004603;CHEMONTID:0000323;CHEMONTID:0001831,Organic compounds;Organic oxygen compounds;Organooxygen compounds;Carbonyl compounds
11461,Carbonyl compounds,0.95,CHEMONTID:0001831,4,CHEMONTID:0000323,CHEMONTID:0000000;CHEMONTID:0004603;CHEMONTID:0000323;CHEMONTID:0001831,Organic compounds;Organic oxygen compounds;Organooxygen compounds;Carbonyl compounds
9890,Carbonyl compounds,0.89,CHEMONTID:0001831,4,CHEMONTID:0000323,CHEMONTID:0000000;CHEMONTID:0004603;CHEMONTID:0000323;CHEMONTID:0001831,Organic compounds;Organic oxygen compounds;Organooxygen compounds;Carbonyl compounds
260,Amines,0.99,CHEMONTID:0002449,4,CHEMONTID:0000278,CHEMONTID:0000000;CHEMONTID:0004707;CHEMONTID:0000278;CHEMONTID:0002449,Organic compounds;Organic nitrogen compounds;Organonitrogen compounds;Amines
14593,Alcohols and polyols,0.96,CHEMONTID:0000129,4,CHEMONTID:0000323,CHEMONTID:0000000;CHEMONTID:0004603;CHEMONTID:0000323;CHEMONTID:0000129,Organic compounds;Organic oxygen compounds;Organooxygen compounds;Alcohols and polyols
18666,Carbonyl compounds,0.94,CHEMONTID:0001831,4,CHEMONTID:0000323,CHEMONTID:0000000;CHEMONTID:0004603;CHEMONTID:0000323;CHEMONTID:0001831,Organic compounds;Organic oxygen compounds;Organooxygen compounds;Carbonyl compounds
11343,Methyl esters,0.94,CHEMONTID:0003416,6,CHEMONTID:0001238,CHEMONTID:0000000;CHEMONTID:0000264;CHEMONTID:0000265;CHEMONTID:0001093;CHEMONTID:0001238;CHEMONTID:0003416,Organic compounds;Organic acids and derivatives;Carboxylic acids and derivatives;Carboxylic acid derivatives;Carboxylic acid esters;Methyl esters
11880,Carbonyl compounds,0.96,CHEMONTID:0001831,4,CHEMONTID:0000323,CHEMONTID:0000000;CHEMONTID:0004603;CHEMONTID:0000323;CHEMONTID:0001831,Organic compounds;Organic oxygen compounds;Organooxygen compounds;Carbonyl compounds
5847,Carboxylic acid derivatives,0.88,CHEMONTID:0001093,4,CHEMONTID:0000265,CHEMONTID:0000000;CHEMONTID:0000264;CHEMONTID:0000265;CHEMONTID:0001093,Organic compounds;Organic acids and derivatives;Carboxylic acids and derivatives;Carboxylic acid derivatives
8501,Monoalkylamines,0.99,CHEMONTID:0000469,6,CHEMONTID:0002450,CHEMONTID:0000000;CHEMONTID:0004707;CHEMONTID:0000278;CHEMONTID:0002449;CHEMONTID:0002450;CHEMONTID:0000469,Organic compounds;Organic nitrogen compounds;Organonitrogen compounds;Amines;Primary amines;Monoalkylamines
8924,Carbonyl compounds,0.94,CHEMONTID:0001831,4,CHEMONTID:0000323,CHEMONTID:0000000;CHEMONTID:0004603;CHEMONTID:0000323;CHEMONTID:0001831,Organic compounds;Organic oxygen compounds;Organooxygen compounds;Carbonyl compounds
9185,Secondary alcohols,0.92,CHEMONTID:0001661,5,CHEMONTID:0000129,CHEMONTID:0000000;CHEMONTID:0004603;CHEMONTID:0000323;CHEMONTID:0000129;CHEMONTID:0001661,Organic compounds;Organic oxygen compounds;Organooxygen compounds;Alcohols and polyols;Secondary alcohols
7950,Carbonyl compounds,0.97,CHEMONTID:0001831,4,CHEMONTID:0000323,CHEMONTID:0000000;CHEMONTID:0004603;CHEMONTID:0000323;CHEMONTID:0001831,Organic compounds;Organic oxygen compounds;Organooxygen compounds;Carbonyl compounds
13678,Carbonyl compounds,0.82,CHEMONTID:0001831,4,CHEMONTID:0000323,CHEMONTID:0000000;CHEMONTID:0004603;CHEMONTID:0000323;CHEMONTID:0001831,Organic compounds;Organic oxygen compounds;Organooxygen compounds;Carbonyl compounds
10759,Monoalkylamines,0.98,CHEMONTID:0000469,6,CHEMONTID:0002450,CHEMONTID:0000000;CHEMONTID:0004707;CHEMONTID:0000278;CHEMONTID:0002449;CHEMONTID:0002450;CHEMONTID:0000469,Organic compounds;Organic nitrogen compounds;Organonitrogen compounds;Amines;Primary amines;Monoalkylamines
11664,Monoalkylamines,0.99,CHEMONTID:0000469,6,CHEMONTID:0002450,CHEMONTID:0000000;CHEMONTID:0004707;CHEMONTID:0000278;CHEMONTID:0002449;CHEMONTID:0002450;CHEMONTID:0000469,Organic compounds;Organic nitrogen compounds;Organonitrogen compounds;Amines;Primary amines;Monoalkylamines
18999,Carbonyl compounds,0.91,CHEMONTID:0001831,4,CHEMONTID:0000323,CHEMONTID:0000000;CHEMONTID:0004603;CHEMONTID:0000323;CHEMONTID:0001831,Organic compounds;Organic oxygen compounds;Organooxygen compounds;Carbonyl compounds
19841,Ethers,1,CHEMONTID:0000254,4,CHEMONTID:0000323,CHEMONTID:0000000;CHEMONTID:0004603;CHEMONTID:0000323;CHEMONTID:0000254,Organic compounds;Organic oxygen compounds;Organooxygen compounds;Ethers
20498,Carbonyl compounds,0.98,CHEMONTID:0001831,4,CHEMONTID:0000323,CHEMONTID:0000000;CHEMONTID:0004603;CHEMONTID:0000323;CHEMONTID:0001831,Organic compounds;Organic oxygen compounds;Organooxygen compounds;Carbonyl compounds
12513,Carbonyl compounds,0.86,CHEMONTID:0001831,4,CHEMONTID:0000323,CHEMONTID:0000000;CHEMONTID:0004603;CHEMONTID:0000323;CHEMONTID:0001831,Organic compounds;Organic oxygen compounds;Organooxygen compounds;Carbonyl compounds
3437,Carbonyl compounds,0.97,CHEMONTID:0001831,4,CHEMONTID:0000323,CHEMONTID:0000000;CHEMONTID:0004603;CHEMONTID:0000323;CHEMONTID:0001831,Organic compounds;Organic oxygen compounds;Organooxygen compounds;Carbonyl compounds
12176,Amines,0.98,CHEMONTID:0002449,4,CHEMONTID:0000278,CHEMONTID:0000000;CHEMONTID:0004707;CHEMONTID:0000278;CHEMONTID:0002449,Organic compounds;Organic nitrogen compounds;Organonitrogen compounds;Amines
20150,Carbonyl compounds,0.95,CHEMONTID:0001831,4,CHEMONTID:0000323,CHEMONTID:0000000;CHEMONTID:0004603;CHEMONTID:0000323;CHEMONTID:0001831,Organic compounds;Organic oxygen compounds;Organooxygen compounds;Carbonyl compounds
18009,Alcohols and polyols,0.89,CHEMONTID:0000129,4,CHEMONTID:0000323,CHEMONTID:0000000;CHEMONTID:0004603;CHEMONTID:0000323;CHEMONTID:0000129,Organic compounds;Organic oxygen compounds;Organooxygen compounds;Alcohols and polyols
18608,Dialkyl ethers,0.84,CHEMONTID:0001167,5,CHEMONTID:0000254,CHEMONTID:0000000;CHEMONTID:0004603;CHEMONTID:0000323;CHEMONTID:0000254;CHEMONTID:0001167,Organic compounds;Organic oxygen compounds;Organooxygen compounds;Ethers;Dialkyl ethers
7575,Carbonyl compounds,0.97,CHEMONTID:0001831,4,CHEMONTID:0000323,CHEMONTID:0000000;CHEMONTID:0004603;CHEMONTID:0000323;CHEMONTID:0001831,Organic compounds;Organic oxygen compounds;Organooxygen compounds;Carbonyl compounds
13766,Alcohols and polyols,0.89,CHEMONTID:0000129,4,CHEMONTID:0000323,CHEMONTID:0000000;CHEMONTID:0004603;CHEMONTID:0000323;CHEMONTID:0000129,Organic compounds;Organic oxygen compounds;Organooxygen compounds;Alcohols and polyols
11879,Carbonyl compounds,0.83,CHEMONTID:0001831,4,CHEMONTID:0000323,CHEMONTID:0000000;CHEMONTID:0004603;CHEMONTID:0000323;CHEMONTID:0001831,Organic compounds;Organic oxygen compounds;Organooxygen compounds;Carbonyl compounds
7704,Carboxylic acid derivatives,0.97,CHEMONTID:0001093,4,CHEMONTID:0000265,CHEMONTID:0000000;CHEMONTID:0000264;CHEMONTID:0000265;CHEMONTID:0001093,Organic compounds;Organic acids and derivatives;Carboxylic acids and derivatives;Carboxylic acid derivatives
9747,Glucuronides,0.97,CHEMONTID:0000374,7,CHEMONTID:0002094,CHEMONTID:0000000;CHEMONTID:0004603;CHEMONTID:0000323;CHEMONTID:0000011;CHEMONTID:0000215;CHEMONTID:0002094;CHEMONTID:0000374,Organic compounds;Organic oxygen compounds;Organooxygen compounds;Carbohydrates and carbohydrate conjugates;Sugar acids and derivatives;Glucuronic acid derivatives;Glucuronides
5956,Carboxylic acid derivatives,0.94,CHEMONTID:0001093,4,CHEMONTID:0000265,CHEMONTID:0000000;CHEMONTID:0000264;CHEMONTID:0000265;CHEMONTID:0001093,Organic compounds;Organic acids and derivatives;Carboxylic acids and derivatives;Carboxylic acid derivatives
14585,Guanidines,0.96,CHEMONTID:0000375,4,CHEMONTID:0000278,CHEMONTID:0000000;CHEMONTID:0004707;CHEMONTID:0000278;CHEMONTID:0000375,Organic compounds;Organic nitrogen compounds;Organonitrogen compounds;Guanidines
3795,Carbonyl compounds,0.94,CHEMONTID:0001831,4,CHEMONTID:0000323,CHEMONTID:0000000;CHEMONTID:0004603;CHEMONTID:0000323;CHEMONTID:0001831,Organic compounds;Organic oxygen compounds;Organooxygen compounds;Carbonyl compounds
7776,Dialkyl ethers,0.99,CHEMONTID:0001167,5,CHEMONTID:0000254,CHEMONTID:0000000;CHEMONTID:0004603;CHEMONTID:0000323;CHEMONTID:0000254;CHEMONTID:0001167,Organic compounds;Organic oxygen compounds;Organooxygen compounds;Ethers;Dialkyl ethers
14970,Amines,0.96,CHEMONTID:0002449,4,CHEMONTID:0000278,CHEMONTID:0000000;CHEMONTID:0004707;CHEMONTID:0000278;CHEMONTID:0002449,Organic compounds;Organic nitrogen compounds;Organonitrogen compounds;Amines
14091,Dialkyl ethers,0.92,CHEMONTID:0001167,5,CHEMONTID:0000254,CHEMONTID:0000000;CHEMONTID:0004603;CHEMONTID:0000323;CHEMONTID:0000254;CHEMONTID:0001167,Organic compounds;Organic oxygen compounds;Organooxygen compounds;Ethers;Dialkyl ethers
7683,Carbonyl compounds,0.86,CHEMONTID:0001831,4,CHEMONTID:0000323,CHEMONTID:0000000;CHEMONTID:0004603;CHEMONTID:0000323;CHEMONTID:0001831,Organic compounds;Organic oxygen compounds;Organooxygen compounds;Carbonyl compounds
10343,Carbohydrates and carbohydrate conjugates,0.99,CHEMONTID:0000011,4,CHEMONTID:0000323,CHEMONTID:0000000;CHEMONTID:0004603;CHEMONTID:0000323;CHEMONTID:0000011,Organic compounds;Organic oxygen compounds;Organooxygen compounds;Carbohydrates and carbohydrate conjugates
5242,Carbonyl compounds,0.92,CHEMONTID:0001831,4,CHEMONTID:0000323,CHEMONTID:0000000;CHEMONTID:0004603;CHEMONTID:0000323;CHEMONTID:0001831,Organic compounds;Organic oxygen compounds;Organooxygen compounds;Carbonyl compounds
13294,Carboxylic acid derivatives,1,CHEMONTID:0001093,4,CHEMONTID:0000265,CHEMONTID:0000000;CHEMONTID:0000264;CHEMONTID:0000265;CHEMONTID:0001093,Organic compounds;Organic acids and derivatives;Carboxylic acids and derivatives;Carboxylic acid derivatives
1881,Alcohols and polyols,0.98,CHEMONTID:0000129,4,CHEMONTID:0000323,CHEMONTID:0000000;CHEMONTID:0004603;CHEMONTID:0000323;CHEMONTID:0000129,Organic compounds;Organic oxygen compounds;Organooxygen compounds;Alcohols and polyols
18372,Amines,0.99,CHEMONTID:0002449,4,CHEMONTID:0000278,CHEMONTID:0000000;CHEMONTID:0004707;CHEMONTID:0000278;CHEMONTID:0002449,Organic compounds;Organic nitrogen compounds;Organonitrogen compounds;Amines
4749,Carbonyl compounds,0.92,CHEMONTID:0001831,4,CHEMONTID:0000323,CHEMONTID:0000000;CHEMONTID:0004603;CHEMONTID:0000323;CHEMONTID:0001831,Organic compounds;Organic oxygen compounds;Organooxygen compounds;Carbonyl compounds
14964,Carbonyl compounds,0.8,CHEMONTID:0001831,4,CHEMONTID:0000323,CHEMONTID:0000000;CHEMONTID:0004603;CHEMONTID:0000323;CHEMONTID:0001831,Organic compounds;Organic oxygen compounds;Organooxygen compounds;Carbonyl compounds
19462,Amines,0.93,CHEMONTID:0002449,4,CHEMONTID:0000278,CHEMONTID:0000000;CHEMONTID:0004707;CHEMONTID:0000278;CHEMONTID:0002449,Organic compounds;Organic nitrogen compounds;Organonitrogen compounds;Amines
7715,Amines,0.98,CHEMONTID:0002449,4,CHEMONTID:0000278,CHEMONTID:0000000;CHEMONTID:0004707;CHEMONTID:0000278;CHEMONTID:0002449,Organic compounds;Organic nitrogen compounds;Organonitrogen compounds;Amines
4159,Carbonyl compounds,0.98,CHEMONTID:0001831,4,CHEMONTID:0000323,CHEMONTID:0000000;CHEMONTID:0004603;CHEMONTID:0000323;CHEMONTID:0001831,Organic compounds;Organic oxygen compounds;Organooxygen compounds;Carbonyl compounds
18279,Carbonyl compounds,0.88,CHEMONTID:0001831,4,CHEMONTID:0000323,CHEMONTID:0000000;CHEMONTID:0004603;CHEMONTID:0000323;CHEMONTID:0001831,Organic compounds;Organic oxygen compounds;Organooxygen compounds;Carbonyl compounds
5253,Carboxylic acid derivatives,0.98,CHEMONTID:0001093,4,CHEMONTID:0000265,CHEMONTID:0000000;CHEMONTID:0000264;CHEMONTID:0000265;CHEMONTID:0001093,Organic compounds;Organic acids and derivatives;Carboxylic acids and derivatives;Carboxylic acid derivatives
18004,Amino acids and derivatives,0.83,CHEMONTID:0000347,5,CHEMONTID:0000013,CHEMONTID:0000000;CHEMONTID:0000264;CHEMONTID:0000265;CHEMONTID:0000013;CHEMONTID:0000347,"Organic compounds;Organic acids and derivatives;Carboxylic acids and derivatives;Amino acids, peptides, and analogues;Amino acids and derivatives"
15219,Phosphate esters,1,CHEMONTID:0000408,4,CHEMONTID:0000402,CHEMONTID:0000000;CHEMONTID:0000264;CHEMONTID:0000402;CHEMONTID:0000408,Organic compounds;Organic acids and derivatives;Organic phosphoric acids and derivatives;Phosphate esters
15097,Carbonyl compounds,0.95,CHEMONTID:0001831,4,CHEMONTID:0000323,CHEMONTID:0000000;CHEMONTID:0004603;CHEMONTID:0000323;CHEMONTID:0001831,Organic compounds;Organic oxygen compounds;Organooxygen compounds;Carbonyl compounds
14374,Carbonyl compounds,0.92,CHEMONTID:0001831,4,CHEMONTID:0000323,CHEMONTID:0000000;CHEMONTID:0004603;CHEMONTID:0000323;CHEMONTID:0001831,Organic compounds;Organic oxygen compounds;Organooxygen compounds;Carbonyl compounds
3197,Carbonyl compounds,0.91,CHEMONTID:0001831,4,CHEMONTID:0000323,CHEMONTID:0000000;CHEMONTID:0004603;CHEMONTID:0000323;CHEMONTID:0001831,Organic compounds;Organic oxygen compounds;Organooxygen compounds;Carbonyl compounds
7474,Primary amines,0.99,CHEMONTID:0002450,5,CHEMONTID:0002449,CHEMONTID:0000000;CHEMONTID:0004707;CHEMONTID:0000278;CHEMONTID:0002449;CHEMONTID:0002450,Organic compounds;Organic nitrogen compounds;Organonitrogen compounds;Amines;Primary amines
9614,Alcohols and polyols,0.92,CHEMONTID:0000129,4,CHEMONTID:0000323,CHEMONTID:0000000;CHEMONTID:0004603;CHEMONTID:0000323;CHEMONTID:0000129,Organic compounds;Organic oxygen compounds;Organooxygen compounds;Alcohols and polyols
11838,Carbonyl compounds,0.88,CHEMONTID:0001831,4,CHEMONTID:0000323,CHEMONTID:0000000;CHEMONTID:0004603;CHEMONTID:0000323;CHEMONTID:0001831,Organic compounds;Organic oxygen compounds;Organooxygen compounds;Carbonyl compounds
335,Amines,0.97,CHEMONTID:0002449,4,CHEMONTID:0000278,CHEMONTID:0000000;CHEMONTID:0004707;CHEMONTID:0000278;CHEMONTID:0002449,Organic compounds;Organic nitrogen compounds;Organonitrogen compounds;Amines
16401,Amines,0.93,CHEMONTID:0002449,4,CHEMONTID:0000278,CHEMONTID:0000000;CHEMONTID:0004707;CHEMONTID:0000278;CHEMONTID:0002449,Organic compounds;Organic nitrogen compounds;Organonitrogen compounds;Amines
7564,N-acyl amines,0.83,CHEMONTID:0001096,5,CHEMONTID:0000331,CHEMONTID:0000000;CHEMONTID:0000012;CHEMONTID:0003909;CHEMONTID:0000331;CHEMONTID:0001096,Organic compounds;Lipids and lipid-like molecules;Fatty Acyls;Fatty amides;N-acyl amines
6098,Carbonyl compounds,0.93,CHEMONTID:0001831,4,CHEMONTID:0000323,CHEMONTID:0000000;CHEMONTID:0004603;CHEMONTID:0000323;CHEMONTID:0001831,Organic compounds;Organic oxygen compounds;Organooxygen compounds;Carbonyl compounds
9062,Carbonyl compounds,0.98,CHEMONTID:0001831,4,CHEMONTID:0000323,CHEMONTID:0000000;CHEMONTID:0004603;CHEMONTID:0000323;CHEMONTID:0001831,Organic compounds;Organic oxygen compounds;Organooxygen compounds;Carbonyl compounds
17254,Carboxylic acid derivatives,0.98,CHEMONTID:0001093,4,CHEMONTID:0000265,CHEMONTID:0000000;CHEMONTID:0000264;CHEMONTID:0000265;CHEMONTID:0001093,Organic compounds;Organic acids and derivatives;Carboxylic acids and derivatives;Carboxylic acid derivatives
15357,Carbonyl compounds,0.85,CHEMONTID:0001831,4,CHEMONTID:0000323,CHEMONTID:0000000;CHEMONTID:0004603;CHEMONTID:0000323;CHEMONTID:0001831,Organic compounds;Organic oxygen compounds;Organooxygen compounds;Carbonyl compounds
2455,Carbonyl compounds,0.94,CHEMONTID:0001831,4,CHEMONTID:0000323,CHEMONTID:0000000;CHEMONTID:0004603;CHEMONTID:0000323;CHEMONTID:0001831,Organic compounds;Organic oxygen compounds;Organooxygen compounds;Carbonyl compounds
9341,Carbonyl compounds,0.88,CHEMONTID:0001831,4,CHEMONTID:0000323,CHEMONTID:0000000;CHEMONTID:0004603;CHEMONTID:0000323;CHEMONTID:0001831,Organic compounds;Organic oxygen compounds;Organooxygen compounds;Carbonyl compounds
20631,Carbonyl compounds,0.89,CHEMONTID:0001831,4,CHEMONTID:0000323,CHEMONTID:0000000;CHEMONTID:0004603;CHEMONTID:0000323;CHEMONTID:0001831,Organic compounds;Organic oxygen compounds;Organooxygen compounds;Carbonyl compounds
15722,Amines,1,CHEMONTID:0002449,4,CHEMONTID:0000278,CHEMONTID:0000000;CHEMONTID:0004707;CHEMONTID:0000278;CHEMONTID:0002449,Organic compounds;Organic nitrogen compounds;Organonitrogen compounds;Amines
15673,Monoalkylamines,0.94,CHEMONTID:0000469,6,CHEMONTID:0002450,CHEMONTID:0000000;CHEMONTID:0004707;CHEMONTID:0000278;CHEMONTID:0002449;CHEMONTID:0002450;CHEMONTID:0000469,Organic compounds;Organic nitrogen compounds;Organonitrogen compounds;Amines;Primary amines;Monoalkylamines
20399,Benzoyl derivatives,0.86,CHEMONTID:0000321,4,CHEMONTID:0002279,CHEMONTID:0000000;CHEMONTID:0002448;CHEMONTID:0002279;CHEMONTID:0000321,Organic compounds;Benzenoids;Benzene and substituted derivatives;Benzoyl derivatives
12731,Monoalkylamines,0.86,CHEMONTID:0000469,6,CHEMONTID:0002450,CHEMONTID:0000000;CHEMONTID:0004707;CHEMONTID:0000278;CHEMONTID:0002449;CHEMONTID:0002450;CHEMONTID:0000469,Organic compounds;Organic nitrogen compounds;Organonitrogen compounds;Amines;Primary amines;Monoalkylamines
4222,Alcohols and polyols,0.82,CHEMONTID:0000129,4,CHEMONTID:0000323,CHEMONTID:0000000;CHEMONTID:0004603;CHEMONTID:0000323;CHEMONTID:0000129,Organic compounds;Organic oxygen compounds;Organooxygen compounds;Alcohols and polyols
3058,Carbonyl compounds,0.93,CHEMONTID:0001831,4,CHEMONTID:0000323,CHEMONTID:0000000;CHEMONTID:0004603;CHEMONTID:0000323;CHEMONTID:0001831,Organic compounds;Organic oxygen compounds;Organooxygen compounds;Carbonyl compounds
6738,Monocarboxylic acids and derivatives,0.8,CHEMONTID:0001137,4,CHEMONTID:0000265,CHEMONTID:0000000;CHEMONTID:0000264;CHEMONTID:0000265;CHEMONTID:0001137,Organic compounds;Organic acids and derivatives;Carboxylic acids and derivatives;Monocarboxylic acids and derivatives
7543,Carbonyl compounds,0.88,CHEMONTID:0001831,4,CHEMONTID:0000323,CHEMONTID:0000000;CHEMONTID:0004603;CHEMONTID:0000323;CHEMONTID:0001831,Organic compounds;Organic oxygen compounds;Organooxygen compounds;Carbonyl compounds
12638,Dialkyl ethers,0.98,CHEMONTID:0001167,5,CHEMONTID:0000254,CHEMONTID:0000000;CHEMONTID:0004603;CHEMONTID:0000323;CHEMONTID:0000254;CHEMONTID:0001167,Organic compounds;Organic oxygen compounds;Organooxygen compounds;Ethers;Dialkyl ethers
4293,"1,3,5-triazines",0.99,CHEMONTID:0004105,4,CHEMONTID:0000098,CHEMONTID:0000000;CHEMONTID:0000002;CHEMONTID:0000098;CHEMONTID:0004105,"Organic compounds;Organoheterocyclic compounds;Triazines;1,3,5-triazines"
19524,Alkyl phosphates,1,CHEMONTID:0003457,5,CHEMONTID:0000408,CHEMONTID:0000000;CHEMONTID:0000264;CHEMONTID:0000402;CHEMONTID:0000408;CHEMONTID:0003457,Organic compounds;Organic acids and derivatives;Organic phosphoric acids and derivatives;Phosphate esters;Alkyl phosphates
15734,Glycosylamines,1,CHEMONTID:0002203,6,CHEMONTID:0002105,CHEMONTID:0000000;CHEMONTID:0004603;CHEMONTID:0000323;CHEMONTID:0000011;CHEMONTID:0002105;CHEMONTID:0002203,Organic compounds;Organic oxygen compounds;Organooxygen compounds;Carbohydrates and carbohydrate conjugates;Glycosyl compounds;Glycosylamines
10718,Primary amines,0.99,CHEMONTID:0002450,5,CHEMONTID:0002449,CHEMONTID:0000000;CHEMONTID:0004707;CHEMONTID:0000278;CHEMONTID:0002449;CHEMONTID:0002450,Organic compounds;Organic nitrogen compounds;Organonitrogen compounds;Amines;Primary amines
9016,Carboxylic acid derivatives,0.85,CHEMONTID:0001093,4,CHEMONTID:0000265,CHEMONTID:0000000;CHEMONTID:0000264;CHEMONTID:0000265;CHEMONTID:0001093,Organic compounds;Organic acids and derivatives;Carboxylic acids and derivatives;Carboxylic acid derivatives
18150,Primary amines,0.98,CHEMONTID:0002450,5,CHEMONTID:0002449,CHEMONTID:0000000;CHEMONTID:0004707;CHEMONTID:0000278;CHEMONTID:0002449;CHEMONTID:0002450,Organic compounds;Organic nitrogen compounds;Organonitrogen compounds;Amines;Primary amines
4404,Carbonyl compounds,0.83,CHEMONTID:0001831,4,CHEMONTID:0000323,CHEMONTID:0000000;CHEMONTID:0004603;CHEMONTID:0000323;CHEMONTID:0001831,Organic compounds;Organic oxygen compounds;Organooxygen compounds;Carbonyl compounds
16352,Pyrimidines and pyrimidine derivatives,1,CHEMONTID:0000075,4,CHEMONTID:0001346,CHEMONTID:0000000;CHEMONTID:0000002;CHEMONTID:0001346;CHEMONTID:0000075,Organic compounds;Organoheterocyclic compounds;Diazines;Pyrimidines and pyrimidine derivatives
13997,Carbonyl compounds,0.96,CHEMONTID:0001831,4,CHEMONTID:0000323,CHEMONTID:0000000;CHEMONTID:0004603;CHEMONTID:0000323;CHEMONTID:0001831,Organic compounds;Organic oxygen compounds;Organooxygen compounds;Carbonyl compounds
9935,Amines,0.89,CHEMONTID:0002449,4,CHEMONTID:0000278,CHEMONTID:0000000;CHEMONTID:0004707;CHEMONTID:0000278;CHEMONTID:0002449,Organic compounds;Organic nitrogen compounds;Organonitrogen compounds;Amines
15892,Amines,0.88,CHEMONTID:0002449,4,CHEMONTID:0000278,CHEMONTID:0000000;CHEMONTID:0004707;CHEMONTID:0000278;CHEMONTID:0002449,Organic compounds;Organic nitrogen compounds;Organonitrogen compounds;Amines
16318,Guanidines,0.92,CHEMONTID:0000375,4,CHEMONTID:0000278,CHEMONTID:0000000;CHEMONTID:0004707;CHEMONTID:0000278;CHEMONTID:0000375,Organic compounds;Organic nitrogen compounds;Organonitrogen compounds;Guanidines
10800,Amines,1,CHEMONTID:0002449,4,CHEMONTID:0000278,CHEMONTID:0000000;CHEMONTID:0004707;CHEMONTID:0000278;CHEMONTID:0002449,Organic compounds;Organic nitrogen compounds;Organonitrogen compounds;Amines
3693,Carbonyl compounds,0.92,CHEMONTID:0001831,4,CHEMONTID:0000323,CHEMONTID:0000000;CHEMONTID:0004603;CHEMONTID:0000323;CHEMONTID:0001831,Organic compounds;Organic oxygen compounds;Organooxygen compounds;Carbonyl compounds
6133,Carbonyl compounds,0.94,CHEMONTID:0001831,4,CHEMONTID:0000323,CHEMONTID:0000000;CHEMONTID:0004603;CHEMONTID:0000323;CHEMONTID:0001831,Organic compounds;Organic oxygen compounds;Organooxygen compounds;Carbonyl compounds
17887,Pyrimidines and pyrimidine derivatives,0.85,CHEMONTID:0000075,4,CHEMONTID:0001346,CHEMONTID:0000000;CHEMONTID:0000002;CHEMONTID:0001346;CHEMONTID:0000075,Organic compounds;Organoheterocyclic compounds;Diazines;Pyrimidines and pyrimidine derivatives
15824,Primary amines,0.95,CHEMONTID:0002450,5,CHEMONTID:0002449,CHEMONTID:0000000;CHEMONTID:0004707;CHEMONTID:0000278;CHEMONTID:0002449;CHEMONTID:0002450,Organic compounds;Organic nitrogen compounds;Organonitrogen compounds;Amines;Primary amines
13421,Amines,0.99,CHEMONTID:0002449,4,CHEMONTID:0000278,CHEMONTID:0000000;CHEMONTID:0004707;CHEMONTID:0000278;CHEMONTID:0002449,Organic compounds;Organic nitrogen compounds;Organonitrogen compounds;Amines
20279,"Amino acids, peptides, and analogues",0.98,CHEMONTID:0000013,4,CHEMONTID:0000265,CHEMONTID:0000000;CHEMONTID:0000264;CHEMONTID:0000265;CHEMONTID:0000013,"Organic compounds;Organic acids and derivatives;Carboxylic acids and derivatives;Amino acids, peptides, and analogues"
14255,Carbonyl compounds,0.81,CHEMONTID:0001831,4,CHEMONTID:0000323,CHEMONTID:0000000;CHEMONTID:0004603;CHEMONTID:0000323;CHEMONTID:0001831,Organic compounds;Organic oxygen compounds;Organooxygen compounds;Carbonyl compounds
73,Alcohols and polyols,0.97,CHEMONTID:0000129,4,CHEMONTID:0000323,CHEMONTID:0000000;CHEMONTID:0004603;CHEMONTID:0000323;CHEMONTID:0000129,Organic compounds;Organic oxygen compounds;Organooxygen compounds;Alcohols and polyols
13610,Carbonyl compounds,0.91,CHEMONTID:0001831,4,CHEMONTID:0000323,CHEMONTID:0000000;CHEMONTID:0004603;CHEMONTID:0000323;CHEMONTID:0001831,Organic compounds;Organic oxygen compounds;Organooxygen compounds;Carbonyl compounds
4271,Amines,0.98,CHEMONTID:0002449,4,CHEMONTID:0000278,CHEMONTID:0000000;CHEMONTID:0004707;CHEMONTID:0000278;CHEMONTID:0002449,Organic compounds;Organic nitrogen compounds;Organonitrogen compounds;Amines
17175,Carbonyl compounds,0.83,CHEMONTID:0001831,4,CHEMONTID:0000323,CHEMONTID:0000000;CHEMONTID:0004603;CHEMONTID:0000323;CHEMONTID:0001831,Organic compounds;Organic oxygen compounds;Organooxygen compounds;Carbonyl compounds
15462,Carboximidamides,0.92,CHEMONTID:0003152,4,CHEMONTID:0000278,CHEMONTID:0000000;CHEMONTID:0004707;CHEMONTID:0000278;CHEMONTID:0003152,Organic compounds;Organic nitrogen compounds;Organonitrogen compounds;Carboximidamides
15322,Carbonyl compounds,0.96,CHEMONTID:0001831,4,CHEMONTID:0000323,CHEMONTID:0000000;CHEMONTID:0004603;CHEMONTID:0000323;CHEMONTID:0001831,Organic compounds;Organic oxygen compounds;Organooxygen compounds;Carbonyl compounds
17818,Amino acids and derivatives,0.96,CHEMONTID:0000347,5,CHEMONTID:0000013,CHEMONTID:0000000;CHEMONTID:0000264;CHEMONTID:0000265;CHEMONTID:0000013;CHEMONTID:0000347,"Organic compounds;Organic acids and derivatives;Carboxylic acids and derivatives;Amino acids, peptides, and analogues;Amino acids and derivatives"
1015,Imidazoles,0.96,CHEMONTID:0000078,4,CHEMONTID:0000436,CHEMONTID:0000000;CHEMONTID:0000002;CHEMONTID:0000436;CHEMONTID:0000078,Organic compounds;Organoheterocyclic compounds;Azoles;Imidazoles
15377,Primary amines,0.99,CHEMONTID:0002450,5,CHEMONTID:0002449,CHEMONTID:0000000;CHEMONTID:0004707;CHEMONTID:0000278;CHEMONTID:0002449;CHEMONTID:0002450,Organic compounds;Organic nitrogen compounds;Organonitrogen compounds;Amines;Primary amines
15604,Carbonyl compounds,0.98,CHEMONTID:0001831,4,CHEMONTID:0000323,CHEMONTID:0000000;CHEMONTID:0004603;CHEMONTID:0000323;CHEMONTID:0001831,Organic compounds;Organic oxygen compounds;Organooxygen compounds;Carbonyl compounds
3490,Carbonyl compounds,0.98,CHEMONTID:0001831,4,CHEMONTID:0000323,CHEMONTID:0000000;CHEMONTID:0004603;CHEMONTID:0000323;CHEMONTID:0001831,Organic compounds;Organic oxygen compounds;Organooxygen compounds;Carbonyl compounds
3269,Phosphate esters,0.95,CHEMONTID:0000408,4,CHEMONTID:0000402,CHEMONTID:0000000;CHEMONTID:0000264;CHEMONTID:0000402;CHEMONTID:0000408,Organic compounds;Organic acids and derivatives;Organic phosphoric acids and derivatives;Phosphate esters
14335,Alcohols and polyols,0.93,CHEMONTID:0000129,4,CHEMONTID:0000323,CHEMONTID:0000000;CHEMONTID:0004603;CHEMONTID:0000323;CHEMONTID:0000129,Organic compounds;Organic oxygen compounds;Organooxygen compounds;Alcohols and polyols
3657,Amines,1,CHEMONTID:0002449,4,CHEMONTID:0000278,CHEMONTID:0000000;CHEMONTID:0004707;CHEMONTID:0000278;CHEMONTID:0002449,Organic compounds;Organic nitrogen compounds;Organonitrogen compounds;Amines
10319,Carbonyl compounds,0.9,CHEMONTID:0001831,4,CHEMONTID:0000323,CHEMONTID:0000000;CHEMONTID:0004603;CHEMONTID:0000323;CHEMONTID:0001831,Organic compounds;Organic oxygen compounds;Organooxygen compounds;Carbonyl compounds
3686,1-hydroxy-2-unsubstituted benzenoids,0.93,CHEMONTID:0004646,4,CHEMONTID:0000134,CHEMONTID:0000000;CHEMONTID:0002448;CHEMONTID:0000134;CHEMONTID:0004646,Organic compounds;Benzenoids;Phenols;1-hydroxy-2-unsubstituted benzenoids
14644,Amines,1,CHEMONTID:0002449,4,CHEMONTID:0000278,CHEMONTID:0000000;CHEMONTID:0004707;CHEMONTID:0000278;CHEMONTID:0002449,Organic compounds;Organic nitrogen compounds;Organonitrogen compounds;Amines
5088,Carbonyl compounds,0.93,CHEMONTID:0001831,4,CHEMONTID:0000323,CHEMONTID:0000000;CHEMONTID:0004603;CHEMONTID:0000323;CHEMONTID:0001831,Organic compounds;Organic oxygen compounds;Organooxygen compounds;Carbonyl compounds
3222,Primary amines,0.8,CHEMONTID:0002450,5,CHEMONTID:0002449,CHEMONTID:0000000;CHEMONTID:0004707;CHEMONTID:0000278;CHEMONTID:0002449;CHEMONTID:0002450,Organic compounds;Organic nitrogen compounds;Organonitrogen compounds;Amines;Primary amines
9050,Carbonyl compounds,0.91,CHEMONTID:0001831,4,CHEMONTID:0000323,CHEMONTID:0000000;CHEMONTID:0004603;CHEMONTID:0000323;CHEMONTID:0001831,Organic compounds;Organic oxygen compounds;Organooxygen compounds;Carbonyl compounds
19966,Carbonyl compounds,0.85,CHEMONTID:0001831,4,CHEMONTID:0000323,CHEMONTID:0000000;CHEMONTID:0004603;CHEMONTID:0000323;CHEMONTID:0001831,Organic compounds;Organic oxygen compounds;Organooxygen compounds;Carbonyl compounds
10079,Carbonyl compounds,0.98,CHEMONTID:0001831,4,CHEMONTID:0000323,CHEMONTID:0000000;CHEMONTID:0004603;CHEMONTID:0000323;CHEMONTID:0001831,Organic compounds;Organic oxygen compounds;Organooxygen compounds;Carbonyl compounds
18462,Benzoyl derivatives,0.98,CHEMONTID:0000321,4,CHEMONTID:0002279,CHEMONTID:0000000;CHEMONTID:0002448;CHEMONTID:0002279;CHEMONTID:0000321,Organic compounds;Benzenoids;Benzene and substituted derivatives;Benzoyl derivatives
12791,Carbonyl compounds,0.94,CHEMONTID:0001831,4,CHEMONTID:0000323,CHEMONTID:0000000;CHEMONTID:0004603;CHEMONTID:0000323;CHEMONTID:0001831,Organic compounds;Organic oxygen compounds;Organooxygen compounds;Carbonyl compounds
12884,Carboxylic acid derivatives,0.88,CHEMONTID:0001093,4,CHEMONTID:0000265,CHEMONTID:0000000;CHEMONTID:0000264;CHEMONTID:0000265;CHEMONTID:0001093,Organic compounds;Organic acids and derivatives;Carboxylic acids and derivatives;Carboxylic acid derivatives
19072,Monoalkylamines,0.96,CHEMONTID:0000469,6,CHEMONTID:0002450,CHEMONTID:0000000;CHEMONTID:0004707;CHEMONTID:0000278;CHEMONTID:0002449;CHEMONTID:0002450;CHEMONTID:0000469,Organic compounds;Organic nitrogen compounds;Organonitrogen compounds;Amines;Primary amines;Monoalkylamines
20550,Carbonyl compounds,0.9,CHEMONTID:0001831,4,CHEMONTID:0000323,CHEMONTID:0000000;CHEMONTID:0004603;CHEMONTID:0000323;CHEMONTID:0001831,Organic compounds;Organic oxygen compounds;Organooxygen compounds;Carbonyl compounds
20111,Guanidines,0.83,CHEMONTID:0000375,4,CHEMONTID:0000278,CHEMONTID:0000000;CHEMONTID:0004707;CHEMONTID:0000278;CHEMONTID:0000375,Organic compounds;Organic nitrogen compounds;Organonitrogen compounds;Guanidines
15124,Carbonyl compounds,0.86,CHEMONTID:0001831,4,CHEMONTID:0000323,CHEMONTID:0000000;CHEMONTID:0004603;CHEMONTID:0000323;CHEMONTID:0001831,Organic compounds;Organic oxygen compounds;Organooxygen compounds;Carbonyl compounds
6782,Carbonyl compounds,0.8,CHEMONTID:0001831,4,CHEMONTID:0000323,CHEMONTID:0000000;CHEMONTID:0004603;CHEMONTID:0000323;CHEMONTID:0001831,Organic compounds;Organic oxygen compounds;Organooxygen compounds;Carbonyl compounds
20107,Carbonyl compounds,0.92,CHEMONTID:0001831,4,CHEMONTID:0000323,CHEMONTID:0000000;CHEMONTID:0004603;CHEMONTID:0000323;CHEMONTID:0001831,Organic compounds;Organic oxygen compounds;Organooxygen compounds;Carbonyl compounds
14868,Alcohols and polyols,0.98,CHEMONTID:0000129,4,CHEMONTID:0000323,CHEMONTID:0000000;CHEMONTID:0004603;CHEMONTID:0000323;CHEMONTID:0000129,Organic compounds;Organic oxygen compounds;Organooxygen compounds;Alcohols and polyols
11060,"Amino acids, peptides, and analogues",0.91,CHEMONTID:0000013,4,CHEMONTID:0000265,CHEMONTID:0000000;CHEMONTID:0000264;CHEMONTID:0000265;CHEMONTID:0000013,"Organic compounds;Organic acids and derivatives;Carboxylic acids and derivatives;Amino acids, peptides, and analogues"
19261,Carbonyl compounds,0.91,CHEMONTID:0001831,4,CHEMONTID:0000323,CHEMONTID:0000000;CHEMONTID:0004603;CHEMONTID:0000323;CHEMONTID:0001831,Organic compounds;Organic oxygen compounds;Organooxygen compounds;Carbonyl compounds
3827,Carbonyl compounds,0.98,CHEMONTID:0001831,4,CHEMONTID:0000323,CHEMONTID:0000000;CHEMONTID:0004603;CHEMONTID:0000323;CHEMONTID:0001831,Organic compounds;Organic oxygen compounds;Organooxygen compounds;Carbonyl compounds
10924,Carbonyl compounds,0.89,CHEMONTID:0001831,4,CHEMONTID:0000323,CHEMONTID:0000000;CHEMONTID:0004603;CHEMONTID:0000323;CHEMONTID:0001831,Organic compounds;Organic oxygen compounds;Organooxygen compounds;Carbonyl compounds
14557,Monoalkylamines,0.95,CHEMONTID:0000469,6,CHEMONTID:0002450,CHEMONTID:0000000;CHEMONTID:0004707;CHEMONTID:0000278;CHEMONTID:0002449;CHEMONTID:0002450;CHEMONTID:0000469,Organic compounds;Organic nitrogen compounds;Organonitrogen compounds;Amines;Primary amines;Monoalkylamines
296,Carbonyl compounds,0.89,CHEMONTID:0001831,4,CHEMONTID:0000323,CHEMONTID:0000000;CHEMONTID:0004603;CHEMONTID:0000323;CHEMONTID:0001831,Organic compounds;Organic oxygen compounds;Organooxygen compounds;Carbonyl compounds
20254,Carboxylic acids,0.87,CHEMONTID:0001205,4,CHEMONTID:0000265,CHEMONTID:0000000;CHEMONTID:0000264;CHEMONTID:0000265;CHEMONTID:0001205,Organic compounds;Organic acids and derivatives;Carboxylic acids and derivatives;Carboxylic acids
8177,Carbonyl compounds,0.96,CHEMONTID:0001831,4,CHEMONTID:0000323,CHEMONTID:0000000;CHEMONTID:0004603;CHEMONTID:0000323;CHEMONTID:0001831,Organic compounds;Organic oxygen compounds;Organooxygen compounds;Carbonyl compounds
17140,Amines,0.94,CHEMONTID:0002449,4,CHEMONTID:0000278,CHEMONTID:0000000;CHEMONTID:0004707;CHEMONTID:0000278;CHEMONTID:0002449,Organic compounds;Organic nitrogen compounds;Organonitrogen compounds;Amines
5658,Carbonyl compounds,0.96,CHEMONTID:0001831,4,CHEMONTID:0000323,CHEMONTID:0000000;CHEMONTID:0004603;CHEMONTID:0000323;CHEMONTID:0001831,Organic compounds;Organic oxygen compounds;Organooxygen compounds;Carbonyl compounds
2765,Amino acids and derivatives,0.88,CHEMONTID:0000347,5,CHEMONTID:0000013,CHEMONTID:0000000;CHEMONTID:0000264;CHEMONTID:0000265;CHEMONTID:0000013;CHEMONTID:0000347,"Organic compounds;Organic acids and derivatives;Carboxylic acids and derivatives;Amino acids, peptides, and analogues;Amino acids and derivatives"
1637,Dialkyl ethers,0.94,CHEMONTID:0001167,5,CHEMONTID:0000254,CHEMONTID:0000000;CHEMONTID:0004603;CHEMONTID:0000323;CHEMONTID:0000254;CHEMONTID:0001167,Organic compounds;Organic oxygen compounds;Organooxygen compounds;Ethers;Dialkyl ethers
4888,Monoalkylamines,0.99,CHEMONTID:0000469,6,CHEMONTID:0002450,CHEMONTID:0000000;CHEMONTID:0004707;CHEMONTID:0000278;CHEMONTID:0002449;CHEMONTID:0002450;CHEMONTID:0000469,Organic compounds;Organic nitrogen compounds;Organonitrogen compounds;Amines;Primary amines;Monoalkylamines
13139,Carboxylic acid derivatives,0.97,CHEMONTID:0001093,4,CHEMONTID:0000265,CHEMONTID:0000000;CHEMONTID:0000264;CHEMONTID:0000265;CHEMONTID:0001093,Organic compounds;Organic acids and derivatives;Carboxylic acids and derivatives;Carboxylic acid derivatives
19644,Dialkyl ethers,0.89,CHEMONTID:0001167,5,CHEMONTID:0000254,CHEMONTID:0000000;CHEMONTID:0004603;CHEMONTID:0000323;CHEMONTID:0000254;CHEMONTID:0001167,Organic compounds;Organic oxygen compounds;Organooxygen compounds;Ethers;Dialkyl ethers
18111,Primary amines,0.9,CHEMONTID:0002450,5,CHEMONTID:0002449,CHEMONTID:0000000;CHEMONTID:0004707;CHEMONTID:0000278;CHEMONTID:0002449;CHEMONTID:0002450,Organic compounds;Organic nitrogen compounds;Organonitrogen compounds;Amines;Primary amines
1339,Carbonyl compounds,0.95,CHEMONTID:0001831,4,CHEMONTID:0000323,CHEMONTID:0000000;CHEMONTID:0004603;CHEMONTID:0000323;CHEMONTID:0001831,Organic compounds;Organic oxygen compounds;Organooxygen compounds;Carbonyl compounds
16292,Alkyl phosphates,1,CHEMONTID:0003457,5,CHEMONTID:0000408,CHEMONTID:0000000;CHEMONTID:0000264;CHEMONTID:0000402;CHEMONTID:0000408;CHEMONTID:0003457,Organic compounds;Organic acids and derivatives;Organic phosphoric acids and derivatives;Phosphate esters;Alkyl phosphates
18220,Phosphate esters,1,CHEMONTID:0000408,4,CHEMONTID:0000402,CHEMONTID:0000000;CHEMONTID:0000264;CHEMONTID:0000402;CHEMONTID:0000408,Organic compounds;Organic acids and derivatives;Organic phosphoric acids and derivatives;Phosphate esters
11861,Carbonyl compounds,0.99,CHEMONTID:0001831,4,CHEMONTID:0000323,CHEMONTID:0000000;CHEMONTID:0004603;CHEMONTID:0000323;CHEMONTID:0001831,Organic compounds;Organic oxygen compounds;Organooxygen compounds;Carbonyl compounds
10156,Primary amines,0.98,CHEMONTID:0002450,5,CHEMONTID:0002449,CHEMONTID:0000000;CHEMONTID:0004707;CHEMONTID:0000278;CHEMONTID:0002449;CHEMONTID:0002450,Organic compounds;Organic nitrogen compounds;Organonitrogen compounds;Amines;Primary amines
4182,Carbonyl compounds,0.98,CHEMONTID:0001831,4,CHEMONTID:0000323,CHEMONTID:0000000;CHEMONTID:0004603;CHEMONTID:0000323;CHEMONTID:0001831,Organic compounds;Organic oxygen compounds;Organooxygen compounds;Carbonyl compounds
17933,Carboxylic acid derivatives,0.95,CHEMONTID:0001093,4,CHEMONTID:0000265,CHEMONTID:0000000;CHEMONTID:0000264;CHEMONTID:0000265;CHEMONTID:0001093,Organic compounds;Organic acids and derivatives;Carboxylic acids and derivatives;Carboxylic acid derivatives
11496,"Amino acids, peptides, and analogues",1,CHEMONTID:0000013,4,CHEMONTID:0000265,CHEMONTID:0000000;CHEMONTID:0000264;CHEMONTID:0000265;CHEMONTID:0000013,"Organic compounds;Organic acids and derivatives;Carboxylic acids and derivatives;Amino acids, peptides, and analogues"
1111,Monocarboxylic acids and derivatives,0.88,CHEMONTID:0001137,4,CHEMONTID:0000265,CHEMONTID:0000000;CHEMONTID:0000264;CHEMONTID:0000265;CHEMONTID:0001137,Organic compounds;Organic acids and derivatives;Carboxylic acids and derivatives;Monocarboxylic acids and derivatives
11409,Alcohols and polyols,0.98,CHEMONTID:0000129,4,CHEMONTID:0000323,CHEMONTID:0000000;CHEMONTID:0004603;CHEMONTID:0000323;CHEMONTID:0000129,Organic compounds;Organic oxygen compounds;Organooxygen compounds;Alcohols and polyols
3402,Carbonyl compounds,0.98,CHEMONTID:0001831,4,CHEMONTID:0000323,CHEMONTID:0000000;CHEMONTID:0004603;CHEMONTID:0000323;CHEMONTID:0001831,Organic compounds;Organic oxygen compounds;Organooxygen compounds;Carbonyl compounds
12749,Carbonyl compounds,0.96,CHEMONTID:0001831,4,CHEMONTID:0000323,CHEMONTID:0000000;CHEMONTID:0004603;CHEMONTID:0000323;CHEMONTID:0001831,Organic compounds;Organic oxygen compounds;Organooxygen compounds;Carbonyl compounds
8938,Fatty acids and conjugates,0.91,CHEMONTID:0000262,4,CHEMONTID:0003909,CHEMONTID:0000000;CHEMONTID:0000012;CHEMONTID:0003909;CHEMONTID:0000262,Organic compounds;Lipids and lipid-like molecules;Fatty Acyls;Fatty acids and conjugates
20593,Carbonyl compounds,0.86,CHEMONTID:0001831,4,CHEMONTID:0000323,CHEMONTID:0000000;CHEMONTID:0004603;CHEMONTID:0000323;CHEMONTID:0001831,Organic compounds;Organic oxygen compounds;Organooxygen compounds;Carbonyl compounds
13006,Dialkyl phosphates,1,CHEMONTID:0003459,6,CHEMONTID:0003457,CHEMONTID:0000000;CHEMONTID:0000264;CHEMONTID:0000402;CHEMONTID:0000408;CHEMONTID:0003457;CHEMONTID:0003459,Organic compounds;Organic acids and derivatives;Organic phosphoric acids and derivatives;Phosphate esters;Alkyl phosphates;Dialkyl phosphates
19125,Amino acids and derivatives,0.95,CHEMONTID:0000347,5,CHEMONTID:0000013,CHEMONTID:0000000;CHEMONTID:0000264;CHEMONTID:0000265;CHEMONTID:0000013;CHEMONTID:0000347,"Organic compounds;Organic acids and derivatives;Carboxylic acids and derivatives;Amino acids, peptides, and analogues;Amino acids and derivatives"
2313,Carbonyl compounds,0.88,CHEMONTID:0001831,4,CHEMONTID:0000323,CHEMONTID:0000000;CHEMONTID:0004603;CHEMONTID:0000323;CHEMONTID:0001831,Organic compounds;Organic oxygen compounds;Organooxygen compounds;Carbonyl compounds
3364,Carbonyl compounds,0.99,CHEMONTID:0001831,4,CHEMONTID:0000323,CHEMONTID:0000000;CHEMONTID:0004603;CHEMONTID:0000323;CHEMONTID:0001831,Organic compounds;Organic oxygen compounds;Organooxygen compounds;Carbonyl compounds
7933,Carbonyl compounds,0.98,CHEMONTID:0001831,4,CHEMONTID:0000323,CHEMONTID:0000000;CHEMONTID:0004603;CHEMONTID:0000323;CHEMONTID:0001831,Organic compounds;Organic oxygen compounds;Organooxygen compounds;Carbonyl compounds
14194,Carbonyl compounds,0.87,CHEMONTID:0001831,4,CHEMONTID:0000323,CHEMONTID:0000000;CHEMONTID:0004603;CHEMONTID:0000323;CHEMONTID:0001831,Organic compounds;Organic oxygen compounds;Organooxygen compounds;Carbonyl compounds
4395,Carbonyl compounds,0.95,CHEMONTID:0001831,4,CHEMONTID:0000323,CHEMONTID:0000000;CHEMONTID:0004603;CHEMONTID:0000323;CHEMONTID:0001831,Organic compounds;Organic oxygen compounds;Organooxygen compounds;Carbonyl compounds
2774,Primary amines,0.8,CHEMONTID:0002450,5,CHEMONTID:0002449,CHEMONTID:0000000;CHEMONTID:0004707;CHEMONTID:0000278;CHEMONTID:0002449;CHEMONTID:0002450,Organic compounds;Organic nitrogen compounds;Organonitrogen compounds;Amines;Primary amines
19066,Amines,0.9,CHEMONTID:0002449,4,CHEMONTID:0000278,CHEMONTID:0000000;CHEMONTID:0004707;CHEMONTID:0000278;CHEMONTID:0002449,Organic compounds;Organic nitrogen compounds;Organonitrogen compounds;Amines
2359,Glycosyl compounds,0.99,CHEMONTID:0002105,5,CHEMONTID:0000011,CHEMONTID:0000000;CHEMONTID:0004603;CHEMONTID:0000323;CHEMONTID:0000011;CHEMONTID:0002105,Organic compounds;Organic oxygen compounds;Organooxygen compounds;Carbohydrates and carbohydrate conjugates;Glycosyl compounds
14734,Carboxylic acid derivatives,1,CHEMONTID:0001093,4,CHEMONTID:0000265,CHEMONTID:0000000;CHEMONTID:0000264;CHEMONTID:0000265;CHEMONTID:0001093,Organic compounds;Organic acids and derivatives;Carboxylic acids and derivatives;Carboxylic acid derivatives
12353,Secondary alcohols,0.96,CHEMONTID:0001661,5,CHEMONTID:0000129,CHEMONTID:0000000;CHEMONTID:0004603;CHEMONTID:0000323;CHEMONTID:0000129;CHEMONTID:0001661,Organic compounds;Organic oxygen compounds;Organooxygen compounds;Alcohols and polyols;Secondary alcohols
11719,Triterpenoids,0.9,CHEMONTID:0001553,4,CHEMONTID:0000259,CHEMONTID:0000000;CHEMONTID:0000012;CHEMONTID:0000259;CHEMONTID:0001553,Organic compounds;Lipids and lipid-like molecules;Prenol lipids;Triterpenoids
1506,Amines,0.85,CHEMONTID:0002449,4,CHEMONTID:0000278,CHEMONTID:0000000;CHEMONTID:0004707;CHEMONTID:0000278;CHEMONTID:0002449,Organic compounds;Organic nitrogen compounds;Organonitrogen compounds;Amines
15916,Carboxylic acid derivatives,0.91,CHEMONTID:0001093,4,CHEMONTID:0000265,CHEMONTID:0000000;CHEMONTID:0000264;CHEMONTID:0000265;CHEMONTID:0001093,Organic compounds;Organic acids and derivatives;Carboxylic acids and derivatives;Carboxylic acid derivatives
19201,Monosaccharide phosphates,1,CHEMONTID:0001541,6,CHEMONTID:0001540,CHEMONTID:0000000;CHEMONTID:0004603;CHEMONTID:0000323;CHEMONTID:0000011;CHEMONTID:0001540;CHEMONTID:0001541,Organic compounds;Organic oxygen compounds;Organooxygen compounds;Carbohydrates and carbohydrate conjugates;Monosaccharides;Monosaccharide phosphates
9826,Primary amines,0.97,CHEMONTID:0002450,5,CHEMONTID:0002449,CHEMONTID:0000000;CHEMONTID:0004707;CHEMONTID:0000278;CHEMONTID:0002449;CHEMONTID:0002450,Organic compounds;Organic nitrogen compounds;Organonitrogen compounds;Amines;Primary amines
12866,Alcohols and polyols,0.94,CHEMONTID:0000129,4,CHEMONTID:0000323,CHEMONTID:0000000;CHEMONTID:0004603;CHEMONTID:0000323;CHEMONTID:0000129,Organic compounds;Organic oxygen compounds;Organooxygen compounds;Alcohols and polyols
15363,Peptides,0.81,CHEMONTID:0000348,5,CHEMONTID:0000013,CHEMONTID:0000000;CHEMONTID:0000264;CHEMONTID:0000265;CHEMONTID:0000013;CHEMONTID:0000348,"Organic compounds;Organic acids and derivatives;Carboxylic acids and derivatives;Amino acids, peptides, and analogues;Peptides"
14181,Amines,0.99,CHEMONTID:0002449,4,CHEMONTID:0000278,CHEMONTID:0000000;CHEMONTID:0004707;CHEMONTID:0000278;CHEMONTID:0002449,Organic compounds;Organic nitrogen compounds;Organonitrogen compounds;Amines
15336,Alcohols and polyols,1,CHEMONTID:0000129,4,CHEMONTID:0000323,CHEMONTID:0000000;CHEMONTID:0004603;CHEMONTID:0000323;CHEMONTID:0000129,Organic compounds;Organic oxygen compounds;Organooxygen compounds;Alcohols and polyols
6357,Amino acids and derivatives,0.88,CHEMONTID:0000347,5,CHEMONTID:0000013,CHEMONTID:0000000;CHEMONTID:0000264;CHEMONTID:0000265;CHEMONTID:0000013;CHEMONTID:0000347,"Organic compounds;Organic acids and derivatives;Carboxylic acids and derivatives;Amino acids, peptides, and analogues;Amino acids and derivatives"
1416,Aminoimidazoles,0.94,CHEMONTID:0001225,6,CHEMONTID:0002310,CHEMONTID:0000000;CHEMONTID:0000002;CHEMONTID:0000436;CHEMONTID:0000078;CHEMONTID:0002310;CHEMONTID:0001225,Organic compounds;Organoheterocyclic compounds;Azoles;Imidazoles;Substituted imidazoles;Aminoimidazoles
3361,Trialkylamines,0.92,CHEMONTID:0002239,6,CHEMONTID:0002452,CHEMONTID:0000000;CHEMONTID:0004707;CHEMONTID:0000278;CHEMONTID:0002449;CHEMONTID:0002452;CHEMONTID:0002239,Organic compounds;Organic nitrogen compounds;Organonitrogen compounds;Amines;Tertiary amines;Trialkylamines
9894,Carbonyl compounds,0.84,CHEMONTID:0001831,4,CHEMONTID:0000323,CHEMONTID:0000000;CHEMONTID:0004603;CHEMONTID:0000323;CHEMONTID:0001831,Organic compounds;Organic oxygen compounds;Organooxygen compounds;Carbonyl compounds
14950,Amines,0.97,CHEMONTID:0002449,4,CHEMONTID:0000278,CHEMONTID:0000000;CHEMONTID:0004707;CHEMONTID:0000278;CHEMONTID:0002449,Organic compounds;Organic nitrogen compounds;Organonitrogen compounds;Amines
1129,Carbonyl compounds,0.9,CHEMONTID:0001831,4,CHEMONTID:0000323,CHEMONTID:0000000;CHEMONTID:0004603;CHEMONTID:0000323;CHEMONTID:0001831,Organic compounds;Organic oxygen compounds;Organooxygen compounds;Carbonyl compounds
14241,Androstane steroids,0.92,CHEMONTID:0003568,4,CHEMONTID:0000258,CHEMONTID:0000000;CHEMONTID:0000012;CHEMONTID:0000258;CHEMONTID:0003568,Organic compounds;Lipids and lipid-like molecules;Steroids and steroid derivatives;Androstane steroids
7510,Carbonyl compounds,0.87,CHEMONTID:0001831,4,CHEMONTID:0000323,CHEMONTID:0000000;CHEMONTID:0004603;CHEMONTID:0000323;CHEMONTID:0001831,Organic compounds;Organic oxygen compounds;Organooxygen compounds;Carbonyl compounds
9218,Monocarboxylic acids and derivatives,0.92,CHEMONTID:0001137,4,CHEMONTID:0000265,CHEMONTID:0000000;CHEMONTID:0000264;CHEMONTID:0000265;CHEMONTID:0001137,Organic compounds;Organic acids and derivatives;Carboxylic acids and derivatives;Monocarboxylic acids and derivatives
10841,Monoalkylamines,0.99,CHEMONTID:0000469,6,CHEMONTID:0002450,CHEMONTID:0000000;CHEMONTID:0004707;CHEMONTID:0000278;CHEMONTID:0002449;CHEMONTID:0002450;CHEMONTID:0000469,Organic compounds;Organic nitrogen compounds;Organonitrogen compounds;Amines;Primary amines;Monoalkylamines
19926,Carbonyl compounds,1,CHEMONTID:0001831,4,CHEMONTID:0000323,CHEMONTID:0000000;CHEMONTID:0004603;CHEMONTID:0000323;CHEMONTID:0001831,Organic compounds;Organic oxygen compounds;Organooxygen compounds;Carbonyl compounds
17802,Carboxylic acid derivatives,0.89,CHEMONTID:0001093,4,CHEMONTID:0000265,CHEMONTID:0000000;CHEMONTID:0000264;CHEMONTID:0000265;CHEMONTID:0001093,Organic compounds;Organic acids and derivatives;Carboxylic acids and derivatives;Carboxylic acid derivatives
6322,Primary amines,0.85,CHEMONTID:0002450,5,CHEMONTID:0002449,CHEMONTID:0000000;CHEMONTID:0004707;CHEMONTID:0000278;CHEMONTID:0002449;CHEMONTID:0002450,Organic compounds;Organic nitrogen compounds;Organonitrogen compounds;Amines;Primary amines
11104,Carbonyl compounds,0.91,CHEMONTID:0001831,4,CHEMONTID:0000323,CHEMONTID:0000000;CHEMONTID:0004603;CHEMONTID:0000323;CHEMONTID:0001831,Organic compounds;Organic oxygen compounds;Organooxygen compounds;Carbonyl compounds
6169,Monoalkylamines,0.94,CHEMONTID:0000469,6,CHEMONTID:0002450,CHEMONTID:0000000;CHEMONTID:0004707;CHEMONTID:0000278;CHEMONTID:0002449;CHEMONTID:0002450;CHEMONTID:0000469,Organic compounds;Organic nitrogen compounds;Organonitrogen compounds;Amines;Primary amines;Monoalkylamines
15278,Dialkyl ethers,0.94,CHEMONTID:0001167,5,CHEMONTID:0000254,CHEMONTID:0000000;CHEMONTID:0004603;CHEMONTID:0000323;CHEMONTID:0000254;CHEMONTID:0001167,Organic compounds;Organic oxygen compounds;Organooxygen compounds;Ethers;Dialkyl ethers
7736,Amines,0.95,CHEMONTID:0002449,4,CHEMONTID:0000278,CHEMONTID:0000000;CHEMONTID:0004707;CHEMONTID:0000278;CHEMONTID:0002449,Organic compounds;Organic nitrogen compounds;Organonitrogen compounds;Amines
314,Carbonyl compounds,0.95,CHEMONTID:0001831,4,CHEMONTID:0000323,CHEMONTID:0000000;CHEMONTID:0004603;CHEMONTID:0000323;CHEMONTID:0001831,Organic compounds;Organic oxygen compounds;Organooxygen compounds;Carbonyl compounds
7349,Carbonyl compounds,1,CHEMONTID:0001831,4,CHEMONTID:0000323,CHEMONTID:0000000;CHEMONTID:0004603;CHEMONTID:0000323;CHEMONTID:0001831,Organic compounds;Organic oxygen compounds;Organooxygen compounds;Carbonyl compounds
3126,Primary amines,0.99,CHEMONTID:0002450,5,CHEMONTID:0002449,CHEMONTID:0000000;CHEMONTID:0004707;CHEMONTID:0000278;CHEMONTID:0002449;CHEMONTID:0002450,Organic compounds;Organic nitrogen compounds;Organonitrogen compounds;Amines;Primary amines
9457,Guanidines,0.99,CHEMONTID:0000375,4,CHEMONTID:0000278,CHEMONTID:0000000;CHEMONTID:0004707;CHEMONTID:0000278;CHEMONTID:0000375,Organic compounds;Organic nitrogen compounds;Organonitrogen compounds;Guanidines
15764,Carbonyl compounds,0.97,CHEMONTID:0001831,4,CHEMONTID:0000323,CHEMONTID:0000000;CHEMONTID:0004603;CHEMONTID:0000323;CHEMONTID:0001831,Organic compounds;Organic oxygen compounds;Organooxygen compounds;Carbonyl compounds
12949,Carbonyl compounds,0.95,CHEMONTID:0001831,4,CHEMONTID:0000323,CHEMONTID:0000000;CHEMONTID:0004603;CHEMONTID:0000323;CHEMONTID:0001831,Organic compounds;Organic oxygen compounds;Organooxygen compounds;Carbonyl compounds
10377,Carbonyl compounds,0.94,CHEMONTID:0001831,4,CHEMONTID:0000323,CHEMONTID:0000000;CHEMONTID:0004603;CHEMONTID:0000323;CHEMONTID:0001831,Organic compounds;Organic oxygen compounds;Organooxygen compounds;Carbonyl compounds
5979,Glycosylamines,1,CHEMONTID:0002203,6,CHEMONTID:0002105,CHEMONTID:0000000;CHEMONTID:0004603;CHEMONTID:0000323;CHEMONTID:0000011;CHEMONTID:0002105;CHEMONTID:0002203,Organic compounds;Organic oxygen compounds;Organooxygen compounds;Carbohydrates and carbohydrate conjugates;Glycosyl compounds;Glycosylamines
11288,Carboxylic acid derivatives,0.95,CHEMONTID:0001093,4,CHEMONTID:0000265,CHEMONTID:0000000;CHEMONTID:0000264;CHEMONTID:0000265;CHEMONTID:0001093,Organic compounds;Organic acids and derivatives;Carboxylic acids and derivatives;Carboxylic acid derivatives
6307,Carbonyl compounds,0.83,CHEMONTID:0001831,4,CHEMONTID:0000323,CHEMONTID:0000000;CHEMONTID:0004603;CHEMONTID:0000323;CHEMONTID:0001831,Organic compounds;Organic oxygen compounds;Organooxygen compounds;Carbonyl compounds
12359,Carbonyl compounds,0.85,CHEMONTID:0001831,4,CHEMONTID:0000323,CHEMONTID:0000000;CHEMONTID:0004603;CHEMONTID:0000323;CHEMONTID:0001831,Organic compounds;Organic oxygen compounds;Organooxygen compounds;Carbonyl compounds
501,Amines,1,CHEMONTID:0002449,4,CHEMONTID:0000278,CHEMONTID:0000000;CHEMONTID:0004707;CHEMONTID:0000278;CHEMONTID:0002449,Organic compounds;Organic nitrogen compounds;Organonitrogen compounds;Amines
7969,Monoalkylamines,0.9,CHEMONTID:0000469,6,CHEMONTID:0002450,CHEMONTID:0000000;CHEMONTID:0004707;CHEMONTID:0000278;CHEMONTID:0002449;CHEMONTID:0002450;CHEMONTID:0000469,Organic compounds;Organic nitrogen compounds;Organonitrogen compounds;Amines;Primary amines;Monoalkylamines
7693,Amines,0.96,CHEMONTID:0002449,4,CHEMONTID:0000278,CHEMONTID:0000000;CHEMONTID:0004707;CHEMONTID:0000278;CHEMONTID:0002449,Organic compounds;Organic nitrogen compounds;Organonitrogen compounds;Amines
6240,Carboxylic acid salts,0.99,CHEMONTID:0001166,5,CHEMONTID:0001093,CHEMONTID:0000000;CHEMONTID:0000264;CHEMONTID:0000265;CHEMONTID:0001093;CHEMONTID:0001166,Organic compounds;Organic acids and derivatives;Carboxylic acids and derivatives;Carboxylic acid derivatives;Carboxylic acid salts
15021,Phosphate esters,0.99,CHEMONTID:0000408,4,CHEMONTID:0000402,CHEMONTID:0000000;CHEMONTID:0000264;CHEMONTID:0000402;CHEMONTID:0000408,Organic compounds;Organic acids and derivatives;Organic phosphoric acids and derivatives;Phosphate esters
13412,Monoalkylamines,1,CHEMONTID:0000469,6,CHEMONTID:0002450,CHEMONTID:0000000;CHEMONTID:0004707;CHEMONTID:0000278;CHEMONTID:0002449;CHEMONTID:0002450;CHEMONTID:0000469,Organic compounds;Organic nitrogen compounds;Organonitrogen compounds;Amines;Primary amines;Monoalkylamines
5946,Alcohols and polyols,0.88,CHEMONTID:0000129,4,CHEMONTID:0000323,CHEMONTID:0000000;CHEMONTID:0004603;CHEMONTID:0000323;CHEMONTID:0000129,Organic compounds;Organic oxygen compounds;Organooxygen compounds;Alcohols and polyols
16186,Phosphate esters,0.98,CHEMONTID:0000408,4,CHEMONTID:0000402,CHEMONTID:0000000;CHEMONTID:0000264;CHEMONTID:0000402;CHEMONTID:0000408,Organic compounds;Organic acids and derivatives;Organic phosphoric acids and derivatives;Phosphate esters
5359,Carbonyl compounds,0.96,CHEMONTID:0001831,4,CHEMONTID:0000323,CHEMONTID:0000000;CHEMONTID:0004603;CHEMONTID:0000323;CHEMONTID:0001831,Organic compounds;Organic oxygen compounds;Organooxygen compounds;Carbonyl compounds
9346,Carbonyl compounds,0.86,CHEMONTID:0001831,4,CHEMONTID:0000323,CHEMONTID:0000000;CHEMONTID:0004603;CHEMONTID:0000323;CHEMONTID:0001831,Organic compounds;Organic oxygen compounds;Organooxygen compounds;Carbonyl compounds
13470,Carbonyl compounds,0.94,CHEMONTID:0001831,4,CHEMONTID:0000323,CHEMONTID:0000000;CHEMONTID:0004603;CHEMONTID:0000323;CHEMONTID:0001831,Organic compounds;Organic oxygen compounds;Organooxygen compounds;Carbonyl compounds
20526,Carboxylic acid derivatives,1,CHEMONTID:0001093,4,CHEMONTID:0000265,CHEMONTID:0000000;CHEMONTID:0000264;CHEMONTID:0000265;CHEMONTID:0001093,Organic compounds;Organic acids and derivatives;Carboxylic acids and derivatives;Carboxylic acid derivatives
14728,Amines,0.99,CHEMONTID:0002449,4,CHEMONTID:0000278,CHEMONTID:0000000;CHEMONTID:0004707;CHEMONTID:0000278;CHEMONTID:0002449,Organic compounds;Organic nitrogen compounds;Organonitrogen compounds;Amines
14922,Carbonyl compounds,0.88,CHEMONTID:0001831,4,CHEMONTID:0000323,CHEMONTID:0000000;CHEMONTID:0004603;CHEMONTID:0000323;CHEMONTID:0001831,Organic compounds;Organic oxygen compounds;Organooxygen compounds;Carbonyl compounds
6912,Alcohols and polyols,0.8,CHEMONTID:0000129,4,CHEMONTID:0000323,CHEMONTID:0000000;CHEMONTID:0004603;CHEMONTID:0000323;CHEMONTID:0000129,Organic compounds;Organic oxygen compounds;Organooxygen compounds;Alcohols and polyols
7626,Primary amines,0.99,CHEMONTID:0002450,5,CHEMONTID:0002449,CHEMONTID:0000000;CHEMONTID:0004707;CHEMONTID:0000278;CHEMONTID:0002449;CHEMONTID:0002450,Organic compounds;Organic nitrogen compounds;Organonitrogen compounds;Amines;Primary amines
6646,Fatty amides,0.81,CHEMONTID:0000331,4,CHEMONTID:0003909,CHEMONTID:0000000;CHEMONTID:0000012;CHEMONTID:0003909;CHEMONTID:0000331,Organic compounds;Lipids and lipid-like molecules;Fatty Acyls;Fatty amides
581,Guanidines,0.85,CHEMONTID:0000375,4,CHEMONTID:0000278,CHEMONTID:0000000;CHEMONTID:0004707;CHEMONTID:0000278;CHEMONTID:0000375,Organic compounds;Organic nitrogen compounds;Organonitrogen compounds;Guanidines
16454,Monoalkylamines,1,CHEMONTID:0000469,6,CHEMONTID:0002450,CHEMONTID:0000000;CHEMONTID:0004707;CHEMONTID:0000278;CHEMONTID:0002449;CHEMONTID:0002450;CHEMONTID:0000469,Organic compounds;Organic nitrogen compounds;Organonitrogen compounds;Amines;Primary amines;Monoalkylamines
992,Ethers,0.95,CHEMONTID:0000254,4,CHEMONTID:0000323,CHEMONTID:0000000;CHEMONTID:0004603;CHEMONTID:0000323;CHEMONTID:0000254,Organic compounds;Organic oxygen compounds;Organooxygen compounds;Ethers
10459,Primary amines,0.9,CHEMONTID:0002450,5,CHEMONTID:0002449,CHEMONTID:0000000;CHEMONTID:0004707;CHEMONTID:0000278;CHEMONTID:0002449;CHEMONTID:0002450,Organic compounds;Organic nitrogen compounds;Organonitrogen compounds;Amines;Primary amines
133,N-acyl amines,0.88,CHEMONTID:0001096,5,CHEMONTID:0000331,CHEMONTID:0000000;CHEMONTID:0000012;CHEMONTID:0003909;CHEMONTID:0000331;CHEMONTID:0001096,Organic compounds;Lipids and lipid-like molecules;Fatty Acyls;Fatty amides;N-acyl amines
707,Monoalkylamines,0.96,CHEMONTID:0000469,6,CHEMONTID:0002450,CHEMONTID:0000000;CHEMONTID:0004707;CHEMONTID:0000278;CHEMONTID:0002449;CHEMONTID:0002450;CHEMONTID:0000469,Organic compounds;Organic nitrogen compounds;Organonitrogen compounds;Amines;Primary amines;Monoalkylamines
42,Amines,0.93,CHEMONTID:0002449,4,CHEMONTID:0000278,CHEMONTID:0000000;CHEMONTID:0004707;CHEMONTID:0000278;CHEMONTID:0002449,Organic compounds;Organic nitrogen compounds;Organonitrogen compounds;Amines
17939,Purines and purine derivatives,1,CHEMONTID:0000245,4,CHEMONTID:0001797,CHEMONTID:0000000;CHEMONTID:0000002;CHEMONTID:0001797;CHEMONTID:0000245,Organic compounds;Organoheterocyclic compounds;Imidazopyrimidines;Purines and purine derivatives
11098,Carbonyl compounds,0.89,CHEMONTID:0001831,4,CHEMONTID:0000323,CHEMONTID:0000000;CHEMONTID:0004603;CHEMONTID:0000323;CHEMONTID:0001831,Organic compounds;Organic oxygen compounds;Organooxygen compounds;Carbonyl compounds
11414,Carboxylic acid derivatives,0.97,CHEMONTID:0001093,4,CHEMONTID:0000265,CHEMONTID:0000000;CHEMONTID:0000264;CHEMONTID:0000265;CHEMONTID:0001093,Organic compounds;Organic acids and derivatives;Carboxylic acids and derivatives;Carboxylic acid derivatives
17007,Carboxylic acid derivatives,0.93,CHEMONTID:0001093,4,CHEMONTID:0000265,CHEMONTID:0000000;CHEMONTID:0000264;CHEMONTID:0000265;CHEMONTID:0001093,Organic compounds;Organic acids and derivatives;Carboxylic acids and derivatives;Carboxylic acid derivatives
14904,Methyl esters,0.93,CHEMONTID:0003416,6,CHEMONTID:0001238,CHEMONTID:0000000;CHEMONTID:0000264;CHEMONTID:0000265;CHEMONTID:0001093;CHEMONTID:0001238;CHEMONTID:0003416,Organic compounds;Organic acids and derivatives;Carboxylic acids and derivatives;Carboxylic acid derivatives;Carboxylic acid esters;Methyl esters
8998,Carbonyl compounds,0.8,CHEMONTID:0001831,4,CHEMONTID:0000323,CHEMONTID:0000000;CHEMONTID:0004603;CHEMONTID:0000323;CHEMONTID:0001831,Organic compounds;Organic oxygen compounds;Organooxygen compounds;Carbonyl compounds
16799,Amines,0.98,CHEMONTID:0002449,4,CHEMONTID:0000278,CHEMONTID:0000000;CHEMONTID:0004707;CHEMONTID:0000278;CHEMONTID:0002449,Organic compounds;Organic nitrogen compounds;Organonitrogen compounds;Amines
16025,Carbonyl compounds,0.82,CHEMONTID:0001831,4,CHEMONTID:0000323,CHEMONTID:0000000;CHEMONTID:0004603;CHEMONTID:0000323;CHEMONTID:0001831,Organic compounds;Organic oxygen compounds;Organooxygen compounds;Carbonyl compounds
11594,Methyl esters,0.99,CHEMONTID:0003416,6,CHEMONTID:0001238,CHEMONTID:0000000;CHEMONTID:0000264;CHEMONTID:0000265;CHEMONTID:0001093;CHEMONTID:0001238;CHEMONTID:0003416,Organic compounds;Organic acids and derivatives;Carboxylic acids and derivatives;Carboxylic acid derivatives;Carboxylic acid esters;Methyl esters
11216,Monoalkylamines,1,CHEMONTID:0000469,6,CHEMONTID:0002450,CHEMONTID:0000000;CHEMONTID:0004707;CHEMONTID:0000278;CHEMONTID:0002449;CHEMONTID:0002450;CHEMONTID:0000469,Organic compounds;Organic nitrogen compounds;Organonitrogen compounds;Amines;Primary amines;Monoalkylamines
11119,Amines,0.98,CHEMONTID:0002449,4,CHEMONTID:0000278,CHEMONTID:0000000;CHEMONTID:0004707;CHEMONTID:0000278;CHEMONTID:0002449,Organic compounds;Organic nitrogen compounds;Organonitrogen compounds;Amines
6014,Carbohydrates and carbohydrate conjugates,0.98,CHEMONTID:0000011,4,CHEMONTID:0000323,CHEMONTID:0000000;CHEMONTID:0004603;CHEMONTID:0000323;CHEMONTID:0000011,Organic compounds;Organic oxygen compounds;Organooxygen compounds;Carbohydrates and carbohydrate conjugates
11190,Carboxylic acid derivatives,0.96,CHEMONTID:0001093,4,CHEMONTID:0000265,CHEMONTID:0000000;CHEMONTID:0000264;CHEMONTID:0000265;CHEMONTID:0001093,Organic compounds;Organic acids and derivatives;Carboxylic acids and derivatives;Carboxylic acid derivatives
11007,Monoalkylamines,0.8,CHEMONTID:0000469,6,CHEMONTID:0002450,CHEMONTID:0000000;CHEMONTID:0004707;CHEMONTID:0000278;CHEMONTID:0002449;CHEMONTID:0002450;CHEMONTID:0000469,Organic compounds;Organic nitrogen compounds;Organonitrogen compounds;Amines;Primary amines;Monoalkylamines
5990,Amines,0.99,CHEMONTID:0002449,4,CHEMONTID:0000278,CHEMONTID:0000000;CHEMONTID:0004707;CHEMONTID:0000278;CHEMONTID:0002449,Organic compounds;Organic nitrogen compounds;Organonitrogen compounds;Amines
6402,Carboxylic acid derivatives,1,CHEMONTID:0001093,4,CHEMONTID:0000265,CHEMONTID:0000000;CHEMONTID:0000264;CHEMONTID:0000265;CHEMONTID:0001093,Organic compounds;Organic acids and derivatives;Carboxylic acids and derivatives;Carboxylic acid derivatives
14531,Carbonyl compounds,0.98,CHEMONTID:0001831,4,CHEMONTID:0000323,CHEMONTID:0000000;CHEMONTID:0004603;CHEMONTID:0000323;CHEMONTID:0001831,Organic compounds;Organic oxygen compounds;Organooxygen compounds;Carbonyl compounds
1277,Primary amines,0.86,CHEMONTID:0002450,5,CHEMONTID:0002449,CHEMONTID:0000000;CHEMONTID:0004707;CHEMONTID:0000278;CHEMONTID:0002449;CHEMONTID:0002450,Organic compounds;Organic nitrogen compounds;Organonitrogen compounds;Amines;Primary amines
16636,Dialkyl ethers,0.99,CHEMONTID:0001167,5,CHEMONTID:0000254,CHEMONTID:0000000;CHEMONTID:0004603;CHEMONTID:0000323;CHEMONTID:0000254;CHEMONTID:0001167,Organic compounds;Organic oxygen compounds;Organooxygen compounds;Ethers;Dialkyl ethers
4770,Carbonyl compounds,0.98,CHEMONTID:0001831,4,CHEMONTID:0000323,CHEMONTID:0000000;CHEMONTID:0004603;CHEMONTID:0000323;CHEMONTID:0001831,Organic compounds;Organic oxygen compounds;Organooxygen compounds;Carbonyl compounds
17490,Amines,0.99,CHEMONTID:0002449,4,CHEMONTID:0000278,CHEMONTID:0000000;CHEMONTID:0004707;CHEMONTID:0000278;CHEMONTID:0002449,Organic compounds;Organic nitrogen compounds;Organonitrogen compounds;Amines
2289,Carbonyl compounds,0.91,CHEMONTID:0001831,4,CHEMONTID:0000323,CHEMONTID:0000000;CHEMONTID:0004603;CHEMONTID:0000323;CHEMONTID:0001831,Organic compounds;Organic oxygen compounds;Organooxygen compounds;Carbonyl compounds
5472,Carbonyl compounds,0.85,CHEMONTID:0001831,4,CHEMONTID:0000323,CHEMONTID:0000000;CHEMONTID:0004603;CHEMONTID:0000323;CHEMONTID:0001831,Organic compounds;Organic oxygen compounds;Organooxygen compounds;Carbonyl compounds
7092,Carboxylic acid derivatives,0.97,CHEMONTID:0001093,4,CHEMONTID:0000265,CHEMONTID:0000000;CHEMONTID:0000264;CHEMONTID:0000265;CHEMONTID:0001093,Organic compounds;Organic acids and derivatives;Carboxylic acids and derivatives;Carboxylic acid derivatives
12416,Dialkyl ethers,0.9,CHEMONTID:0001167,5,CHEMONTID:0000254,CHEMONTID:0000000;CHEMONTID:0004603;CHEMONTID:0000323;CHEMONTID:0000254;CHEMONTID:0001167,Organic compounds;Organic oxygen compounds;Organooxygen compounds;Ethers;Dialkyl ethers
19231,Amines,0.98,CHEMONTID:0002449,4,CHEMONTID:0000278,CHEMONTID:0000000;CHEMONTID:0004707;CHEMONTID:0000278;CHEMONTID:0002449,Organic compounds;Organic nitrogen compounds;Organonitrogen compounds;Amines
5981,Carbonyl compounds,0.91,CHEMONTID:0001831,4,CHEMONTID:0000323,CHEMONTID:0000000;CHEMONTID:0004603;CHEMONTID:0000323;CHEMONTID:0001831,Organic compounds;Organic oxygen compounds;Organooxygen compounds;Carbonyl compounds
15405,N-acyl amines,0.96,CHEMONTID:0001096,5,CHEMONTID:0000331,CHEMONTID:0000000;CHEMONTID:0000012;CHEMONTID:0003909;CHEMONTID:0000331;CHEMONTID:0001096,Organic compounds;Lipids and lipid-like molecules;Fatty Acyls;Fatty amides;N-acyl amines
16640,Dialkyl ethers,0.98,CHEMONTID:0001167,5,CHEMONTID:0000254,CHEMONTID:0000000;CHEMONTID:0004603;CHEMONTID:0000323;CHEMONTID:0000254;CHEMONTID:0001167,Organic compounds;Organic oxygen compounds;Organooxygen compounds;Ethers;Dialkyl ethers
12396,Amino acids and derivatives,0.97,CHEMONTID:0000347,5,CHEMONTID:0000013,CHEMONTID:0000000;CHEMONTID:0000264;CHEMONTID:0000265;CHEMONTID:0000013;CHEMONTID:0000347,"Organic compounds;Organic acids and derivatives;Carboxylic acids and derivatives;Amino acids, peptides, and analogues;Amino acids and derivatives"
10533,Dialkyl peroxides,0.98,CHEMONTID:0003951,5,CHEMONTID:0000414,CHEMONTID:0000000;CHEMONTID:0004603;CHEMONTID:0003940;CHEMONTID:0000414;CHEMONTID:0003951,Organic compounds;Organic oxygen compounds;Organic oxides;Organic peroxides;Dialkyl peroxides
18468,Carbonyl compounds,0.89,CHEMONTID:0001831,4,CHEMONTID:0000323,CHEMONTID:0000000;CHEMONTID:0004603;CHEMONTID:0000323;CHEMONTID:0001831,Organic compounds;Organic oxygen compounds;Organooxygen compounds;Carbonyl compounds
6657,Carbonyl compounds,0.96,CHEMONTID:0001831,4,CHEMONTID:0000323,CHEMONTID:0000000;CHEMONTID:0004603;CHEMONTID:0000323;CHEMONTID:0001831,Organic compounds;Organic oxygen compounds;Organooxygen compounds;Carbonyl compounds
1248,Peptides,0.98,CHEMONTID:0000348,5,CHEMONTID:0000013,CHEMONTID:0000000;CHEMONTID:0000264;CHEMONTID:0000265;CHEMONTID:0000013;CHEMONTID:0000348,"Organic compounds;Organic acids and derivatives;Carboxylic acids and derivatives;Amino acids, peptides, and analogues;Peptides"
3745,Carbonyl compounds,0.99,CHEMONTID:0001831,4,CHEMONTID:0000323,CHEMONTID:0000000;CHEMONTID:0004603;CHEMONTID:0000323;CHEMONTID:0001831,Organic compounds;Organic oxygen compounds;Organooxygen compounds;Carbonyl compounds
7637,Carbonyl compounds,0.95,CHEMONTID:0001831,4,CHEMONTID:0000323,CHEMONTID:0000000;CHEMONTID:0004603;CHEMONTID:0000323;CHEMONTID:0001831,Organic compounds;Organic oxygen compounds;Organooxygen compounds;Carbonyl compounds
1689,Ethers,1,CHEMONTID:0000254,4,CHEMONTID:0000323,CHEMONTID:0000000;CHEMONTID:0004603;CHEMONTID:0000323;CHEMONTID:0000254,Organic compounds;Organic oxygen compounds;Organooxygen compounds;Ethers
16929,Monoalkylamines,0.83,CHEMONTID:0000469,6,CHEMONTID:0002450,CHEMONTID:0000000;CHEMONTID:0004707;CHEMONTID:0000278;CHEMONTID:0002449;CHEMONTID:0002450;CHEMONTID:0000469,Organic compounds;Organic nitrogen compounds;Organonitrogen compounds;Amines;Primary amines;Monoalkylamines
20583,Carbonyl compounds,0.98,CHEMONTID:0001831,4,CHEMONTID:0000323,CHEMONTID:0000000;CHEMONTID:0004603;CHEMONTID:0000323;CHEMONTID:0001831,Organic compounds;Organic oxygen compounds;Organooxygen compounds;Carbonyl compounds
7560,Carbonyl compounds,0.88,CHEMONTID:0001831,4,CHEMONTID:0000323,CHEMONTID:0000000;CHEMONTID:0004603;CHEMONTID:0000323;CHEMONTID:0001831,Organic compounds;Organic oxygen compounds;Organooxygen compounds;Carbonyl compounds
13076,Carbonyl compounds,0.87,CHEMONTID:0001831,4,CHEMONTID:0000323,CHEMONTID:0000000;CHEMONTID:0004603;CHEMONTID:0000323;CHEMONTID:0001831,Organic compounds;Organic oxygen compounds;Organooxygen compounds;Carbonyl compounds
7896,Secondary alcohols,0.99,CHEMONTID:0001661,5,CHEMONTID:0000129,CHEMONTID:0000000;CHEMONTID:0004603;CHEMONTID:0000323;CHEMONTID:0000129;CHEMONTID:0001661,Organic compounds;Organic oxygen compounds;Organooxygen compounds;Alcohols and polyols;Secondary alcohols
8356,Monoalkylamines,1,CHEMONTID:0000469,6,CHEMONTID:0002450,CHEMONTID:0000000;CHEMONTID:0004707;CHEMONTID:0000278;CHEMONTID:0002449;CHEMONTID:0002450;CHEMONTID:0000469,Organic compounds;Organic nitrogen compounds;Organonitrogen compounds;Amines;Primary amines;Monoalkylamines
13270,Trialkylamines,0.93,CHEMONTID:0002239,6,CHEMONTID:0002452,CHEMONTID:0000000;CHEMONTID:0004707;CHEMONTID:0000278;CHEMONTID:0002449;CHEMONTID:0002452;CHEMONTID:0002239,Organic compounds;Organic nitrogen compounds;Organonitrogen compounds;Amines;Tertiary amines;Trialkylamines
10390,Primary amines,0.99,CHEMONTID:0002450,5,CHEMONTID:0002449,CHEMONTID:0000000;CHEMONTID:0004707;CHEMONTID:0000278;CHEMONTID:0002449;CHEMONTID:0002450,Organic compounds;Organic nitrogen compounds;Organonitrogen compounds;Amines;Primary amines
18080,Triazoles,0.83,CHEMONTID:0000099,4,CHEMONTID:0000436,CHEMONTID:0000000;CHEMONTID:0000002;CHEMONTID:0000436;CHEMONTID:0000099,Organic compounds;Organoheterocyclic compounds;Azoles;Triazoles
17764,Alcohols and polyols,0.83,CHEMONTID:0000129,4,CHEMONTID:0000323,CHEMONTID:0000000;CHEMONTID:0004603;CHEMONTID:0000323;CHEMONTID:0000129,Organic compounds;Organic oxygen compounds;Organooxygen compounds;Alcohols and polyols
221,Carbonyl compounds,0.96,CHEMONTID:0001831,4,CHEMONTID:0000323,CHEMONTID:0000000;CHEMONTID:0004603;CHEMONTID:0000323;CHEMONTID:0001831,Organic compounds;Organic oxygen compounds;Organooxygen compounds;Carbonyl compounds
9028,Alcohols and polyols,0.89,CHEMONTID:0000129,4,CHEMONTID:0000323,CHEMONTID:0000000;CHEMONTID:0004603;CHEMONTID:0000323;CHEMONTID:0000129,Organic compounds;Organic oxygen compounds;Organooxygen compounds;Alcohols and polyols
2578,Carbonyl compounds,0.84,CHEMONTID:0001831,4,CHEMONTID:0000323,CHEMONTID:0000000;CHEMONTID:0004603;CHEMONTID:0000323;CHEMONTID:0001831,Organic compounds;Organic oxygen compounds;Organooxygen compounds;Carbonyl compounds
15468,Alcohols and polyols,0.97,CHEMONTID:0000129,4,CHEMONTID:0000323,CHEMONTID:0000000;CHEMONTID:0004603;CHEMONTID:0000323;CHEMONTID:0000129,Organic compounds;Organic oxygen compounds;Organooxygen compounds;Alcohols and polyols
17812,Phosphate esters,0.9,CHEMONTID:0000408,4,CHEMONTID:0000402,CHEMONTID:0000000;CHEMONTID:0000264;CHEMONTID:0000402;CHEMONTID:0000408,Organic compounds;Organic acids and derivatives;Organic phosphoric acids and derivatives;Phosphate esters
6251,Amines,0.98,CHEMONTID:0002449,4,CHEMONTID:0000278,CHEMONTID:0000000;CHEMONTID:0004707;CHEMONTID:0000278;CHEMONTID:0002449,Organic compounds;Organic nitrogen compounds;Organonitrogen compounds;Amines
7407,Carbonyl compounds,0.94,CHEMONTID:0001831,4,CHEMONTID:0000323,CHEMONTID:0000000;CHEMONTID:0004603;CHEMONTID:0000323;CHEMONTID:0001831,Organic compounds;Organic oxygen compounds;Organooxygen compounds;Carbonyl compounds
3612,Guanidines,0.91,CHEMONTID:0000375,4,CHEMONTID:0000278,CHEMONTID:0000000;CHEMONTID:0004707;CHEMONTID:0000278;CHEMONTID:0000375,Organic compounds;Organic nitrogen compounds;Organonitrogen compounds;Guanidines
2553,Glycosyl compounds,0.99,CHEMONTID:0002105,5,CHEMONTID:0000011,CHEMONTID:0000000;CHEMONTID:0004603;CHEMONTID:0000323;CHEMONTID:0000011;CHEMONTID:0002105,Organic compounds;Organic oxygen compounds;Organooxygen compounds;Carbohydrates and carbohydrate conjugates;Glycosyl compounds
15711,Carbonyl compounds,0.98,CHEMONTID:0001831,4,CHEMONTID:0000323,CHEMONTID:0000000;CHEMONTID:0004603;CHEMONTID:0000323;CHEMONTID:0001831,Organic compounds;Organic oxygen compounds;Organooxygen compounds;Carbonyl compounds
20705,Monoalkylamines,0.94,CHEMONTID:0000469,6,CHEMONTID:0002450,CHEMONTID:0000000;CHEMONTID:0004707;CHEMONTID:0000278;CHEMONTID:0002449;CHEMONTID:0002450;CHEMONTID:0000469,Organic compounds;Organic nitrogen compounds;Organonitrogen compounds;Amines;Primary amines;Monoalkylamines
14940,Primary amines,1,CHEMONTID:0002450,5,CHEMONTID:0002449,CHEMONTID:0000000;CHEMONTID:0004707;CHEMONTID:0000278;CHEMONTID:0002449;CHEMONTID:0002450,Organic compounds;Organic nitrogen compounds;Organonitrogen compounds;Amines;Primary amines
15707,Amines,0.81,CHEMONTID:0002449,4,CHEMONTID:0000278,CHEMONTID:0000000;CHEMONTID:0004707;CHEMONTID:0000278;CHEMONTID:0002449,Organic compounds;Organic nitrogen compounds;Organonitrogen compounds;Amines
685,Alcohols and polyols,0.84,CHEMONTID:0000129,4,CHEMONTID:0000323,CHEMONTID:0000000;CHEMONTID:0004603;CHEMONTID:0000323;CHEMONTID:0000129,Organic compounds;Organic oxygen compounds;Organooxygen compounds;Alcohols and polyols
15035,Alcohols and polyols,1,CHEMONTID:0000129,4,CHEMONTID:0000323,CHEMONTID:0000000;CHEMONTID:0004603;CHEMONTID:0000323;CHEMONTID:0000129,Organic compounds;Organic oxygen compounds;Organooxygen compounds;Alcohols and polyols
8216,Primary amines,0.95,CHEMONTID:0002450,5,CHEMONTID:0002449,CHEMONTID:0000000;CHEMONTID:0004707;CHEMONTID:0000278;CHEMONTID:0002449;CHEMONTID:0002450,Organic compounds;Organic nitrogen compounds;Organonitrogen compounds;Amines;Primary amines
12538,Primary amines,0.95,CHEMONTID:0002450,5,CHEMONTID:0002449,CHEMONTID:0000000;CHEMONTID:0004707;CHEMONTID:0000278;CHEMONTID:0002449;CHEMONTID:0002450,Organic compounds;Organic nitrogen compounds;Organonitrogen compounds;Amines;Primary amines
16114,Amines,0.91,CHEMONTID:0002449,4,CHEMONTID:0000278,CHEMONTID:0000000;CHEMONTID:0004707;CHEMONTID:0000278;CHEMONTID:0002449,Organic compounds;Organic nitrogen compounds;Organonitrogen compounds;Amines
10506,Glycosyl compounds,1,CHEMONTID:0002105,5,CHEMONTID:0000011,CHEMONTID:0000000;CHEMONTID:0004603;CHEMONTID:0000323;CHEMONTID:0000011;CHEMONTID:0002105,Organic compounds;Organic oxygen compounds;Organooxygen compounds;Carbohydrates and carbohydrate conjugates;Glycosyl compounds
12233,Alcohols and polyols,0.96,CHEMONTID:0000129,4,CHEMONTID:0000323,CHEMONTID:0000000;CHEMONTID:0004603;CHEMONTID:0000323;CHEMONTID:0000129,Organic compounds;Organic oxygen compounds;Organooxygen compounds;Alcohols and polyols
9421,Carboxylic acid derivatives,0.93,CHEMONTID:0001093,4,CHEMONTID:0000265,CHEMONTID:0000000;CHEMONTID:0000264;CHEMONTID:0000265;CHEMONTID:0001093,Organic compounds;Organic acids and derivatives;Carboxylic acids and derivatives;Carboxylic acid derivatives
5348,Monosaccharide phosphates,1,CHEMONTID:0001541,6,CHEMONTID:0001540,CHEMONTID:0000000;CHEMONTID:0004603;CHEMONTID:0000323;CHEMONTID:0000011;CHEMONTID:0001540;CHEMONTID:0001541,Organic compounds;Organic oxygen compounds;Organooxygen compounds;Carbohydrates and carbohydrate conjugates;Monosaccharides;Monosaccharide phosphates
13851,Carbonyl compounds,0.97,CHEMONTID:0001831,4,CHEMONTID:0000323,CHEMONTID:0000000;CHEMONTID:0004603;CHEMONTID:0000323;CHEMONTID:0001831,Organic compounds;Organic oxygen compounds;Organooxygen compounds;Carbonyl compounds
10326,Carbonyl compounds,0.92,CHEMONTID:0001831,4,CHEMONTID:0000323,CHEMONTID:0000000;CHEMONTID:0004603;CHEMONTID:0000323;CHEMONTID:0001831,Organic compounds;Organic oxygen compounds;Organooxygen compounds;Carbonyl compounds
1063,Dialkyl ethers,0.95,CHEMONTID:0001167,5,CHEMONTID:0000254,CHEMONTID:0000000;CHEMONTID:0004603;CHEMONTID:0000323;CHEMONTID:0000254;CHEMONTID:0001167,Organic compounds;Organic oxygen compounds;Organooxygen compounds;Ethers;Dialkyl ethers
14566,Carboxylic acid derivatives,0.89,CHEMONTID:0001093,4,CHEMONTID:0000265,CHEMONTID:0000000;CHEMONTID:0000264;CHEMONTID:0000265;CHEMONTID:0001093,Organic compounds;Organic acids and derivatives;Carboxylic acids and derivatives;Carboxylic acid derivatives
6931,Carbonyl compounds,0.89,CHEMONTID:0001831,4,CHEMONTID:0000323,CHEMONTID:0000000;CHEMONTID:0004603;CHEMONTID:0000323;CHEMONTID:0001831,Organic compounds;Organic oxygen compounds;Organooxygen compounds;Carbonyl compounds
7047,Monoalkylamines,1,CHEMONTID:0000469,6,CHEMONTID:0002450,CHEMONTID:0000000;CHEMONTID:0004707;CHEMONTID:0000278;CHEMONTID:0002449;CHEMONTID:0002450;CHEMONTID:0000469,Organic compounds;Organic nitrogen compounds;Organonitrogen compounds;Amines;Primary amines;Monoalkylamines
26,Glycosyl compounds,1,CHEMONTID:0002105,5,CHEMONTID:0000011,CHEMONTID:0000000;CHEMONTID:0004603;CHEMONTID:0000323;CHEMONTID:0000011;CHEMONTID:0002105,Organic compounds;Organic oxygen compounds;Organooxygen compounds;Carbohydrates and carbohydrate conjugates;Glycosyl compounds
17270,N-acyl amines,0.81,CHEMONTID:0001096,5,CHEMONTID:0000331,CHEMONTID:0000000;CHEMONTID:0000012;CHEMONTID:0003909;CHEMONTID:0000331;CHEMONTID:0001096,Organic compounds;Lipids and lipid-like molecules;Fatty Acyls;Fatty amides;N-acyl amines
20218,Carbonyl compounds,0.93,CHEMONTID:0001831,4,CHEMONTID:0000323,CHEMONTID:0000000;CHEMONTID:0004603;CHEMONTID:0000323;CHEMONTID:0001831,Organic compounds;Organic oxygen compounds;Organooxygen compounds;Carbonyl compounds
16378,Amines,0.98,CHEMONTID:0002449,4,CHEMONTID:0000278,CHEMONTID:0000000;CHEMONTID:0004707;CHEMONTID:0000278;CHEMONTID:0002449,Organic compounds;Organic nitrogen compounds;Organonitrogen compounds;Amines
15019,Carbonyl compounds,0.85,CHEMONTID:0001831,4,CHEMONTID:0000323,CHEMONTID:0000000;CHEMONTID:0004603;CHEMONTID:0000323;CHEMONTID:0001831,Organic compounds;Organic oxygen compounds;Organooxygen compounds;Carbonyl compounds
3137,Primary amines,0.98,CHEMONTID:0002450,5,CHEMONTID:0002449,CHEMONTID:0000000;CHEMONTID:0004707;CHEMONTID:0000278;CHEMONTID:0002449;CHEMONTID:0002450,Organic compounds;Organic nitrogen compounds;Organonitrogen compounds;Amines;Primary amines
9931,Carbonyl compounds,0.84,CHEMONTID:0001831,4,CHEMONTID:0000323,CHEMONTID:0000000;CHEMONTID:0004603;CHEMONTID:0000323;CHEMONTID:0001831,Organic compounds;Organic oxygen compounds;Organooxygen compounds;Carbonyl compounds
3781,Carboxylic acid derivatives,0.96,CHEMONTID:0001093,4,CHEMONTID:0000265,CHEMONTID:0000000;CHEMONTID:0000264;CHEMONTID:0000265;CHEMONTID:0001093,Organic compounds;Organic acids and derivatives;Carboxylic acids and derivatives;Carboxylic acid derivatives
9604,Primary amines,0.99,CHEMONTID:0002450,5,CHEMONTID:0002449,CHEMONTID:0000000;CHEMONTID:0004707;CHEMONTID:0000278;CHEMONTID:0002449;CHEMONTID:0002450,Organic compounds;Organic nitrogen compounds;Organonitrogen compounds;Amines;Primary amines
15270,Monoalkylamines,0.99,CHEMONTID:0000469,6,CHEMONTID:0002450,CHEMONTID:0000000;CHEMONTID:0004707;CHEMONTID:0000278;CHEMONTID:0002449;CHEMONTID:0002450;CHEMONTID:0000469,Organic compounds;Organic nitrogen compounds;Organonitrogen compounds;Amines;Primary amines;Monoalkylamines
19758,Amines,0.83,CHEMONTID:0002449,4,CHEMONTID:0000278,CHEMONTID:0000000;CHEMONTID:0004707;CHEMONTID:0000278;CHEMONTID:0002449,Organic compounds;Organic nitrogen compounds;Organonitrogen compounds;Amines
12876,Tetrazoles,0.96,CHEMONTID:0000111,4,CHEMONTID:0000436,CHEMONTID:0000000;CHEMONTID:0000002;CHEMONTID:0000436;CHEMONTID:0000111,Organic compounds;Organoheterocyclic compounds;Azoles;Tetrazoles
11937,Carboxylic acid derivatives,0.97,CHEMONTID:0001093,4,CHEMONTID:0000265,CHEMONTID:0000000;CHEMONTID:0000264;CHEMONTID:0000265;CHEMONTID:0001093,Organic compounds;Organic acids and derivatives;Carboxylic acids and derivatives;Carboxylic acid derivatives
20043,Phosphate esters,0.98,CHEMONTID:0000408,4,CHEMONTID:0000402,CHEMONTID:0000000;CHEMONTID:0000264;CHEMONTID:0000402;CHEMONTID:0000408,Organic compounds;Organic acids and derivatives;Organic phosphoric acids and derivatives;Phosphate esters
14282,Carboxylic acid derivatives,0.9,CHEMONTID:0001093,4,CHEMONTID:0000265,CHEMONTID:0000000;CHEMONTID:0000264;CHEMONTID:0000265;CHEMONTID:0001093,Organic compounds;Organic acids and derivatives;Carboxylic acids and derivatives;Carboxylic acid derivatives
706,Carboxylic acid derivatives,0.99,CHEMONTID:0001093,4,CHEMONTID:0000265,CHEMONTID:0000000;CHEMONTID:0000264;CHEMONTID:0000265;CHEMONTID:0001093,Organic compounds;Organic acids and derivatives;Carboxylic acids and derivatives;Carboxylic acid derivatives
12429,Carbonyl compounds,0.88,CHEMONTID:0001831,4,CHEMONTID:0000323,CHEMONTID:0000000;CHEMONTID:0004603;CHEMONTID:0000323;CHEMONTID:0001831,Organic compounds;Organic oxygen compounds;Organooxygen compounds;Carbonyl compounds
8598,Primary amines,1,CHEMONTID:0002450,5,CHEMONTID:0002449,CHEMONTID:0000000;CHEMONTID:0004707;CHEMONTID:0000278;CHEMONTID:0002449;CHEMONTID:0002450,Organic compounds;Organic nitrogen compounds;Organonitrogen compounds;Amines;Primary amines
18508,Carbonyl compounds,0.98,CHEMONTID:0001831,4,CHEMONTID:0000323,CHEMONTID:0000000;CHEMONTID:0004603;CHEMONTID:0000323;CHEMONTID:0001831,Organic compounds;Organic oxygen compounds;Organooxygen compounds;Carbonyl compounds
20602,Carboxylic acids,0.97,CHEMONTID:0001205,4,CHEMONTID:0000265,CHEMONTID:0000000;CHEMONTID:0000264;CHEMONTID:0000265;CHEMONTID:0001205,Organic compounds;Organic acids and derivatives;Carboxylic acids and derivatives;Carboxylic acids
16972,Trialkylamines,0.98,CHEMONTID:0002239,6,CHEMONTID:0002452,CHEMONTID:0000000;CHEMONTID:0004707;CHEMONTID:0000278;CHEMONTID:0002449;CHEMONTID:0002452;CHEMONTID:0002239,Organic compounds;Organic nitrogen compounds;Organonitrogen compounds;Amines;Tertiary amines;Trialkylamines
5960,Pyrimidines and pyrimidine derivatives,0.99,CHEMONTID:0000075,4,CHEMONTID:0001346,CHEMONTID:0000000;CHEMONTID:0000002;CHEMONTID:0001346;CHEMONTID:0000075,Organic compounds;Organoheterocyclic compounds;Diazines;Pyrimidines and pyrimidine derivatives
10417,Amino acids and derivatives,0.89,CHEMONTID:0000347,5,CHEMONTID:0000013,CHEMONTID:0000000;CHEMONTID:0000264;CHEMONTID:0000265;CHEMONTID:0000013;CHEMONTID:0000347,"Organic compounds;Organic acids and derivatives;Carboxylic acids and derivatives;Amino acids, peptides, and analogues;Amino acids and derivatives"
7961,Carbonyl compounds,0.86,CHEMONTID:0001831,4,CHEMONTID:0000323,CHEMONTID:0000000;CHEMONTID:0004603;CHEMONTID:0000323;CHEMONTID:0001831,Organic compounds;Organic oxygen compounds;Organooxygen compounds;Carbonyl compounds
10176,Carbonyl compounds,0.91,CHEMONTID:0001831,4,CHEMONTID:0000323,CHEMONTID:0000000;CHEMONTID:0004603;CHEMONTID:0000323;CHEMONTID:0001831,Organic compounds;Organic oxygen compounds;Organooxygen compounds;Carbonyl compounds
4031,Amines,0.94,CHEMONTID:0002449,4,CHEMONTID:0000278,CHEMONTID:0000000;CHEMONTID:0004707;CHEMONTID:0000278;CHEMONTID:0002449,Organic compounds;Organic nitrogen compounds;Organonitrogen compounds;Amines
10959,Amines,0.9,CHEMONTID:0002449,4,CHEMONTID:0000278,CHEMONTID:0000000;CHEMONTID:0004707;CHEMONTID:0000278;CHEMONTID:0002449,Organic compounds;Organic nitrogen compounds;Organonitrogen compounds;Amines
8522,Carboxylic acid derivatives,0.83,CHEMONTID:0001093,4,CHEMONTID:0000265,CHEMONTID:0000000;CHEMONTID:0000264;CHEMONTID:0000265;CHEMONTID:0001093,Organic compounds;Organic acids and derivatives;Carboxylic acids and derivatives;Carboxylic acid derivatives
19637,Alcohols and polyols,0.95,CHEMONTID:0000129,4,CHEMONTID:0000323,CHEMONTID:0000000;CHEMONTID:0004603;CHEMONTID:0000323;CHEMONTID:0000129,Organic compounds;Organic oxygen compounds;Organooxygen compounds;Alcohols and polyols
16856,Carboxylic acid derivatives,1,CHEMONTID:0001093,4,CHEMONTID:0000265,CHEMONTID:0000000;CHEMONTID:0000264;CHEMONTID:0000265;CHEMONTID:0001093,Organic compounds;Organic acids and derivatives;Carboxylic acids and derivatives;Carboxylic acid derivatives
3643,Primary amines,0.81,CHEMONTID:0002450,5,CHEMONTID:0002449,CHEMONTID:0000000;CHEMONTID:0004707;CHEMONTID:0000278;CHEMONTID:0002449;CHEMONTID:0002450,Organic compounds;Organic nitrogen compounds;Organonitrogen compounds;Amines;Primary amines
4865,Monoalkylamines,1,CHEMONTID:0000469,6,CHEMONTID:0002450,CHEMONTID:0000000;CHEMONTID:0004707;CHEMONTID:0000278;CHEMONTID:0002449;CHEMONTID:0002450;CHEMONTID:0000469,Organic compounds;Organic nitrogen compounds;Organonitrogen compounds;Amines;Primary amines;Monoalkylamines
4734,Carbonyl compounds,0.84,CHEMONTID:0001831,4,CHEMONTID:0000323,CHEMONTID:0000000;CHEMONTID:0004603;CHEMONTID:0000323;CHEMONTID:0001831,Organic compounds;Organic oxygen compounds;Organooxygen compounds;Carbonyl compounds
7666,Carbonyl compounds,0.99,CHEMONTID:0001831,4,CHEMONTID:0000323,CHEMONTID:0000000;CHEMONTID:0004603;CHEMONTID:0000323;CHEMONTID:0001831,Organic compounds;Organic oxygen compounds;Organooxygen compounds;Carbonyl compounds
11351,Carbonyl compounds,0.92,CHEMONTID:0001831,4,CHEMONTID:0000323,CHEMONTID:0000000;CHEMONTID:0004603;CHEMONTID:0000323;CHEMONTID:0001831,Organic compounds;Organic oxygen compounds;Organooxygen compounds;Carbonyl compounds
16494,Carboxylic acid derivatives,0.95,CHEMONTID:0001093,4,CHEMONTID:0000265,CHEMONTID:0000000;CHEMONTID:0000264;CHEMONTID:0000265;CHEMONTID:0001093,Organic compounds;Organic acids and derivatives;Carboxylic acids and derivatives;Carboxylic acid derivatives
4813,Carbonyl compounds,0.93,CHEMONTID:0001831,4,CHEMONTID:0000323,CHEMONTID:0000000;CHEMONTID:0004603;CHEMONTID:0000323;CHEMONTID:0001831,Organic compounds;Organic oxygen compounds;Organooxygen compounds;Carbonyl compounds
132,Monoalkylamines,0.94,CHEMONTID:0000469,6,CHEMONTID:0002450,CHEMONTID:0000000;CHEMONTID:0004707;CHEMONTID:0000278;CHEMONTID:0002449;CHEMONTID:0002450;CHEMONTID:0000469,Organic compounds;Organic nitrogen compounds;Organonitrogen compounds;Amines;Primary amines;Monoalkylamines
3714,Amines,0.87,CHEMONTID:0002449,4,CHEMONTID:0000278,CHEMONTID:0000000;CHEMONTID:0004707;CHEMONTID:0000278;CHEMONTID:0002449,Organic compounds;Organic nitrogen compounds;Organonitrogen compounds;Amines
16500,Carbonyl compounds,0.85,CHEMONTID:0001831,4,CHEMONTID:0000323,CHEMONTID:0000000;CHEMONTID:0004603;CHEMONTID:0000323;CHEMONTID:0001831,Organic compounds;Organic oxygen compounds;Organooxygen compounds;Carbonyl compounds
9640,Carbonyl compounds,0.94,CHEMONTID:0001831,4,CHEMONTID:0000323,CHEMONTID:0000000;CHEMONTID:0004603;CHEMONTID:0000323;CHEMONTID:0001831,Organic compounds;Organic oxygen compounds;Organooxygen compounds;Carbonyl compounds
5797,Carbonyl compounds,0.85,CHEMONTID:0001831,4,CHEMONTID:0000323,CHEMONTID:0000000;CHEMONTID:0004603;CHEMONTID:0000323;CHEMONTID:0001831,Organic compounds;Organic oxygen compounds;Organooxygen compounds;Carbonyl compounds
18896,Monoalkylamines,0.99,CHEMONTID:0000469,6,CHEMONTID:0002450,CHEMONTID:0000000;CHEMONTID:0004707;CHEMONTID:0000278;CHEMONTID:0002449;CHEMONTID:0002450;CHEMONTID:0000469,Organic compounds;Organic nitrogen compounds;Organonitrogen compounds;Amines;Primary amines;Monoalkylamines
7708,Carbonyl compounds,0.95,CHEMONTID:0001831,4,CHEMONTID:0000323,CHEMONTID:0000000;CHEMONTID:0004603;CHEMONTID:0000323;CHEMONTID:0001831,Organic compounds;Organic oxygen compounds;Organooxygen compounds;Carbonyl compounds
9296,Carbonyl compounds,0.94,CHEMONTID:0001831,4,CHEMONTID:0000323,CHEMONTID:0000000;CHEMONTID:0004603;CHEMONTID:0000323;CHEMONTID:0001831,Organic compounds;Organic oxygen compounds;Organooxygen compounds;Carbonyl compounds
6200,Carbonyl compounds,0.96,CHEMONTID:0001831,4,CHEMONTID:0000323,CHEMONTID:0000000;CHEMONTID:0004603;CHEMONTID:0000323;CHEMONTID:0001831,Organic compounds;Organic oxygen compounds;Organooxygen compounds;Carbonyl compounds
1221,Amines,0.99,CHEMONTID:0002449,4,CHEMONTID:0000278,CHEMONTID:0000000;CHEMONTID:0004707;CHEMONTID:0000278;CHEMONTID:0002449,Organic compounds;Organic nitrogen compounds;Organonitrogen compounds;Amines
18578,Amines,1,CHEMONTID:0002449,4,CHEMONTID:0000278,CHEMONTID:0000000;CHEMONTID:0004707;CHEMONTID:0000278;CHEMONTID:0002449,Organic compounds;Organic nitrogen compounds;Organonitrogen compounds;Amines
8573,Alcohols and polyols,0.9,CHEMONTID:0000129,4,CHEMONTID:0000323,CHEMONTID:0000000;CHEMONTID:0004603;CHEMONTID:0000323;CHEMONTID:0000129,Organic compounds;Organic oxygen compounds;Organooxygen compounds;Alcohols and polyols
10920,Alcohols and polyols,0.96,CHEMONTID:0000129,4,CHEMONTID:0000323,CHEMONTID:0000000;CHEMONTID:0004603;CHEMONTID:0000323;CHEMONTID:0000129,Organic compounds;Organic oxygen compounds;Organooxygen compounds;Alcohols and polyols
315,Monocarboxylic acids and derivatives,0.86,CHEMONTID:0001137,4,CHEMONTID:0000265,CHEMONTID:0000000;CHEMONTID:0000264;CHEMONTID:0000265;CHEMONTID:0001137,Organic compounds;Organic acids and derivatives;Carboxylic acids and derivatives;Monocarboxylic acids and derivatives
7740,Dialkyl ethers,0.94,CHEMONTID:0001167,5,CHEMONTID:0000254,CHEMONTID:0000000;CHEMONTID:0004603;CHEMONTID:0000323;CHEMONTID:0000254;CHEMONTID:0001167,Organic compounds;Organic oxygen compounds;Organooxygen compounds;Ethers;Dialkyl ethers
6214,Carboxylic acid derivatives,0.99,CHEMONTID:0001093,4,CHEMONTID:0000265,CHEMONTID:0000000;CHEMONTID:0000264;CHEMONTID:0000265;CHEMONTID:0001093,Organic compounds;Organic acids and derivatives;Carboxylic acids and derivatives;Carboxylic acid derivatives
7469,Dialkyl ethers,0.95,CHEMONTID:0001167,5,CHEMONTID:0000254,CHEMONTID:0000000;CHEMONTID:0004603;CHEMONTID:0000323;CHEMONTID:0000254;CHEMONTID:0001167,Organic compounds;Organic oxygen compounds;Organooxygen compounds;Ethers;Dialkyl ethers
7579,Carboxylic acid derivatives,0.96,CHEMONTID:0001093,4,CHEMONTID:0000265,CHEMONTID:0000000;CHEMONTID:0000264;CHEMONTID:0000265;CHEMONTID:0001093,Organic compounds;Organic acids and derivatives;Carboxylic acids and derivatives;Carboxylic acid derivatives
10202,Substituted imidazoles,0.94,CHEMONTID:0002310,5,CHEMONTID:0000078,CHEMONTID:0000000;CHEMONTID:0000002;CHEMONTID:0000436;CHEMONTID:0000078;CHEMONTID:0002310,Organic compounds;Organoheterocyclic compounds;Azoles;Imidazoles;Substituted imidazoles
7385,Primary amines,0.99,CHEMONTID:0002450,5,CHEMONTID:0002449,CHEMONTID:0000000;CHEMONTID:0004707;CHEMONTID:0000278;CHEMONTID:0002449;CHEMONTID:0002450,Organic compounds;Organic nitrogen compounds;Organonitrogen compounds;Amines;Primary amines
13794,Ethers,0.91,CHEMONTID:0000254,4,CHEMONTID:0000323,CHEMONTID:0000000;CHEMONTID:0004603;CHEMONTID:0000323;CHEMONTID:0000254,Organic compounds;Organic oxygen compounds;Organooxygen compounds;Ethers
5594,Primary amines,0.99,CHEMONTID:0002450,5,CHEMONTID:0002449,CHEMONTID:0000000;CHEMONTID:0004707;CHEMONTID:0000278;CHEMONTID:0002449;CHEMONTID:0002450,Organic compounds;Organic nitrogen compounds;Organonitrogen compounds;Amines;Primary amines
2952,Carbonyl compounds,0.89,CHEMONTID:0001831,4,CHEMONTID:0000323,CHEMONTID:0000000;CHEMONTID:0004603;CHEMONTID:0000323;CHEMONTID:0001831,Organic compounds;Organic oxygen compounds;Organooxygen compounds;Carbonyl compounds
12576,Carboxylic acid derivatives,0.95,CHEMONTID:0001093,4,CHEMONTID:0000265,CHEMONTID:0000000;CHEMONTID:0000264;CHEMONTID:0000265;CHEMONTID:0001093,Organic compounds;Organic acids and derivatives;Carboxylic acids and derivatives;Carboxylic acid derivatives
14450,Primary amines,0.98,CHEMONTID:0002450,5,CHEMONTID:0002449,CHEMONTID:0000000;CHEMONTID:0004707;CHEMONTID:0000278;CHEMONTID:0002449;CHEMONTID:0002450,Organic compounds;Organic nitrogen compounds;Organonitrogen compounds;Amines;Primary amines
7194,Carbonyl compounds,0.99,CHEMONTID:0001831,4,CHEMONTID:0000323,CHEMONTID:0000000;CHEMONTID:0004603;CHEMONTID:0000323;CHEMONTID:0001831,Organic compounds;Organic oxygen compounds;Organooxygen compounds;Carbonyl compounds
9653,Carboxylic acid derivatives,0.97,CHEMONTID:0001093,4,CHEMONTID:0000265,CHEMONTID:0000000;CHEMONTID:0000264;CHEMONTID:0000265;CHEMONTID:0001093,Organic compounds;Organic acids and derivatives;Carboxylic acids and derivatives;Carboxylic acid derivatives
536,Carboxylic acid derivatives,0.96,CHEMONTID:0001093,4,CHEMONTID:0000265,CHEMONTID:0000000;CHEMONTID:0000264;CHEMONTID:0000265;CHEMONTID:0001093,Organic compounds;Organic acids and derivatives;Carboxylic acids and derivatives;Carboxylic acid derivatives
8911,Fatty acid methyl esters,0.93,CHEMONTID:0003417,5,CHEMONTID:0000324,CHEMONTID:0000000;CHEMONTID:0000012;CHEMONTID:0003909;CHEMONTID:0000324;CHEMONTID:0003417,Organic compounds;Lipids and lipid-like molecules;Fatty Acyls;Fatty acid esters;Fatty acid methyl esters
6094,Carbonyl compounds,0.95,CHEMONTID:0001831,4,CHEMONTID:0000323,CHEMONTID:0000000;CHEMONTID:0004603;CHEMONTID:0000323;CHEMONTID:0001831,Organic compounds;Organic oxygen compounds;Organooxygen compounds;Carbonyl compounds
12555,Carbonyl compounds,0.9,CHEMONTID:0001831,4,CHEMONTID:0000323,CHEMONTID:0000000;CHEMONTID:0004603;CHEMONTID:0000323;CHEMONTID:0001831,Organic compounds;Organic oxygen compounds;Organooxygen compounds;Carbonyl compounds
2943,Phenethylamines,0.99,CHEMONTID:0000186,4,CHEMONTID:0002279,CHEMONTID:0000000;CHEMONTID:0002448;CHEMONTID:0002279;CHEMONTID:0000186,Organic compounds;Benzenoids;Benzene and substituted derivatives;Phenethylamines
7394,Carbonyl compounds,0.93,CHEMONTID:0001831,4,CHEMONTID:0000323,CHEMONTID:0000000;CHEMONTID:0004603;CHEMONTID:0000323;CHEMONTID:0001831,Organic compounds;Organic oxygen compounds;Organooxygen compounds;Carbonyl compounds
7568,6-aminopurines,0.96,CHEMONTID:0002987,5,CHEMONTID:0000245,CHEMONTID:0000000;CHEMONTID:0000002;CHEMONTID:0001797;CHEMONTID:0000245;CHEMONTID:0002987,Organic compounds;Organoheterocyclic compounds;Imidazopyrimidines;Purines and purine derivatives;6-aminopurines
13031,Dialkyl ethers,0.91,CHEMONTID:0001167,5,CHEMONTID:0000254,CHEMONTID:0000000;CHEMONTID:0004603;CHEMONTID:0000323;CHEMONTID:0000254;CHEMONTID:0001167,Organic compounds;Organic oxygen compounds;Organooxygen compounds;Ethers;Dialkyl ethers
8287,Carbonyl compounds,0.96,CHEMONTID:0001831,4,CHEMONTID:0000323,CHEMONTID:0000000;CHEMONTID:0004603;CHEMONTID:0000323;CHEMONTID:0001831,Organic compounds;Organic oxygen compounds;Organooxygen compounds;Carbonyl compounds
20158,Phenethylamines,0.97,CHEMONTID:0000186,4,CHEMONTID:0002279,CHEMONTID:0000000;CHEMONTID:0002448;CHEMONTID:0002279;CHEMONTID:0000186,Organic compounds;Benzenoids;Benzene and substituted derivatives;Phenethylamines
14803,Amines,0.91,CHEMONTID:0002449,4,CHEMONTID:0000278,CHEMONTID:0000000;CHEMONTID:0004707;CHEMONTID:0000278;CHEMONTID:0002449,Organic compounds;Organic nitrogen compounds;Organonitrogen compounds;Amines
7719,Carbonyl compounds,0.98,CHEMONTID:0001831,4,CHEMONTID:0000323,CHEMONTID:0000000;CHEMONTID:0004603;CHEMONTID:0000323;CHEMONTID:0001831,Organic compounds;Organic oxygen compounds;Organooxygen compounds;Carbonyl compounds
18017,Olefins,0.95,CHEMONTID:0002838,4,CHEMONTID:0004475,CHEMONTID:0000000;CHEMONTID:0002837;CHEMONTID:0004475;CHEMONTID:0002838,Organic compounds;Hydrocarbons;Unsaturated hydrocarbons;Olefins
11979,Carboxylic acid derivatives,0.87,CHEMONTID:0001093,4,CHEMONTID:0000265,CHEMONTID:0000000;CHEMONTID:0000264;CHEMONTID:0000265;CHEMONTID:0001093,Organic compounds;Organic acids and derivatives;Carboxylic acids and derivatives;Carboxylic acid derivatives
19573,Monoalkylamines,0.98,CHEMONTID:0000469,6,CHEMONTID:0002450,CHEMONTID:0000000;CHEMONTID:0004707;CHEMONTID:0000278;CHEMONTID:0002449;CHEMONTID:0002450;CHEMONTID:0000469,Organic compounds;Organic nitrogen compounds;Organonitrogen compounds;Amines;Primary amines;Monoalkylamines
135,Dialkyl ethers,1,CHEMONTID:0001167,5,CHEMONTID:0000254,CHEMONTID:0000000;CHEMONTID:0004603;CHEMONTID:0000323;CHEMONTID:0000254;CHEMONTID:0001167,Organic compounds;Organic oxygen compounds;Organooxygen compounds;Ethers;Dialkyl ethers
18308,Primary amines,0.94,CHEMONTID:0002450,5,CHEMONTID:0002449,CHEMONTID:0000000;CHEMONTID:0004707;CHEMONTID:0000278;CHEMONTID:0002449;CHEMONTID:0002450,Organic compounds;Organic nitrogen compounds;Organonitrogen compounds;Amines;Primary amines
18781,Carbonyl compounds,0.86,CHEMONTID:0001831,4,CHEMONTID:0000323,CHEMONTID:0000000;CHEMONTID:0004603;CHEMONTID:0000323;CHEMONTID:0001831,Organic compounds;Organic oxygen compounds;Organooxygen compounds;Carbonyl compounds
11772,Alcohols and polyols,0.91,CHEMONTID:0000129,4,CHEMONTID:0000323,CHEMONTID:0000000;CHEMONTID:0004603;CHEMONTID:0000323;CHEMONTID:0000129,Organic compounds;Organic oxygen compounds;Organooxygen compounds;Alcohols and polyols
12838,Carbonyl compounds,0.84,CHEMONTID:0001831,4,CHEMONTID:0000323,CHEMONTID:0000000;CHEMONTID:0004603;CHEMONTID:0000323;CHEMONTID:0001831,Organic compounds;Organic oxygen compounds;Organooxygen compounds;Carbonyl compounds
19470,Monoalkylamines,0.86,CHEMONTID:0000469,6,CHEMONTID:0002450,CHEMONTID:0000000;CHEMONTID:0004707;CHEMONTID:0000278;CHEMONTID:0002449;CHEMONTID:0002450;CHEMONTID:0000469,Organic compounds;Organic nitrogen compounds;Organonitrogen compounds;Amines;Primary amines;Monoalkylamines
7942,Carbonyl compounds,0.89,CHEMONTID:0001831,4,CHEMONTID:0000323,CHEMONTID:0000000;CHEMONTID:0004603;CHEMONTID:0000323;CHEMONTID:0001831,Organic compounds;Organic oxygen compounds;Organooxygen compounds;Carbonyl compounds
13867,Alcohols and polyols,0.94,CHEMONTID:0000129,4,CHEMONTID:0000323,CHEMONTID:0000000;CHEMONTID:0004603;CHEMONTID:0000323;CHEMONTID:0000129,Organic compounds;Organic oxygen compounds;Organooxygen compounds;Alcohols and polyols
11824,Pyrimidines and pyrimidine derivatives,0.97,CHEMONTID:0000075,4,CHEMONTID:0001346,CHEMONTID:0000000;CHEMONTID:0000002;CHEMONTID:0001346;CHEMONTID:0000075,Organic compounds;Organoheterocyclic compounds;Diazines;Pyrimidines and pyrimidine derivatives
4408,Carboxylic acid derivatives,0.98,CHEMONTID:0001093,4,CHEMONTID:0000265,CHEMONTID:0000000;CHEMONTID:0000264;CHEMONTID:0000265;CHEMONTID:0001093,Organic compounds;Organic acids and derivatives;Carboxylic acids and derivatives;Carboxylic acid derivatives
19093,Trialkylamines,1,CHEMONTID:0002239,6,CHEMONTID:0002452,CHEMONTID:0000000;CHEMONTID:0004707;CHEMONTID:0000278;CHEMONTID:0002449;CHEMONTID:0002452;CHEMONTID:0002239,Organic compounds;Organic nitrogen compounds;Organonitrogen compounds;Amines;Tertiary amines;Trialkylamines
16515,Carbonyl compounds,0.9,CHEMONTID:0001831,4,CHEMONTID:0000323,CHEMONTID:0000000;CHEMONTID:0004603;CHEMONTID:0000323;CHEMONTID:0001831,Organic compounds;Organic oxygen compounds;Organooxygen compounds;Carbonyl compounds
3487,Carbonyl compounds,0.94,CHEMONTID:0001831,4,CHEMONTID:0000323,CHEMONTID:0000000;CHEMONTID:0004603;CHEMONTID:0000323;CHEMONTID:0001831,Organic compounds;Organic oxygen compounds;Organooxygen compounds;Carbonyl compounds
16710,Carbonyl compounds,0.83,CHEMONTID:0001831,4,CHEMONTID:0000323,CHEMONTID:0000000;CHEMONTID:0004603;CHEMONTID:0000323;CHEMONTID:0001831,Organic compounds;Organic oxygen compounds;Organooxygen compounds;Carbonyl compounds
4802,Primary amines,0.96,CHEMONTID:0002450,5,CHEMONTID:0002449,CHEMONTID:0000000;CHEMONTID:0004707;CHEMONTID:0000278;CHEMONTID:0002449;CHEMONTID:0002450,Organic compounds;Organic nitrogen compounds;Organonitrogen compounds;Amines;Primary amines
19453,Amines,0.97,CHEMONTID:0002449,4,CHEMONTID:0000278,CHEMONTID:0000000;CHEMONTID:0004707;CHEMONTID:0000278;CHEMONTID:0002449,Organic compounds;Organic nitrogen compounds;Organonitrogen compounds;Amines
19110,Carboxylic acid amides,0.85,CHEMONTID:0000475,5,CHEMONTID:0001093,CHEMONTID:0000000;CHEMONTID:0000264;CHEMONTID:0000265;CHEMONTID:0001093;CHEMONTID:0000475,Organic compounds;Organic acids and derivatives;Carboxylic acids and derivatives;Carboxylic acid derivatives;Carboxylic acid amides
16048,Methyl esters,0.89,CHEMONTID:0003416,6,CHEMONTID:0001238,CHEMONTID:0000000;CHEMONTID:0000264;CHEMONTID:0000265;CHEMONTID:0001093;CHEMONTID:0001238;CHEMONTID:0003416,Organic compounds;Organic acids and derivatives;Carboxylic acids and derivatives;Carboxylic acid derivatives;Carboxylic acid esters;Methyl esters
9939,Primary amines,0.87,CHEMONTID:0002450,5,CHEMONTID:0002449,CHEMONTID:0000000;CHEMONTID:0004707;CHEMONTID:0000278;CHEMONTID:0002449;CHEMONTID:0002450,Organic compounds;Organic nitrogen compounds;Organonitrogen compounds;Amines;Primary amines
7677,Primary alcohols,0.8,CHEMONTID:0000286,5,CHEMONTID:0000129,CHEMONTID:0000000;CHEMONTID:0004603;CHEMONTID:0000323;CHEMONTID:0000129;CHEMONTID:0000286,Organic compounds;Organic oxygen compounds;Organooxygen compounds;Alcohols and polyols;Primary alcohols
11219,Amino acids and derivatives,1,CHEMONTID:0000347,5,CHEMONTID:0000013,CHEMONTID:0000000;CHEMONTID:0000264;CHEMONTID:0000265;CHEMONTID:0000013;CHEMONTID:0000347,"Organic compounds;Organic acids and derivatives;Carboxylic acids and derivatives;Amino acids, peptides, and analogues;Amino acids and derivatives"
407,Carbonyl compounds,0.95,CHEMONTID:0001831,4,CHEMONTID:0000323,CHEMONTID:0000000;CHEMONTID:0004603;CHEMONTID:0000323;CHEMONTID:0001831,Organic compounds;Organic oxygen compounds;Organooxygen compounds;Carbonyl compounds
17131,Carboxylic acid amides,0.92,CHEMONTID:0000475,5,CHEMONTID:0001093,CHEMONTID:0000000;CHEMONTID:0000264;CHEMONTID:0000265;CHEMONTID:0001093;CHEMONTID:0000475,Organic compounds;Organic acids and derivatives;Carboxylic acids and derivatives;Carboxylic acid derivatives;Carboxylic acid amides
13842,Carbonyl compounds,0.99,CHEMONTID:0001831,4,CHEMONTID:0000323,CHEMONTID:0000000;CHEMONTID:0004603;CHEMONTID:0000323;CHEMONTID:0001831,Organic compounds;Organic oxygen compounds;Organooxygen compounds;Carbonyl compounds
905,Dialkyl ethers,0.99,CHEMONTID:0001167,5,CHEMONTID:0000254,CHEMONTID:0000000;CHEMONTID:0004603;CHEMONTID:0000323;CHEMONTID:0000254;CHEMONTID:0001167,Organic compounds;Organic oxygen compounds;Organooxygen compounds;Ethers;Dialkyl ethers
12715,Carbonyl compounds,0.94,CHEMONTID:0001831,4,CHEMONTID:0000323,CHEMONTID:0000000;CHEMONTID:0004603;CHEMONTID:0000323;CHEMONTID:0001831,Organic compounds;Organic oxygen compounds;Organooxygen compounds;Carbonyl compounds
16966,Carbonyl compounds,0.94,CHEMONTID:0001831,4,CHEMONTID:0000323,CHEMONTID:0000000;CHEMONTID:0004603;CHEMONTID:0000323;CHEMONTID:0001831,Organic compounds;Organic oxygen compounds;Organooxygen compounds;Carbonyl compounds
9971,Triazoles,0.9,CHEMONTID:0000099,4,CHEMONTID:0000436,CHEMONTID:0000000;CHEMONTID:0000002;CHEMONTID:0000436;CHEMONTID:0000099,Organic compounds;Organoheterocyclic compounds;Azoles;Triazoles
6734,Carbonyl compounds,0.99,CHEMONTID:0001831,4,CHEMONTID:0000323,CHEMONTID:0000000;CHEMONTID:0004603;CHEMONTID:0000323;CHEMONTID:0001831,Organic compounds;Organic oxygen compounds;Organooxygen compounds;Carbonyl compounds
11980,Amines,0.82,CHEMONTID:0002449,4,CHEMONTID:0000278,CHEMONTID:0000000;CHEMONTID:0004707;CHEMONTID:0000278;CHEMONTID:0002449,Organic compounds;Organic nitrogen compounds;Organonitrogen compounds;Amines
20095,Amines,0.9,CHEMONTID:0002449,4,CHEMONTID:0000278,CHEMONTID:0000000;CHEMONTID:0004707;CHEMONTID:0000278;CHEMONTID:0002449,Organic compounds;Organic nitrogen compounds;Organonitrogen compounds;Amines
13722,Amines,0.98,CHEMONTID:0002449,4,CHEMONTID:0000278,CHEMONTID:0000000;CHEMONTID:0004707;CHEMONTID:0000278;CHEMONTID:0002449,Organic compounds;Organic nitrogen compounds;Organonitrogen compounds;Amines
11341,Amines,0.99,CHEMONTID:0002449,4,CHEMONTID:0000278,CHEMONTID:0000000;CHEMONTID:0004707;CHEMONTID:0000278;CHEMONTID:0002449,Organic compounds;Organic nitrogen compounds;Organonitrogen compounds;Amines
11882,Alcohols and polyols,0.95,CHEMONTID:0000129,4,CHEMONTID:0000323,CHEMONTID:0000000;CHEMONTID:0004603;CHEMONTID:0000323;CHEMONTID:0000129,Organic compounds;Organic oxygen compounds;Organooxygen compounds;Alcohols and polyols
16183,Carbonyl compounds,1,CHEMONTID:0001831,4,CHEMONTID:0000323,CHEMONTID:0000000;CHEMONTID:0004603;CHEMONTID:0000323;CHEMONTID:0001831,Organic compounds;Organic oxygen compounds;Organooxygen compounds;Carbonyl compounds
3011,Carbonyl compounds,0.89,CHEMONTID:0001831,4,CHEMONTID:0000323,CHEMONTID:0000000;CHEMONTID:0004603;CHEMONTID:0000323;CHEMONTID:0001831,Organic compounds;Organic oxygen compounds;Organooxygen compounds;Carbonyl compounds
2861,Amines,0.86,CHEMONTID:0002449,4,CHEMONTID:0000278,CHEMONTID:0000000;CHEMONTID:0004707;CHEMONTID:0000278;CHEMONTID:0002449,Organic compounds;Organic nitrogen compounds;Organonitrogen compounds;Amines
18630,Carbonyl compounds,0.81,CHEMONTID:0001831,4,CHEMONTID:0000323,CHEMONTID:0000000;CHEMONTID:0004603;CHEMONTID:0000323;CHEMONTID:0001831,Organic compounds;Organic oxygen compounds;Organooxygen compounds;Carbonyl compounds
4473,Alkyl phosphates,0.96,CHEMONTID:0003457,5,CHEMONTID:0000408,CHEMONTID:0000000;CHEMONTID:0000264;CHEMONTID:0000402;CHEMONTID:0000408;CHEMONTID:0003457,Organic compounds;Organic acids and derivatives;Organic phosphoric acids and derivatives;Phosphate esters;Alkyl phosphates
14392,Guanidines,1,CHEMONTID:0000375,4,CHEMONTID:0000278,CHEMONTID:0000000;CHEMONTID:0004707;CHEMONTID:0000278;CHEMONTID:0000375,Organic compounds;Organic nitrogen compounds;Organonitrogen compounds;Guanidines
7825,Amines,0.86,CHEMONTID:0002449,4,CHEMONTID:0000278,CHEMONTID:0000000;CHEMONTID:0004707;CHEMONTID:0000278;CHEMONTID:0002449,Organic compounds;Organic nitrogen compounds;Organonitrogen compounds;Amines
10722,Amines,0.99,CHEMONTID:0002449,4,CHEMONTID:0000278,CHEMONTID:0000000;CHEMONTID:0004707;CHEMONTID:0000278;CHEMONTID:0002449,Organic compounds;Organic nitrogen compounds;Organonitrogen compounds;Amines
9926,Carboxylic acid derivatives,0.93,CHEMONTID:0001093,4,CHEMONTID:0000265,CHEMONTID:0000000;CHEMONTID:0000264;CHEMONTID:0000265;CHEMONTID:0001093,Organic compounds;Organic acids and derivatives;Carboxylic acids and derivatives;Carboxylic acid derivatives
9396,Alcohols and polyols,0.98,CHEMONTID:0000129,4,CHEMONTID:0000323,CHEMONTID:0000000;CHEMONTID:0004603;CHEMONTID:0000323;CHEMONTID:0000129,Organic compounds;Organic oxygen compounds;Organooxygen compounds;Alcohols and polyols
18773,Carbonyl compounds,0.87,CHEMONTID:0001831,4,CHEMONTID:0000323,CHEMONTID:0000000;CHEMONTID:0004603;CHEMONTID:0000323;CHEMONTID:0001831,Organic compounds;Organic oxygen compounds;Organooxygen compounds;Carbonyl compounds
17367,Amines,1,CHEMONTID:0002449,4,CHEMONTID:0000278,CHEMONTID:0000000;CHEMONTID:0004707;CHEMONTID:0000278;CHEMONTID:0002449,Organic compounds;Organic nitrogen compounds;Organonitrogen compounds;Amines
14895,Carbonyl compounds,1,CHEMONTID:0001831,4,CHEMONTID:0000323,CHEMONTID:0000000;CHEMONTID:0004603;CHEMONTID:0000323;CHEMONTID:0001831,Organic compounds;Organic oxygen compounds;Organooxygen compounds;Carbonyl compounds
11392,Dialkyl peroxides,0.87,CHEMONTID:0003951,5,CHEMONTID:0000414,CHEMONTID:0000000;CHEMONTID:0004603;CHEMONTID:0003940;CHEMONTID:0000414;CHEMONTID:0003951,Organic compounds;Organic oxygen compounds;Organic oxides;Organic peroxides;Dialkyl peroxides
15849,Alcohols and polyols,1,CHEMONTID:0000129,4,CHEMONTID:0000323,CHEMONTID:0000000;CHEMONTID:0004603;CHEMONTID:0000323;CHEMONTID:0000129,Organic compounds;Organic oxygen compounds;Organooxygen compounds;Alcohols and polyols
766,Dialkyl ethers,0.98,CHEMONTID:0001167,5,CHEMONTID:0000254,CHEMONTID:0000000;CHEMONTID:0004603;CHEMONTID:0000323;CHEMONTID:0000254;CHEMONTID:0001167,Organic compounds;Organic oxygen compounds;Organooxygen compounds;Ethers;Dialkyl ethers
5083,Dialkyl ethers,0.99,CHEMONTID:0001167,5,CHEMONTID:0000254,CHEMONTID:0000000;CHEMONTID:0004603;CHEMONTID:0000323;CHEMONTID:0000254;CHEMONTID:0001167,Organic compounds;Organic oxygen compounds;Organooxygen compounds;Ethers;Dialkyl ethers
5114,Monocarboxylic acids and derivatives,0.92,CHEMONTID:0001137,4,CHEMONTID:0000265,CHEMONTID:0000000;CHEMONTID:0000264;CHEMONTID:0000265;CHEMONTID:0001137,Organic compounds;Organic acids and derivatives;Carboxylic acids and derivatives;Monocarboxylic acids and derivatives
19843,Carboxylic acid derivatives,0.95,CHEMONTID:0001093,4,CHEMONTID:0000265,CHEMONTID:0000000;CHEMONTID:0000264;CHEMONTID:0000265;CHEMONTID:0001093,Organic compounds;Organic acids and derivatives;Carboxylic acids and derivatives;Carboxylic acid derivatives
10479,Carbonyl compounds,0.88,CHEMONTID:0001831,4,CHEMONTID:0000323,CHEMONTID:0000000;CHEMONTID:0004603;CHEMONTID:0000323;CHEMONTID:0001831,Organic compounds;Organic oxygen compounds;Organooxygen compounds;Carbonyl compounds
2672,Carbohydrates and carbohydrate conjugates,0.98,CHEMONTID:0000011,4,CHEMONTID:0000323,CHEMONTID:0000000;CHEMONTID:0004603;CHEMONTID:0000323;CHEMONTID:0000011,Organic compounds;Organic oxygen compounds;Organooxygen compounds;Carbohydrates and carbohydrate conjugates
14788,Monoalkylamines,1,CHEMONTID:0000469,6,CHEMONTID:0002450,CHEMONTID:0000000;CHEMONTID:0004707;CHEMONTID:0000278;CHEMONTID:0002449;CHEMONTID:0002450;CHEMONTID:0000469,Organic compounds;Organic nitrogen compounds;Organonitrogen compounds;Amines;Primary amines;Monoalkylamines
3976,Amines,0.96,CHEMONTID:0002449,4,CHEMONTID:0000278,CHEMONTID:0000000;CHEMONTID:0004707;CHEMONTID:0000278;CHEMONTID:0002449,Organic compounds;Organic nitrogen compounds;Organonitrogen compounds;Amines
12174,Carbonyl compounds,0.99,CHEMONTID:0001831,4,CHEMONTID:0000323,CHEMONTID:0000000;CHEMONTID:0004603;CHEMONTID:0000323;CHEMONTID:0001831,Organic compounds;Organic oxygen compounds;Organooxygen compounds;Carbonyl compounds
19458,Dialkyl ethers,0.99,CHEMONTID:0001167,5,CHEMONTID:0000254,CHEMONTID:0000000;CHEMONTID:0004603;CHEMONTID:0000323;CHEMONTID:0000254;CHEMONTID:0001167,Organic compounds;Organic oxygen compounds;Organooxygen compounds;Ethers;Dialkyl ethers
9516,Carbonyl compounds,0.97,CHEMONTID:0001831,4,CHEMONTID:0000323,CHEMONTID:0000000;CHEMONTID:0004603;CHEMONTID:0000323;CHEMONTID:0001831,Organic compounds;Organic oxygen compounds;Organooxygen compounds;Carbonyl compounds
5498,Trialkylamines,0.9,CHEMONTID:0002239,6,CHEMONTID:0002452,CHEMONTID:0000000;CHEMONTID:0004707;CHEMONTID:0000278;CHEMONTID:0002449;CHEMONTID:0002452;CHEMONTID:0002239,Organic compounds;Organic nitrogen compounds;Organonitrogen compounds;Amines;Tertiary amines;Trialkylamines
15754,"1,3,5-triazines",1,CHEMONTID:0004105,4,CHEMONTID:0000098,CHEMONTID:0000000;CHEMONTID:0000002;CHEMONTID:0000098;CHEMONTID:0004105,"Organic compounds;Organoheterocyclic compounds;Triazines;1,3,5-triazines"
499,Amino acids and derivatives,0.95,CHEMONTID:0000347,5,CHEMONTID:0000013,CHEMONTID:0000000;CHEMONTID:0000264;CHEMONTID:0000265;CHEMONTID:0000013;CHEMONTID:0000347,"Organic compounds;Organic acids and derivatives;Carboxylic acids and derivatives;Amino acids, peptides, and analogues;Amino acids and derivatives"
18855,Monoalkylamines,0.99,CHEMONTID:0000469,6,CHEMONTID:0002450,CHEMONTID:0000000;CHEMONTID:0004707;CHEMONTID:0000278;CHEMONTID:0002449;CHEMONTID:0002450;CHEMONTID:0000469,Organic compounds;Organic nitrogen compounds;Organonitrogen compounds;Amines;Primary amines;Monoalkylamines
19274,Carbonyl compounds,0.97,CHEMONTID:0001831,4,CHEMONTID:0000323,CHEMONTID:0000000;CHEMONTID:0004603;CHEMONTID:0000323;CHEMONTID:0001831,Organic compounds;Organic oxygen compounds;Organooxygen compounds;Carbonyl compounds
18315,Ethers,0.91,CHEMONTID:0000254,4,CHEMONTID:0000323,CHEMONTID:0000000;CHEMONTID:0004603;CHEMONTID:0000323;CHEMONTID:0000254,Organic compounds;Organic oxygen compounds;Organooxygen compounds;Ethers
4349,Carbonyl compounds,0.92,CHEMONTID:0001831,4,CHEMONTID:0000323,CHEMONTID:0000000;CHEMONTID:0004603;CHEMONTID:0000323;CHEMONTID:0001831,Organic compounds;Organic oxygen compounds;Organooxygen compounds;Carbonyl compounds
14901,Carbonyl compounds,0.93,CHEMONTID:0001831,4,CHEMONTID:0000323,CHEMONTID:0000000;CHEMONTID:0004603;CHEMONTID:0000323;CHEMONTID:0001831,Organic compounds;Organic oxygen compounds;Organooxygen compounds;Carbonyl compounds
12162,Alcohols and polyols,0.94,CHEMONTID:0000129,4,CHEMONTID:0000323,CHEMONTID:0000000;CHEMONTID:0004603;CHEMONTID:0000323;CHEMONTID:0000129,Organic compounds;Organic oxygen compounds;Organooxygen compounds;Alcohols and polyols
7996,Carboxylic acid derivatives,0.93,CHEMONTID:0001093,4,CHEMONTID:0000265,CHEMONTID:0000000;CHEMONTID:0000264;CHEMONTID:0000265;CHEMONTID:0001093,Organic compounds;Organic acids and derivatives;Carboxylic acids and derivatives;Carboxylic acid derivatives
4681,Carbonyl compounds,0.9,CHEMONTID:0001831,4,CHEMONTID:0000323,CHEMONTID:0000000;CHEMONTID:0004603;CHEMONTID:0000323;CHEMONTID:0001831,Organic compounds;Organic oxygen compounds;Organooxygen compounds;Carbonyl compounds
1568,Dialkyl ethers,0.93,CHEMONTID:0001167,5,CHEMONTID:0000254,CHEMONTID:0000000;CHEMONTID:0004603;CHEMONTID:0000323;CHEMONTID:0000254;CHEMONTID:0001167,Organic compounds;Organic oxygen compounds;Organooxygen compounds;Ethers;Dialkyl ethers
8552,Alcohols and polyols,0.8,CHEMONTID:0000129,4,CHEMONTID:0000323,CHEMONTID:0000000;CHEMONTID:0004603;CHEMONTID:0000323;CHEMONTID:0000129,Organic compounds;Organic oxygen compounds;Organooxygen compounds;Alcohols and polyols
1755,Primary amines,0.94,CHEMONTID:0002450,5,CHEMONTID:0002449,CHEMONTID:0000000;CHEMONTID:0004707;CHEMONTID:0000278;CHEMONTID:0002449;CHEMONTID:0002450,Organic compounds;Organic nitrogen compounds;Organonitrogen compounds;Amines;Primary amines
14831,Carbonyl compounds,0.91,CHEMONTID:0001831,4,CHEMONTID:0000323,CHEMONTID:0000000;CHEMONTID:0004603;CHEMONTID:0000323;CHEMONTID:0001831,Organic compounds;Organic oxygen compounds;Organooxygen compounds;Carbonyl compounds
12549,Amines,0.99,CHEMONTID:0002449,4,CHEMONTID:0000278,CHEMONTID:0000000;CHEMONTID:0004707;CHEMONTID:0000278;CHEMONTID:0002449,Organic compounds;Organic nitrogen compounds;Organonitrogen compounds;Amines
8013,Carbonyl compounds,0.97,CHEMONTID:0001831,4,CHEMONTID:0000323,CHEMONTID:0000000;CHEMONTID:0004603;CHEMONTID:0000323;CHEMONTID:0001831,Organic compounds;Organic oxygen compounds;Organooxygen compounds;Carbonyl compounds
17208,Alcohols and polyols,0.89,CHEMONTID:0000129,4,CHEMONTID:0000323,CHEMONTID:0000000;CHEMONTID:0004603;CHEMONTID:0000323;CHEMONTID:0000129,Organic compounds;Organic oxygen compounds;Organooxygen compounds;Alcohols and polyols
13296,Amines,0.99,CHEMONTID:0002449,4,CHEMONTID:0000278,CHEMONTID:0000000;CHEMONTID:0004707;CHEMONTID:0000278;CHEMONTID:0002449,Organic compounds;Organic nitrogen compounds;Organonitrogen compounds;Amines
13829,Carbonyl compounds,0.86,CHEMONTID:0001831,4,CHEMONTID:0000323,CHEMONTID:0000000;CHEMONTID:0004603;CHEMONTID:0000323;CHEMONTID:0001831,Organic compounds;Organic oxygen compounds;Organooxygen compounds;Carbonyl compounds
14093,Monocarboxylic acids and derivatives,0.91,CHEMONTID:0001137,4,CHEMONTID:0000265,CHEMONTID:0000000;CHEMONTID:0000264;CHEMONTID:0000265;CHEMONTID:0001137,Organic compounds;Organic acids and derivatives;Carboxylic acids and derivatives;Monocarboxylic acids and derivatives
1966,Dialkyl ethers,0.92,CHEMONTID:0001167,5,CHEMONTID:0000254,CHEMONTID:0000000;CHEMONTID:0004603;CHEMONTID:0000323;CHEMONTID:0000254;CHEMONTID:0001167,Organic compounds;Organic oxygen compounds;Organooxygen compounds;Ethers;Dialkyl ethers
14966,Phosphate esters,0.95,CHEMONTID:0000408,4,CHEMONTID:0000402,CHEMONTID:0000000;CHEMONTID:0000264;CHEMONTID:0000402;CHEMONTID:0000408,Organic compounds;Organic acids and derivatives;Organic phosphoric acids and derivatives;Phosphate esters
6716,Amines,0.93,CHEMONTID:0002449,4,CHEMONTID:0000278,CHEMONTID:0000000;CHEMONTID:0004707;CHEMONTID:0000278;CHEMONTID:0002449,Organic compounds;Organic nitrogen compounds;Organonitrogen compounds;Amines
18145,Carbonyl compounds,0.94,CHEMONTID:0001831,4,CHEMONTID:0000323,CHEMONTID:0000000;CHEMONTID:0004603;CHEMONTID:0000323;CHEMONTID:0001831,Organic compounds;Organic oxygen compounds;Organooxygen compounds;Carbonyl compounds
3891,Carbonyl compounds,0.97,CHEMONTID:0001831,4,CHEMONTID:0000323,CHEMONTID:0000000;CHEMONTID:0004603;CHEMONTID:0000323;CHEMONTID:0001831,Organic compounds;Organic oxygen compounds;Organooxygen compounds;Carbonyl compounds
13788,N-acyl amines,0.9,CHEMONTID:0001096,5,CHEMONTID:0000331,CHEMONTID:0000000;CHEMONTID:0000012;CHEMONTID:0003909;CHEMONTID:0000331;CHEMONTID:0001096,Organic compounds;Lipids and lipid-like molecules;Fatty Acyls;Fatty amides;N-acyl amines
5690,Glycosyl compounds,0.98,CHEMONTID:0002105,5,CHEMONTID:0000011,CHEMONTID:0000000;CHEMONTID:0004603;CHEMONTID:0000323;CHEMONTID:0000011;CHEMONTID:0002105,Organic compounds;Organic oxygen compounds;Organooxygen compounds;Carbohydrates and carbohydrate conjugates;Glycosyl compounds
17050,Alkyl phosphates,0.98,CHEMONTID:0003457,5,CHEMONTID:0000408,CHEMONTID:0000000;CHEMONTID:0000264;CHEMONTID:0000402;CHEMONTID:0000408;CHEMONTID:0003457,Organic compounds;Organic acids and derivatives;Organic phosphoric acids and derivatives;Phosphate esters;Alkyl phosphates
18007,Ethers,0.89,CHEMONTID:0000254,4,CHEMONTID:0000323,CHEMONTID:0000000;CHEMONTID:0004603;CHEMONTID:0000323;CHEMONTID:0000254,Organic compounds;Organic oxygen compounds;Organooxygen compounds;Ethers
16674,Carbonyl compounds,0.99,CHEMONTID:0001831,4,CHEMONTID:0000323,CHEMONTID:0000000;CHEMONTID:0004603;CHEMONTID:0000323;CHEMONTID:0001831,Organic compounds;Organic oxygen compounds;Organooxygen compounds;Carbonyl compounds
15306,Monoalkylamines,0.93,CHEMONTID:0000469,6,CHEMONTID:0002450,CHEMONTID:0000000;CHEMONTID:0004707;CHEMONTID:0000278;CHEMONTID:0002449;CHEMONTID:0002450;CHEMONTID:0000469,Organic compounds;Organic nitrogen compounds;Organonitrogen compounds;Amines;Primary amines;Monoalkylamines
18318,Alcohols and polyols,0.92,CHEMONTID:0000129,4,CHEMONTID:0000323,CHEMONTID:0000000;CHEMONTID:0004603;CHEMONTID:0000323;CHEMONTID:0000129,Organic compounds;Organic oxygen compounds;Organooxygen compounds;Alcohols and polyols
12328,Monoalkylamines,0.89,CHEMONTID:0000469,6,CHEMONTID:0002450,CHEMONTID:0000000;CHEMONTID:0004707;CHEMONTID:0000278;CHEMONTID:0002449;CHEMONTID:0002450;CHEMONTID:0000469,Organic compounds;Organic nitrogen compounds;Organonitrogen compounds;Amines;Primary amines;Monoalkylamines
17956,Monocarboxylic acids and derivatives,0.92,CHEMONTID:0001137,4,CHEMONTID:0000265,CHEMONTID:0000000;CHEMONTID:0000264;CHEMONTID:0000265;CHEMONTID:0001137,Organic compounds;Organic acids and derivatives;Carboxylic acids and derivatives;Monocarboxylic acids and derivatives
204,Carbonyl compounds,0.93,CHEMONTID:0001831,4,CHEMONTID:0000323,CHEMONTID:0000000;CHEMONTID:0004603;CHEMONTID:0000323;CHEMONTID:0001831,Organic compounds;Organic oxygen compounds;Organooxygen compounds;Carbonyl compounds
8973,Fatty acid methyl esters,0.94,CHEMONTID:0003417,5,CHEMONTID:0000324,CHEMONTID:0000000;CHEMONTID:0000012;CHEMONTID:0003909;CHEMONTID:0000324;CHEMONTID:0003417,Organic compounds;Lipids and lipid-like molecules;Fatty Acyls;Fatty acid esters;Fatty acid methyl esters
14606,N-acyl amines,0.93,CHEMONTID:0001096,5,CHEMONTID:0000331,CHEMONTID:0000000;CHEMONTID:0000012;CHEMONTID:0003909;CHEMONTID:0000331;CHEMONTID:0001096,Organic compounds;Lipids and lipid-like molecules;Fatty Acyls;Fatty amides;N-acyl amines
2602,Carbonyl compounds,0.93,CHEMONTID:0001831,4,CHEMONTID:0000323,CHEMONTID:0000000;CHEMONTID:0004603;CHEMONTID:0000323;CHEMONTID:0001831,Organic compounds;Organic oxygen compounds;Organooxygen compounds;Carbonyl compounds
735,Alcohols and polyols,0.87,CHEMONTID:0000129,4,CHEMONTID:0000323,CHEMONTID:0000000;CHEMONTID:0004603;CHEMONTID:0000323;CHEMONTID:0000129,Organic compounds;Organic oxygen compounds;Organooxygen compounds;Alcohols and polyols
14605,Purines and purine derivatives,0.94,CHEMONTID:0000245,4,CHEMONTID:0001797,CHEMONTID:0000000;CHEMONTID:0000002;CHEMONTID:0001797;CHEMONTID:0000245,Organic compounds;Organoheterocyclic compounds;Imidazopyrimidines;Purines and purine derivatives
15190,Primary amines,0.99,CHEMONTID:0002450,5,CHEMONTID:0002449,CHEMONTID:0000000;CHEMONTID:0004707;CHEMONTID:0000278;CHEMONTID:0002449;CHEMONTID:0002450,Organic compounds;Organic nitrogen compounds;Organonitrogen compounds;Amines;Primary amines
6236,Carbonyl compounds,0.96,CHEMONTID:0001831,4,CHEMONTID:0000323,CHEMONTID:0000000;CHEMONTID:0004603;CHEMONTID:0000323;CHEMONTID:0001831,Organic compounds;Organic oxygen compounds;Organooxygen compounds;Carbonyl compounds
3200,Carbonyl compounds,0.86,CHEMONTID:0001831,4,CHEMONTID:0000323,CHEMONTID:0000000;CHEMONTID:0004603;CHEMONTID:0000323;CHEMONTID:0001831,Organic compounds;Organic oxygen compounds;Organooxygen compounds;Carbonyl compounds
3324,6-aminopurines,0.91,CHEMONTID:0002987,5,CHEMONTID:0000245,CHEMONTID:0000000;CHEMONTID:0000002;CHEMONTID:0001797;CHEMONTID:0000245;CHEMONTID:0002987,Organic compounds;Organoheterocyclic compounds;Imidazopyrimidines;Purines and purine derivatives;6-aminopurines
17256,Amines,0.97,CHEMONTID:0002449,4,CHEMONTID:0000278,CHEMONTID:0000000;CHEMONTID:0004707;CHEMONTID:0000278;CHEMONTID:0002449,Organic compounds;Organic nitrogen compounds;Organonitrogen compounds;Amines
13347,Pyrimidines and pyrimidine derivatives,0.9,CHEMONTID:0000075,4,CHEMONTID:0001346,CHEMONTID:0000000;CHEMONTID:0000002;CHEMONTID:0001346;CHEMONTID:0000075,Organic compounds;Organoheterocyclic compounds;Diazines;Pyrimidines and pyrimidine derivatives
15009,Amines,0.94,CHEMONTID:0002449,4,CHEMONTID:0000278,CHEMONTID:0000000;CHEMONTID:0004707;CHEMONTID:0000278;CHEMONTID:0002449,Organic compounds;Organic nitrogen compounds;Organonitrogen compounds;Amines
15720,Carboxylic acid derivatives,0.93,CHEMONTID:0001093,4,CHEMONTID:0000265,CHEMONTID:0000000;CHEMONTID:0000264;CHEMONTID:0000265;CHEMONTID:0001093,Organic compounds;Organic acids and derivatives;Carboxylic acids and derivatives;Carboxylic acid derivatives
9435,Carbonyl compounds,0.95,CHEMONTID:0001831,4,CHEMONTID:0000323,CHEMONTID:0000000;CHEMONTID:0004603;CHEMONTID:0000323;CHEMONTID:0001831,Organic compounds;Organic oxygen compounds;Organooxygen compounds;Carbonyl compounds
9309,Dialkyl ethers,0.88,CHEMONTID:0001167,5,CHEMONTID:0000254,CHEMONTID:0000000;CHEMONTID:0004603;CHEMONTID:0000323;CHEMONTID:0000254;CHEMONTID:0001167,Organic compounds;Organic oxygen compounds;Organooxygen compounds;Ethers;Dialkyl ethers
16488,Amines,0.97,CHEMONTID:0002449,4,CHEMONTID:0000278,CHEMONTID:0000000;CHEMONTID:0004707;CHEMONTID:0000278;CHEMONTID:0002449,Organic compounds;Organic nitrogen compounds;Organonitrogen compounds;Amines
9271,Carbonyl compounds,0.96,CHEMONTID:0001831,4,CHEMONTID:0000323,CHEMONTID:0000000;CHEMONTID:0004603;CHEMONTID:0000323;CHEMONTID:0001831,Organic compounds;Organic oxygen compounds;Organooxygen compounds;Carbonyl compounds
3383,Alcohols and polyols,1,CHEMONTID:0000129,4,CHEMONTID:0000323,CHEMONTID:0000000;CHEMONTID:0004603;CHEMONTID:0000323;CHEMONTID:0000129,Organic compounds;Organic oxygen compounds;Organooxygen compounds;Alcohols and polyols
13156,Alcohols and polyols,0.85,CHEMONTID:0000129,4,CHEMONTID:0000323,CHEMONTID:0000000;CHEMONTID:0004603;CHEMONTID:0000323;CHEMONTID:0000129,Organic compounds;Organic oxygen compounds;Organooxygen compounds;Alcohols and polyols
1903,Amines,0.91,CHEMONTID:0002449,4,CHEMONTID:0000278,CHEMONTID:0000000;CHEMONTID:0004707;CHEMONTID:0000278;CHEMONTID:0002449,Organic compounds;Organic nitrogen compounds;Organonitrogen compounds;Amines
11042,Monocarboxylic acids and derivatives,0.82,CHEMONTID:0001137,4,CHEMONTID:0000265,CHEMONTID:0000000;CHEMONTID:0000264;CHEMONTID:0000265;CHEMONTID:0001137,Organic compounds;Organic acids and derivatives;Carboxylic acids and derivatives;Monocarboxylic acids and derivatives
5173,Carboxylic acid derivatives,0.83,CHEMONTID:0001093,4,CHEMONTID:0000265,CHEMONTID:0000000;CHEMONTID:0000264;CHEMONTID:0000265;CHEMONTID:0001093,Organic compounds;Organic acids and derivatives;Carboxylic acids and derivatives;Carboxylic acid derivatives
9121,Carbonyl compounds,0.89,CHEMONTID:0001831,4,CHEMONTID:0000323,CHEMONTID:0000000;CHEMONTID:0004603;CHEMONTID:0000323;CHEMONTID:0001831,Organic compounds;Organic oxygen compounds;Organooxygen compounds;Carbonyl compounds
13141,Amines,0.91,CHEMONTID:0002449,4,CHEMONTID:0000278,CHEMONTID:0000000;CHEMONTID:0004707;CHEMONTID:0000278;CHEMONTID:0002449,Organic compounds;Organic nitrogen compounds;Organonitrogen compounds;Amines
5654,Pyrimidines and pyrimidine derivatives,0.98,CHEMONTID:0000075,4,CHEMONTID:0001346,CHEMONTID:0000000;CHEMONTID:0000002;CHEMONTID:0001346;CHEMONTID:0000075,Organic compounds;Organoheterocyclic compounds;Diazines;Pyrimidines and pyrimidine derivatives
2769,Carbonyl compounds,0.86,CHEMONTID:0001831,4,CHEMONTID:0000323,CHEMONTID:0000000;CHEMONTID:0004603;CHEMONTID:0000323;CHEMONTID:0001831,Organic compounds;Organic oxygen compounds;Organooxygen compounds;Carbonyl compounds
17138,Carbonyl compounds,0.9,CHEMONTID:0001831,4,CHEMONTID:0000323,CHEMONTID:0000000;CHEMONTID:0004603;CHEMONTID:0000323;CHEMONTID:0001831,Organic compounds;Organic oxygen compounds;Organooxygen compounds;Carbonyl compounds
17159,Androstane steroids,0.82,CHEMONTID:0003568,4,CHEMONTID:0000258,CHEMONTID:0000000;CHEMONTID:0000012;CHEMONTID:0000258;CHEMONTID:0003568,Organic compounds;Lipids and lipid-like molecules;Steroids and steroid derivatives;Androstane steroids
4462,Ethers,0.89,CHEMONTID:0000254,4,CHEMONTID:0000323,CHEMONTID:0000000;CHEMONTID:0004603;CHEMONTID:0000323;CHEMONTID:0000254,Organic compounds;Organic oxygen compounds;Organooxygen compounds;Ethers
9213,Carbonyl compounds,0.93,CHEMONTID:0001831,4,CHEMONTID:0000323,CHEMONTID:0000000;CHEMONTID:0004603;CHEMONTID:0000323;CHEMONTID:0001831,Organic compounds;Organic oxygen compounds;Organooxygen compounds;Carbonyl compounds
6310,Alcohols and polyols,0.91,CHEMONTID:0000129,4,CHEMONTID:0000323,CHEMONTID:0000000;CHEMONTID:0004603;CHEMONTID:0000323;CHEMONTID:0000129,Organic compounds;Organic oxygen compounds;Organooxygen compounds;Alcohols and polyols
10428,Amines,0.97,CHEMONTID:0002449,4,CHEMONTID:0000278,CHEMONTID:0000000;CHEMONTID:0004707;CHEMONTID:0000278;CHEMONTID:0002449,Organic compounds;Organic nitrogen compounds;Organonitrogen compounds;Amines
2870,Carbonyl compounds,0.82,CHEMONTID:0001831,4,CHEMONTID:0000323,CHEMONTID:0000000;CHEMONTID:0004603;CHEMONTID:0000323;CHEMONTID:0001831,Organic compounds;Organic oxygen compounds;Organooxygen compounds;Carbonyl compounds
7644,Carbonyl compounds,0.96,CHEMONTID:0001831,4,CHEMONTID:0000323,CHEMONTID:0000000;CHEMONTID:0004603;CHEMONTID:0000323;CHEMONTID:0001831,Organic compounds;Organic oxygen compounds;Organooxygen compounds;Carbonyl compounds
16160,Carbonyl compounds,0.96,CHEMONTID:0001831,4,CHEMONTID:0000323,CHEMONTID:0000000;CHEMONTID:0004603;CHEMONTID:0000323;CHEMONTID:0001831,Organic compounds;Organic oxygen compounds;Organooxygen compounds;Carbonyl compounds
3180,Carbonyl compounds,0.94,CHEMONTID:0001831,4,CHEMONTID:0000323,CHEMONTID:0000000;CHEMONTID:0004603;CHEMONTID:0000323;CHEMONTID:0001831,Organic compounds;Organic oxygen compounds;Organooxygen compounds;Carbonyl compounds
13748,Amines,0.95,CHEMONTID:0002449,4,CHEMONTID:0000278,CHEMONTID:0000000;CHEMONTID:0004707;CHEMONTID:0000278;CHEMONTID:0002449,Organic compounds;Organic nitrogen compounds;Organonitrogen compounds;Amines
16552,Amines,1,CHEMONTID:0002449,4,CHEMONTID:0000278,CHEMONTID:0000000;CHEMONTID:0004707;CHEMONTID:0000278;CHEMONTID:0002449,Organic compounds;Organic nitrogen compounds;Organonitrogen compounds;Amines
18671,Carbonyl compounds,0.99,CHEMONTID:0001831,4,CHEMONTID:0000323,CHEMONTID:0000000;CHEMONTID:0004603;CHEMONTID:0000323;CHEMONTID:0001831,Organic compounds;Organic oxygen compounds;Organooxygen compounds;Carbonyl compounds
7053,Monocarboxylic acids and derivatives,0.93,CHEMONTID:0001137,4,CHEMONTID:0000265,CHEMONTID:0000000;CHEMONTID:0000264;CHEMONTID:0000265;CHEMONTID:0001137,Organic compounds;Organic acids and derivatives;Carboxylic acids and derivatives;Monocarboxylic acids and derivatives
18398,Primary amines,0.92,CHEMONTID:0002450,5,CHEMONTID:0002449,CHEMONTID:0000000;CHEMONTID:0004707;CHEMONTID:0000278;CHEMONTID:0002449;CHEMONTID:0002450,Organic compounds;Organic nitrogen compounds;Organonitrogen compounds;Amines;Primary amines
8930,Alkyl phosphates,0.96,CHEMONTID:0003457,5,CHEMONTID:0000408,CHEMONTID:0000000;CHEMONTID:0000264;CHEMONTID:0000402;CHEMONTID:0000408;CHEMONTID:0003457,Organic compounds;Organic acids and derivatives;Organic phosphoric acids and derivatives;Phosphate esters;Alkyl phosphates
15245,Carboxylic acid derivatives,1,CHEMONTID:0001093,4,CHEMONTID:0000265,CHEMONTID:0000000;CHEMONTID:0000264;CHEMONTID:0000265;CHEMONTID:0001093,Organic compounds;Organic acids and derivatives;Carboxylic acids and derivatives;Carboxylic acid derivatives
12629,Carbonyl compounds,0.93,CHEMONTID:0001831,4,CHEMONTID:0000323,CHEMONTID:0000000;CHEMONTID:0004603;CHEMONTID:0000323;CHEMONTID:0001831,Organic compounds;Organic oxygen compounds;Organooxygen compounds;Carbonyl compounds
7188,Amines,0.83,CHEMONTID:0002449,4,CHEMONTID:0000278,CHEMONTID:0000000;CHEMONTID:0004707;CHEMONTID:0000278;CHEMONTID:0002449,Organic compounds;Organic nitrogen compounds;Organonitrogen compounds;Amines
17223,Carbonyl compounds,0.91,CHEMONTID:0001831,4,CHEMONTID:0000323,CHEMONTID:0000000;CHEMONTID:0004603;CHEMONTID:0000323;CHEMONTID:0001831,Organic compounds;Organic oxygen compounds;Organooxygen compounds;Carbonyl compounds
6005,Carboxylic acid derivatives,0.99,CHEMONTID:0001093,4,CHEMONTID:0000265,CHEMONTID:0000000;CHEMONTID:0000264;CHEMONTID:0000265;CHEMONTID:0001093,Organic compounds;Organic acids and derivatives;Carboxylic acids and derivatives;Carboxylic acid derivatives
18078,Alcohols and polyols,0.99,CHEMONTID:0000129,4,CHEMONTID:0000323,CHEMONTID:0000000;CHEMONTID:0004603;CHEMONTID:0000323;CHEMONTID:0000129,Organic compounds;Organic oxygen compounds;Organooxygen compounds;Alcohols and polyols
14859,Amines,0.97,CHEMONTID:0002449,4,CHEMONTID:0000278,CHEMONTID:0000000;CHEMONTID:0004707;CHEMONTID:0000278;CHEMONTID:0002449,Organic compounds;Organic nitrogen compounds;Organonitrogen compounds;Amines
6059,Primary amines,0.94,CHEMONTID:0002450,5,CHEMONTID:0002449,CHEMONTID:0000000;CHEMONTID:0004707;CHEMONTID:0000278;CHEMONTID:0002449;CHEMONTID:0002450,Organic compounds;Organic nitrogen compounds;Organonitrogen compounds;Amines;Primary amines
9688,Carbonyl compounds,0.92,CHEMONTID:0001831,4,CHEMONTID:0000323,CHEMONTID:0000000;CHEMONTID:0004603;CHEMONTID:0000323;CHEMONTID:0001831,Organic compounds;Organic oxygen compounds;Organooxygen compounds;Carbonyl compounds
20055,Pyrrole carboxylic acids,0.96,CHEMONTID:0002555,5,CHEMONTID:0002554,CHEMONTID:0000000;CHEMONTID:0000002;CHEMONTID:0000090;CHEMONTID:0002554;CHEMONTID:0002555,Organic compounds;Organoheterocyclic compounds;Pyrroles;Pyrrole carboxylic acids and derivatives;Pyrrole carboxylic acids
8867,Carbonyl compounds,0.8,CHEMONTID:0001831,4,CHEMONTID:0000323,CHEMONTID:0000000;CHEMONTID:0004603;CHEMONTID:0000323;CHEMONTID:0001831,Organic compounds;Organic oxygen compounds;Organooxygen compounds;Carbonyl compounds
4149,Carboxylic acid derivatives,0.85,CHEMONTID:0001093,4,CHEMONTID:0000265,CHEMONTID:0000000;CHEMONTID:0000264;CHEMONTID:0000265;CHEMONTID:0001093,Organic compounds;Organic acids and derivatives;Carboxylic acids and derivatives;Carboxylic acid derivatives
19079,"Amino acids, peptides, and analogues",0.94,CHEMONTID:0000013,4,CHEMONTID:0000265,CHEMONTID:0000000;CHEMONTID:0000264;CHEMONTID:0000265;CHEMONTID:0000013,"Organic compounds;Organic acids and derivatives;Carboxylic acids and derivatives;Amino acids, peptides, and analogues"
13267,Carbonyl compounds,0.97,CHEMONTID:0001831,4,CHEMONTID:0000323,CHEMONTID:0000000;CHEMONTID:0004603;CHEMONTID:0000323;CHEMONTID:0001831,Organic compounds;Organic oxygen compounds;Organooxygen compounds;Carbonyl compounds
4759,Amines,0.91,CHEMONTID:0002449,4,CHEMONTID:0000278,CHEMONTID:0000000;CHEMONTID:0004707;CHEMONTID:0000278;CHEMONTID:0002449,Organic compounds;Organic nitrogen compounds;Organonitrogen compounds;Amines
2883,Carboxylic acid derivatives,0.8,CHEMONTID:0001093,4,CHEMONTID:0000265,CHEMONTID:0000000;CHEMONTID:0000264;CHEMONTID:0000265;CHEMONTID:0001093,Organic compounds;Organic acids and derivatives;Carboxylic acids and derivatives;Carboxylic acid derivatives
7823,Monoalkylamines,1,CHEMONTID:0000469,6,CHEMONTID:0002450,CHEMONTID:0000000;CHEMONTID:0004707;CHEMONTID:0000278;CHEMONTID:0002449;CHEMONTID:0002450;CHEMONTID:0000469,Organic compounds;Organic nitrogen compounds;Organonitrogen compounds;Amines;Primary amines;Monoalkylamines
4682,Monocarboxylic acids and derivatives,0.87,CHEMONTID:0001137,4,CHEMONTID:0000265,CHEMONTID:0000000;CHEMONTID:0000264;CHEMONTID:0000265;CHEMONTID:0001137,Organic compounds;Organic acids and derivatives;Carboxylic acids and derivatives;Monocarboxylic acids and derivatives
12706,Carbonyl compounds,0.91,CHEMONTID:0001831,4,CHEMONTID:0000323,CHEMONTID:0000000;CHEMONTID:0004603;CHEMONTID:0000323;CHEMONTID:0001831,Organic compounds;Organic oxygen compounds;Organooxygen compounds;Carbonyl compounds
1965,Primary amines,0.85,CHEMONTID:0002450,5,CHEMONTID:0002449,CHEMONTID:0000000;CHEMONTID:0004707;CHEMONTID:0000278;CHEMONTID:0002449;CHEMONTID:0002450,Organic compounds;Organic nitrogen compounds;Organonitrogen compounds;Amines;Primary amines
9049,Fatty amides,0.82,CHEMONTID:0000331,4,CHEMONTID:0003909,CHEMONTID:0000000;CHEMONTID:0000012;CHEMONTID:0003909;CHEMONTID:0000331,Organic compounds;Lipids and lipid-like molecules;Fatty Acyls;Fatty amides
5292,Monoalkylamines,0.86,CHEMONTID:0000469,6,CHEMONTID:0002450,CHEMONTID:0000000;CHEMONTID:0004707;CHEMONTID:0000278;CHEMONTID:0002449;CHEMONTID:0002450;CHEMONTID:0000469,Organic compounds;Organic nitrogen compounds;Organonitrogen compounds;Amines;Primary amines;Monoalkylamines
8723,Amines,0.82,CHEMONTID:0002449,4,CHEMONTID:0000278,CHEMONTID:0000000;CHEMONTID:0004707;CHEMONTID:0000278;CHEMONTID:0002449,Organic compounds;Organic nitrogen compounds;Organonitrogen compounds;Amines
11525,Carbonyl compounds,0.92,CHEMONTID:0001831,4,CHEMONTID:0000323,CHEMONTID:0000000;CHEMONTID:0004603;CHEMONTID:0000323;CHEMONTID:0001831,Organic compounds;Organic oxygen compounds;Organooxygen compounds;Carbonyl compounds
2266,Carboxylic acid derivatives,0.95,CHEMONTID:0001093,4,CHEMONTID:0000265,CHEMONTID:0000000;CHEMONTID:0000264;CHEMONTID:0000265;CHEMONTID:0001093,Organic compounds;Organic acids and derivatives;Carboxylic acids and derivatives;Carboxylic acid derivatives
10525,Carbonyl compounds,0.94,CHEMONTID:0001831,4,CHEMONTID:0000323,CHEMONTID:0000000;CHEMONTID:0004603;CHEMONTID:0000323;CHEMONTID:0001831,Organic compounds;Organic oxygen compounds;Organooxygen compounds;Carbonyl compounds
4414,Ethers,0.92,CHEMONTID:0000254,4,CHEMONTID:0000323,CHEMONTID:0000000;CHEMONTID:0004603;CHEMONTID:0000323;CHEMONTID:0000254,Organic compounds;Organic oxygen compounds;Organooxygen compounds;Ethers
14409,Amines,0.94,CHEMONTID:0002449,4,CHEMONTID:0000278,CHEMONTID:0000000;CHEMONTID:0004707;CHEMONTID:0000278;CHEMONTID:0002449,Organic compounds;Organic nitrogen compounds;Organonitrogen compounds;Amines
17035,Carbonyl compounds,0.87,CHEMONTID:0001831,4,CHEMONTID:0000323,CHEMONTID:0000000;CHEMONTID:0004603;CHEMONTID:0000323;CHEMONTID:0001831,Organic compounds;Organic oxygen compounds;Organooxygen compounds;Carbonyl compounds
14480,Primary amines,0.89,CHEMONTID:0002450,5,CHEMONTID:0002449,CHEMONTID:0000000;CHEMONTID:0004707;CHEMONTID:0000278;CHEMONTID:0002449;CHEMONTID:0002450,Organic compounds;Organic nitrogen compounds;Organonitrogen compounds;Amines;Primary amines
8953,Ortho amides,0.83,CHEMONTID:0002927,4,CHEMONTID:0000278,CHEMONTID:0000000;CHEMONTID:0004707;CHEMONTID:0000278;CHEMONTID:0002927,Organic compounds;Organic nitrogen compounds;Organonitrogen compounds;Ortho amides
9067,Carboxylic acid derivatives,0.87,CHEMONTID:0001093,4,CHEMONTID:0000265,CHEMONTID:0000000;CHEMONTID:0000264;CHEMONTID:0000265;CHEMONTID:0001093,Organic compounds;Organic acids and derivatives;Carboxylic acids and derivatives;Carboxylic acid derivatives
19608,Carbonyl compounds,0.96,CHEMONTID:0001831,4,CHEMONTID:0000323,CHEMONTID:0000000;CHEMONTID:0004603;CHEMONTID:0000323;CHEMONTID:0001831,Organic compounds;Organic oxygen compounds;Organooxygen compounds;Carbonyl compounds
19506,Carboxylic acid amides,0.88,CHEMONTID:0000475,5,CHEMONTID:0001093,CHEMONTID:0000000;CHEMONTID:0000264;CHEMONTID:0000265;CHEMONTID:0001093;CHEMONTID:0000475,Organic compounds;Organic acids and derivatives;Carboxylic acids and derivatives;Carboxylic acid derivatives;Carboxylic acid amides
15060,Carbonyl compounds,0.91,CHEMONTID:0001831,4,CHEMONTID:0000323,CHEMONTID:0000000;CHEMONTID:0004603;CHEMONTID:0000323;CHEMONTID:0001831,Organic compounds;Organic oxygen compounds;Organooxygen compounds;Carbonyl compounds
3192,Carbonyl compounds,0.83,CHEMONTID:0001831,4,CHEMONTID:0000323,CHEMONTID:0000000;CHEMONTID:0004603;CHEMONTID:0000323;CHEMONTID:0001831,Organic compounds;Organic oxygen compounds;Organooxygen compounds;Carbonyl compounds
9559,Alcohols and polyols,0.99,CHEMONTID:0000129,4,CHEMONTID:0000323,CHEMONTID:0000000;CHEMONTID:0004603;CHEMONTID:0000323;CHEMONTID:0000129,Organic compounds;Organic oxygen compounds;Organooxygen compounds;Alcohols and polyols
6560,Amines,0.97,CHEMONTID:0002449,4,CHEMONTID:0000278,CHEMONTID:0000000;CHEMONTID:0004707;CHEMONTID:0000278;CHEMONTID:0002449,Organic compounds;Organic nitrogen compounds;Organonitrogen compounds;Amines
18188,Carbonyl compounds,0.98,CHEMONTID:0001831,4,CHEMONTID:0000323,CHEMONTID:0000000;CHEMONTID:0004603;CHEMONTID:0000323;CHEMONTID:0001831,Organic compounds;Organic oxygen compounds;Organooxygen compounds;Carbonyl compounds
16277,Dialkyl ethers,0.99,CHEMONTID:0001167,5,CHEMONTID:0000254,CHEMONTID:0000000;CHEMONTID:0004603;CHEMONTID:0000323;CHEMONTID:0000254;CHEMONTID:0001167,Organic compounds;Organic oxygen compounds;Organooxygen compounds;Ethers;Dialkyl ethers
9611,Alcohols and polyols,0.85,CHEMONTID:0000129,4,CHEMONTID:0000323,CHEMONTID:0000000;CHEMONTID:0004603;CHEMONTID:0000323;CHEMONTID:0000129,Organic compounds;Organic oxygen compounds;Organooxygen compounds;Alcohols and polyols
9925,Amines,0.99,CHEMONTID:0002449,4,CHEMONTID:0000278,CHEMONTID:0000000;CHEMONTID:0004707;CHEMONTID:0000278;CHEMONTID:0002449,Organic compounds;Organic nitrogen compounds;Organonitrogen compounds;Amines
19553,Carboxylic acid derivatives,0.88,CHEMONTID:0001093,4,CHEMONTID:0000265,CHEMONTID:0000000;CHEMONTID:0000264;CHEMONTID:0000265;CHEMONTID:0001093,Organic compounds;Organic acids and derivatives;Carboxylic acids and derivatives;Carboxylic acid derivatives
10042,Primary amines,0.98,CHEMONTID:0002450,5,CHEMONTID:0002449,CHEMONTID:0000000;CHEMONTID:0004707;CHEMONTID:0000278;CHEMONTID:0002449;CHEMONTID:0002450,Organic compounds;Organic nitrogen compounds;Organonitrogen compounds;Amines;Primary amines
5256,Carboxylic acid derivatives,0.88,CHEMONTID:0001093,4,CHEMONTID:0000265,CHEMONTID:0000000;CHEMONTID:0000264;CHEMONTID:0000265;CHEMONTID:0001093,Organic compounds;Organic acids and derivatives;Carboxylic acids and derivatives;Carboxylic acid derivatives
15656,Guanidines,1,CHEMONTID:0000375,4,CHEMONTID:0000278,CHEMONTID:0000000;CHEMONTID:0004707;CHEMONTID:0000278;CHEMONTID:0000375,Organic compounds;Organic nitrogen compounds;Organonitrogen compounds;Guanidines
17829,Alcohols and polyols,0.85,CHEMONTID:0000129,4,CHEMONTID:0000323,CHEMONTID:0000000;CHEMONTID:0004603;CHEMONTID:0000323;CHEMONTID:0000129,Organic compounds;Organic oxygen compounds;Organooxygen compounds;Alcohols and polyols
19429,Monoalkylamines,0.95,CHEMONTID:0000469,6,CHEMONTID:0002450,CHEMONTID:0000000;CHEMONTID:0004707;CHEMONTID:0000278;CHEMONTID:0002449;CHEMONTID:0002450;CHEMONTID:0000469,Organic compounds;Organic nitrogen compounds;Organonitrogen compounds;Amines;Primary amines;Monoalkylamines
7279,Monocarboxylic acids and derivatives,0.9,CHEMONTID:0001137,4,CHEMONTID:0000265,CHEMONTID:0000000;CHEMONTID:0000264;CHEMONTID:0000265;CHEMONTID:0001137,Organic compounds;Organic acids and derivatives;Carboxylic acids and derivatives;Monocarboxylic acids and derivatives
6245,Primary amines,0.93,CHEMONTID:0002450,5,CHEMONTID:0002449,CHEMONTID:0000000;CHEMONTID:0004707;CHEMONTID:0000278;CHEMONTID:0002449;CHEMONTID:0002450,Organic compounds;Organic nitrogen compounds;Organonitrogen compounds;Amines;Primary amines
17945,Phosphate esters,0.93,CHEMONTID:0000408,4,CHEMONTID:0000402,CHEMONTID:0000000;CHEMONTID:0000264;CHEMONTID:0000402;CHEMONTID:0000408,Organic compounds;Organic acids and derivatives;Organic phosphoric acids and derivatives;Phosphate esters
1076,Carboxylic acid derivatives,0.96,CHEMONTID:0001093,4,CHEMONTID:0000265,CHEMONTID:0000000;CHEMONTID:0000264;CHEMONTID:0000265;CHEMONTID:0001093,Organic compounds;Organic acids and derivatives;Carboxylic acids and derivatives;Carboxylic acid derivatives
48,Alcohols and polyols,0.99,CHEMONTID:0000129,4,CHEMONTID:0000323,CHEMONTID:0000000;CHEMONTID:0004603;CHEMONTID:0000323;CHEMONTID:0000129,Organic compounds;Organic oxygen compounds;Organooxygen compounds;Alcohols and polyols
742,Monoalkylamines,0.95,CHEMONTID:0000469,6,CHEMONTID:0002450,CHEMONTID:0000000;CHEMONTID:0004707;CHEMONTID:0000278;CHEMONTID:0002449;CHEMONTID:0002450;CHEMONTID:0000469,Organic compounds;Organic nitrogen compounds;Organonitrogen compounds;Amines;Primary amines;Monoalkylamines
757,Primary amines,0.91,CHEMONTID:0002450,5,CHEMONTID:0002449,CHEMONTID:0000000;CHEMONTID:0004707;CHEMONTID:0000278;CHEMONTID:0002449;CHEMONTID:0002450,Organic compounds;Organic nitrogen compounds;Organonitrogen compounds;Amines;Primary amines
17246,Carbonyl compounds,0.96,CHEMONTID:0001831,4,CHEMONTID:0000323,CHEMONTID:0000000;CHEMONTID:0004603;CHEMONTID:0000323;CHEMONTID:0001831,Organic compounds;Organic oxygen compounds;Organooxygen compounds;Carbonyl compounds
9436,Monoalkylamines,0.89,CHEMONTID:0000469,6,CHEMONTID:0002450,CHEMONTID:0000000;CHEMONTID:0004707;CHEMONTID:0000278;CHEMONTID:0002449;CHEMONTID:0002450;CHEMONTID:0000469,Organic compounds;Organic nitrogen compounds;Organonitrogen compounds;Amines;Primary amines;Monoalkylamines
9272,Primary amines,0.86,CHEMONTID:0002450,5,CHEMONTID:0002449,CHEMONTID:0000000;CHEMONTID:0004707;CHEMONTID:0000278;CHEMONTID:0002449;CHEMONTID:0002450,Organic compounds;Organic nitrogen compounds;Organonitrogen compounds;Amines;Primary amines
4953,Carbonyl compounds,0.91,CHEMONTID:0001831,4,CHEMONTID:0000323,CHEMONTID:0000000;CHEMONTID:0004603;CHEMONTID:0000323;CHEMONTID:0001831,Organic compounds;Organic oxygen compounds;Organooxygen compounds;Carbonyl compounds
3790,Carbonyl compounds,0.94,CHEMONTID:0001831,4,CHEMONTID:0000323,CHEMONTID:0000000;CHEMONTID:0004603;CHEMONTID:0000323;CHEMONTID:0001831,Organic compounds;Organic oxygen compounds;Organooxygen compounds;Carbonyl compounds
14173,Amino acids,0.85,CHEMONTID:0004176,6,CHEMONTID:0000347,CHEMONTID:0000000;CHEMONTID:0000264;CHEMONTID:0000265;CHEMONTID:0000013;CHEMONTID:0000347;CHEMONTID:0004176,"Organic compounds;Organic acids and derivatives;Carboxylic acids and derivatives;Amino acids, peptides, and analogues;Amino acids and derivatives;Amino acids"
12841,Carbonyl compounds,0.87,CHEMONTID:0001831,4,CHEMONTID:0000323,CHEMONTID:0000000;CHEMONTID:0004603;CHEMONTID:0000323;CHEMONTID:0001831,Organic compounds;Organic oxygen compounds;Organooxygen compounds;Carbonyl compounds
9502,Primary amines,0.98,CHEMONTID:0002450,5,CHEMONTID:0002449,CHEMONTID:0000000;CHEMONTID:0004707;CHEMONTID:0000278;CHEMONTID:0002449;CHEMONTID:0002450,Organic compounds;Organic nitrogen compounds;Organonitrogen compounds;Amines;Primary amines
9076,Carbonyl compounds,0.93,CHEMONTID:0001831,4,CHEMONTID:0000323,CHEMONTID:0000000;CHEMONTID:0004603;CHEMONTID:0000323;CHEMONTID:0001831,Organic compounds;Organic oxygen compounds;Organooxygen compounds;Carbonyl compounds
17877,Alkyl phosphates,1,CHEMONTID:0003457,5,CHEMONTID:0000408,CHEMONTID:0000000;CHEMONTID:0000264;CHEMONTID:0000402;CHEMONTID:0000408;CHEMONTID:0003457,Organic compounds;Organic acids and derivatives;Organic phosphoric acids and derivatives;Phosphate esters;Alkyl phosphates
20221,Alkyl phosphates,0.99,CHEMONTID:0003457,5,CHEMONTID:0000408,CHEMONTID:0000000;CHEMONTID:0000264;CHEMONTID:0000402;CHEMONTID:0000408;CHEMONTID:0003457,Organic compounds;Organic acids and derivatives;Organic phosphoric acids and derivatives;Phosphate esters;Alkyl phosphates
17914,Carbonyl compounds,0.83,CHEMONTID:0001831,4,CHEMONTID:0000323,CHEMONTID:0000000;CHEMONTID:0004603;CHEMONTID:0000323;CHEMONTID:0001831,Organic compounds;Organic oxygen compounds;Organooxygen compounds;Carbonyl compounds
19314,"Amino acids, peptides, and analogues",0.99,CHEMONTID:0000013,4,CHEMONTID:0000265,CHEMONTID:0000000;CHEMONTID:0000264;CHEMONTID:0000265;CHEMONTID:0000013,"Organic compounds;Organic acids and derivatives;Carboxylic acids and derivatives;Amino acids, peptides, and analogues"
12467,Pyrimidines and pyrimidine derivatives,0.81,CHEMONTID:0000075,4,CHEMONTID:0001346,CHEMONTID:0000000;CHEMONTID:0000002;CHEMONTID:0001346;CHEMONTID:0000075,Organic compounds;Organoheterocyclic compounds;Diazines;Pyrimidines and pyrimidine derivatives
16235,Carbonyl compounds,0.99,CHEMONTID:0001831,4,CHEMONTID:0000323,CHEMONTID:0000000;CHEMONTID:0004603;CHEMONTID:0000323;CHEMONTID:0001831,Organic compounds;Organic oxygen compounds;Organooxygen compounds;Carbonyl compounds
8586,Alkyl phosphates,0.99,CHEMONTID:0003457,5,CHEMONTID:0000408,CHEMONTID:0000000;CHEMONTID:0000264;CHEMONTID:0000402;CHEMONTID:0000408;CHEMONTID:0003457,Organic compounds;Organic acids and derivatives;Organic phosphoric acids and derivatives;Phosphate esters;Alkyl phosphates
5305,Carbonyl compounds,0.8,CHEMONTID:0001831,4,CHEMONTID:0000323,CHEMONTID:0000000;CHEMONTID:0004603;CHEMONTID:0000323;CHEMONTID:0001831,Organic compounds;Organic oxygen compounds;Organooxygen compounds;Carbonyl compounds
17021,Primary amines,0.8,CHEMONTID:0002450,5,CHEMONTID:0002449,CHEMONTID:0000000;CHEMONTID:0004707;CHEMONTID:0000278;CHEMONTID:0002449;CHEMONTID:0002450,Organic compounds;Organic nitrogen compounds;Organonitrogen compounds;Amines;Primary amines
12470,Carbonyl compounds,0.85,CHEMONTID:0001831,4,CHEMONTID:0000323,CHEMONTID:0000000;CHEMONTID:0004603;CHEMONTID:0000323;CHEMONTID:0001831,Organic compounds;Organic oxygen compounds;Organooxygen compounds;Carbonyl compounds
10491,Carbonyl compounds,0.88,CHEMONTID:0001831,4,CHEMONTID:0000323,CHEMONTID:0000000;CHEMONTID:0004603;CHEMONTID:0000323;CHEMONTID:0001831,Organic compounds;Organic oxygen compounds;Organooxygen compounds;Carbonyl compounds
11706,Monoalkylamines,1,CHEMONTID:0000469,6,CHEMONTID:0002450,CHEMONTID:0000000;CHEMONTID:0004707;CHEMONTID:0000278;CHEMONTID:0002449;CHEMONTID:0002450;CHEMONTID:0000469,Organic compounds;Organic nitrogen compounds;Organonitrogen compounds;Amines;Primary amines;Monoalkylamines
2726,Fatty acid esters,0.93,CHEMONTID:0000324,4,CHEMONTID:0003909,CHEMONTID:0000000;CHEMONTID:0000012;CHEMONTID:0003909;CHEMONTID:0000324,Organic compounds;Lipids and lipid-like molecules;Fatty Acyls;Fatty acid esters
19038,Amines,0.93,CHEMONTID:0002449,4,CHEMONTID:0000278,CHEMONTID:0000000;CHEMONTID:0004707;CHEMONTID:0000278;CHEMONTID:0002449,Organic compounds;Organic nitrogen compounds;Organonitrogen compounds;Amines
10867,Carboxylic acid amides,0.86,CHEMONTID:0000475,5,CHEMONTID:0001093,CHEMONTID:0000000;CHEMONTID:0000264;CHEMONTID:0000265;CHEMONTID:0001093;CHEMONTID:0000475,Organic compounds;Organic acids and derivatives;Carboxylic acids and derivatives;Carboxylic acid derivatives;Carboxylic acid amides
7103,Indoles,0.96,CHEMONTID:0002497,4,CHEMONTID:0000211,CHEMONTID:0000000;CHEMONTID:0000002;CHEMONTID:0000211;CHEMONTID:0002497,Organic compounds;Organoheterocyclic compounds;Indoles and derivatives;Indoles
9238,Carbonyl compounds,0.88,CHEMONTID:0001831,4,CHEMONTID:0000323,CHEMONTID:0000000;CHEMONTID:0004603;CHEMONTID:0000323;CHEMONTID:0001831,Organic compounds;Organic oxygen compounds;Organooxygen compounds;Carbonyl compounds
7499,Carbonyl compounds,0.92,CHEMONTID:0001831,4,CHEMONTID:0000323,CHEMONTID:0000000;CHEMONTID:0004603;CHEMONTID:0000323;CHEMONTID:0001831,Organic compounds;Organic oxygen compounds;Organooxygen compounds;Carbonyl compounds
2196,Monoalkylamines,0.98,CHEMONTID:0000469,6,CHEMONTID:0002450,CHEMONTID:0000000;CHEMONTID:0004707;CHEMONTID:0000278;CHEMONTID:0002449;CHEMONTID:0002450;CHEMONTID:0000469,Organic compounds;Organic nitrogen compounds;Organonitrogen compounds;Amines;Primary amines;Monoalkylamines
10782,Alcohols and polyols,0.95,CHEMONTID:0000129,4,CHEMONTID:0000323,CHEMONTID:0000000;CHEMONTID:0004603;CHEMONTID:0000323;CHEMONTID:0000129,Organic compounds;Organic oxygen compounds;Organooxygen compounds;Alcohols and polyols
8259,Carboxylic acid derivatives,0.99,CHEMONTID:0001093,4,CHEMONTID:0000265,CHEMONTID:0000000;CHEMONTID:0000264;CHEMONTID:0000265;CHEMONTID:0001093,Organic compounds;Organic acids and derivatives;Carboxylic acids and derivatives;Carboxylic acid derivatives
15772,Monocarboxylic acids and derivatives,0.8,CHEMONTID:0001137,4,CHEMONTID:0000265,CHEMONTID:0000000;CHEMONTID:0000264;CHEMONTID:0000265;CHEMONTID:0001137,Organic compounds;Organic acids and derivatives;Carboxylic acids and derivatives;Monocarboxylic acids and derivatives
11010,Amines,1,CHEMONTID:0002449,4,CHEMONTID:0000278,CHEMONTID:0000000;CHEMONTID:0004707;CHEMONTID:0000278;CHEMONTID:0002449,Organic compounds;Organic nitrogen compounds;Organonitrogen compounds;Amines
19014,Primary amines,0.94,CHEMONTID:0002450,5,CHEMONTID:0002449,CHEMONTID:0000000;CHEMONTID:0004707;CHEMONTID:0000278;CHEMONTID:0002449;CHEMONTID:0002450,Organic compounds;Organic nitrogen compounds;Organonitrogen compounds;Amines;Primary amines
8876,Fatty acid methyl esters,0.98,CHEMONTID:0003417,5,CHEMONTID:0000324,CHEMONTID:0000000;CHEMONTID:0000012;CHEMONTID:0003909;CHEMONTID:0000324;CHEMONTID:0003417,Organic compounds;Lipids and lipid-like molecules;Fatty Acyls;Fatty acid esters;Fatty acid methyl esters
6758,Alcohols and polyols,0.99,CHEMONTID:0000129,4,CHEMONTID:0000323,CHEMONTID:0000000;CHEMONTID:0004603;CHEMONTID:0000323;CHEMONTID:0000129,Organic compounds;Organic oxygen compounds;Organooxygen compounds;Alcohols and polyols
17473,Amines,0.88,CHEMONTID:0002449,4,CHEMONTID:0000278,CHEMONTID:0000000;CHEMONTID:0004707;CHEMONTID:0000278;CHEMONTID:0002449,Organic compounds;Organic nitrogen compounds;Organonitrogen compounds;Amines
9699,Carboxylic acid derivatives,0.99,CHEMONTID:0001093,4,CHEMONTID:0000265,CHEMONTID:0000000;CHEMONTID:0000264;CHEMONTID:0000265;CHEMONTID:0001093,Organic compounds;Organic acids and derivatives;Carboxylic acids and derivatives;Carboxylic acid derivatives
7893,Amines,0.9,CHEMONTID:0002449,4,CHEMONTID:0000278,CHEMONTID:0000000;CHEMONTID:0004707;CHEMONTID:0000278;CHEMONTID:0002449,Organic compounds;Organic nitrogen compounds;Organonitrogen compounds;Amines
13059,Alcohols and polyols,0.97,CHEMONTID:0000129,4,CHEMONTID:0000323,CHEMONTID:0000000;CHEMONTID:0004603;CHEMONTID:0000323;CHEMONTID:0000129,Organic compounds;Organic oxygen compounds;Organooxygen compounds;Alcohols and polyols
2525,Monoalkylamines,0.95,CHEMONTID:0000469,6,CHEMONTID:0002450,CHEMONTID:0000000;CHEMONTID:0004707;CHEMONTID:0000278;CHEMONTID:0002449;CHEMONTID:0002450;CHEMONTID:0000469,Organic compounds;Organic nitrogen compounds;Organonitrogen compounds;Amines;Primary amines;Monoalkylamines
9002,Carboxylic acid derivatives,0.86,CHEMONTID:0001093,4,CHEMONTID:0000265,CHEMONTID:0000000;CHEMONTID:0000264;CHEMONTID:0000265;CHEMONTID:0001093,Organic compounds;Organic acids and derivatives;Carboxylic acids and derivatives;Carboxylic acid derivatives
19751,Carbonyl compounds,0.84,CHEMONTID:0001831,4,CHEMONTID:0000323,CHEMONTID:0000000;CHEMONTID:0004603;CHEMONTID:0000323;CHEMONTID:0001831,Organic compounds;Organic oxygen compounds;Organooxygen compounds;Carbonyl compounds
15195,Carbonyl compounds,0.89,CHEMONTID:0001831,4,CHEMONTID:0000323,CHEMONTID:0000000;CHEMONTID:0004603;CHEMONTID:0000323;CHEMONTID:0001831,Organic compounds;Organic oxygen compounds;Organooxygen compounds;Carbonyl compounds
10788,Primary amines,0.99,CHEMONTID:0002450,5,CHEMONTID:0002449,CHEMONTID:0000000;CHEMONTID:0004707;CHEMONTID:0000278;CHEMONTID:0002449;CHEMONTID:0002450,Organic compounds;Organic nitrogen compounds;Organonitrogen compounds;Amines;Primary amines
17086,Ethers,0.93,CHEMONTID:0000254,4,CHEMONTID:0000323,CHEMONTID:0000000;CHEMONTID:0004603;CHEMONTID:0000323;CHEMONTID:0000254,Organic compounds;Organic oxygen compounds;Organooxygen compounds;Ethers
16715,Dialkyl ethers,0.98,CHEMONTID:0001167,5,CHEMONTID:0000254,CHEMONTID:0000000;CHEMONTID:0004603;CHEMONTID:0000323;CHEMONTID:0000254;CHEMONTID:0001167,Organic compounds;Organic oxygen compounds;Organooxygen compounds;Ethers;Dialkyl ethers
7779,Carbonyl compounds,0.92,CHEMONTID:0001831,4,CHEMONTID:0000323,CHEMONTID:0000000;CHEMONTID:0004603;CHEMONTID:0000323;CHEMONTID:0001831,Organic compounds;Organic oxygen compounds;Organooxygen compounds;Carbonyl compounds
12935,Amines,0.95,CHEMONTID:0002449,4,CHEMONTID:0000278,CHEMONTID:0000000;CHEMONTID:0004707;CHEMONTID:0000278;CHEMONTID:0002449,Organic compounds;Organic nitrogen compounds;Organonitrogen compounds;Amines
10275,Carbonyl compounds,0.92,CHEMONTID:0001831,4,CHEMONTID:0000323,CHEMONTID:0000000;CHEMONTID:0004603;CHEMONTID:0000323;CHEMONTID:0001831,Organic compounds;Organic oxygen compounds;Organooxygen compounds;Carbonyl compounds
11503,Carbonyl compounds,0.99,CHEMONTID:0001831,4,CHEMONTID:0000323,CHEMONTID:0000000;CHEMONTID:0004603;CHEMONTID:0000323;CHEMONTID:0001831,Organic compounds;Organic oxygen compounds;Organooxygen compounds;Carbonyl compounds
8762,Carboxylic acid anhydrides,0.81,CHEMONTID:0001240,5,CHEMONTID:0001093,CHEMONTID:0000000;CHEMONTID:0000264;CHEMONTID:0000265;CHEMONTID:0001093;CHEMONTID:0001240,Organic compounds;Organic acids and derivatives;Carboxylic acids and derivatives;Carboxylic acid derivatives;Carboxylic acid anhydrides
5521,Carboxylic acid derivatives,0.9,CHEMONTID:0001093,4,CHEMONTID:0000265,CHEMONTID:0000000;CHEMONTID:0000264;CHEMONTID:0000265;CHEMONTID:0001093,Organic compounds;Organic acids and derivatives;Carboxylic acids and derivatives;Carboxylic acid derivatives
10836,Carbonyl compounds,0.93,CHEMONTID:0001831,4,CHEMONTID:0000323,CHEMONTID:0000000;CHEMONTID:0004603;CHEMONTID:0000323;CHEMONTID:0001831,Organic compounds;Organic oxygen compounds;Organooxygen compounds;Carbonyl compounds
17479,Carbonyl compounds,0.91,CHEMONTID:0001831,4,CHEMONTID:0000323,CHEMONTID:0000000;CHEMONTID:0004603;CHEMONTID:0000323;CHEMONTID:0001831,Organic compounds;Organic oxygen compounds;Organooxygen compounds;Carbonyl compounds
12657,Ethers,0.96,CHEMONTID:0000254,4,CHEMONTID:0000323,CHEMONTID:0000000;CHEMONTID:0004603;CHEMONTID:0000323;CHEMONTID:0000254,Organic compounds;Organic oxygen compounds;Organooxygen compounds;Ethers
1328,Amines,0.94,CHEMONTID:0002449,4,CHEMONTID:0000278,CHEMONTID:0000000;CHEMONTID:0004707;CHEMONTID:0000278;CHEMONTID:0002449,Organic compounds;Organic nitrogen compounds;Organonitrogen compounds;Amines
1704,Carbonyl compounds,0.85,CHEMONTID:0001831,4,CHEMONTID:0000323,CHEMONTID:0000000;CHEMONTID:0004603;CHEMONTID:0000323;CHEMONTID:0001831,Organic compounds;Organic oxygen compounds;Organooxygen compounds;Carbonyl compounds
3370,Carbonyl compounds,0.93,CHEMONTID:0001831,4,CHEMONTID:0000323,CHEMONTID:0000000;CHEMONTID:0004603;CHEMONTID:0000323;CHEMONTID:0001831,Organic compounds;Organic oxygen compounds;Organooxygen compounds;Carbonyl compounds
10568,Primary alcohols,0.98,CHEMONTID:0000286,5,CHEMONTID:0000129,CHEMONTID:0000000;CHEMONTID:0004603;CHEMONTID:0000323;CHEMONTID:0000129;CHEMONTID:0000286,Organic compounds;Organic oxygen compounds;Organooxygen compounds;Alcohols and polyols;Primary alcohols
17794,Pyrimidines and pyrimidine derivatives,1,CHEMONTID:0000075,4,CHEMONTID:0001346,CHEMONTID:0000000;CHEMONTID:0000002;CHEMONTID:0001346;CHEMONTID:0000075,Organic compounds;Organoheterocyclic compounds;Diazines;Pyrimidines and pyrimidine derivatives
3104,Alcohols and polyols,0.91,CHEMONTID:0000129,4,CHEMONTID:0000323,CHEMONTID:0000000;CHEMONTID:0004603;CHEMONTID:0000323;CHEMONTID:0000129,Organic compounds;Organic oxygen compounds;Organooxygen compounds;Alcohols and polyols
18930,Alcohols and polyols,0.99,CHEMONTID:0000129,4,CHEMONTID:0000323,CHEMONTID:0000000;CHEMONTID:0004603;CHEMONTID:0000323;CHEMONTID:0000129,Organic compounds;Organic oxygen compounds;Organooxygen compounds;Alcohols and polyols
19217,Ethers,0.8,CHEMONTID:0000254,4,CHEMONTID:0000323,CHEMONTID:0000000;CHEMONTID:0004603;CHEMONTID:0000323;CHEMONTID:0000254,Organic compounds;Organic oxygen compounds;Organooxygen compounds;Ethers
16102,Trialkylamines,0.98,CHEMONTID:0002239,6,CHEMONTID:0002452,CHEMONTID:0000000;CHEMONTID:0004707;CHEMONTID:0000278;CHEMONTID:0002449;CHEMONTID:0002452;CHEMONTID:0002239,Organic compounds;Organic nitrogen compounds;Organonitrogen compounds;Amines;Tertiary amines;Trialkylamines
13088,Carbonyl compounds,0.84,CHEMONTID:0001831,4,CHEMONTID:0000323,CHEMONTID:0000000;CHEMONTID:0004603;CHEMONTID:0000323;CHEMONTID:0001831,Organic compounds;Organic oxygen compounds;Organooxygen compounds;Carbonyl compounds
2832,Monocarboxylic acids and derivatives,0.86,CHEMONTID:0001137,4,CHEMONTID:0000265,CHEMONTID:0000000;CHEMONTID:0000264;CHEMONTID:0000265;CHEMONTID:0001137,Organic compounds;Organic acids and derivatives;Carboxylic acids and derivatives;Monocarboxylic acids and derivatives
389,Ethers,0.96,CHEMONTID:0000254,4,CHEMONTID:0000323,CHEMONTID:0000000;CHEMONTID:0004603;CHEMONTID:0000323;CHEMONTID:0000254,Organic compounds;Organic oxygen compounds;Organooxygen compounds;Ethers
11466,Carbonyl compounds,0.96,CHEMONTID:0001831,4,CHEMONTID:0000323,CHEMONTID:0000000;CHEMONTID:0004603;CHEMONTID:0000323;CHEMONTID:0001831,Organic compounds;Organic oxygen compounds;Organooxygen compounds;Carbonyl compounds
15255,Carboxylic acid derivatives,0.99,CHEMONTID:0001093,4,CHEMONTID:0000265,CHEMONTID:0000000;CHEMONTID:0000264;CHEMONTID:0000265;CHEMONTID:0001093,Organic compounds;Organic acids and derivatives;Carboxylic acids and derivatives;Carboxylic acid derivatives
18423,Alcohols and polyols,0.93,CHEMONTID:0000129,4,CHEMONTID:0000323,CHEMONTID:0000000;CHEMONTID:0004603;CHEMONTID:0000323;CHEMONTID:0000129,Organic compounds;Organic oxygen compounds;Organooxygen compounds;Alcohols and polyols
11810,Fatty amides,0.93,CHEMONTID:0000331,4,CHEMONTID:0003909,CHEMONTID:0000000;CHEMONTID:0000012;CHEMONTID:0003909;CHEMONTID:0000331,Organic compounds;Lipids and lipid-like molecules;Fatty Acyls;Fatty amides
15692,Carbonyl compounds,0.85,CHEMONTID:0001831,4,CHEMONTID:0000323,CHEMONTID:0000000;CHEMONTID:0004603;CHEMONTID:0000323;CHEMONTID:0001831,Organic compounds;Organic oxygen compounds;Organooxygen compounds;Carbonyl compounds
11339,Primary amines,0.98,CHEMONTID:0002450,5,CHEMONTID:0002449,CHEMONTID:0000000;CHEMONTID:0004707;CHEMONTID:0000278;CHEMONTID:0002449;CHEMONTID:0002450,Organic compounds;Organic nitrogen compounds;Organonitrogen compounds;Amines;Primary amines
13641,Carbonyl compounds,0.99,CHEMONTID:0001831,4,CHEMONTID:0000323,CHEMONTID:0000000;CHEMONTID:0004603;CHEMONTID:0000323;CHEMONTID:0001831,Organic compounds;Organic oxygen compounds;Organooxygen compounds;Carbonyl compounds
9159,Carbonyl compounds,0.86,CHEMONTID:0001831,4,CHEMONTID:0000323,CHEMONTID:0000000;CHEMONTID:0004603;CHEMONTID:0000323;CHEMONTID:0001831,Organic compounds;Organic oxygen compounds;Organooxygen compounds;Carbonyl compounds
1697,Dialkyl phosphates,1,CHEMONTID:0003459,6,CHEMONTID:0003457,CHEMONTID:0000000;CHEMONTID:0000264;CHEMONTID:0000402;CHEMONTID:0000408;CHEMONTID:0003457;CHEMONTID:0003459,Organic compounds;Organic acids and derivatives;Organic phosphoric acids and derivatives;Phosphate esters;Alkyl phosphates;Dialkyl phosphates
10298,Carbonyl compounds,0.96,CHEMONTID:0001831,4,CHEMONTID:0000323,CHEMONTID:0000000;CHEMONTID:0004603;CHEMONTID:0000323;CHEMONTID:0001831,Organic compounds;Organic oxygen compounds;Organooxygen compounds;Carbonyl compounds
2113,Amines,0.93,CHEMONTID:0002449,4,CHEMONTID:0000278,CHEMONTID:0000000;CHEMONTID:0004707;CHEMONTID:0000278;CHEMONTID:0002449,Organic compounds;Organic nitrogen compounds;Organonitrogen compounds;Amines
9112,Monoalkylamines,0.82,CHEMONTID:0000469,6,CHEMONTID:0002450,CHEMONTID:0000000;CHEMONTID:0004707;CHEMONTID:0000278;CHEMONTID:0002449;CHEMONTID:0002450;CHEMONTID:0000469,Organic compounds;Organic nitrogen compounds;Organonitrogen compounds;Amines;Primary amines;Monoalkylamines
15280,Monoalkylamines,0.99,CHEMONTID:0000469,6,CHEMONTID:0002450,CHEMONTID:0000000;CHEMONTID:0004707;CHEMONTID:0000278;CHEMONTID:0002449;CHEMONTID:0002450;CHEMONTID:0000469,Organic compounds;Organic nitrogen compounds;Organonitrogen compounds;Amines;Primary amines;Monoalkylamines
19399,Fatty acids and conjugates,0.93,CHEMONTID:0000262,4,CHEMONTID:0003909,CHEMONTID:0000000;CHEMONTID:0000012;CHEMONTID:0003909;CHEMONTID:0000262,Organic compounds;Lipids and lipid-like molecules;Fatty Acyls;Fatty acids and conjugates
7962,Carbonyl compounds,0.87,CHEMONTID:0001831,4,CHEMONTID:0000323,CHEMONTID:0000000;CHEMONTID:0004603;CHEMONTID:0000323;CHEMONTID:0001831,Organic compounds;Organic oxygen compounds;Organooxygen compounds;Carbonyl compounds
8831,Carboxylic acid derivatives,0.98,CHEMONTID:0001093,4,CHEMONTID:0000265,CHEMONTID:0000000;CHEMONTID:0000264;CHEMONTID:0000265;CHEMONTID:0001093,Organic compounds;Organic acids and derivatives;Carboxylic acids and derivatives;Carboxylic acid derivatives
15684,Primary amines,0.93,CHEMONTID:0002450,5,CHEMONTID:0002449,CHEMONTID:0000000;CHEMONTID:0004707;CHEMONTID:0000278;CHEMONTID:0002449;CHEMONTID:0002450,Organic compounds;Organic nitrogen compounds;Organonitrogen compounds;Amines;Primary amines
20678,Carboxylic acid derivatives,0.99,CHEMONTID:0001093,4,CHEMONTID:0000265,CHEMONTID:0000000;CHEMONTID:0000264;CHEMONTID:0000265;CHEMONTID:0001093,Organic compounds;Organic acids and derivatives;Carboxylic acids and derivatives;Carboxylic acid derivatives
14357,Carboxylic acid derivatives,0.97,CHEMONTID:0001093,4,CHEMONTID:0000265,CHEMONTID:0000000;CHEMONTID:0000264;CHEMONTID:0000265;CHEMONTID:0001093,Organic compounds;Organic acids and derivatives;Carboxylic acids and derivatives;Carboxylic acid derivatives
17567,Dialkyl ethers,0.92,CHEMONTID:0001167,5,CHEMONTID:0000254,CHEMONTID:0000000;CHEMONTID:0004603;CHEMONTID:0000323;CHEMONTID:0000254;CHEMONTID:0001167,Organic compounds;Organic oxygen compounds;Organooxygen compounds;Ethers;Dialkyl ethers
4553,Carbonyl compounds,0.88,CHEMONTID:0001831,4,CHEMONTID:0000323,CHEMONTID:0000000;CHEMONTID:0004603;CHEMONTID:0000323;CHEMONTID:0001831,Organic compounds;Organic oxygen compounds;Organooxygen compounds;Carbonyl compounds
6664,Primary amines,0.91,CHEMONTID:0002450,5,CHEMONTID:0002449,CHEMONTID:0000000;CHEMONTID:0004707;CHEMONTID:0000278;CHEMONTID:0002449;CHEMONTID:0002450,Organic compounds;Organic nitrogen compounds;Organonitrogen compounds;Amines;Primary amines
737,Carboxylic acid derivatives,0.86,CHEMONTID:0001093,4,CHEMONTID:0000265,CHEMONTID:0000000;CHEMONTID:0000264;CHEMONTID:0000265;CHEMONTID:0001093,Organic compounds;Organic acids and derivatives;Carboxylic acids and derivatives;Carboxylic acid derivatives
4866,Carbonyl compounds,0.92,CHEMONTID:0001831,4,CHEMONTID:0000323,CHEMONTID:0000000;CHEMONTID:0004603;CHEMONTID:0000323;CHEMONTID:0001831,Organic compounds;Organic oxygen compounds;Organooxygen compounds;Carbonyl compounds
15518,Amines,0.91,CHEMONTID:0002449,4,CHEMONTID:0000278,CHEMONTID:0000000;CHEMONTID:0004707;CHEMONTID:0000278;CHEMONTID:0002449,Organic compounds;Organic nitrogen compounds;Organonitrogen compounds;Amines
15012,Amines,0.99,CHEMONTID:0002449,4,CHEMONTID:0000278,CHEMONTID:0000000;CHEMONTID:0004707;CHEMONTID:0000278;CHEMONTID:0002449,Organic compounds;Organic nitrogen compounds;Organonitrogen compounds;Amines
6675,Carbonyl compounds,0.92,CHEMONTID:0001831,4,CHEMONTID:0000323,CHEMONTID:0000000;CHEMONTID:0004603;CHEMONTID:0000323;CHEMONTID:0001831,Organic compounds;Organic oxygen compounds;Organooxygen compounds;Carbonyl compounds
13589,Amines,0.99,CHEMONTID:0002449,4,CHEMONTID:0000278,CHEMONTID:0000000;CHEMONTID:0004707;CHEMONTID:0000278;CHEMONTID:0002449,Organic compounds;Organic nitrogen compounds;Organonitrogen compounds;Amines
4542,Guanidines,0.99,CHEMONTID:0000375,4,CHEMONTID:0000278,CHEMONTID:0000000;CHEMONTID:0004707;CHEMONTID:0000278;CHEMONTID:0000375,Organic compounds;Organic nitrogen compounds;Organonitrogen compounds;Guanidines
4907,Monocarboxylic acids and derivatives,0.84,CHEMONTID:0001137,4,CHEMONTID:0000265,CHEMONTID:0000000;CHEMONTID:0000264;CHEMONTID:0000265;CHEMONTID:0001137,Organic compounds;Organic acids and derivatives;Carboxylic acids and derivatives;Monocarboxylic acids and derivatives
16755,Carbonyl compounds,0.97,CHEMONTID:0001831,4,CHEMONTID:0000323,CHEMONTID:0000000;CHEMONTID:0004603;CHEMONTID:0000323;CHEMONTID:0001831,Organic compounds;Organic oxygen compounds;Organooxygen compounds;Carbonyl compounds
17728,Alcohols and polyols,0.93,CHEMONTID:0000129,4,CHEMONTID:0000323,CHEMONTID:0000000;CHEMONTID:0004603;CHEMONTID:0000323;CHEMONTID:0000129,Organic compounds;Organic oxygen compounds;Organooxygen compounds;Alcohols and polyols
1138,Dialkyl ethers,0.91,CHEMONTID:0001167,5,CHEMONTID:0000254,CHEMONTID:0000000;CHEMONTID:0004603;CHEMONTID:0000323;CHEMONTID:0000254;CHEMONTID:0001167,Organic compounds;Organic oxygen compounds;Organooxygen compounds;Ethers;Dialkyl ethers
13256,Carboxylic acid derivatives,0.81,CHEMONTID:0001093,4,CHEMONTID:0000265,CHEMONTID:0000000;CHEMONTID:0000264;CHEMONTID:0000265;CHEMONTID:0001093,Organic compounds;Organic acids and derivatives;Carboxylic acids and derivatives;Carboxylic acid derivatives
16284,Trialkylamines,0.98,CHEMONTID:0002239,6,CHEMONTID:0002452,CHEMONTID:0000000;CHEMONTID:0004707;CHEMONTID:0000278;CHEMONTID:0002449;CHEMONTID:0002452;CHEMONTID:0002239,Organic compounds;Organic nitrogen compounds;Organonitrogen compounds;Amines;Tertiary amines;Trialkylamines
19498,Carbonyl compounds,0.94,CHEMONTID:0001831,4,CHEMONTID:0000323,CHEMONTID:0000000;CHEMONTID:0004603;CHEMONTID:0000323;CHEMONTID:0001831,Organic compounds;Organic oxygen compounds;Organooxygen compounds;Carbonyl compounds
8097,Amines,0.99,CHEMONTID:0002449,4,CHEMONTID:0000278,CHEMONTID:0000000;CHEMONTID:0004707;CHEMONTID:0000278;CHEMONTID:0002449,Organic compounds;Organic nitrogen compounds;Organonitrogen compounds;Amines
9148,Imidazoles,1,CHEMONTID:0000078,4,CHEMONTID:0000436,CHEMONTID:0000000;CHEMONTID:0000002;CHEMONTID:0000436;CHEMONTID:0000078,Organic compounds;Organoheterocyclic compounds;Azoles;Imidazoles
19602,Carbonyl compounds,0.93,CHEMONTID:0001831,4,CHEMONTID:0000323,CHEMONTID:0000000;CHEMONTID:0004603;CHEMONTID:0000323;CHEMONTID:0001831,Organic compounds;Organic oxygen compounds;Organooxygen compounds;Carbonyl compounds
7515,Amino acids and derivatives,0.9,CHEMONTID:0000347,5,CHEMONTID:0000013,CHEMONTID:0000000;CHEMONTID:0000264;CHEMONTID:0000265;CHEMONTID:0000013;CHEMONTID:0000347,"Organic compounds;Organic acids and derivatives;Carboxylic acids and derivatives;Amino acids, peptides, and analogues;Amino acids and derivatives"
7323,Carbonyl compounds,0.92,CHEMONTID:0001831,4,CHEMONTID:0000323,CHEMONTID:0000000;CHEMONTID:0004603;CHEMONTID:0000323;CHEMONTID:0001831,Organic compounds;Organic oxygen compounds;Organooxygen compounds;Carbonyl compounds
6481,Carbonyl compounds,0.94,CHEMONTID:0001831,4,CHEMONTID:0000323,CHEMONTID:0000000;CHEMONTID:0004603;CHEMONTID:0000323;CHEMONTID:0001831,Organic compounds;Organic oxygen compounds;Organooxygen compounds;Carbonyl compounds
14721,Alcohols and polyols,0.88,CHEMONTID:0000129,4,CHEMONTID:0000323,CHEMONTID:0000000;CHEMONTID:0004603;CHEMONTID:0000323;CHEMONTID:0000129,Organic compounds;Organic oxygen compounds;Organooxygen compounds;Alcohols and polyols
16868,Purines and purine derivatives,1,CHEMONTID:0000245,4,CHEMONTID:0001797,CHEMONTID:0000000;CHEMONTID:0000002;CHEMONTID:0001797;CHEMONTID:0000245,Organic compounds;Organoheterocyclic compounds;Imidazopyrimidines;Purines and purine derivatives
6354,Carbonyl compounds,0.96,CHEMONTID:0001831,4,CHEMONTID:0000323,CHEMONTID:0000000;CHEMONTID:0004603;CHEMONTID:0000323;CHEMONTID:0001831,Organic compounds;Organic oxygen compounds;Organooxygen compounds;Carbonyl compounds
1375,Carboxylic acid derivatives,0.99,CHEMONTID:0001093,4,CHEMONTID:0000265,CHEMONTID:0000000;CHEMONTID:0000264;CHEMONTID:0000265;CHEMONTID:0001093,Organic compounds;Organic acids and derivatives;Carboxylic acids and derivatives;Carboxylic acid derivatives
3115,Monoalkylamines,0.91,CHEMONTID:0000469,6,CHEMONTID:0002450,CHEMONTID:0000000;CHEMONTID:0004707;CHEMONTID:0000278;CHEMONTID:0002449;CHEMONTID:0002450;CHEMONTID:0000469,Organic compounds;Organic nitrogen compounds;Organonitrogen compounds;Amines;Primary amines;Monoalkylamines
11472,Carbonyl compounds,0.88,CHEMONTID:0001831,4,CHEMONTID:0000323,CHEMONTID:0000000;CHEMONTID:0004603;CHEMONTID:0000323;CHEMONTID:0001831,Organic compounds;Organic oxygen compounds;Organooxygen compounds;Carbonyl compounds
4368,Carbonyl compounds,0.92,CHEMONTID:0001831,4,CHEMONTID:0000323,CHEMONTID:0000000;CHEMONTID:0004603;CHEMONTID:0000323;CHEMONTID:0001831,Organic compounds;Organic oxygen compounds;Organooxygen compounds;Carbonyl compounds
10664,Alcohols and polyols,0.98,CHEMONTID:0000129,4,CHEMONTID:0000323,CHEMONTID:0000000;CHEMONTID:0004603;CHEMONTID:0000323;CHEMONTID:0000129,Organic compounds;Organic oxygen compounds;Organooxygen compounds;Alcohols and polyols
18592,Alcohols and polyols,0.93,CHEMONTID:0000129,4,CHEMONTID:0000323,CHEMONTID:0000000;CHEMONTID:0004603;CHEMONTID:0000323;CHEMONTID:0000129,Organic compounds;Organic oxygen compounds;Organooxygen compounds;Alcohols and polyols
3539,Phosphate esters,0.98,CHEMONTID:0000408,4,CHEMONTID:0000402,CHEMONTID:0000000;CHEMONTID:0000264;CHEMONTID:0000402;CHEMONTID:0000408,Organic compounds;Organic acids and derivatives;Organic phosphoric acids and derivatives;Phosphate esters
20237,Amines,0.91,CHEMONTID:0002449,4,CHEMONTID:0000278,CHEMONTID:0000000;CHEMONTID:0004707;CHEMONTID:0000278;CHEMONTID:0002449,Organic compounds;Organic nitrogen compounds;Organonitrogen compounds;Amines
7909,Carboxylic acid derivatives,0.91,CHEMONTID:0001093,4,CHEMONTID:0000265,CHEMONTID:0000000;CHEMONTID:0000264;CHEMONTID:0000265;CHEMONTID:0001093,Organic compounds;Organic acids and derivatives;Carboxylic acids and derivatives;Carboxylic acid derivatives
20439,Carbonyl compounds,0.82,CHEMONTID:0001831,4,CHEMONTID:0000323,CHEMONTID:0000000;CHEMONTID:0004603;CHEMONTID:0000323;CHEMONTID:0001831,Organic compounds;Organic oxygen compounds;Organooxygen compounds;Carbonyl compounds
4499,Primary amines,0.9,CHEMONTID:0002450,5,CHEMONTID:0002449,CHEMONTID:0000000;CHEMONTID:0004707;CHEMONTID:0000278;CHEMONTID:0002449;CHEMONTID:0002450,Organic compounds;Organic nitrogen compounds;Organonitrogen compounds;Amines;Primary amines
8773,Amines,0.88,CHEMONTID:0002449,4,CHEMONTID:0000278,CHEMONTID:0000000;CHEMONTID:0004707;CHEMONTID:0000278;CHEMONTID:0002449,Organic compounds;Organic nitrogen compounds;Organonitrogen compounds;Amines
11842,Carboxylic acid derivatives,0.97,CHEMONTID:0001093,4,CHEMONTID:0000265,CHEMONTID:0000000;CHEMONTID:0000264;CHEMONTID:0000265;CHEMONTID:0001093,Organic compounds;Organic acids and derivatives;Carboxylic acids and derivatives;Carboxylic acid derivatives
20048,Gallic acid and derivatives,0.94,CHEMONTID:0001251,6,CHEMONTID:0001248,CHEMONTID:0000000;CHEMONTID:0002448;CHEMONTID:0002279;CHEMONTID:0000176;CHEMONTID:0001248;CHEMONTID:0001251,Organic compounds;Benzenoids;Benzene and substituted derivatives;Benzoic acids and derivatives;Hydroxybenzoic acid derivatives;Gallic acid and derivatives
1729,Carbonyl compounds,0.92,CHEMONTID:0001831,4,CHEMONTID:0000323,CHEMONTID:0000000;CHEMONTID:0004603;CHEMONTID:0000323;CHEMONTID:0001831,Organic compounds;Organic oxygen compounds;Organooxygen compounds;Carbonyl compounds
20723,"Amino acids, peptides, and analogues",1,CHEMONTID:0000013,4,CHEMONTID:0000265,CHEMONTID:0000000;CHEMONTID:0000264;CHEMONTID:0000265;CHEMONTID:0000013,"Organic compounds;Organic acids and derivatives;Carboxylic acids and derivatives;Amino acids, peptides, and analogues"
10628,Carbonyl compounds,0.93,CHEMONTID:0001831,4,CHEMONTID:0000323,CHEMONTID:0000000;CHEMONTID:0004603;CHEMONTID:0000323;CHEMONTID:0001831,Organic compounds;Organic oxygen compounds;Organooxygen compounds;Carbonyl compounds
2934,Carbonyl compounds,0.9,CHEMONTID:0001831,4,CHEMONTID:0000323,CHEMONTID:0000000;CHEMONTID:0004603;CHEMONTID:0000323;CHEMONTID:0001831,Organic compounds;Organic oxygen compounds;Organooxygen compounds;Carbonyl compounds
2908,Carbonyl compounds,0.97,CHEMONTID:0001831,4,CHEMONTID:0000323,CHEMONTID:0000000;CHEMONTID:0004603;CHEMONTID:0000323;CHEMONTID:0001831,Organic compounds;Organic oxygen compounds;Organooxygen compounds;Carbonyl compounds
764,Monoalkylamines,1,CHEMONTID:0000469,6,CHEMONTID:0002450,CHEMONTID:0000000;CHEMONTID:0004707;CHEMONTID:0000278;CHEMONTID:0002449;CHEMONTID:0002450;CHEMONTID:0000469,Organic compounds;Organic nitrogen compounds;Organonitrogen compounds;Amines;Primary amines;Monoalkylamines
819,Carbonyl compounds,0.94,CHEMONTID:0001831,4,CHEMONTID:0000323,CHEMONTID:0000000;CHEMONTID:0004603;CHEMONTID:0000323;CHEMONTID:0001831,Organic compounds;Organic oxygen compounds;Organooxygen compounds;Carbonyl compounds
4217,Carboxylic acid derivatives,0.99,CHEMONTID:0001093,4,CHEMONTID:0000265,CHEMONTID:0000000;CHEMONTID:0000264;CHEMONTID:0000265;CHEMONTID:0001093,Organic compounds;Organic acids and derivatives;Carboxylic acids and derivatives;Carboxylic acid derivatives
2630,Carboxylic acid derivatives,0.99,CHEMONTID:0001093,4,CHEMONTID:0000265,CHEMONTID:0000000;CHEMONTID:0000264;CHEMONTID:0000265;CHEMONTID:0001093,Organic compounds;Organic acids and derivatives;Carboxylic acids and derivatives;Carboxylic acid derivatives
8990,Carboxylic acid derivatives,0.92,CHEMONTID:0001093,4,CHEMONTID:0000265,CHEMONTID:0000000;CHEMONTID:0000264;CHEMONTID:0000265;CHEMONTID:0001093,Organic compounds;Organic acids and derivatives;Carboxylic acids and derivatives;Carboxylic acid derivatives
4320,Primary amines,0.95,CHEMONTID:0002450,5,CHEMONTID:0002449,CHEMONTID:0000000;CHEMONTID:0004707;CHEMONTID:0000278;CHEMONTID:0002449;CHEMONTID:0002450,Organic compounds;Organic nitrogen compounds;Organonitrogen compounds;Amines;Primary amines
1549,Carboxylic acid derivatives,0.88,CHEMONTID:0001093,4,CHEMONTID:0000265,CHEMONTID:0000000;CHEMONTID:0000264;CHEMONTID:0000265;CHEMONTID:0001093,Organic compounds;Organic acids and derivatives;Carboxylic acids and derivatives;Carboxylic acid derivatives
12460,Carboxylic acid derivatives,0.99,CHEMONTID:0001093,4,CHEMONTID:0000265,CHEMONTID:0000000;CHEMONTID:0000264;CHEMONTID:0000265;CHEMONTID:0001093,Organic compounds;Organic acids and derivatives;Carboxylic acids and derivatives;Carboxylic acid derivatives
12635,Carbonyl compounds,0.92,CHEMONTID:0001831,4,CHEMONTID:0000323,CHEMONTID:0000000;CHEMONTID:0004603;CHEMONTID:0000323;CHEMONTID:0001831,Organic compounds;Organic oxygen compounds;Organooxygen compounds;Carbonyl compounds
8694,Alcohols and polyols,0.91,CHEMONTID:0000129,4,CHEMONTID:0000323,CHEMONTID:0000000;CHEMONTID:0004603;CHEMONTID:0000323;CHEMONTID:0000129,Organic compounds;Organic oxygen compounds;Organooxygen compounds;Alcohols and polyols
7941,Carbonyl compounds,0.97,CHEMONTID:0001831,4,CHEMONTID:0000323,CHEMONTID:0000000;CHEMONTID:0004603;CHEMONTID:0000323;CHEMONTID:0001831,Organic compounds;Organic oxygen compounds;Organooxygen compounds;Carbonyl compounds
6838,Monocarboxylic acids and derivatives,0.94,CHEMONTID:0001137,4,CHEMONTID:0000265,CHEMONTID:0000000;CHEMONTID:0000264;CHEMONTID:0000265;CHEMONTID:0001137,Organic compounds;Organic acids and derivatives;Carboxylic acids and derivatives;Monocarboxylic acids and derivatives
9403,Carbonyl compounds,0.96,CHEMONTID:0001831,4,CHEMONTID:0000323,CHEMONTID:0000000;CHEMONTID:0004603;CHEMONTID:0000323;CHEMONTID:0001831,Organic compounds;Organic oxygen compounds;Organooxygen compounds;Carbonyl compounds
14758,Primary amines,0.8,CHEMONTID:0002450,5,CHEMONTID:0002449,CHEMONTID:0000000;CHEMONTID:0004707;CHEMONTID:0000278;CHEMONTID:0002449;CHEMONTID:0002450,Organic compounds;Organic nitrogen compounds;Organonitrogen compounds;Amines;Primary amines
6911,Carboxylic acid derivatives,0.99,CHEMONTID:0001093,4,CHEMONTID:0000265,CHEMONTID:0000000;CHEMONTID:0000264;CHEMONTID:0000265;CHEMONTID:0001093,Organic compounds;Organic acids and derivatives;Carboxylic acids and derivatives;Carboxylic acid derivatives
11782,Carbonyl compounds,0.97,CHEMONTID:0001831,4,CHEMONTID:0000323,CHEMONTID:0000000;CHEMONTID:0004603;CHEMONTID:0000323;CHEMONTID:0001831,Organic compounds;Organic oxygen compounds;Organooxygen compounds;Carbonyl compounds
16347,Carbonyl compounds,0.83,CHEMONTID:0001831,4,CHEMONTID:0000323,CHEMONTID:0000000;CHEMONTID:0004603;CHEMONTID:0000323;CHEMONTID:0001831,Organic compounds;Organic oxygen compounds;Organooxygen compounds;Carbonyl compounds
207,Amines,0.92,CHEMONTID:0002449,4,CHEMONTID:0000278,CHEMONTID:0000000;CHEMONTID:0004707;CHEMONTID:0000278;CHEMONTID:0002449,Organic compounds;Organic nitrogen compounds;Organonitrogen compounds;Amines
14112,Amines,0.99,CHEMONTID:0002449,4,CHEMONTID:0000278,CHEMONTID:0000000;CHEMONTID:0004707;CHEMONTID:0000278;CHEMONTID:0002449,Organic compounds;Organic nitrogen compounds;Organonitrogen compounds;Amines
13317,Monoalkylamines,1,CHEMONTID:0000469,6,CHEMONTID:0002450,CHEMONTID:0000000;CHEMONTID:0004707;CHEMONTID:0000278;CHEMONTID:0002449;CHEMONTID:0002450;CHEMONTID:0000469,Organic compounds;Organic nitrogen compounds;Organonitrogen compounds;Amines;Primary amines;Monoalkylamines
12090,Carbonyl compounds,0.95,CHEMONTID:0001831,4,CHEMONTID:0000323,CHEMONTID:0000000;CHEMONTID:0004603;CHEMONTID:0000323;CHEMONTID:0001831,Organic compounds;Organic oxygen compounds;Organooxygen compounds;Carbonyl compounds
14147,Carbonyl compounds,0.92,CHEMONTID:0001831,4,CHEMONTID:0000323,CHEMONTID:0000000;CHEMONTID:0004603;CHEMONTID:0000323;CHEMONTID:0001831,Organic compounds;Organic oxygen compounds;Organooxygen compounds;Carbonyl compounds
9750,Carbonyl compounds,0.87,CHEMONTID:0001831,4,CHEMONTID:0000323,CHEMONTID:0000000;CHEMONTID:0004603;CHEMONTID:0000323;CHEMONTID:0001831,Organic compounds;Organic oxygen compounds;Organooxygen compounds;Carbonyl compounds
15293,Amines,0.99,CHEMONTID:0002449,4,CHEMONTID:0000278,CHEMONTID:0000000;CHEMONTID:0004707;CHEMONTID:0000278;CHEMONTID:0002449,Organic compounds;Organic nitrogen compounds;Organonitrogen compounds;Amines
18766,Carbonyl compounds,0.94,CHEMONTID:0001831,4,CHEMONTID:0000323,CHEMONTID:0000000;CHEMONTID:0004603;CHEMONTID:0000323;CHEMONTID:0001831,Organic compounds;Organic oxygen compounds;Organooxygen compounds;Carbonyl compounds
15666,Dialkyl ethers,0.98,CHEMONTID:0001167,5,CHEMONTID:0000254,CHEMONTID:0000000;CHEMONTID:0004603;CHEMONTID:0000323;CHEMONTID:0000254;CHEMONTID:0001167,Organic compounds;Organic oxygen compounds;Organooxygen compounds;Ethers;Dialkyl ethers
19628,Monoalkylamines,1,CHEMONTID:0000469,6,CHEMONTID:0002450,CHEMONTID:0000000;CHEMONTID:0004707;CHEMONTID:0000278;CHEMONTID:0002449;CHEMONTID:0002450;CHEMONTID:0000469,Organic compounds;Organic nitrogen compounds;Organonitrogen compounds;Amines;Primary amines;Monoalkylamines
19526,Monoalkylamines,0.99,CHEMONTID:0000469,6,CHEMONTID:0002450,CHEMONTID:0000000;CHEMONTID:0004707;CHEMONTID:0000278;CHEMONTID:0002449;CHEMONTID:0002450;CHEMONTID:0000469,Organic compounds;Organic nitrogen compounds;Organonitrogen compounds;Amines;Primary amines;Monoalkylamines
15153,Carbonyl compounds,0.83,CHEMONTID:0001831,4,CHEMONTID:0000323,CHEMONTID:0000000;CHEMONTID:0004603;CHEMONTID:0000323;CHEMONTID:0001831,Organic compounds;Organic oxygen compounds;Organooxygen compounds;Carbonyl compounds
14437,Carbonyl compounds,0.83,CHEMONTID:0001831,4,CHEMONTID:0000323,CHEMONTID:0000000;CHEMONTID:0004603;CHEMONTID:0000323;CHEMONTID:0001831,Organic compounds;Organic oxygen compounds;Organooxygen compounds;Carbonyl compounds
5529,Pyridinecarboxylic acids and derivatives,0.92,CHEMONTID:0001322,4,CHEMONTID:0000089,CHEMONTID:0000000;CHEMONTID:0000002;CHEMONTID:0000089;CHEMONTID:0001322,Organic compounds;Organoheterocyclic compounds;Pyridines and derivatives;Pyridinecarboxylic acids and derivatives
15556,Carbonyl compounds,0.99,CHEMONTID:0001831,4,CHEMONTID:0000323,CHEMONTID:0000000;CHEMONTID:0004603;CHEMONTID:0000323;CHEMONTID:0001831,Organic compounds;Organic oxygen compounds;Organooxygen compounds;Carbonyl compounds
18294,Carboxylic acid derivatives,0.86,CHEMONTID:0001093,4,CHEMONTID:0000265,CHEMONTID:0000000;CHEMONTID:0000264;CHEMONTID:0000265;CHEMONTID:0001093,Organic compounds;Organic acids and derivatives;Carboxylic acids and derivatives;Carboxylic acid derivatives
10891,Carbonyl compounds,0.88,CHEMONTID:0001831,4,CHEMONTID:0000323,CHEMONTID:0000000;CHEMONTID:0004603;CHEMONTID:0000323;CHEMONTID:0001831,Organic compounds;Organic oxygen compounds;Organooxygen compounds;Carbonyl compounds
14024,Carbonyl compounds,0.93,CHEMONTID:0001831,4,CHEMONTID:0000323,CHEMONTID:0000000;CHEMONTID:0004603;CHEMONTID:0000323;CHEMONTID:0001831,Organic compounds;Organic oxygen compounds;Organooxygen compounds;Carbonyl compounds
11672,Monocarboxylic acids and derivatives,0.88,CHEMONTID:0001137,4,CHEMONTID:0000265,CHEMONTID:0000000;CHEMONTID:0000264;CHEMONTID:0000265;CHEMONTID:0001137,Organic compounds;Organic acids and derivatives;Carboxylic acids and derivatives;Monocarboxylic acids and derivatives
9381,Carbonyl compounds,0.93,CHEMONTID:0001831,4,CHEMONTID:0000323,CHEMONTID:0000000;CHEMONTID:0004603;CHEMONTID:0000323;CHEMONTID:0001831,Organic compounds;Organic oxygen compounds;Organooxygen compounds;Carbonyl compounds
16980,Monoalkylamines,1,CHEMONTID:0000469,6,CHEMONTID:0002450,CHEMONTID:0000000;CHEMONTID:0004707;CHEMONTID:0000278;CHEMONTID:0002449;CHEMONTID:0002450;CHEMONTID:0000469,Organic compounds;Organic nitrogen compounds;Organonitrogen compounds;Amines;Primary amines;Monoalkylamines
10906,Amines,0.94,CHEMONTID:0002449,4,CHEMONTID:0000278,CHEMONTID:0000000;CHEMONTID:0004707;CHEMONTID:0000278;CHEMONTID:0002449,Organic compounds;Organic nitrogen compounds;Organonitrogen compounds;Amines
15355,Monocarboxylic acids and derivatives,0.84,CHEMONTID:0001137,4,CHEMONTID:0000265,CHEMONTID:0000000;CHEMONTID:0000264;CHEMONTID:0000265;CHEMONTID:0001137,Organic compounds;Organic acids and derivatives;Carboxylic acids and derivatives;Monocarboxylic acids and derivatives
20478,Alpha amino acid amides,0.86,CHEMONTID:0002309,7,CHEMONTID:0000060,CHEMONTID:0000000;CHEMONTID:0000264;CHEMONTID:0000265;CHEMONTID:0000013;CHEMONTID:0000347;CHEMONTID:0000060;CHEMONTID:0002309,"Organic compounds;Organic acids and derivatives;Carboxylic acids and derivatives;Amino acids, peptides, and analogues;Amino acids and derivatives;Alpha amino acids and derivatives;Alpha amino acid amides"
6376,Monoalkylamines,0.96,CHEMONTID:0000469,6,CHEMONTID:0002450,CHEMONTID:0000000;CHEMONTID:0004707;CHEMONTID:0000278;CHEMONTID:0002449;CHEMONTID:0002450;CHEMONTID:0000469,Organic compounds;Organic nitrogen compounds;Organonitrogen compounds;Amines;Primary amines;Monoalkylamines
11970,Carbonyl compounds,0.93,CHEMONTID:0001831,4,CHEMONTID:0000323,CHEMONTID:0000000;CHEMONTID:0004603;CHEMONTID:0000323;CHEMONTID:0001831,Organic compounds;Organic oxygen compounds;Organooxygen compounds;Carbonyl compounds
4253,Carboxylic acid derivatives,0.95,CHEMONTID:0001093,4,CHEMONTID:0000265,CHEMONTID:0000000;CHEMONTID:0000264;CHEMONTID:0000265;CHEMONTID:0001093,Organic compounds;Organic acids and derivatives;Carboxylic acids and derivatives;Carboxylic acid derivatives
15095,Alcohols and polyols,0.88,CHEMONTID:0000129,4,CHEMONTID:0000323,CHEMONTID:0000000;CHEMONTID:0004603;CHEMONTID:0000323;CHEMONTID:0000129,Organic compounds;Organic oxygen compounds;Organooxygen compounds;Alcohols and polyols
15968,Carboxylic acid derivatives,0.95,CHEMONTID:0001093,4,CHEMONTID:0000265,CHEMONTID:0000000;CHEMONTID:0000264;CHEMONTID:0000265;CHEMONTID:0001093,Organic compounds;Organic acids and derivatives;Carboxylic acids and derivatives;Carboxylic acid derivatives
12726,Monoalkylamines,1,CHEMONTID:0000469,6,CHEMONTID:0002450,CHEMONTID:0000000;CHEMONTID:0004707;CHEMONTID:0000278;CHEMONTID:0002449;CHEMONTID:0002450;CHEMONTID:0000469,Organic compounds;Organic nitrogen compounds;Organonitrogen compounds;Amines;Primary amines;Monoalkylamines
7650,Carbonyl compounds,0.9,CHEMONTID:0001831,4,CHEMONTID:0000323,CHEMONTID:0000000;CHEMONTID:0004603;CHEMONTID:0000323;CHEMONTID:0001831,Organic compounds;Organic oxygen compounds;Organooxygen compounds;Carbonyl compounds
17668,Ethers,1,CHEMONTID:0000254,4,CHEMONTID:0000323,CHEMONTID:0000000;CHEMONTID:0004603;CHEMONTID:0000323;CHEMONTID:0000254,Organic compounds;Organic oxygen compounds;Organooxygen compounds;Ethers
9888,Tetrazoles,0.86,CHEMONTID:0000111,4,CHEMONTID:0000436,CHEMONTID:0000000;CHEMONTID:0000002;CHEMONTID:0000436;CHEMONTID:0000111,Organic compounds;Organoheterocyclic compounds;Azoles;Tetrazoles
11757,N-acyl-alpha amino acids,1,CHEMONTID:0002402,8,CHEMONTID:0001189,CHEMONTID:0000000;CHEMONTID:0000264;CHEMONTID:0000265;CHEMONTID:0000013;CHEMONTID:0000347;CHEMONTID:0000060;CHEMONTID:0001189;CHEMONTID:0002402,"Organic compounds;Organic acids and derivatives;Carboxylic acids and derivatives;Amino acids, peptides, and analogues;Amino acids and derivatives;Alpha amino acids and derivatives;N-acyl-alpha amino acids and derivatives;N-acyl-alpha amino acids"
4987,Alcohols and polyols,0.94,CHEMONTID:0000129,4,CHEMONTID:0000323,CHEMONTID:0000000;CHEMONTID:0004603;CHEMONTID:0000323;CHEMONTID:0000129,Organic compounds;Organic oxygen compounds;Organooxygen compounds;Alcohols and polyols
12769,Carboxylic acid derivatives,0.99,CHEMONTID:0001093,4,CHEMONTID:0000265,CHEMONTID:0000000;CHEMONTID:0000264;CHEMONTID:0000265;CHEMONTID:0001093,Organic compounds;Organic acids and derivatives;Carboxylic acids and derivatives;Carboxylic acid derivatives
9345,Fatty acid methyl esters,0.89,CHEMONTID:0003417,5,CHEMONTID:0000324,CHEMONTID:0000000;CHEMONTID:0000012;CHEMONTID:0003909;CHEMONTID:0000324;CHEMONTID:0003417,Organic compounds;Lipids and lipid-like molecules;Fatty Acyls;Fatty acid esters;Fatty acid methyl esters
9265,Carbonyl compounds,0.8,CHEMONTID:0001831,4,CHEMONTID:0000323,CHEMONTID:0000000;CHEMONTID:0004603;CHEMONTID:0000323;CHEMONTID:0001831,Organic compounds;Organic oxygen compounds;Organooxygen compounds;Carbonyl compounds
456,Alcohols and polyols,0.99,CHEMONTID:0000129,4,CHEMONTID:0000323,CHEMONTID:0000000;CHEMONTID:0004603;CHEMONTID:0000323;CHEMONTID:0000129,Organic compounds;Organic oxygen compounds;Organooxygen compounds;Alcohols and polyols
2451,Monocarboxylic acids and derivatives,0.86,CHEMONTID:0001137,4,CHEMONTID:0000265,CHEMONTID:0000000;CHEMONTID:0000264;CHEMONTID:0000265;CHEMONTID:0001137,Organic compounds;Organic acids and derivatives;Carboxylic acids and derivatives;Monocarboxylic acids and derivatives
8432,Carboxylic acid derivatives,0.98,CHEMONTID:0001093,4,CHEMONTID:0000265,CHEMONTID:0000000;CHEMONTID:0000264;CHEMONTID:0000265;CHEMONTID:0001093,Organic compounds;Organic acids and derivatives;Carboxylic acids and derivatives;Carboxylic acid derivatives
12697,Monoalkylamines,0.94,CHEMONTID:0000469,6,CHEMONTID:0002450,CHEMONTID:0000000;CHEMONTID:0004707;CHEMONTID:0000278;CHEMONTID:0002449;CHEMONTID:0002450;CHEMONTID:0000469,Organic compounds;Organic nitrogen compounds;Organonitrogen compounds;Amines;Primary amines;Monoalkylamines
10584,Carbonyl compounds,0.95,CHEMONTID:0001831,4,CHEMONTID:0000323,CHEMONTID:0000000;CHEMONTID:0004603;CHEMONTID:0000323;CHEMONTID:0001831,Organic compounds;Organic oxygen compounds;Organooxygen compounds;Carbonyl compounds
3550,Guanidines,0.99,CHEMONTID:0000375,4,CHEMONTID:0000278,CHEMONTID:0000000;CHEMONTID:0004707;CHEMONTID:0000278;CHEMONTID:0000375,Organic compounds;Organic nitrogen compounds;Organonitrogen compounds;Guanidines
12997,Carbonyl compounds,0.98,CHEMONTID:0001831,4,CHEMONTID:0000323,CHEMONTID:0000000;CHEMONTID:0004603;CHEMONTID:0000323;CHEMONTID:0001831,Organic compounds;Organic oxygen compounds;Organooxygen compounds;Carbonyl compounds
17370,Carbonyl compounds,0.89,CHEMONTID:0001831,4,CHEMONTID:0000323,CHEMONTID:0000000;CHEMONTID:0004603;CHEMONTID:0000323;CHEMONTID:0001831,Organic compounds;Organic oxygen compounds;Organooxygen compounds;Carbonyl compounds
9422,Carbonyl compounds,0.97,CHEMONTID:0001831,4,CHEMONTID:0000323,CHEMONTID:0000000;CHEMONTID:0004603;CHEMONTID:0000323;CHEMONTID:0001831,Organic compounds;Organic oxygen compounds;Organooxygen compounds;Carbonyl compounds
13500,Carbonyl compounds,0.93,CHEMONTID:0001831,4,CHEMONTID:0000323,CHEMONTID:0000000;CHEMONTID:0004603;CHEMONTID:0000323;CHEMONTID:0001831,Organic compounds;Organic oxygen compounds;Organooxygen compounds;Carbonyl compounds
3140,Morpholines,0.81,CHEMONTID:0000392,4,CHEMONTID:0000107,CHEMONTID:0000000;CHEMONTID:0000002;CHEMONTID:0000107;CHEMONTID:0000392,Organic compounds;Organoheterocyclic compounds;Oxazinanes;Morpholines
5890,Carbohydrates and carbohydrate conjugates,1,CHEMONTID:0000011,4,CHEMONTID:0000323,CHEMONTID:0000000;CHEMONTID:0004603;CHEMONTID:0000323;CHEMONTID:0000011,Organic compounds;Organic oxygen compounds;Organooxygen compounds;Carbohydrates and carbohydrate conjugates
11542,Amines,0.93,CHEMONTID:0002449,4,CHEMONTID:0000278,CHEMONTID:0000000;CHEMONTID:0004707;CHEMONTID:0000278;CHEMONTID:0002449,Organic compounds;Organic nitrogen compounds;Organonitrogen compounds;Amines
16231,"Amino acids, peptides, and analogues",0.94,CHEMONTID:0000013,4,CHEMONTID:0000265,CHEMONTID:0000000;CHEMONTID:0000264;CHEMONTID:0000265;CHEMONTID:0000013,"Organic compounds;Organic acids and derivatives;Carboxylic acids and derivatives;Amino acids, peptides, and analogues"
17531,Carbonyl compounds,0.94,CHEMONTID:0001831,4,CHEMONTID:0000323,CHEMONTID:0000000;CHEMONTID:0004603;CHEMONTID:0000323;CHEMONTID:0001831,Organic compounds;Organic oxygen compounds;Organooxygen compounds;Carbonyl compounds
7831,Amines,1,CHEMONTID:0002449,4,CHEMONTID:0000278,CHEMONTID:0000000;CHEMONTID:0004707;CHEMONTID:0000278;CHEMONTID:0002449,Organic compounds;Organic nitrogen compounds;Organonitrogen compounds;Amines
5148,Carbonyl compounds,0.92,CHEMONTID:0001831,4,CHEMONTID:0000323,CHEMONTID:0000000;CHEMONTID:0004603;CHEMONTID:0000323;CHEMONTID:0001831,Organic compounds;Organic oxygen compounds;Organooxygen compounds;Carbonyl compounds
5843,Carbohydrates and carbohydrate conjugates,0.97,CHEMONTID:0000011,4,CHEMONTID:0000323,CHEMONTID:0000000;CHEMONTID:0004603;CHEMONTID:0000323;CHEMONTID:0000011,Organic compounds;Organic oxygen compounds;Organooxygen compounds;Carbohydrates and carbohydrate conjugates
3343,Carbonyl compounds,0.94,CHEMONTID:0001831,4,CHEMONTID:0000323,CHEMONTID:0000000;CHEMONTID:0004603;CHEMONTID:0000323;CHEMONTID:0001831,Organic compounds;Organic oxygen compounds;Organooxygen compounds;Carbonyl compounds
8134,Alcohols and polyols,0.93,CHEMONTID:0000129,4,CHEMONTID:0000323,CHEMONTID:0000000;CHEMONTID:0004603;CHEMONTID:0000323;CHEMONTID:0000129,Organic compounds;Organic oxygen compounds;Organooxygen compounds;Alcohols and polyols
6932,Guanidines,0.99,CHEMONTID:0000375,4,CHEMONTID:0000278,CHEMONTID:0000000;CHEMONTID:0004707;CHEMONTID:0000278;CHEMONTID:0000375,Organic compounds;Organic nitrogen compounds;Organonitrogen compounds;Guanidines
18303,"Amino acids, peptides, and analogues",0.9,CHEMONTID:0000013,4,CHEMONTID:0000265,CHEMONTID:0000000;CHEMONTID:0000264;CHEMONTID:0000265;CHEMONTID:0000013,"Organic compounds;Organic acids and derivatives;Carboxylic acids and derivatives;Amino acids, peptides, and analogues"
20379,Carbonyl compounds,0.94,CHEMONTID:0001831,4,CHEMONTID:0000323,CHEMONTID:0000000;CHEMONTID:0004603;CHEMONTID:0000323;CHEMONTID:0001831,Organic compounds;Organic oxygen compounds;Organooxygen compounds;Carbonyl compounds
9490,Amino acids and derivatives,0.99,CHEMONTID:0000347,5,CHEMONTID:0000013,CHEMONTID:0000000;CHEMONTID:0000264;CHEMONTID:0000265;CHEMONTID:0000013;CHEMONTID:0000347,"Organic compounds;Organic acids and derivatives;Carboxylic acids and derivatives;Amino acids, peptides, and analogues;Amino acids and derivatives"
7091,Amines,0.88,CHEMONTID:0002449,4,CHEMONTID:0000278,CHEMONTID:0000000;CHEMONTID:0004707;CHEMONTID:0000278;CHEMONTID:0002449,Organic compounds;Organic nitrogen compounds;Organonitrogen compounds;Amines
11666,Amines,0.99,CHEMONTID:0002449,4,CHEMONTID:0000278,CHEMONTID:0000000;CHEMONTID:0004707;CHEMONTID:0000278;CHEMONTID:0002449,Organic compounds;Organic nitrogen compounds;Organonitrogen compounds;Amines
20300,N-substituted imidazoles,1,CHEMONTID:0002311,6,CHEMONTID:0002310,CHEMONTID:0000000;CHEMONTID:0000002;CHEMONTID:0000436;CHEMONTID:0000078;CHEMONTID:0002310;CHEMONTID:0002311,Organic compounds;Organoheterocyclic compounds;Azoles;Imidazoles;Substituted imidazoles;N-substituted imidazoles
1972,Carbonyl compounds,0.98,CHEMONTID:0001831,4,CHEMONTID:0000323,CHEMONTID:0000000;CHEMONTID:0004603;CHEMONTID:0000323;CHEMONTID:0001831,Organic compounds;Organic oxygen compounds;Organooxygen compounds;Carbonyl compounds
5538,Carbonyl compounds,1,CHEMONTID:0001831,4,CHEMONTID:0000323,CHEMONTID:0000000;CHEMONTID:0004603;CHEMONTID:0000323;CHEMONTID:0001831,Organic compounds;Organic oxygen compounds;Organooxygen compounds;Carbonyl compounds
893,Carbonyl compounds,0.97,CHEMONTID:0001831,4,CHEMONTID:0000323,CHEMONTID:0000000;CHEMONTID:0004603;CHEMONTID:0000323;CHEMONTID:0001831,Organic compounds;Organic oxygen compounds;Organooxygen compounds;Carbonyl compounds
5854,Monoalkylamines,1,CHEMONTID:0000469,6,CHEMONTID:0002450,CHEMONTID:0000000;CHEMONTID:0004707;CHEMONTID:0000278;CHEMONTID:0002449;CHEMONTID:0002450;CHEMONTID:0000469,Organic compounds;Organic nitrogen compounds;Organonitrogen compounds;Amines;Primary amines;Monoalkylamines
15630,Ethers,1,CHEMONTID:0000254,4,CHEMONTID:0000323,CHEMONTID:0000000;CHEMONTID:0004603;CHEMONTID:0000323;CHEMONTID:0000254,Organic compounds;Organic oxygen compounds;Organooxygen compounds;Ethers
19152,Carbonyl compounds,1,CHEMONTID:0001831,4,CHEMONTID:0000323,CHEMONTID:0000000;CHEMONTID:0004603;CHEMONTID:0000323;CHEMONTID:0001831,Organic compounds;Organic oxygen compounds;Organooxygen compounds;Carbonyl compounds
9743,Monosaccharide phosphates,1,CHEMONTID:0001541,6,CHEMONTID:0001540,CHEMONTID:0000000;CHEMONTID:0004603;CHEMONTID:0000323;CHEMONTID:0000011;CHEMONTID:0001540;CHEMONTID:0001541,Organic compounds;Organic oxygen compounds;Organooxygen compounds;Carbohydrates and carbohydrate conjugates;Monosaccharides;Monosaccharide phosphates
19599,Carbonyl compounds,0.9,CHEMONTID:0001831,4,CHEMONTID:0000323,CHEMONTID:0000000;CHEMONTID:0004603;CHEMONTID:0000323;CHEMONTID:0001831,Organic compounds;Organic oxygen compounds;Organooxygen compounds;Carbonyl compounds
5428,Amines,0.91,CHEMONTID:0002449,4,CHEMONTID:0000278,CHEMONTID:0000000;CHEMONTID:0004707;CHEMONTID:0000278;CHEMONTID:0002449,Organic compounds;Organic nitrogen compounds;Organonitrogen compounds;Amines
17693,Ethers,0.98,CHEMONTID:0000254,4,CHEMONTID:0000323,CHEMONTID:0000000;CHEMONTID:0004603;CHEMONTID:0000323;CHEMONTID:0000254,Organic compounds;Organic oxygen compounds;Organooxygen compounds;Ethers
2638,Carboxylic acid derivatives,0.85,CHEMONTID:0001093,4,CHEMONTID:0000265,CHEMONTID:0000000;CHEMONTID:0000264;CHEMONTID:0000265;CHEMONTID:0001093,Organic compounds;Organic acids and derivatives;Carboxylic acids and derivatives;Carboxylic acid derivatives
9787,Carboxylic acid derivatives,1,CHEMONTID:0001093,4,CHEMONTID:0000265,CHEMONTID:0000000;CHEMONTID:0000264;CHEMONTID:0000265;CHEMONTID:0001093,Organic compounds;Organic acids and derivatives;Carboxylic acids and derivatives;Carboxylic acid derivatives
9485,Fatty acids and conjugates,0.81,CHEMONTID:0000262,4,CHEMONTID:0003909,CHEMONTID:0000000;CHEMONTID:0000012;CHEMONTID:0003909;CHEMONTID:0000262,Organic compounds;Lipids and lipid-like molecules;Fatty Acyls;Fatty acids and conjugates
13734,Primary amines,0.98,CHEMONTID:0002450,5,CHEMONTID:0002449,CHEMONTID:0000000;CHEMONTID:0004707;CHEMONTID:0000278;CHEMONTID:0002449;CHEMONTID:0002450,Organic compounds;Organic nitrogen compounds;Organonitrogen compounds;Amines;Primary amines
3456,Amines,0.87,CHEMONTID:0002449,4,CHEMONTID:0000278,CHEMONTID:0000000;CHEMONTID:0004707;CHEMONTID:0000278;CHEMONTID:0002449,Organic compounds;Organic nitrogen compounds;Organonitrogen compounds;Amines
11895,Monocarboxylic acids and derivatives,0.83,CHEMONTID:0001137,4,CHEMONTID:0000265,CHEMONTID:0000000;CHEMONTID:0000264;CHEMONTID:0000265;CHEMONTID:0001137,Organic compounds;Organic acids and derivatives;Carboxylic acids and derivatives;Monocarboxylic acids and derivatives
7219,Carbonyl compounds,0.94,CHEMONTID:0001831,4,CHEMONTID:0000323,CHEMONTID:0000000;CHEMONTID:0004603;CHEMONTID:0000323;CHEMONTID:0001831,Organic compounds;Organic oxygen compounds;Organooxygen compounds;Carbonyl compounds
11336,Amines,0.92,CHEMONTID:0002449,4,CHEMONTID:0000278,CHEMONTID:0000000;CHEMONTID:0004707;CHEMONTID:0000278;CHEMONTID:0002449,Organic compounds;Organic nitrogen compounds;Organonitrogen compounds;Amines
18031,Carboxylic acid derivatives,1,CHEMONTID:0001093,4,CHEMONTID:0000265,CHEMONTID:0000000;CHEMONTID:0000264;CHEMONTID:0000265;CHEMONTID:0001093,Organic compounds;Organic acids and derivatives;Carboxylic acids and derivatives;Carboxylic acid derivatives
14384,Carbonyl compounds,0.94,CHEMONTID:0001831,4,CHEMONTID:0000323,CHEMONTID:0000000;CHEMONTID:0004603;CHEMONTID:0000323;CHEMONTID:0001831,Organic compounds;Organic oxygen compounds;Organooxygen compounds;Carbonyl compounds
14153,Dialkyl ethers,0.91,CHEMONTID:0001167,5,CHEMONTID:0000254,CHEMONTID:0000000;CHEMONTID:0004603;CHEMONTID:0000323;CHEMONTID:0000254;CHEMONTID:0001167,Organic compounds;Organic oxygen compounds;Organooxygen compounds;Ethers;Dialkyl ethers
16226,Amines,0.89,CHEMONTID:0002449,4,CHEMONTID:0000278,CHEMONTID:0000000;CHEMONTID:0004707;CHEMONTID:0000278;CHEMONTID:0002449,Organic compounds;Organic nitrogen compounds;Organonitrogen compounds;Amines
18535,Alcohols and polyols,0.92,CHEMONTID:0000129,4,CHEMONTID:0000323,CHEMONTID:0000000;CHEMONTID:0004603;CHEMONTID:0000323;CHEMONTID:0000129,Organic compounds;Organic oxygen compounds;Organooxygen compounds;Alcohols and polyols
1593,Primary amines,0.95,CHEMONTID:0002450,5,CHEMONTID:0002449,CHEMONTID:0000000;CHEMONTID:0004707;CHEMONTID:0000278;CHEMONTID:0002449;CHEMONTID:0002450,Organic compounds;Organic nitrogen compounds;Organonitrogen compounds;Amines;Primary amines
8292,Amines,0.89,CHEMONTID:0002449,4,CHEMONTID:0000278,CHEMONTID:0000000;CHEMONTID:0004707;CHEMONTID:0000278;CHEMONTID:0002449,Organic compounds;Organic nitrogen compounds;Organonitrogen compounds;Amines
86,Alcohols and polyols,0.84,CHEMONTID:0000129,4,CHEMONTID:0000323,CHEMONTID:0000000;CHEMONTID:0004603;CHEMONTID:0000323;CHEMONTID:0000129,Organic compounds;Organic oxygen compounds;Organooxygen compounds;Alcohols and polyols
19548,Alcohols and polyols,0.88,CHEMONTID:0000129,4,CHEMONTID:0000323,CHEMONTID:0000000;CHEMONTID:0004603;CHEMONTID:0000323;CHEMONTID:0000129,Organic compounds;Organic oxygen compounds;Organooxygen compounds;Alcohols and polyols
18778,Monoalkylamines,0.87,CHEMONTID:0000469,6,CHEMONTID:0002450,CHEMONTID:0000000;CHEMONTID:0004707;CHEMONTID:0000278;CHEMONTID:0002449;CHEMONTID:0002450;CHEMONTID:0000469,Organic compounds;Organic nitrogen compounds;Organonitrogen compounds;Amines;Primary amines;Monoalkylamines
15160,Guanidines,0.91,CHEMONTID:0000375,4,CHEMONTID:0000278,CHEMONTID:0000000;CHEMONTID:0004707;CHEMONTID:0000278;CHEMONTID:0000375,Organic compounds;Organic nitrogen compounds;Organonitrogen compounds;Guanidines
12248,Carbonyl compounds,0.95,CHEMONTID:0001831,4,CHEMONTID:0000323,CHEMONTID:0000000;CHEMONTID:0004603;CHEMONTID:0000323;CHEMONTID:0001831,Organic compounds;Organic oxygen compounds;Organooxygen compounds;Carbonyl compounds
6205,Alcohols and polyols,0.97,CHEMONTID:0000129,4,CHEMONTID:0000323,CHEMONTID:0000000;CHEMONTID:0004603;CHEMONTID:0000323;CHEMONTID:0000129,Organic compounds;Organic oxygen compounds;Organooxygen compounds;Alcohols and polyols
1224,Ethers,0.96,CHEMONTID:0000254,4,CHEMONTID:0000323,CHEMONTID:0000000;CHEMONTID:0004603;CHEMONTID:0000323;CHEMONTID:0000254,Organic compounds;Organic oxygen compounds;Organooxygen compounds;Ethers
4674,Guanidines,0.84,CHEMONTID:0000375,4,CHEMONTID:0000278,CHEMONTID:0000000;CHEMONTID:0004707;CHEMONTID:0000278;CHEMONTID:0000375,Organic compounds;Organic nitrogen compounds;Organonitrogen compounds;Guanidines
136,Alpha amino acid amides,0.8,CHEMONTID:0002309,7,CHEMONTID:0000060,CHEMONTID:0000000;CHEMONTID:0000264;CHEMONTID:0000265;CHEMONTID:0000013;CHEMONTID:0000347;CHEMONTID:0000060;CHEMONTID:0002309,"Organic compounds;Organic acids and derivatives;Carboxylic acids and derivatives;Amino acids, peptides, and analogues;Amino acids and derivatives;Alpha amino acids and derivatives;Alpha amino acid amides"
3899,Carbonyl compounds,0.85,CHEMONTID:0001831,4,CHEMONTID:0000323,CHEMONTID:0000000;CHEMONTID:0004603;CHEMONTID:0000323;CHEMONTID:0001831,Organic compounds;Organic oxygen compounds;Organooxygen compounds;Carbonyl compounds
5876,Dialkyl ethers,0.98,CHEMONTID:0001167,5,CHEMONTID:0000254,CHEMONTID:0000000;CHEMONTID:0004603;CHEMONTID:0000323;CHEMONTID:0000254;CHEMONTID:0001167,Organic compounds;Organic oxygen compounds;Organooxygen compounds;Ethers;Dialkyl ethers
7183,Carbonyl compounds,0.92,CHEMONTID:0001831,4,CHEMONTID:0000323,CHEMONTID:0000000;CHEMONTID:0004603;CHEMONTID:0000323;CHEMONTID:0001831,Organic compounds;Organic oxygen compounds;Organooxygen compounds;Carbonyl compounds
15546,Carbonyl compounds,0.94,CHEMONTID:0001831,4,CHEMONTID:0000323,CHEMONTID:0000000;CHEMONTID:0004603;CHEMONTID:0000323;CHEMONTID:0001831,Organic compounds;Organic oxygen compounds;Organooxygen compounds;Carbonyl compounds
17229,Carbonyl compounds,0.99,CHEMONTID:0001831,4,CHEMONTID:0000323,CHEMONTID:0000000;CHEMONTID:0004603;CHEMONTID:0000323;CHEMONTID:0001831,Organic compounds;Organic oxygen compounds;Organooxygen compounds;Carbonyl compounds
16692,Dialkyl ethers,0.98,CHEMONTID:0001167,5,CHEMONTID:0000254,CHEMONTID:0000000;CHEMONTID:0004603;CHEMONTID:0000323;CHEMONTID:0000254;CHEMONTID:0001167,Organic compounds;Organic oxygen compounds;Organooxygen compounds;Ethers;Dialkyl ethers
9680,Amines,1,CHEMONTID:0002449,4,CHEMONTID:0000278,CHEMONTID:0000000;CHEMONTID:0004707;CHEMONTID:0000278;CHEMONTID:0002449,Organic compounds;Organic nitrogen compounds;Organonitrogen compounds;Amines
1311,Monocarboxylic acids and derivatives,0.83,CHEMONTID:0001137,4,CHEMONTID:0000265,CHEMONTID:0000000;CHEMONTID:0000264;CHEMONTID:0000265;CHEMONTID:0001137,Organic compounds;Organic acids and derivatives;Carboxylic acids and derivatives;Monocarboxylic acids and derivatives
5203,Monocarboxylic acids and derivatives,0.8,CHEMONTID:0001137,4,CHEMONTID:0000265,CHEMONTID:0000000;CHEMONTID:0000264;CHEMONTID:0000265;CHEMONTID:0001137,Organic compounds;Organic acids and derivatives;Carboxylic acids and derivatives;Monocarboxylic acids and derivatives
14980,Alcohols and polyols,0.97,CHEMONTID:0000129,4,CHEMONTID:0000323,CHEMONTID:0000000;CHEMONTID:0004603;CHEMONTID:0000323;CHEMONTID:0000129,Organic compounds;Organic oxygen compounds;Organooxygen compounds;Alcohols and polyols
4181,Carbonyl compounds,0.91,CHEMONTID:0001831,4,CHEMONTID:0000323,CHEMONTID:0000000;CHEMONTID:0004603;CHEMONTID:0000323;CHEMONTID:0001831,Organic compounds;Organic oxygen compounds;Organooxygen compounds;Carbonyl compounds
13526,Dialkyldisulfides,0.98,CHEMONTID:0004089,4,CHEMONTID:0002800,CHEMONTID:0000000;CHEMONTID:0000004;CHEMONTID:0002800;CHEMONTID:0004089,Organic compounds;Organosulfur compounds;Organic disulfides;Dialkyldisulfides
15678,Monoalkylamines,1,CHEMONTID:0000469,6,CHEMONTID:0002450,CHEMONTID:0000000;CHEMONTID:0004707;CHEMONTID:0000278;CHEMONTID:0002449;CHEMONTID:0002450;CHEMONTID:0000469,Organic compounds;Organic nitrogen compounds;Organonitrogen compounds;Amines;Primary amines;Monoalkylamines
11399,Carbonyl compounds,0.94,CHEMONTID:0001831,4,CHEMONTID:0000323,CHEMONTID:0000000;CHEMONTID:0004603;CHEMONTID:0000323;CHEMONTID:0001831,Organic compounds;Organic oxygen compounds;Organooxygen compounds;Carbonyl compounds
13818,Carbonyl compounds,0.83,CHEMONTID:0001831,4,CHEMONTID:0000323,CHEMONTID:0000000;CHEMONTID:0004603;CHEMONTID:0000323;CHEMONTID:0001831,Organic compounds;Organic oxygen compounds;Organooxygen compounds;Carbonyl compounds
10112,Carbonyl compounds,0.95,CHEMONTID:0001831,4,CHEMONTID:0000323,CHEMONTID:0000000;CHEMONTID:0004603;CHEMONTID:0000323;CHEMONTID:0001831,Organic compounds;Organic oxygen compounds;Organooxygen compounds;Carbonyl compounds
13713,Carboxylic acid derivatives,0.98,CHEMONTID:0001093,4,CHEMONTID:0000265,CHEMONTID:0000000;CHEMONTID:0000264;CHEMONTID:0000265;CHEMONTID:0001093,Organic compounds;Organic acids and derivatives;Carboxylic acids and derivatives;Carboxylic acid derivatives
5863,Amines,0.97,CHEMONTID:0002449,4,CHEMONTID:0000278,CHEMONTID:0000000;CHEMONTID:0004707;CHEMONTID:0000278;CHEMONTID:0002449,Organic compounds;Organic nitrogen compounds;Organonitrogen compounds;Amines
6871,Alcohols and polyols,0.86,CHEMONTID:0000129,4,CHEMONTID:0000323,CHEMONTID:0000000;CHEMONTID:0004603;CHEMONTID:0000323;CHEMONTID:0000129,Organic compounds;Organic oxygen compounds;Organooxygen compounds;Alcohols and polyols
14817,Amines,0.97,CHEMONTID:0002449,4,CHEMONTID:0000278,CHEMONTID:0000000;CHEMONTID:0004707;CHEMONTID:0000278;CHEMONTID:0002449,Organic compounds;Organic nitrogen compounds;Organonitrogen compounds;Amines
9840,Carbonyl compounds,0.9,CHEMONTID:0001831,4,CHEMONTID:0000323,CHEMONTID:0000000;CHEMONTID:0004603;CHEMONTID:0000323;CHEMONTID:0001831,Organic compounds;Organic oxygen compounds;Organooxygen compounds;Carbonyl compounds
16909,Primary amines,0.83,CHEMONTID:0002450,5,CHEMONTID:0002449,CHEMONTID:0000000;CHEMONTID:0004707;CHEMONTID:0000278;CHEMONTID:0002449;CHEMONTID:0002450,Organic compounds;Organic nitrogen compounds;Organonitrogen compounds;Amines;Primary amines
12779,Carboxylic acid derivatives,0.86,CHEMONTID:0001093,4,CHEMONTID:0000265,CHEMONTID:0000000;CHEMONTID:0000264;CHEMONTID:0000265;CHEMONTID:0001093,Organic compounds;Organic acids and derivatives;Carboxylic acids and derivatives;Carboxylic acid derivatives
20560,Phosphate esters,0.96,CHEMONTID:0000408,4,CHEMONTID:0000402,CHEMONTID:0000000;CHEMONTID:0000264;CHEMONTID:0000402;CHEMONTID:0000408,Organic compounds;Organic acids and derivatives;Organic phosphoric acids and derivatives;Phosphate esters
15396,Primary amines,0.94,CHEMONTID:0002450,5,CHEMONTID:0002449,CHEMONTID:0000000;CHEMONTID:0004707;CHEMONTID:0000278;CHEMONTID:0002449;CHEMONTID:0002450,Organic compounds;Organic nitrogen compounds;Organonitrogen compounds;Amines;Primary amines
11747,Dicarboxylic acids and derivatives,0.85,CHEMONTID:0000346,4,CHEMONTID:0000265,CHEMONTID:0000000;CHEMONTID:0000264;CHEMONTID:0000265;CHEMONTID:0000346,Organic compounds;Organic acids and derivatives;Carboxylic acids and derivatives;Dicarboxylic acids and derivatives
14622,Amines,0.95,CHEMONTID:0002449,4,CHEMONTID:0000278,CHEMONTID:0000000;CHEMONTID:0004707;CHEMONTID:0000278;CHEMONTID:0002449,Organic compounds;Organic nitrogen compounds;Organonitrogen compounds;Amines
7133,Carbonyl compounds,0.98,CHEMONTID:0001831,4,CHEMONTID:0000323,CHEMONTID:0000000;CHEMONTID:0004603;CHEMONTID:0000323;CHEMONTID:0001831,Organic compounds;Organic oxygen compounds;Organooxygen compounds;Carbonyl compounds
11024,Primary amines,0.98,CHEMONTID:0002450,5,CHEMONTID:0002449,CHEMONTID:0000000;CHEMONTID:0004707;CHEMONTID:0000278;CHEMONTID:0002449;CHEMONTID:0002450,Organic compounds;Organic nitrogen compounds;Organonitrogen compounds;Amines;Primary amines
13561,Carbonyl compounds,0.88,CHEMONTID:0001831,4,CHEMONTID:0000323,CHEMONTID:0000000;CHEMONTID:0004603;CHEMONTID:0000323;CHEMONTID:0001831,Organic compounds;Organic oxygen compounds;Organooxygen compounds;Carbonyl compounds
4272,Carbonyl compounds,0.99,CHEMONTID:0001831,4,CHEMONTID:0000323,CHEMONTID:0000000;CHEMONTID:0004603;CHEMONTID:0000323;CHEMONTID:0001831,Organic compounds;Organic oxygen compounds;Organooxygen compounds;Carbonyl compounds
15426,Pyrimidines and pyrimidine derivatives,0.98,CHEMONTID:0000075,4,CHEMONTID:0001346,CHEMONTID:0000000;CHEMONTID:0000002;CHEMONTID:0001346;CHEMONTID:0000075,Organic compounds;Organoheterocyclic compounds;Diazines;Pyrimidines and pyrimidine derivatives
13729,Carbonyl compounds,0.92,CHEMONTID:0001831,4,CHEMONTID:0000323,CHEMONTID:0000000;CHEMONTID:0004603;CHEMONTID:0000323;CHEMONTID:0001831,Organic compounds;Organic oxygen compounds;Organooxygen compounds;Carbonyl compounds
20326,Carbonyl compounds,0.99,CHEMONTID:0001831,4,CHEMONTID:0000323,CHEMONTID:0000000;CHEMONTID:0004603;CHEMONTID:0000323;CHEMONTID:0001831,Organic compounds;Organic oxygen compounds;Organooxygen compounds;Carbonyl compounds
9695,Amino acids and derivatives,0.95,CHEMONTID:0000347,5,CHEMONTID:0000013,CHEMONTID:0000000;CHEMONTID:0000264;CHEMONTID:0000265;CHEMONTID:0000013;CHEMONTID:0000347,"Organic compounds;Organic acids and derivatives;Carboxylic acids and derivatives;Amino acids, peptides, and analogues;Amino acids and derivatives"
14505,Carbonyl compounds,0.99,CHEMONTID:0001831,4,CHEMONTID:0000323,CHEMONTID:0000000;CHEMONTID:0004603;CHEMONTID:0000323;CHEMONTID:0001831,Organic compounds;Organic oxygen compounds;Organooxygen compounds;Carbonyl compounds
10548,Carbonyl compounds,0.96,CHEMONTID:0001831,4,CHEMONTID:0000323,CHEMONTID:0000000;CHEMONTID:0004603;CHEMONTID:0000323;CHEMONTID:0001831,Organic compounds;Organic oxygen compounds;Organooxygen compounds;Carbonyl compounds
10976,Purines and purine derivatives,0.99,CHEMONTID:0000245,4,CHEMONTID:0001797,CHEMONTID:0000000;CHEMONTID:0000002;CHEMONTID:0001797;CHEMONTID:0000245,Organic compounds;Organoheterocyclic compounds;Imidazopyrimidines;Purines and purine derivatives
3008,Carbonyl compounds,0.98,CHEMONTID:0001831,4,CHEMONTID:0000323,CHEMONTID:0000000;CHEMONTID:0004603;CHEMONTID:0000323;CHEMONTID:0001831,Organic compounds;Organic oxygen compounds;Organooxygen compounds;Carbonyl compounds
7273,Monocarboxylic acids and derivatives,0.82,CHEMONTID:0001137,4,CHEMONTID:0000265,CHEMONTID:0000000;CHEMONTID:0000264;CHEMONTID:0000265;CHEMONTID:0001137,Organic compounds;Organic acids and derivatives;Carboxylic acids and derivatives;Monocarboxylic acids and derivatives
11814,Carbonyl compounds,0.99,CHEMONTID:0001831,4,CHEMONTID:0000323,CHEMONTID:0000000;CHEMONTID:0004603;CHEMONTID:0000323;CHEMONTID:0001831,Organic compounds;Organic oxygen compounds;Organooxygen compounds;Carbonyl compounds
1775,Amines,0.93,CHEMONTID:0002449,4,CHEMONTID:0000278,CHEMONTID:0000000;CHEMONTID:0004707;CHEMONTID:0000278;CHEMONTID:0002449,Organic compounds;Organic nitrogen compounds;Organonitrogen compounds;Amines
6478,Alcohols and polyols,1,CHEMONTID:0000129,4,CHEMONTID:0000323,CHEMONTID:0000000;CHEMONTID:0004603;CHEMONTID:0000323;CHEMONTID:0000129,Organic compounds;Organic oxygen compounds;Organooxygen compounds;Alcohols and polyols
15998,Amines,0.99,CHEMONTID:0002449,4,CHEMONTID:0000278,CHEMONTID:0000000;CHEMONTID:0004707;CHEMONTID:0000278;CHEMONTID:0002449,Organic compounds;Organic nitrogen compounds;Organonitrogen compounds;Amines
15345,Carboxylic acid amides,0.8,CHEMONTID:0000475,5,CHEMONTID:0001093,CHEMONTID:0000000;CHEMONTID:0000264;CHEMONTID:0000265;CHEMONTID:0001093;CHEMONTID:0000475,Organic compounds;Organic acids and derivatives;Carboxylic acids and derivatives;Carboxylic acid derivatives;Carboxylic acid amides
6511,Carbohydrates and carbohydrate conjugates,1,CHEMONTID:0000011,4,CHEMONTID:0000323,CHEMONTID:0000000;CHEMONTID:0004603;CHEMONTID:0000323;CHEMONTID:0000011,Organic compounds;Organic oxygen compounds;Organooxygen compounds;Carbohydrates and carbohydrate conjugates
20535,Organic metalloid salts,0.9,CHEMONTID:0003998,4,CHEMONTID:0004036,CHEMONTID:0000000;CHEMONTID:0003865;CHEMONTID:0004036;CHEMONTID:0003998,Organic compounds;Organic salts;Organic metal salts;Organic metalloid salts
4042,Carbonyl compounds,0.92,CHEMONTID:0001831,4,CHEMONTID:0000323,CHEMONTID:0000000;CHEMONTID:0004603;CHEMONTID:0000323;CHEMONTID:0001831,Organic compounds;Organic oxygen compounds;Organooxygen compounds;Carbonyl compounds
6579,Primary amines,0.99,CHEMONTID:0002450,5,CHEMONTID:0002449,CHEMONTID:0000000;CHEMONTID:0004707;CHEMONTID:0000278;CHEMONTID:0002449;CHEMONTID:0002450,Organic compounds;Organic nitrogen compounds;Organonitrogen compounds;Amines;Primary amines
12540,Carboxylic acid derivatives,0.99,CHEMONTID:0001093,4,CHEMONTID:0000265,CHEMONTID:0000000;CHEMONTID:0000264;CHEMONTID:0000265;CHEMONTID:0001093,Organic compounds;Organic acids and derivatives;Carboxylic acids and derivatives;Carboxylic acid derivatives
10214,Methyl esters,0.96,CHEMONTID:0003416,6,CHEMONTID:0001238,CHEMONTID:0000000;CHEMONTID:0000264;CHEMONTID:0000265;CHEMONTID:0001093;CHEMONTID:0001238;CHEMONTID:0003416,Organic compounds;Organic acids and derivatives;Carboxylic acids and derivatives;Carboxylic acid derivatives;Carboxylic acid esters;Methyl esters
3362,Carbonyl compounds,0.95,CHEMONTID:0001831,4,CHEMONTID:0000323,CHEMONTID:0000000;CHEMONTID:0004603;CHEMONTID:0000323;CHEMONTID:0001831,Organic compounds;Organic oxygen compounds;Organooxygen compounds;Carbonyl compounds
15204,Carboxylic acid derivatives,0.97,CHEMONTID:0001093,4,CHEMONTID:0000265,CHEMONTID:0000000;CHEMONTID:0000264;CHEMONTID:0000265;CHEMONTID:0001093,Organic compounds;Organic acids and derivatives;Carboxylic acids and derivatives;Carboxylic acid derivatives
3019,Carboxylic acid derivatives,0.94,CHEMONTID:0001093,4,CHEMONTID:0000265,CHEMONTID:0000000;CHEMONTID:0000264;CHEMONTID:0000265;CHEMONTID:0001093,Organic compounds;Organic acids and derivatives;Carboxylic acids and derivatives;Carboxylic acid derivatives
513,Ethers,0.91,CHEMONTID:0000254,4,CHEMONTID:0000323,CHEMONTID:0000000;CHEMONTID:0004603;CHEMONTID:0000323;CHEMONTID:0000254,Organic compounds;Organic oxygen compounds;Organooxygen compounds;Ethers
2017,Triazoles,0.92,CHEMONTID:0000099,4,CHEMONTID:0000436,CHEMONTID:0000000;CHEMONTID:0000002;CHEMONTID:0000436;CHEMONTID:0000099,Organic compounds;Organoheterocyclic compounds;Azoles;Triazoles
20367,Carbonyl compounds,0.98,CHEMONTID:0001831,4,CHEMONTID:0000323,CHEMONTID:0000000;CHEMONTID:0004603;CHEMONTID:0000323;CHEMONTID:0001831,Organic compounds;Organic oxygen compounds;Organooxygen compounds;Carbonyl compounds
11872,Carbonyl compounds,0.82,CHEMONTID:0001831,4,CHEMONTID:0000323,CHEMONTID:0000000;CHEMONTID:0004603;CHEMONTID:0000323;CHEMONTID:0001831,Organic compounds;Organic oxygen compounds;Organooxygen compounds;Carbonyl compounds
7602,Alkyl phosphates,0.98,CHEMONTID:0003457,5,CHEMONTID:0000408,CHEMONTID:0000000;CHEMONTID:0000264;CHEMONTID:0000402;CHEMONTID:0000408;CHEMONTID:0003457,Organic compounds;Organic acids and derivatives;Organic phosphoric acids and derivatives;Phosphate esters;Alkyl phosphates
3833,Secondary alcohols,0.99,CHEMONTID:0001661,5,CHEMONTID:0000129,CHEMONTID:0000000;CHEMONTID:0004603;CHEMONTID:0000323;CHEMONTID:0000129;CHEMONTID:0001661,Organic compounds;Organic oxygen compounds;Organooxygen compounds;Alcohols and polyols;Secondary alcohols
6321,Amines,0.98,CHEMONTID:0002449,4,CHEMONTID:0000278,CHEMONTID:0000000;CHEMONTID:0004707;CHEMONTID:0000278;CHEMONTID:0002449,Organic compounds;Organic nitrogen compounds;Organonitrogen compounds;Amines
5394,Guanidines,0.95,CHEMONTID:0000375,4,CHEMONTID:0000278,CHEMONTID:0000000;CHEMONTID:0004707;CHEMONTID:0000278;CHEMONTID:0000375,Organic compounds;Organic nitrogen compounds;Organonitrogen compounds;Guanidines
1668,Carbonyl compounds,0.99,CHEMONTID:0001831,4,CHEMONTID:0000323,CHEMONTID:0000000;CHEMONTID:0004603;CHEMONTID:0000323;CHEMONTID:0001831,Organic compounds;Organic oxygen compounds;Organooxygen compounds;Carbonyl compounds
2159,Amines,0.85,CHEMONTID:0002449,4,CHEMONTID:0000278,CHEMONTID:0000000;CHEMONTID:0004707;CHEMONTID:0000278;CHEMONTID:0002449,Organic compounds;Organic nitrogen compounds;Organonitrogen compounds;Amines
18525,Carbonyl compounds,0.99,CHEMONTID:0001831,4,CHEMONTID:0000323,CHEMONTID:0000000;CHEMONTID:0004603;CHEMONTID:0000323;CHEMONTID:0001831,Organic compounds;Organic oxygen compounds;Organooxygen compounds;Carbonyl compounds
4118,Carbonyl compounds,0.89,CHEMONTID:0001831,4,CHEMONTID:0000323,CHEMONTID:0000000;CHEMONTID:0004603;CHEMONTID:0000323;CHEMONTID:0001831,Organic compounds;Organic oxygen compounds;Organooxygen compounds;Carbonyl compounds
19590,Secondary alcohols,1,CHEMONTID:0001661,5,CHEMONTID:0000129,CHEMONTID:0000000;CHEMONTID:0004603;CHEMONTID:0000323;CHEMONTID:0000129;CHEMONTID:0001661,Organic compounds;Organic oxygen compounds;Organooxygen compounds;Alcohols and polyols;Secondary alcohols
3401,Carboxylic acid derivatives,0.94,CHEMONTID:0001093,4,CHEMONTID:0000265,CHEMONTID:0000000;CHEMONTID:0000264;CHEMONTID:0000265;CHEMONTID:0001093,Organic compounds;Organic acids and derivatives;Carboxylic acids and derivatives;Carboxylic acid derivatives
4086,Monoalkylamines,0.97,CHEMONTID:0000469,6,CHEMONTID:0002450,CHEMONTID:0000000;CHEMONTID:0004707;CHEMONTID:0000278;CHEMONTID:0002449;CHEMONTID:0002450;CHEMONTID:0000469,Organic compounds;Organic nitrogen compounds;Organonitrogen compounds;Amines;Primary amines;Monoalkylamines
9555,Ethers,0.81,CHEMONTID:0000254,4,CHEMONTID:0000323,CHEMONTID:0000000;CHEMONTID:0004603;CHEMONTID:0000323;CHEMONTID:0000254,Organic compounds;Organic oxygen compounds;Organooxygen compounds;Ethers
16146,Carbonyl compounds,0.94,CHEMONTID:0001831,4,CHEMONTID:0000323,CHEMONTID:0000000;CHEMONTID:0004603;CHEMONTID:0000323;CHEMONTID:0001831,Organic compounds;Organic oxygen compounds;Organooxygen compounds;Carbonyl compounds
4057,Carboxylic acid derivatives,0.89,CHEMONTID:0001093,4,CHEMONTID:0000265,CHEMONTID:0000000;CHEMONTID:0000264;CHEMONTID:0000265;CHEMONTID:0001093,Organic compounds;Organic acids and derivatives;Carboxylic acids and derivatives;Carboxylic acid derivatives
12290,Amines,0.97,CHEMONTID:0002449,4,CHEMONTID:0000278,CHEMONTID:0000000;CHEMONTID:0004707;CHEMONTID:0000278;CHEMONTID:0002449,Organic compounds;Organic nitrogen compounds;Organonitrogen compounds;Amines
17644,Ethers,0.99,CHEMONTID:0000254,4,CHEMONTID:0000323,CHEMONTID:0000000;CHEMONTID:0004603;CHEMONTID:0000323;CHEMONTID:0000254,Organic compounds;Organic oxygen compounds;Organooxygen compounds;Ethers
5212,Alkyl phosphates,1,CHEMONTID:0003457,5,CHEMONTID:0000408,CHEMONTID:0000000;CHEMONTID:0000264;CHEMONTID:0000402;CHEMONTID:0000408;CHEMONTID:0003457,Organic compounds;Organic acids and derivatives;Organic phosphoric acids and derivatives;Phosphate esters;Alkyl phosphates
20726,Dialkyl ethers,0.99,CHEMONTID:0001167,5,CHEMONTID:0000254,CHEMONTID:0000000;CHEMONTID:0004603;CHEMONTID:0000323;CHEMONTID:0000254;CHEMONTID:0001167,Organic compounds;Organic oxygen compounds;Organooxygen compounds;Ethers;Dialkyl ethers
13484,Carboxylic acid derivatives,0.94,CHEMONTID:0001093,4,CHEMONTID:0000265,CHEMONTID:0000000;CHEMONTID:0000264;CHEMONTID:0000265;CHEMONTID:0001093,Organic compounds;Organic acids and derivatives;Carboxylic acids and derivatives;Carboxylic acid derivatives
11788,Amines,0.95,CHEMONTID:0002449,4,CHEMONTID:0000278,CHEMONTID:0000000;CHEMONTID:0004707;CHEMONTID:0000278;CHEMONTID:0002449,Organic compounds;Organic nitrogen compounds;Organonitrogen compounds;Amines
6753,Ethers,0.98,CHEMONTID:0000254,4,CHEMONTID:0000323,CHEMONTID:0000000;CHEMONTID:0004603;CHEMONTID:0000323;CHEMONTID:0000254,Organic compounds;Organic oxygen compounds;Organooxygen compounds;Ethers
20197,Carbonyl compounds,0.81,CHEMONTID:0001831,4,CHEMONTID:0000323,CHEMONTID:0000000;CHEMONTID:0004603;CHEMONTID:0000323;CHEMONTID:0001831,Organic compounds;Organic oxygen compounds;Organooxygen compounds;Carbonyl compounds
16775,Carbonyl compounds,0.91,CHEMONTID:0001831,4,CHEMONTID:0000323,CHEMONTID:0000000;CHEMONTID:0004603;CHEMONTID:0000323;CHEMONTID:0001831,Organic compounds;Organic oxygen compounds;Organooxygen compounds;Carbonyl compounds
10221,Amines,0.96,CHEMONTID:0002449,4,CHEMONTID:0000278,CHEMONTID:0000000;CHEMONTID:0004707;CHEMONTID:0000278;CHEMONTID:0002449,Organic compounds;Organic nitrogen compounds;Organonitrogen compounds;Amines
12184,"Amino acids, peptides, and analogues",0.91,CHEMONTID:0000013,4,CHEMONTID:0000265,CHEMONTID:0000000;CHEMONTID:0000264;CHEMONTID:0000265;CHEMONTID:0000013,"Organic compounds;Organic acids and derivatives;Carboxylic acids and derivatives;Amino acids, peptides, and analogues"
17616,Carbonyl compounds,0.85,CHEMONTID:0001831,4,CHEMONTID:0000323,CHEMONTID:0000000;CHEMONTID:0004603;CHEMONTID:0000323;CHEMONTID:0001831,Organic compounds;Organic oxygen compounds;Organooxygen compounds;Carbonyl compounds
12058,Carbonyl compounds,0.96,CHEMONTID:0001831,4,CHEMONTID:0000323,CHEMONTID:0000000;CHEMONTID:0004603;CHEMONTID:0000323;CHEMONTID:0001831,Organic compounds;Organic oxygen compounds;Organooxygen compounds;Carbonyl compounds
8388,Carbonyl compounds,1,CHEMONTID:0001831,4,CHEMONTID:0000323,CHEMONTID:0000000;CHEMONTID:0004603;CHEMONTID:0000323;CHEMONTID:0001831,Organic compounds;Organic oxygen compounds;Organooxygen compounds;Carbonyl compounds
12192,Amines,0.95,CHEMONTID:0002449,4,CHEMONTID:0000278,CHEMONTID:0000000;CHEMONTID:0004707;CHEMONTID:0000278;CHEMONTID:0002449,Organic compounds;Organic nitrogen compounds;Organonitrogen compounds;Amines
19142,Amino acids and derivatives,0.87,CHEMONTID:0000347,5,CHEMONTID:0000013,CHEMONTID:0000000;CHEMONTID:0000264;CHEMONTID:0000265;CHEMONTID:0000013;CHEMONTID:0000347,"Organic compounds;Organic acids and derivatives;Carboxylic acids and derivatives;Amino acids, peptides, and analogues;Amino acids and derivatives"
4396,Carbonyl compounds,0.98,CHEMONTID:0001831,4,CHEMONTID:0000323,CHEMONTID:0000000;CHEMONTID:0004603;CHEMONTID:0000323;CHEMONTID:0001831,Organic compounds;Organic oxygen compounds;Organooxygen compounds;Carbonyl compounds
19890,Carbonyl compounds,0.99,CHEMONTID:0001831,4,CHEMONTID:0000323,CHEMONTID:0000000;CHEMONTID:0004603;CHEMONTID:0000323;CHEMONTID:0001831,Organic compounds;Organic oxygen compounds;Organooxygen compounds;Carbonyl compounds
16346,Pentose phosphates,1,CHEMONTID:0002259,7,CHEMONTID:0001497,CHEMONTID:0000000;CHEMONTID:0004603;CHEMONTID:0000323;CHEMONTID:0000011;CHEMONTID:0001540;CHEMONTID:0001497;CHEMONTID:0002259,Organic compounds;Organic oxygen compounds;Organooxygen compounds;Carbohydrates and carbohydrate conjugates;Monosaccharides;Pentoses;Pentose phosphates
12619,Dialkyl ethers,0.99,CHEMONTID:0001167,5,CHEMONTID:0000254,CHEMONTID:0000000;CHEMONTID:0004603;CHEMONTID:0000323;CHEMONTID:0000254;CHEMONTID:0001167,Organic compounds;Organic oxygen compounds;Organooxygen compounds;Ethers;Dialkyl ethers
2270,Carboxylic acid derivatives,1,CHEMONTID:0001093,4,CHEMONTID:0000265,CHEMONTID:0000000;CHEMONTID:0000264;CHEMONTID:0000265;CHEMONTID:0001093,Organic compounds;Organic acids and derivatives;Carboxylic acids and derivatives;Carboxylic acid derivatives
9424,Dialkyl ethers,0.99,CHEMONTID:0001167,5,CHEMONTID:0000254,CHEMONTID:0000000;CHEMONTID:0004603;CHEMONTID:0000323;CHEMONTID:0000254;CHEMONTID:0001167,Organic compounds;Organic oxygen compounds;Organooxygen compounds;Ethers;Dialkyl ethers
11783,Amines,0.89,CHEMONTID:0002449,4,CHEMONTID:0000278,CHEMONTID:0000000;CHEMONTID:0004707;CHEMONTID:0000278;CHEMONTID:0002449,Organic compounds;Organic nitrogen compounds;Organonitrogen compounds;Amines
2207,Carbonyl compounds,0.91,CHEMONTID:0001831,4,CHEMONTID:0000323,CHEMONTID:0000000;CHEMONTID:0004603;CHEMONTID:0000323;CHEMONTID:0001831,Organic compounds;Organic oxygen compounds;Organooxygen compounds;Carbonyl compounds
17393,Carbonyl compounds,0.81,CHEMONTID:0001831,4,CHEMONTID:0000323,CHEMONTID:0000000;CHEMONTID:0004603;CHEMONTID:0000323;CHEMONTID:0001831,Organic compounds;Organic oxygen compounds;Organooxygen compounds;Carbonyl compounds
12091,Monocarboxylic acids and derivatives,0.81,CHEMONTID:0001137,4,CHEMONTID:0000265,CHEMONTID:0000000;CHEMONTID:0000264;CHEMONTID:0000265;CHEMONTID:0001137,Organic compounds;Organic acids and derivatives;Carboxylic acids and derivatives;Monocarboxylic acids and derivatives
13316,Secondary carboxylic acid amides,0.93,CHEMONTID:0001663,6,CHEMONTID:0000475,CHEMONTID:0000000;CHEMONTID:0000264;CHEMONTID:0000265;CHEMONTID:0001093;CHEMONTID:0000475;CHEMONTID:0001663,Organic compounds;Organic acids and derivatives;Carboxylic acids and derivatives;Carboxylic acid derivatives;Carboxylic acid amides;Secondary carboxylic acid amides
56,Pyrimidines and pyrimidine derivatives,1,CHEMONTID:0000075,4,CHEMONTID:0001346,CHEMONTID:0000000;CHEMONTID:0000002;CHEMONTID:0001346;CHEMONTID:0000075,Organic compounds;Organoheterocyclic compounds;Diazines;Pyrimidines and pyrimidine derivatives
17047,Carbonyl compounds,0.86,CHEMONTID:0001831,4,CHEMONTID:0000323,CHEMONTID:0000000;CHEMONTID:0004603;CHEMONTID:0000323;CHEMONTID:0001831,Organic compounds;Organic oxygen compounds;Organooxygen compounds;Carbonyl compounds
2721,Alcohols and polyols,0.89,CHEMONTID:0000129,4,CHEMONTID:0000323,CHEMONTID:0000000;CHEMONTID:0004603;CHEMONTID:0000323;CHEMONTID:0000129,Organic compounds;Organic oxygen compounds;Organooxygen compounds;Alcohols and polyols
8768,Primary amines,0.99,CHEMONTID:0002450,5,CHEMONTID:0002449,CHEMONTID:0000000;CHEMONTID:0004707;CHEMONTID:0000278;CHEMONTID:0002449;CHEMONTID:0002450,Organic compounds;Organic nitrogen compounds;Organonitrogen compounds;Amines;Primary amines
8871,Carboximidamides,0.9,CHEMONTID:0003152,4,CHEMONTID:0000278,CHEMONTID:0000000;CHEMONTID:0004707;CHEMONTID:0000278;CHEMONTID:0003152,Organic compounds;Organic nitrogen compounds;Organonitrogen compounds;Carboximidamides
8427,Carboxylic acid derivatives,0.88,CHEMONTID:0001093,4,CHEMONTID:0000265,CHEMONTID:0000000;CHEMONTID:0000264;CHEMONTID:0000265;CHEMONTID:0001093,Organic compounds;Organic acids and derivatives;Carboxylic acids and derivatives;Carboxylic acid derivatives
7912,N-acyl amines,0.86,CHEMONTID:0001096,5,CHEMONTID:0000331,CHEMONTID:0000000;CHEMONTID:0000012;CHEMONTID:0003909;CHEMONTID:0000331;CHEMONTID:0001096,Organic compounds;Lipids and lipid-like molecules;Fatty Acyls;Fatty amides;N-acyl amines
15667,Carbonyl compounds,0.84,CHEMONTID:0001831,4,CHEMONTID:0000323,CHEMONTID:0000000;CHEMONTID:0004603;CHEMONTID:0000323;CHEMONTID:0001831,Organic compounds;Organic oxygen compounds;Organooxygen compounds;Carbonyl compounds
3949,Amines,0.99,CHEMONTID:0002449,4,CHEMONTID:0000278,CHEMONTID:0000000;CHEMONTID:0004707;CHEMONTID:0000278;CHEMONTID:0002449,Organic compounds;Organic nitrogen compounds;Organonitrogen compounds;Amines
19629,Amines,0.87,CHEMONTID:0002449,4,CHEMONTID:0000278,CHEMONTID:0000000;CHEMONTID:0004707;CHEMONTID:0000278;CHEMONTID:0002449,Organic compounds;Organic nitrogen compounds;Organonitrogen compounds;Amines
12587,Imidazoles,0.89,CHEMONTID:0000078,4,CHEMONTID:0000436,CHEMONTID:0000000;CHEMONTID:0000002;CHEMONTID:0000436;CHEMONTID:0000078,Organic compounds;Organoheterocyclic compounds;Azoles;Imidazoles
10890,Carbonyl compounds,0.98,CHEMONTID:0001831,4,CHEMONTID:0000323,CHEMONTID:0000000;CHEMONTID:0004603;CHEMONTID:0000323;CHEMONTID:0001831,Organic compounds;Organic oxygen compounds;Organooxygen compounds;Carbonyl compounds
5845,Monocarboxylic acids and derivatives,0.88,CHEMONTID:0001137,4,CHEMONTID:0000265,CHEMONTID:0000000;CHEMONTID:0000264;CHEMONTID:0000265;CHEMONTID:0001137,Organic compounds;Organic acids and derivatives;Carboxylic acids and derivatives;Monocarboxylic acids and derivatives
11626,Alpha amino acids,0.94,CHEMONTID:0002404,7,CHEMONTID:0000060,CHEMONTID:0000000;CHEMONTID:0000264;CHEMONTID:0000265;CHEMONTID:0000013;CHEMONTID:0000347;CHEMONTID:0000060;CHEMONTID:0002404,"Organic compounds;Organic acids and derivatives;Carboxylic acids and derivatives;Amino acids, peptides, and analogues;Amino acids and derivatives;Alpha amino acids and derivatives;Alpha amino acids"
8039,Carbonyl compounds,0.87,CHEMONTID:0001831,4,CHEMONTID:0000323,CHEMONTID:0000000;CHEMONTID:0004603;CHEMONTID:0000323;CHEMONTID:0001831,Organic compounds;Organic oxygen compounds;Organooxygen compounds;Carbonyl compounds
11673,Amines,1,CHEMONTID:0002449,4,CHEMONTID:0000278,CHEMONTID:0000000;CHEMONTID:0004707;CHEMONTID:0000278;CHEMONTID:0002449,Organic compounds;Organic nitrogen compounds;Organonitrogen compounds;Amines
15670,Carbonyl compounds,0.85,CHEMONTID:0001831,4,CHEMONTID:0000323,CHEMONTID:0000000;CHEMONTID:0004603;CHEMONTID:0000323;CHEMONTID:0001831,Organic compounds;Organic oxygen compounds;Organooxygen compounds;Carbonyl compounds
1336,Amines,0.9,CHEMONTID:0002449,4,CHEMONTID:0000278,CHEMONTID:0000000;CHEMONTID:0004707;CHEMONTID:0000278;CHEMONTID:0002449,Organic compounds;Organic nitrogen compounds;Organonitrogen compounds;Amines
19112,Amines,1,CHEMONTID:0002449,4,CHEMONTID:0000278,CHEMONTID:0000000;CHEMONTID:0004707;CHEMONTID:0000278;CHEMONTID:0002449,Organic compounds;Organic nitrogen compounds;Organonitrogen compounds;Amines
6373,Carbonyl compounds,0.99,CHEMONTID:0001831,4,CHEMONTID:0000323,CHEMONTID:0000000;CHEMONTID:0004603;CHEMONTID:0000323;CHEMONTID:0001831,Organic compounds;Organic oxygen compounds;Organooxygen compounds;Carbonyl compounds
3345,Carbonyl compounds,0.89,CHEMONTID:0001831,4,CHEMONTID:0000323,CHEMONTID:0000000;CHEMONTID:0004603;CHEMONTID:0000323;CHEMONTID:0001831,Organic compounds;Organic oxygen compounds;Organooxygen compounds;Carbonyl compounds
363,Amines,0.96,CHEMONTID:0002449,4,CHEMONTID:0000278,CHEMONTID:0000000;CHEMONTID:0004707;CHEMONTID:0000278;CHEMONTID:0002449,Organic compounds;Organic nitrogen compounds;Organonitrogen compounds;Amines
10907,Primary amines,0.99,CHEMONTID:0002450,5,CHEMONTID:0002449,CHEMONTID:0000000;CHEMONTID:0004707;CHEMONTID:0000278;CHEMONTID:0002449;CHEMONTID:0002450,Organic compounds;Organic nitrogen compounds;Organonitrogen compounds;Amines;Primary amines
20479,Carbohydrates and carbohydrate conjugates,1,CHEMONTID:0000011,4,CHEMONTID:0000323,CHEMONTID:0000000;CHEMONTID:0004603;CHEMONTID:0000323;CHEMONTID:0000011,Organic compounds;Organic oxygen compounds;Organooxygen compounds;Carbohydrates and carbohydrate conjugates
15354,Carbonyl compounds,1,CHEMONTID:0001831,4,CHEMONTID:0000323,CHEMONTID:0000000;CHEMONTID:0004603;CHEMONTID:0000323;CHEMONTID:0001831,Organic compounds;Organic oxygen compounds;Organooxygen compounds;Carbonyl compounds
1527,Carbonyl compounds,0.89,CHEMONTID:0001831,4,CHEMONTID:0000323,CHEMONTID:0000000;CHEMONTID:0004603;CHEMONTID:0000323;CHEMONTID:0001831,Organic compounds;Organic oxygen compounds;Organooxygen compounds;Carbonyl compounds
15094,Amines,0.92,CHEMONTID:0002449,4,CHEMONTID:0000278,CHEMONTID:0000000;CHEMONTID:0004707;CHEMONTID:0000278;CHEMONTID:0002449,Organic compounds;Organic nitrogen compounds;Organonitrogen compounds;Amines
7681,Carboxylic acid derivatives,0.92,CHEMONTID:0001093,4,CHEMONTID:0000265,CHEMONTID:0000000;CHEMONTID:0000264;CHEMONTID:0000265;CHEMONTID:0001093,Organic compounds;Organic acids and derivatives;Carboxylic acids and derivatives;Carboxylic acid derivatives
11971,"Amino acids, peptides, and analogues",0.94,CHEMONTID:0000013,4,CHEMONTID:0000265,CHEMONTID:0000000;CHEMONTID:0000264;CHEMONTID:0000265;CHEMONTID:0000013,"Organic compounds;Organic acids and derivatives;Carboxylic acids and derivatives;Amino acids, peptides, and analogues"
183,Amines,0.94,CHEMONTID:0002449,4,CHEMONTID:0000278,CHEMONTID:0000000;CHEMONTID:0004707;CHEMONTID:0000278;CHEMONTID:0002449,Organic compounds;Organic nitrogen compounds;Organonitrogen compounds;Amines
880,Ethers,0.94,CHEMONTID:0000254,4,CHEMONTID:0000323,CHEMONTID:0000000;CHEMONTID:0004603;CHEMONTID:0000323;CHEMONTID:0000254,Organic compounds;Organic oxygen compounds;Organooxygen compounds;Ethers
1518,Fatty amides,0.84,CHEMONTID:0000331,4,CHEMONTID:0003909,CHEMONTID:0000000;CHEMONTID:0000012;CHEMONTID:0003909;CHEMONTID:0000331,Organic compounds;Lipids and lipid-like molecules;Fatty Acyls;Fatty amides
11166,6-aminopurines,0.93,CHEMONTID:0002987,5,CHEMONTID:0000245,CHEMONTID:0000000;CHEMONTID:0000002;CHEMONTID:0001797;CHEMONTID:0000245;CHEMONTID:0002987,Organic compounds;Organoheterocyclic compounds;Imidazopyrimidines;Purines and purine derivatives;6-aminopurines
6987,Carbonyl compounds,0.89,CHEMONTID:0001831,4,CHEMONTID:0000323,CHEMONTID:0000000;CHEMONTID:0004603;CHEMONTID:0000323;CHEMONTID:0001831,Organic compounds;Organic oxygen compounds;Organooxygen compounds;Carbonyl compounds
15887,Polyols,0.81,CHEMONTID:0002286,5,CHEMONTID:0000129,CHEMONTID:0000000;CHEMONTID:0004603;CHEMONTID:0000323;CHEMONTID:0000129;CHEMONTID:0002286,Organic compounds;Organic oxygen compounds;Organooxygen compounds;Alcohols and polyols;Polyols
12768,Carboxylic acid derivatives,0.97,CHEMONTID:0001093,4,CHEMONTID:0000265,CHEMONTID:0000000;CHEMONTID:0000264;CHEMONTID:0000265;CHEMONTID:0001093,Organic compounds;Organic acids and derivatives;Carboxylic acids and derivatives;Carboxylic acid derivatives
14825,Carbonyl compounds,0.98,CHEMONTID:0001831,4,CHEMONTID:0000323,CHEMONTID:0000000;CHEMONTID:0004603;CHEMONTID:0000323;CHEMONTID:0001831,Organic compounds;Organic oxygen compounds;Organooxygen compounds;Carbonyl compounds
8839,Carbonyl compounds,0.99,CHEMONTID:0001831,4,CHEMONTID:0000323,CHEMONTID:0000000;CHEMONTID:0004603;CHEMONTID:0000323;CHEMONTID:0001831,Organic compounds;Organic oxygen compounds;Organooxygen compounds;Carbonyl compounds
6576,Dialkyl ethers,0.87,CHEMONTID:0001167,5,CHEMONTID:0000254,CHEMONTID:0000000;CHEMONTID:0004603;CHEMONTID:0000323;CHEMONTID:0000254;CHEMONTID:0001167,Organic compounds;Organic oxygen compounds;Organooxygen compounds;Ethers;Dialkyl ethers
11756,Ethers,0.97,CHEMONTID:0000254,4,CHEMONTID:0000323,CHEMONTID:0000000;CHEMONTID:0004603;CHEMONTID:0000323;CHEMONTID:0000254,Organic compounds;Organic oxygen compounds;Organooxygen compounds;Ethers
1595,Carbonyl compounds,0.96,CHEMONTID:0001831,4,CHEMONTID:0000323,CHEMONTID:0000000;CHEMONTID:0004603;CHEMONTID:0000323;CHEMONTID:0001831,Organic compounds;Organic oxygen compounds;Organooxygen compounds;Carbonyl compounds
10540,Amines,0.92,CHEMONTID:0002449,4,CHEMONTID:0000278,CHEMONTID:0000000;CHEMONTID:0004707;CHEMONTID:0000278;CHEMONTID:0002449,Organic compounds;Organic nitrogen compounds;Organonitrogen compounds;Amines
9483,Alcohols and polyols,0.97,CHEMONTID:0000129,4,CHEMONTID:0000323,CHEMONTID:0000000;CHEMONTID:0004603;CHEMONTID:0000323;CHEMONTID:0000129,Organic compounds;Organic oxygen compounds;Organooxygen compounds;Alcohols and polyols
12696,Monoalkylamines,0.94,CHEMONTID:0000469,6,CHEMONTID:0002450,CHEMONTID:0000000;CHEMONTID:0004707;CHEMONTID:0000278;CHEMONTID:0002449;CHEMONTID:0002450;CHEMONTID:0000469,Organic compounds;Organic nitrogen compounds;Organonitrogen compounds;Amines;Primary amines;Monoalkylamines
3266,Carboxylic acid derivatives,0.98,CHEMONTID:0001093,4,CHEMONTID:0000265,CHEMONTID:0000000;CHEMONTID:0000264;CHEMONTID:0000265;CHEMONTID:0001093,Organic compounds;Organic acids and derivatives;Carboxylic acids and derivatives;Carboxylic acid derivatives
17064,Primary amines,0.96,CHEMONTID:0002450,5,CHEMONTID:0002449,CHEMONTID:0000000;CHEMONTID:0004707;CHEMONTID:0000278;CHEMONTID:0002449;CHEMONTID:0002450,Organic compounds;Organic nitrogen compounds;Organonitrogen compounds;Amines;Primary amines
19718,Alkyl phosphates,0.99,CHEMONTID:0003457,5,CHEMONTID:0000408,CHEMONTID:0000000;CHEMONTID:0000264;CHEMONTID:0000402;CHEMONTID:0000408;CHEMONTID:0003457,Organic compounds;Organic acids and derivatives;Organic phosphoric acids and derivatives;Phosphate esters;Alkyl phosphates
9616,Carbonyl compounds,0.87,CHEMONTID:0001831,4,CHEMONTID:0000323,CHEMONTID:0000000;CHEMONTID:0004603;CHEMONTID:0000323;CHEMONTID:0001831,Organic compounds;Organic oxygen compounds;Organooxygen compounds;Carbonyl compounds
14299,Monoalkylamines,1,CHEMONTID:0000469,6,CHEMONTID:0002450,CHEMONTID:0000000;CHEMONTID:0004707;CHEMONTID:0000278;CHEMONTID:0002449;CHEMONTID:0002450;CHEMONTID:0000469,Organic compounds;Organic nitrogen compounds;Organonitrogen compounds;Amines;Primary amines;Monoalkylamines
17366,Dialkyl phosphates,0.93,CHEMONTID:0003459,6,CHEMONTID:0003457,CHEMONTID:0000000;CHEMONTID:0000264;CHEMONTID:0000402;CHEMONTID:0000408;CHEMONTID:0003457;CHEMONTID:0003459,Organic compounds;Organic acids and derivatives;Organic phosphoric acids and derivatives;Phosphate esters;Alkyl phosphates;Dialkyl phosphates
11543,Carbonyl compounds,0.92,CHEMONTID:0001831,4,CHEMONTID:0000323,CHEMONTID:0000000;CHEMONTID:0004603;CHEMONTID:0000323;CHEMONTID:0001831,Organic compounds;Organic oxygen compounds;Organooxygen compounds;Carbonyl compounds
479,Guanidines,0.95,CHEMONTID:0000375,4,CHEMONTID:0000278,CHEMONTID:0000000;CHEMONTID:0004707;CHEMONTID:0000278;CHEMONTID:0000375,Organic compounds;Organic nitrogen compounds;Organonitrogen compounds;Guanidines
6882,Primary amines,1,CHEMONTID:0002450,5,CHEMONTID:0002449,CHEMONTID:0000000;CHEMONTID:0004707;CHEMONTID:0000278;CHEMONTID:0002449;CHEMONTID:0002450,Organic compounds;Organic nitrogen compounds;Organonitrogen compounds;Amines;Primary amines
453,Dialkyl ethers,0.92,CHEMONTID:0001167,5,CHEMONTID:0000254,CHEMONTID:0000000;CHEMONTID:0004603;CHEMONTID:0000323;CHEMONTID:0000254;CHEMONTID:0001167,Organic compounds;Organic oxygen compounds;Organooxygen compounds;Ethers;Dialkyl ethers
7329,Amines,0.96,CHEMONTID:0002449,4,CHEMONTID:0000278,CHEMONTID:0000000;CHEMONTID:0004707;CHEMONTID:0000278;CHEMONTID:0002449,Organic compounds;Organic nitrogen compounds;Organonitrogen compounds;Amines
5410,Carbonyl compounds,0.84,CHEMONTID:0001831,4,CHEMONTID:0000323,CHEMONTID:0000000;CHEMONTID:0004603;CHEMONTID:0000323;CHEMONTID:0001831,Organic compounds;Organic oxygen compounds;Organooxygen compounds;Carbonyl compounds
18302,Carbonyl compounds,0.97,CHEMONTID:0001831,4,CHEMONTID:0000323,CHEMONTID:0000000;CHEMONTID:0004603;CHEMONTID:0000323;CHEMONTID:0001831,Organic compounds;Organic oxygen compounds;Organooxygen compounds;Carbonyl compounds
2070,Carbonyl compounds,0.93,CHEMONTID:0001831,4,CHEMONTID:0000323,CHEMONTID:0000000;CHEMONTID:0004603;CHEMONTID:0000323;CHEMONTID:0001831,Organic compounds;Organic oxygen compounds;Organooxygen compounds;Carbonyl compounds
16159,Alkyl phosphates,1,CHEMONTID:0003457,5,CHEMONTID:0000408,CHEMONTID:0000000;CHEMONTID:0000264;CHEMONTID:0000402;CHEMONTID:0000408;CHEMONTID:0003457,Organic compounds;Organic acids and derivatives;Organic phosphoric acids and derivatives;Phosphate esters;Alkyl phosphates
16508,Carboxylic acid derivatives,0.96,CHEMONTID:0001093,4,CHEMONTID:0000265,CHEMONTID:0000000;CHEMONTID:0000264;CHEMONTID:0000265;CHEMONTID:0001093,Organic compounds;Organic acids and derivatives;Carboxylic acids and derivatives;Carboxylic acid derivatives
14320,Phosphate esters,1,CHEMONTID:0000408,4,CHEMONTID:0000402,CHEMONTID:0000000;CHEMONTID:0000264;CHEMONTID:0000402;CHEMONTID:0000408,Organic compounds;Organic acids and derivatives;Organic phosphoric acids and derivatives;Phosphate esters
4255,Amines,0.99,CHEMONTID:0002449,4,CHEMONTID:0000278,CHEMONTID:0000000;CHEMONTID:0004707;CHEMONTID:0000278;CHEMONTID:0002449,Organic compounds;Organic nitrogen compounds;Organonitrogen compounds;Amines
20301,Amines,0.9,CHEMONTID:0002449,4,CHEMONTID:0000278,CHEMONTID:0000000;CHEMONTID:0004707;CHEMONTID:0000278;CHEMONTID:0002449,Organic compounds;Organic nitrogen compounds;Organonitrogen compounds;Amines
6109,Carbonyl compounds,0.97,CHEMONTID:0001831,4,CHEMONTID:0000323,CHEMONTID:0000000;CHEMONTID:0004603;CHEMONTID:0000323;CHEMONTID:0001831,Organic compounds;Organic oxygen compounds;Organooxygen compounds;Carbonyl compounds
5885,Carboxylic acid derivatives,0.92,CHEMONTID:0001093,4,CHEMONTID:0000265,CHEMONTID:0000000;CHEMONTID:0000264;CHEMONTID:0000265;CHEMONTID:0001093,Organic compounds;Organic acids and derivatives;Carboxylic acids and derivatives;Carboxylic acid derivatives
12833,Carbonyl compounds,0.96,CHEMONTID:0001831,4,CHEMONTID:0000323,CHEMONTID:0000000;CHEMONTID:0004603;CHEMONTID:0000323;CHEMONTID:0001831,Organic compounds;Organic oxygen compounds;Organooxygen compounds;Carbonyl compounds
3533,Amines,0.93,CHEMONTID:0002449,4,CHEMONTID:0000278,CHEMONTID:0000000;CHEMONTID:0004707;CHEMONTID:0000278;CHEMONTID:0002449,Organic compounds;Organic nitrogen compounds;Organonitrogen compounds;Amines
1616,Carbonyl compounds,0.89,CHEMONTID:0001831,4,CHEMONTID:0000323,CHEMONTID:0000000;CHEMONTID:0004603;CHEMONTID:0000323;CHEMONTID:0001831,Organic compounds;Organic oxygen compounds;Organooxygen compounds;Carbonyl compounds
20153,Carboxylic acid derivatives,0.88,CHEMONTID:0001093,4,CHEMONTID:0000265,CHEMONTID:0000000;CHEMONTID:0000264;CHEMONTID:0000265;CHEMONTID:0001093,Organic compounds;Organic acids and derivatives;Carboxylic acids and derivatives;Carboxylic acid derivatives
8860,Diacylglycerols,0.91,CHEMONTID:0001129,5,CHEMONTID:0003809,CHEMONTID:0000000;CHEMONTID:0000012;CHEMONTID:0000175;CHEMONTID:0003809;CHEMONTID:0001129,Organic compounds;Lipids and lipid-like molecules;Glycerolipids;Diradylglycerols;Diacylglycerols
4268,Carbonyl compounds,0.99,CHEMONTID:0001831,4,CHEMONTID:0000323,CHEMONTID:0000000;CHEMONTID:0004603;CHEMONTID:0000323;CHEMONTID:0001831,Organic compounds;Organic oxygen compounds;Organooxygen compounds;Carbonyl compounds
1721,Nitriles,0.81,CHEMONTID:0000362,5,CHEMONTID:0004504,CHEMONTID:0000000;CHEMONTID:0004707;CHEMONTID:0000278;CHEMONTID:0004504;CHEMONTID:0000362,Organic compounds;Organic nitrogen compounds;Organonitrogen compounds;Organic cyanides;Nitriles
19598,6-aminopurines,0.98,CHEMONTID:0002987,5,CHEMONTID:0000245,CHEMONTID:0000000;CHEMONTID:0000002;CHEMONTID:0001797;CHEMONTID:0000245;CHEMONTID:0002987,Organic compounds;Organoheterocyclic compounds;Imidazopyrimidines;Purines and purine derivatives;6-aminopurines
20145,Amines,0.95,CHEMONTID:0002449,4,CHEMONTID:0000278,CHEMONTID:0000000;CHEMONTID:0004707;CHEMONTID:0000278;CHEMONTID:0002449,Organic compounds;Organic nitrogen compounds;Organonitrogen compounds;Amines
15626,Carbonyl compounds,0.81,CHEMONTID:0001831,4,CHEMONTID:0000323,CHEMONTID:0000000;CHEMONTID:0004603;CHEMONTID:0000323;CHEMONTID:0001831,Organic compounds;Organic oxygen compounds;Organooxygen compounds;Carbonyl compounds
10032,Carbonyl compounds,0.91,CHEMONTID:0001831,4,CHEMONTID:0000323,CHEMONTID:0000000;CHEMONTID:0004603;CHEMONTID:0000323;CHEMONTID:0001831,Organic compounds;Organic oxygen compounds;Organooxygen compounds;Carbonyl compounds
10951,Amines,0.96,CHEMONTID:0002449,4,CHEMONTID:0000278,CHEMONTID:0000000;CHEMONTID:0004707;CHEMONTID:0000278;CHEMONTID:0002449,Organic compounds;Organic nitrogen compounds;Organonitrogen compounds;Amines
11894,Carbonyl compounds,0.8,CHEMONTID:0001831,4,CHEMONTID:0000323,CHEMONTID:0000000;CHEMONTID:0004603;CHEMONTID:0000323;CHEMONTID:0001831,Organic compounds;Organic oxygen compounds;Organooxygen compounds;Carbonyl compounds
11337,Primary amines,0.95,CHEMONTID:0002450,5,CHEMONTID:0002449,CHEMONTID:0000000;CHEMONTID:0004707;CHEMONTID:0000278;CHEMONTID:0002449;CHEMONTID:0002450,Organic compounds;Organic nitrogen compounds;Organonitrogen compounds;Amines;Primary amines
6832,Monosaccharide phosphates,0.99,CHEMONTID:0001541,6,CHEMONTID:0001540,CHEMONTID:0000000;CHEMONTID:0004603;CHEMONTID:0000323;CHEMONTID:0000011;CHEMONTID:0001540;CHEMONTID:0001541,Organic compounds;Organic oxygen compounds;Organooxygen compounds;Carbohydrates and carbohydrate conjugates;Monosaccharides;Monosaccharide phosphates
20169,Carboxylic acid derivatives,0.94,CHEMONTID:0001093,4,CHEMONTID:0000265,CHEMONTID:0000000;CHEMONTID:0000264;CHEMONTID:0000265;CHEMONTID:0001093,Organic compounds;Organic acids and derivatives;Carboxylic acids and derivatives;Carboxylic acid derivatives
4220,Carboxylic acid derivatives,0.98,CHEMONTID:0001093,4,CHEMONTID:0000265,CHEMONTID:0000000;CHEMONTID:0000264;CHEMONTID:0000265;CHEMONTID:0001093,Organic compounds;Organic acids and derivatives;Carboxylic acids and derivatives;Carboxylic acid derivatives
8121,Carbonyl compounds,0.93,CHEMONTID:0001831,4,CHEMONTID:0000323,CHEMONTID:0000000;CHEMONTID:0004603;CHEMONTID:0000323;CHEMONTID:0001831,Organic compounds;Organic oxygen compounds;Organooxygen compounds;Carbonyl compounds
7541,Dialkyl ethers,0.91,CHEMONTID:0001167,5,CHEMONTID:0000254,CHEMONTID:0000000;CHEMONTID:0004603;CHEMONTID:0000323;CHEMONTID:0000254;CHEMONTID:0001167,Organic compounds;Organic oxygen compounds;Organooxygen compounds;Ethers;Dialkyl ethers
2730,Carboxylic acid derivatives,0.98,CHEMONTID:0001093,4,CHEMONTID:0000265,CHEMONTID:0000000;CHEMONTID:0000264;CHEMONTID:0000265;CHEMONTID:0001093,Organic compounds;Organic acids and derivatives;Carboxylic acids and derivatives;Carboxylic acid derivatives
4317,Amines,0.95,CHEMONTID:0002449,4,CHEMONTID:0000278,CHEMONTID:0000000;CHEMONTID:0004707;CHEMONTID:0000278;CHEMONTID:0002449,Organic compounds;Organic nitrogen compounds;Organonitrogen compounds;Amines
18534,Carbonyl compounds,0.95,CHEMONTID:0001831,4,CHEMONTID:0000323,CHEMONTID:0000000;CHEMONTID:0004603;CHEMONTID:0000323;CHEMONTID:0001831,Organic compounds;Organic oxygen compounds;Organooxygen compounds;Carbonyl compounds
17298,Carboxylic acid amides,0.95,CHEMONTID:0000475,5,CHEMONTID:0001093,CHEMONTID:0000000;CHEMONTID:0000264;CHEMONTID:0000265;CHEMONTID:0001093;CHEMONTID:0000475,Organic compounds;Organic acids and derivatives;Carboxylic acids and derivatives;Carboxylic acid derivatives;Carboxylic acid amides
772,Carbonyl compounds,0.89,CHEMONTID:0001831,4,CHEMONTID:0000323,CHEMONTID:0000000;CHEMONTID:0004603;CHEMONTID:0000323;CHEMONTID:0001831,Organic compounds;Organic oxygen compounds;Organooxygen compounds;Carbonyl compounds
14385,Carboxylic acid amides,0.96,CHEMONTID:0000475,5,CHEMONTID:0001093,CHEMONTID:0000000;CHEMONTID:0000264;CHEMONTID:0000265;CHEMONTID:0001093;CHEMONTID:0000475,Organic compounds;Organic acids and derivatives;Carboxylic acids and derivatives;Carboxylic acid derivatives;Carboxylic acid amides
14107,Dialkyl phosphates,1,CHEMONTID:0003459,6,CHEMONTID:0003457,CHEMONTID:0000000;CHEMONTID:0000264;CHEMONTID:0000402;CHEMONTID:0000408;CHEMONTID:0003457;CHEMONTID:0003459,Organic compounds;Organic acids and derivatives;Organic phosphoric acids and derivatives;Phosphate esters;Alkyl phosphates;Dialkyl phosphates
2902,Alkyl phosphates,1,CHEMONTID:0003457,5,CHEMONTID:0000408,CHEMONTID:0000000;CHEMONTID:0000264;CHEMONTID:0000402;CHEMONTID:0000408;CHEMONTID:0003457,Organic compounds;Organic acids and derivatives;Organic phosphoric acids and derivatives;Phosphate esters;Alkyl phosphates
1748,Carboxylic acids,0.81,CHEMONTID:0001205,4,CHEMONTID:0000265,CHEMONTID:0000000;CHEMONTID:0000264;CHEMONTID:0000265;CHEMONTID:0001205,Organic compounds;Organic acids and derivatives;Carboxylic acids and derivatives;Carboxylic acids
15161,Carboxylic acid derivatives,1,CHEMONTID:0001093,4,CHEMONTID:0000265,CHEMONTID:0000000;CHEMONTID:0000264;CHEMONTID:0000265;CHEMONTID:0001093,Organic compounds;Organic acids and derivatives;Carboxylic acids and derivatives;Carboxylic acid derivatives
1413,Carbonyl compounds,0.89,CHEMONTID:0001831,4,CHEMONTID:0000323,CHEMONTID:0000000;CHEMONTID:0004603;CHEMONTID:0000323;CHEMONTID:0001831,Organic compounds;Organic oxygen compounds;Organooxygen compounds;Carbonyl compounds
9994,Carbonyl compounds,0.82,CHEMONTID:0001831,4,CHEMONTID:0000323,CHEMONTID:0000000;CHEMONTID:0004603;CHEMONTID:0000323;CHEMONTID:0001831,Organic compounds;Organic oxygen compounds;Organooxygen compounds;Carbonyl compounds
9788,Carbonyl compounds,0.96,CHEMONTID:0001831,4,CHEMONTID:0000323,CHEMONTID:0000000;CHEMONTID:0004603;CHEMONTID:0000323;CHEMONTID:0001831,Organic compounds;Organic oxygen compounds;Organooxygen compounds;Carbonyl compounds
4581,Amines,0.99,CHEMONTID:0002449,4,CHEMONTID:0000278,CHEMONTID:0000000;CHEMONTID:0004707;CHEMONTID:0000278;CHEMONTID:0002449,Organic compounds;Organic nitrogen compounds;Organonitrogen compounds;Amines
746,Dialkyl ethers,0.93,CHEMONTID:0001167,5,CHEMONTID:0000254,CHEMONTID:0000000;CHEMONTID:0004603;CHEMONTID:0000323;CHEMONTID:0000254;CHEMONTID:0001167,Organic compounds;Organic oxygen compounds;Organooxygen compounds;Ethers;Dialkyl ethers
7888,Carboxylic acid derivatives,0.99,CHEMONTID:0001093,4,CHEMONTID:0000265,CHEMONTID:0000000;CHEMONTID:0000264;CHEMONTID:0000265;CHEMONTID:0001093,Organic compounds;Organic acids and derivatives;Carboxylic acids and derivatives;Carboxylic acid derivatives
4044,Carbonyl compounds,0.86,CHEMONTID:0001831,4,CHEMONTID:0000323,CHEMONTID:0000000;CHEMONTID:0004603;CHEMONTID:0000323;CHEMONTID:0001831,Organic compounds;Organic oxygen compounds;Organooxygen compounds;Carbonyl compounds
15142,Carbonyl compounds,0.87,CHEMONTID:0001831,4,CHEMONTID:0000323,CHEMONTID:0000000;CHEMONTID:0004603;CHEMONTID:0000323;CHEMONTID:0001831,Organic compounds;Organic oxygen compounds;Organooxygen compounds;Carbonyl compounds
2165,Amines,0.98,CHEMONTID:0002449,4,CHEMONTID:0000278,CHEMONTID:0000000;CHEMONTID:0004707;CHEMONTID:0000278;CHEMONTID:0002449,Organic compounds;Organic nitrogen compounds;Organonitrogen compounds;Amines
3094,Amines,0.95,CHEMONTID:0002449,4,CHEMONTID:0000278,CHEMONTID:0000000;CHEMONTID:0004707;CHEMONTID:0000278;CHEMONTID:0002449,Organic compounds;Organic nitrogen compounds;Organonitrogen compounds;Amines
13922,Alkyl phosphates,0.99,CHEMONTID:0003457,5,CHEMONTID:0000408,CHEMONTID:0000000;CHEMONTID:0000264;CHEMONTID:0000402;CHEMONTID:0000408;CHEMONTID:0003457,Organic compounds;Organic acids and derivatives;Organic phosphoric acids and derivatives;Phosphate esters;Alkyl phosphates
16358,Dialkyl ethers,0.99,CHEMONTID:0001167,5,CHEMONTID:0000254,CHEMONTID:0000000;CHEMONTID:0004603;CHEMONTID:0000323;CHEMONTID:0000254;CHEMONTID:0001167,Organic compounds;Organic oxygen compounds;Organooxygen compounds;Ethers;Dialkyl ethers
19799,Monoalkylamines,0.98,CHEMONTID:0000469,6,CHEMONTID:0002450,CHEMONTID:0000000;CHEMONTID:0004707;CHEMONTID:0000278;CHEMONTID:0002449;CHEMONTID:0002450;CHEMONTID:0000469,Organic compounds;Organic nitrogen compounds;Organonitrogen compounds;Amines;Primary amines;Monoalkylamines
6698,Amines,0.98,CHEMONTID:0002449,4,CHEMONTID:0000278,CHEMONTID:0000000;CHEMONTID:0004707;CHEMONTID:0000278;CHEMONTID:0002449,Organic compounds;Organic nitrogen compounds;Organonitrogen compounds;Amines
11888,Carboxylic acid derivatives,0.97,CHEMONTID:0001093,4,CHEMONTID:0000265,CHEMONTID:0000000;CHEMONTID:0000264;CHEMONTID:0000265;CHEMONTID:0001093,Organic compounds;Organic acids and derivatives;Carboxylic acids and derivatives;Carboxylic acid derivatives
19286,Carbonyl compounds,0.92,CHEMONTID:0001831,4,CHEMONTID:0000323,CHEMONTID:0000000;CHEMONTID:0004603;CHEMONTID:0000323;CHEMONTID:0001831,Organic compounds;Organic oxygen compounds;Organooxygen compounds;Carbonyl compounds
10267,Primary amines,0.83,CHEMONTID:0002450,5,CHEMONTID:0002449,CHEMONTID:0000000;CHEMONTID:0004707;CHEMONTID:0000278;CHEMONTID:0002449;CHEMONTID:0002450,Organic compounds;Organic nitrogen compounds;Organonitrogen compounds;Amines;Primary amines
13530,Alcohols and polyols,0.88,CHEMONTID:0000129,4,CHEMONTID:0000323,CHEMONTID:0000000;CHEMONTID:0004603;CHEMONTID:0000323;CHEMONTID:0000129,Organic compounds;Organic oxygen compounds;Organooxygen compounds;Alcohols and polyols
7038,Carbonyl compounds,0.84,CHEMONTID:0001831,4,CHEMONTID:0000323,CHEMONTID:0000000;CHEMONTID:0004603;CHEMONTID:0000323;CHEMONTID:0001831,Organic compounds;Organic oxygen compounds;Organooxygen compounds;Carbonyl compounds
17228,Carbonyl compounds,0.9,CHEMONTID:0001831,4,CHEMONTID:0000323,CHEMONTID:0000000;CHEMONTID:0004603;CHEMONTID:0000323;CHEMONTID:0001831,Organic compounds;Organic oxygen compounds;Organooxygen compounds;Carbonyl compounds
8729,Primary amines,0.87,CHEMONTID:0002450,5,CHEMONTID:0002449,CHEMONTID:0000000;CHEMONTID:0004707;CHEMONTID:0000278;CHEMONTID:0002449;CHEMONTID:0002450,Organic compounds;Organic nitrogen compounds;Organonitrogen compounds;Amines;Primary amines
3835,Primary alcohols,0.9,CHEMONTID:0000286,5,CHEMONTID:0000129,CHEMONTID:0000000;CHEMONTID:0004603;CHEMONTID:0000323;CHEMONTID:0000129;CHEMONTID:0000286,Organic compounds;Organic oxygen compounds;Organooxygen compounds;Alcohols and polyols;Primary alcohols
19849,Carboxylic acid derivatives,0.99,CHEMONTID:0001093,4,CHEMONTID:0000265,CHEMONTID:0000000;CHEMONTID:0000264;CHEMONTID:0000265;CHEMONTID:0001093,Organic compounds;Organic acids and derivatives;Carboxylic acids and derivatives;Carboxylic acid derivatives
13870,Amines,0.98,CHEMONTID:0002449,4,CHEMONTID:0000278,CHEMONTID:0000000;CHEMONTID:0004707;CHEMONTID:0000278;CHEMONTID:0002449,Organic compounds;Organic nitrogen compounds;Organonitrogen compounds;Amines
7206,Carboxylic acid derivatives,0.93,CHEMONTID:0001093,4,CHEMONTID:0000265,CHEMONTID:0000000;CHEMONTID:0000264;CHEMONTID:0000265;CHEMONTID:0001093,Organic compounds;Organic acids and derivatives;Carboxylic acids and derivatives;Carboxylic acid derivatives
668,Fatty amides,0.84,CHEMONTID:0000331,4,CHEMONTID:0003909,CHEMONTID:0000000;CHEMONTID:0000012;CHEMONTID:0003909;CHEMONTID:0000331,Organic compounds;Lipids and lipid-like molecules;Fatty Acyls;Fatty amides
17057,Carboxylic acid derivatives,0.98,CHEMONTID:0001093,4,CHEMONTID:0000265,CHEMONTID:0000000;CHEMONTID:0000264;CHEMONTID:0000265;CHEMONTID:0001093,Organic compounds;Organic acids and derivatives;Carboxylic acids and derivatives;Carboxylic acid derivatives
14981,Carbonyl compounds,0.89,CHEMONTID:0001831,4,CHEMONTID:0000323,CHEMONTID:0000000;CHEMONTID:0004603;CHEMONTID:0000323;CHEMONTID:0001831,Organic compounds;Organic oxygen compounds;Organooxygen compounds;Carbonyl compounds
5939,Alkyl phosphates,0.98,CHEMONTID:0003457,5,CHEMONTID:0000408,CHEMONTID:0000000;CHEMONTID:0000264;CHEMONTID:0000402;CHEMONTID:0000408;CHEMONTID:0003457,Organic compounds;Organic acids and derivatives;Organic phosphoric acids and derivatives;Phosphate esters;Alkyl phosphates
9883,Carbonyl compounds,0.87,CHEMONTID:0001831,4,CHEMONTID:0000323,CHEMONTID:0000000;CHEMONTID:0004603;CHEMONTID:0000323;CHEMONTID:0001831,Organic compounds;Organic oxygen compounds;Organooxygen compounds;Carbonyl compounds
11398,Alcohols and polyols,0.87,CHEMONTID:0000129,4,CHEMONTID:0000323,CHEMONTID:0000000;CHEMONTID:0004603;CHEMONTID:0000323;CHEMONTID:0000129,Organic compounds;Organic oxygen compounds;Organooxygen compounds;Alcohols and polyols
3162,Amines,0.95,CHEMONTID:0002449,4,CHEMONTID:0000278,CHEMONTID:0000000;CHEMONTID:0004707;CHEMONTID:0000278;CHEMONTID:0002449,Organic compounds;Organic nitrogen compounds;Organonitrogen compounds;Amines
9553,Carbonyl compounds,0.95,CHEMONTID:0001831,4,CHEMONTID:0000323,CHEMONTID:0000000;CHEMONTID:0004603;CHEMONTID:0000323;CHEMONTID:0001831,Organic compounds;Organic oxygen compounds;Organooxygen compounds;Carbonyl compounds
16514,"Amino acids, peptides, and analogues",0.93,CHEMONTID:0000013,4,CHEMONTID:0000265,CHEMONTID:0000000;CHEMONTID:0000264;CHEMONTID:0000265;CHEMONTID:0000013,"Organic compounds;Organic acids and derivatives;Carboxylic acids and derivatives;Amino acids, peptides, and analogues"
13671,Amines,0.93,CHEMONTID:0002449,4,CHEMONTID:0000278,CHEMONTID:0000000;CHEMONTID:0004707;CHEMONTID:0000278;CHEMONTID:0002449,Organic compounds;Organic nitrogen compounds;Organonitrogen compounds;Amines
5155,Dicarboxylic acids and derivatives,0.92,CHEMONTID:0000346,4,CHEMONTID:0000265,CHEMONTID:0000000;CHEMONTID:0000264;CHEMONTID:0000265;CHEMONTID:0000346,Organic compounds;Organic acids and derivatives;Carboxylic acids and derivatives;Dicarboxylic acids and derivatives
13667,Carbonyl compounds,0.96,CHEMONTID:0001831,4,CHEMONTID:0000323,CHEMONTID:0000000;CHEMONTID:0004603;CHEMONTID:0000323;CHEMONTID:0001831,Organic compounds;Organic oxygen compounds;Organooxygen compounds;Carbonyl compounds
11832,Carbonyl compounds,0.89,CHEMONTID:0001831,4,CHEMONTID:0000323,CHEMONTID:0000000;CHEMONTID:0004603;CHEMONTID:0000323;CHEMONTID:0001831,Organic compounds;Organic oxygen compounds;Organooxygen compounds;Carbonyl compounds
10997,Carbohydrates and carbohydrate conjugates,0.97,CHEMONTID:0000011,4,CHEMONTID:0000323,CHEMONTID:0000000;CHEMONTID:0004603;CHEMONTID:0000323;CHEMONTID:0000011,Organic compounds;Organic oxygen compounds;Organooxygen compounds;Carbohydrates and carbohydrate conjugates
12778,Amines,0.91,CHEMONTID:0002449,4,CHEMONTID:0000278,CHEMONTID:0000000;CHEMONTID:0004707;CHEMONTID:0000278;CHEMONTID:0002449,Organic compounds;Organic nitrogen compounds;Organonitrogen compounds;Amines
16652,Alcohols and polyols,0.99,CHEMONTID:0000129,4,CHEMONTID:0000323,CHEMONTID:0000000;CHEMONTID:0004603;CHEMONTID:0000323;CHEMONTID:0000129,Organic compounds;Organic oxygen compounds;Organooxygen compounds;Alcohols and polyols
2572,Alcohols and polyols,0.99,CHEMONTID:0000129,4,CHEMONTID:0000323,CHEMONTID:0000000;CHEMONTID:0004603;CHEMONTID:0000323;CHEMONTID:0000129,Organic compounds;Organic oxygen compounds;Organooxygen compounds;Alcohols and polyols
5976,Carbonyl compounds,0.96,CHEMONTID:0001831,4,CHEMONTID:0000323,CHEMONTID:0000000;CHEMONTID:0004603;CHEMONTID:0000323;CHEMONTID:0001831,Organic compounds;Organic oxygen compounds;Organooxygen compounds;Carbonyl compounds
20327,Primary amines,0.99,CHEMONTID:0002450,5,CHEMONTID:0002449,CHEMONTID:0000000;CHEMONTID:0004707;CHEMONTID:0000278;CHEMONTID:0002449;CHEMONTID:0002450,Organic compounds;Organic nitrogen compounds;Organonitrogen compounds;Amines;Primary amines
10960,Carbonyl compounds,1,CHEMONTID:0001831,4,CHEMONTID:0000323,CHEMONTID:0000000;CHEMONTID:0004603;CHEMONTID:0000323;CHEMONTID:0001831,Organic compounds;Organic oxygen compounds;Organooxygen compounds;Carbonyl compounds
11025,Dialkyl ethers,0.99,CHEMONTID:0001167,5,CHEMONTID:0000254,CHEMONTID:0000000;CHEMONTID:0004603;CHEMONTID:0000323;CHEMONTID:0000254;CHEMONTID:0001167,Organic compounds;Organic oxygen compounds;Organooxygen compounds;Ethers;Dialkyl ethers
6784,Guanidines,0.8,CHEMONTID:0000375,4,CHEMONTID:0000278,CHEMONTID:0000000;CHEMONTID:0004707;CHEMONTID:0000278;CHEMONTID:0000375,Organic compounds;Organic nitrogen compounds;Organonitrogen compounds;Guanidines
15427,Amines,0.89,CHEMONTID:0002449,4,CHEMONTID:0000278,CHEMONTID:0000000;CHEMONTID:0004707;CHEMONTID:0000278;CHEMONTID:0002449,Organic compounds;Organic nitrogen compounds;Organonitrogen compounds;Amines
6755,Carbonyl compounds,0.99,CHEMONTID:0001831,4,CHEMONTID:0000323,CHEMONTID:0000000;CHEMONTID:0004603;CHEMONTID:0000323;CHEMONTID:0001831,Organic compounds;Organic oxygen compounds;Organooxygen compounds;Carbonyl compounds
16110,Alcohols and polyols,0.93,CHEMONTID:0000129,4,CHEMONTID:0000323,CHEMONTID:0000000;CHEMONTID:0004603;CHEMONTID:0000323;CHEMONTID:0000129,Organic compounds;Organic oxygen compounds;Organooxygen compounds;Alcohols and polyols
8116,Primary amines,0.99,CHEMONTID:0002450,5,CHEMONTID:0002449,CHEMONTID:0000000;CHEMONTID:0004707;CHEMONTID:0000278;CHEMONTID:0002449;CHEMONTID:0002450,Organic compounds;Organic nitrogen compounds;Organonitrogen compounds;Amines;Primary amines
18942,Dialkyl ethers,0.92,CHEMONTID:0001167,5,CHEMONTID:0000254,CHEMONTID:0000000;CHEMONTID:0004603;CHEMONTID:0000323;CHEMONTID:0000254;CHEMONTID:0001167,Organic compounds;Organic oxygen compounds;Organooxygen compounds;Ethers;Dialkyl ethers
5356,Monoalkylamines,0.98,CHEMONTID:0000469,6,CHEMONTID:0002450,CHEMONTID:0000000;CHEMONTID:0004707;CHEMONTID:0000278;CHEMONTID:0002449;CHEMONTID:0002450;CHEMONTID:0000469,Organic compounds;Organic nitrogen compounds;Organonitrogen compounds;Amines;Primary amines;Monoalkylamines
13821,Carboxylic acid derivatives,0.84,CHEMONTID:0001093,4,CHEMONTID:0000265,CHEMONTID:0000000;CHEMONTID:0000264;CHEMONTID:0000265;CHEMONTID:0001093,Organic compounds;Organic acids and derivatives;Carboxylic acids and derivatives;Carboxylic acid derivatives
8836,Carbonyl compounds,0.92,CHEMONTID:0001831,4,CHEMONTID:0000323,CHEMONTID:0000000;CHEMONTID:0004603;CHEMONTID:0000323;CHEMONTID:0001831,Organic compounds;Organic oxygen compounds;Organooxygen compounds;Carbonyl compounds
9540,Carbonyl compounds,0.95,CHEMONTID:0001831,4,CHEMONTID:0000323,CHEMONTID:0000000;CHEMONTID:0004603;CHEMONTID:0000323;CHEMONTID:0001831,Organic compounds;Organic oxygen compounds;Organooxygen compounds;Carbonyl compounds
449,Alcohols and polyols,0.96,CHEMONTID:0000129,4,CHEMONTID:0000323,CHEMONTID:0000000;CHEMONTID:0004603;CHEMONTID:0000323;CHEMONTID:0000129,Organic compounds;Organic oxygen compounds;Organooxygen compounds;Alcohols and polyols
8294,Ethers,0.98,CHEMONTID:0000254,4,CHEMONTID:0000323,CHEMONTID:0000000;CHEMONTID:0004603;CHEMONTID:0000323;CHEMONTID:0000254,Organic compounds;Organic oxygen compounds;Organooxygen compounds;Ethers
12541,Amines,0.94,CHEMONTID:0002449,4,CHEMONTID:0000278,CHEMONTID:0000000;CHEMONTID:0004707;CHEMONTID:0000278;CHEMONTID:0002449,Organic compounds;Organic nitrogen compounds;Organonitrogen compounds;Amines
14002,Dialkyl ethers,0.99,CHEMONTID:0001167,5,CHEMONTID:0000254,CHEMONTID:0000000;CHEMONTID:0004603;CHEMONTID:0000323;CHEMONTID:0000254;CHEMONTID:0001167,Organic compounds;Organic oxygen compounds;Organooxygen compounds;Ethers;Dialkyl ethers
6030,Monoalkylamines,1,CHEMONTID:0000469,6,CHEMONTID:0002450,CHEMONTID:0000000;CHEMONTID:0004707;CHEMONTID:0000278;CHEMONTID:0002449;CHEMONTID:0002450;CHEMONTID:0000469,Organic compounds;Organic nitrogen compounds;Organonitrogen compounds;Amines;Primary amines;Monoalkylamines
2231,Carbonyl compounds,0.88,CHEMONTID:0001831,4,CHEMONTID:0000323,CHEMONTID:0000000;CHEMONTID:0004603;CHEMONTID:0000323;CHEMONTID:0001831,Organic compounds;Organic oxygen compounds;Organooxygen compounds;Carbonyl compounds
5533,Primary amines,0.95,CHEMONTID:0002450,5,CHEMONTID:0002449,CHEMONTID:0000000;CHEMONTID:0004707;CHEMONTID:0000278;CHEMONTID:0002449;CHEMONTID:0002450,Organic compounds;Organic nitrogen compounds;Organonitrogen compounds;Amines;Primary amines
9278,Carbohydrates and carbohydrate conjugates,1,CHEMONTID:0000011,4,CHEMONTID:0000323,CHEMONTID:0000000;CHEMONTID:0004603;CHEMONTID:0000323;CHEMONTID:0000011,Organic compounds;Organic oxygen compounds;Organooxygen compounds;Carbohydrates and carbohydrate conjugates
13743,Carbonyl compounds,0.86,CHEMONTID:0001831,4,CHEMONTID:0000323,CHEMONTID:0000000;CHEMONTID:0004603;CHEMONTID:0000323;CHEMONTID:0001831,Organic compounds;Organic oxygen compounds;Organooxygen compounds;Carbonyl compounds
15205,Monoalkylamines,0.96,CHEMONTID:0000469,6,CHEMONTID:0002450,CHEMONTID:0000000;CHEMONTID:0004707;CHEMONTID:0000278;CHEMONTID:0002449;CHEMONTID:0002450;CHEMONTID:0000469,Organic compounds;Organic nitrogen compounds;Organonitrogen compounds;Amines;Primary amines;Monoalkylamines
12522,"Amino acids, peptides, and analogues",0.87,CHEMONTID:0000013,4,CHEMONTID:0000265,CHEMONTID:0000000;CHEMONTID:0000264;CHEMONTID:0000265;CHEMONTID:0000013,"Organic compounds;Organic acids and derivatives;Carboxylic acids and derivatives;Amino acids, peptides, and analogues"
13252,Carbonyl compounds,0.97,CHEMONTID:0001831,4,CHEMONTID:0000323,CHEMONTID:0000000;CHEMONTID:0004603;CHEMONTID:0000323;CHEMONTID:0001831,Organic compounds;Organic oxygen compounds;Organooxygen compounds;Carbonyl compounds
15974,Amines,0.81,CHEMONTID:0002449,4,CHEMONTID:0000278,CHEMONTID:0000000;CHEMONTID:0004707;CHEMONTID:0000278;CHEMONTID:0002449,Organic compounds;Organic nitrogen compounds;Organonitrogen compounds;Amines
3404,Carbonyl compounds,0.84,CHEMONTID:0001831,4,CHEMONTID:0000323,CHEMONTID:0000000;CHEMONTID:0004603;CHEMONTID:0000323;CHEMONTID:0001831,Organic compounds;Organic oxygen compounds;Organooxygen compounds;Carbonyl compounds
5205,Carboxylic acid derivatives,0.89,CHEMONTID:0001093,4,CHEMONTID:0000265,CHEMONTID:0000000;CHEMONTID:0000264;CHEMONTID:0000265;CHEMONTID:0001093,Organic compounds;Organic acids and derivatives;Carboxylic acids and derivatives;Carboxylic acid derivatives
11873,Carbonyl compounds,0.85,CHEMONTID:0001831,4,CHEMONTID:0000323,CHEMONTID:0000000;CHEMONTID:0004603;CHEMONTID:0000323;CHEMONTID:0001831,Organic compounds;Organic oxygen compounds;Organooxygen compounds;Carbonyl compounds
19939,Amines,0.86,CHEMONTID:0002449,4,CHEMONTID:0000278,CHEMONTID:0000000;CHEMONTID:0004707;CHEMONTID:0000278;CHEMONTID:0002449,Organic compounds;Organic nitrogen compounds;Organonitrogen compounds;Amines
11553,Carbonyl compounds,0.96,CHEMONTID:0001831,4,CHEMONTID:0000323,CHEMONTID:0000000;CHEMONTID:0004603;CHEMONTID:0000323;CHEMONTID:0001831,Organic compounds;Organic oxygen compounds;Organooxygen compounds;Carbonyl compounds
3173,Monoalkylamines,0.96,CHEMONTID:0000469,6,CHEMONTID:0002450,CHEMONTID:0000000;CHEMONTID:0004707;CHEMONTID:0000278;CHEMONTID:0002449;CHEMONTID:0002450;CHEMONTID:0000469,Organic compounds;Organic nitrogen compounds;Organonitrogen compounds;Amines;Primary amines;Monoalkylamines
2473,Carbonyl compounds,0.89,CHEMONTID:0001831,4,CHEMONTID:0000323,CHEMONTID:0000000;CHEMONTID:0004603;CHEMONTID:0000323;CHEMONTID:0001831,Organic compounds;Organic oxygen compounds;Organooxygen compounds;Carbonyl compounds
942,Amines,1,CHEMONTID:0002449,4,CHEMONTID:0000278,CHEMONTID:0000000;CHEMONTID:0004707;CHEMONTID:0000278;CHEMONTID:0002449,Organic compounds;Organic nitrogen compounds;Organonitrogen compounds;Amines
4911,Primary amines,0.84,CHEMONTID:0002450,5,CHEMONTID:0002449,CHEMONTID:0000000;CHEMONTID:0004707;CHEMONTID:0000278;CHEMONTID:0002449;CHEMONTID:0002450,Organic compounds;Organic nitrogen compounds;Organonitrogen compounds;Amines;Primary amines
16151,Carboxylic acid derivatives,0.87,CHEMONTID:0001093,4,CHEMONTID:0000265,CHEMONTID:0000000;CHEMONTID:0000264;CHEMONTID:0000265;CHEMONTID:0001093,Organic compounds;Organic acids and derivatives;Carboxylic acids and derivatives;Carboxylic acid derivatives
1766,Dialkyl phosphates,1,CHEMONTID:0003459,6,CHEMONTID:0003457,CHEMONTID:0000000;CHEMONTID:0000264;CHEMONTID:0000402;CHEMONTID:0000408;CHEMONTID:0003457;CHEMONTID:0003459,Organic compounds;Organic acids and derivatives;Organic phosphoric acids and derivatives;Phosphate esters;Alkyl phosphates;Dialkyl phosphates
12826,6-aminopurines,0.97,CHEMONTID:0002987,5,CHEMONTID:0000245,CHEMONTID:0000000;CHEMONTID:0000002;CHEMONTID:0001797;CHEMONTID:0000245;CHEMONTID:0002987,Organic compounds;Organoheterocyclic compounds;Imidazopyrimidines;Purines and purine derivatives;6-aminopurines
18524,Ethers,0.96,CHEMONTID:0000254,4,CHEMONTID:0000323,CHEMONTID:0000000;CHEMONTID:0004603;CHEMONTID:0000323;CHEMONTID:0000254,Organic compounds;Organic oxygen compounds;Organooxygen compounds;Ethers
20731,Primary amines,0.99,CHEMONTID:0002450,5,CHEMONTID:0002449,CHEMONTID:0000000;CHEMONTID:0004707;CHEMONTID:0000278;CHEMONTID:0002449;CHEMONTID:0002450,Organic compounds;Organic nitrogen compounds;Organonitrogen compounds;Amines;Primary amines
18383,Amines,0.99,CHEMONTID:0002449,4,CHEMONTID:0000278,CHEMONTID:0000000;CHEMONTID:0004707;CHEMONTID:0000278;CHEMONTID:0002449,Organic compounds;Organic nitrogen compounds;Organonitrogen compounds;Amines
5029,Carbonyl compounds,0.93,CHEMONTID:0001831,4,CHEMONTID:0000323,CHEMONTID:0000000;CHEMONTID:0004603;CHEMONTID:0000323;CHEMONTID:0001831,Organic compounds;Organic oxygen compounds;Organooxygen compounds;Carbonyl compounds
19623,Carbonyl compounds,0.99,CHEMONTID:0001831,4,CHEMONTID:0000323,CHEMONTID:0000000;CHEMONTID:0004603;CHEMONTID:0000323;CHEMONTID:0001831,Organic compounds;Organic oxygen compounds;Organooxygen compounds;Carbonyl compounds
8247,Carbonyl compounds,0.92,CHEMONTID:0001831,4,CHEMONTID:0000323,CHEMONTID:0000000;CHEMONTID:0004603;CHEMONTID:0000323;CHEMONTID:0001831,Organic compounds;Organic oxygen compounds;Organooxygen compounds;Carbonyl compounds
2626,Carbonyl compounds,0.87,CHEMONTID:0001831,4,CHEMONTID:0000323,CHEMONTID:0000000;CHEMONTID:0004603;CHEMONTID:0000323;CHEMONTID:0001831,Organic compounds;Organic oxygen compounds;Organooxygen compounds;Carbonyl compounds
18288,Carbonyl compounds,0.9,CHEMONTID:0001831,4,CHEMONTID:0000323,CHEMONTID:0000000;CHEMONTID:0004603;CHEMONTID:0000323;CHEMONTID:0001831,Organic compounds;Organic oxygen compounds;Organooxygen compounds;Carbonyl compounds
19447,Alkyl phosphates,1,CHEMONTID:0003457,5,CHEMONTID:0000408,CHEMONTID:0000000;CHEMONTID:0000264;CHEMONTID:0000402;CHEMONTID:0000408;CHEMONTID:0003457,Organic compounds;Organic acids and derivatives;Organic phosphoric acids and derivatives;Phosphate esters;Alkyl phosphates
5606,Carbohydrates and carbohydrate conjugates,0.99,CHEMONTID:0000011,4,CHEMONTID:0000323,CHEMONTID:0000000;CHEMONTID:0004603;CHEMONTID:0000323;CHEMONTID:0000011,Organic compounds;Organic oxygen compounds;Organooxygen compounds;Carbohydrates and carbohydrate conjugates
4424,Carbonyl compounds,0.97,CHEMONTID:0001831,4,CHEMONTID:0000323,CHEMONTID:0000000;CHEMONTID:0004603;CHEMONTID:0000323;CHEMONTID:0001831,Organic compounds;Organic oxygen compounds;Organooxygen compounds;Carbonyl compounds
19591,Carbonyl compounds,0.92,CHEMONTID:0001831,4,CHEMONTID:0000323,CHEMONTID:0000000;CHEMONTID:0004603;CHEMONTID:0000323;CHEMONTID:0001831,Organic compounds;Organic oxygen compounds;Organooxygen compounds;Carbonyl compounds
20727,Alcohols and polyols,0.95,CHEMONTID:0000129,4,CHEMONTID:0000323,CHEMONTID:0000000;CHEMONTID:0004603;CHEMONTID:0000323;CHEMONTID:0000129,Organic compounds;Organic oxygen compounds;Organooxygen compounds;Alcohols and polyols
4793,Carbonyl compounds,0.86,CHEMONTID:0001831,4,CHEMONTID:0000323,CHEMONTID:0000000;CHEMONTID:0004603;CHEMONTID:0000323;CHEMONTID:0001831,Organic compounds;Organic oxygen compounds;Organooxygen compounds;Carbonyl compounds
13558,Carbonyl compounds,0.98,CHEMONTID:0001831,4,CHEMONTID:0000323,CHEMONTID:0000000;CHEMONTID:0004603;CHEMONTID:0000323;CHEMONTID:0001831,Organic compounds;Organic oxygen compounds;Organooxygen compounds;Carbonyl compounds
2969,Carbohydrates and carbohydrate conjugates,0.99,CHEMONTID:0000011,4,CHEMONTID:0000323,CHEMONTID:0000000;CHEMONTID:0004603;CHEMONTID:0000323;CHEMONTID:0000011,Organic compounds;Organic oxygen compounds;Organooxygen compounds;Carbohydrates and carbohydrate conjugates
9036,Alcohols and polyols,0.94,CHEMONTID:0000129,4,CHEMONTID:0000323,CHEMONTID:0000000;CHEMONTID:0004603;CHEMONTID:0000323;CHEMONTID:0000129,Organic compounds;Organic oxygen compounds;Organooxygen compounds;Alcohols and polyols
17645,Carboxylic acid derivatives,0.98,CHEMONTID:0001093,4,CHEMONTID:0000265,CHEMONTID:0000000;CHEMONTID:0000264;CHEMONTID:0000265;CHEMONTID:0001093,Organic compounds;Organic acids and derivatives;Carboxylic acids and derivatives;Carboxylic acid derivatives
1773,Alcohols and polyols,0.97,CHEMONTID:0000129,4,CHEMONTID:0000323,CHEMONTID:0000000;CHEMONTID:0004603;CHEMONTID:0000323;CHEMONTID:0000129,Organic compounds;Organic oxygen compounds;Organooxygen compounds;Alcohols and polyols
9693,Carbonyl compounds,0.91,CHEMONTID:0001831,4,CHEMONTID:0000323,CHEMONTID:0000000;CHEMONTID:0004603;CHEMONTID:0000323;CHEMONTID:0001831,Organic compounds;Organic oxygen compounds;Organooxygen compounds;Carbonyl compounds
11789,Alkyl phosphates,0.99,CHEMONTID:0003457,5,CHEMONTID:0000408,CHEMONTID:0000000;CHEMONTID:0000264;CHEMONTID:0000402;CHEMONTID:0000408;CHEMONTID:0003457,Organic compounds;Organic acids and derivatives;Organic phosphoric acids and derivatives;Phosphate esters;Alkyl phosphates
19886,Carbonyl compounds,0.88,CHEMONTID:0001831,4,CHEMONTID:0000323,CHEMONTID:0000000;CHEMONTID:0004603;CHEMONTID:0000323;CHEMONTID:0001831,Organic compounds;Organic oxygen compounds;Organooxygen compounds;Carbonyl compounds
17617,Carbonyl compounds,0.9,CHEMONTID:0001831,4,CHEMONTID:0000323,CHEMONTID:0000000;CHEMONTID:0004603;CHEMONTID:0000323;CHEMONTID:0001831,Organic compounds;Organic oxygen compounds;Organooxygen compounds;Carbonyl compounds
4677,Carbonyl compounds,0.97,CHEMONTID:0001831,4,CHEMONTID:0000323,CHEMONTID:0000000;CHEMONTID:0004603;CHEMONTID:0000323;CHEMONTID:0001831,Organic compounds;Organic oxygen compounds;Organooxygen compounds;Carbonyl compounds
9799,Carboxylic acids,0.99,CHEMONTID:0001205,4,CHEMONTID:0000265,CHEMONTID:0000000;CHEMONTID:0000264;CHEMONTID:0000265;CHEMONTID:0001205,Organic compounds;Organic acids and derivatives;Carboxylic acids and derivatives;Carboxylic acids
9985,Carboxylic acid derivatives,0.92,CHEMONTID:0001093,4,CHEMONTID:0000265,CHEMONTID:0000000;CHEMONTID:0000264;CHEMONTID:0000265;CHEMONTID:0001093,Organic compounds;Organic acids and derivatives;Carboxylic acids and derivatives;Carboxylic acid derivatives
16774,Carbonyl compounds,0.99,CHEMONTID:0001831,4,CHEMONTID:0000323,CHEMONTID:0000000;CHEMONTID:0004603;CHEMONTID:0000323;CHEMONTID:0001831,Organic compounds;Organic oxygen compounds;Organooxygen compounds;Carbonyl compounds
12185,Amines,0.97,CHEMONTID:0002449,4,CHEMONTID:0000278,CHEMONTID:0000000;CHEMONTID:0004707;CHEMONTID:0000278;CHEMONTID:0002449,Organic compounds;Organic nitrogen compounds;Organonitrogen compounds;Amines
9232,Alcohols and polyols,0.81,CHEMONTID:0000129,4,CHEMONTID:0000323,CHEMONTID:0000000;CHEMONTID:0004603;CHEMONTID:0000323;CHEMONTID:0000129,Organic compounds;Organic oxygen compounds;Organooxygen compounds;Alcohols and polyols
12193,Amines,0.98,CHEMONTID:0002449,4,CHEMONTID:0000278,CHEMONTID:0000000;CHEMONTID:0004707;CHEMONTID:0000278;CHEMONTID:0002449,Organic compounds;Organic nitrogen compounds;Organonitrogen compounds;Amines
3085,Monocarboxylic acids and derivatives,0.83,CHEMONTID:0001137,4,CHEMONTID:0000265,CHEMONTID:0000000;CHEMONTID:0000264;CHEMONTID:0000265;CHEMONTID:0001137,Organic compounds;Organic acids and derivatives;Carboxylic acids and derivatives;Monocarboxylic acids and derivatives
3850,Amines,0.98,CHEMONTID:0002449,4,CHEMONTID:0000278,CHEMONTID:0000000;CHEMONTID:0004707;CHEMONTID:0000278;CHEMONTID:0002449,Organic compounds;Organic nitrogen compounds;Organonitrogen compounds;Amines
5061,Carbonyl compounds,0.89,CHEMONTID:0001831,4,CHEMONTID:0000323,CHEMONTID:0000000;CHEMONTID:0004603;CHEMONTID:0000323;CHEMONTID:0001831,Organic compounds;Organic oxygen compounds;Organooxygen compounds;Carbonyl compounds
14499,Amines,0.91,CHEMONTID:0002449,4,CHEMONTID:0000278,CHEMONTID:0000000;CHEMONTID:0004707;CHEMONTID:0000278;CHEMONTID:0002449,Organic compounds;Organic nitrogen compounds;Organonitrogen compounds;Amines
13795,Alcohols and polyols,0.83,CHEMONTID:0000129,4,CHEMONTID:0000323,CHEMONTID:0000000;CHEMONTID:0004603;CHEMONTID:0000323;CHEMONTID:0000129,Organic compounds;Organic oxygen compounds;Organooxygen compounds;Alcohols and polyols
4510,Alkyl phosphates,1,CHEMONTID:0003457,5,CHEMONTID:0000408,CHEMONTID:0000000;CHEMONTID:0000264;CHEMONTID:0000402;CHEMONTID:0000408;CHEMONTID:0003457,Organic compounds;Organic acids and derivatives;Organic phosphoric acids and derivatives;Phosphate esters;Alkyl phosphates
17735,Dialkyl ethers,0.92,CHEMONTID:0001167,5,CHEMONTID:0000254,CHEMONTID:0000000;CHEMONTID:0004603;CHEMONTID:0000323;CHEMONTID:0000254;CHEMONTID:0001167,Organic compounds;Organic oxygen compounds;Organooxygen compounds;Ethers;Dialkyl ethers
9299,Dialkylthioethers,0.81,CHEMONTID:0003862,4,CHEMONTID:0001202,CHEMONTID:0000000;CHEMONTID:0000004;CHEMONTID:0001202;CHEMONTID:0003862,Organic compounds;Organosulfur compounds;Thioethers;Dialkylthioethers
5651,Alcohols and polyols,0.97,CHEMONTID:0000129,4,CHEMONTID:0000323,CHEMONTID:0000000;CHEMONTID:0004603;CHEMONTID:0000323;CHEMONTID:0000129,Organic compounds;Organic oxygen compounds;Organooxygen compounds;Alcohols and polyols
12628,Monoalkylamines,0.99,CHEMONTID:0000469,6,CHEMONTID:0002450,CHEMONTID:0000000;CHEMONTID:0004707;CHEMONTID:0000278;CHEMONTID:0002449;CHEMONTID:0002450;CHEMONTID:0000469,Organic compounds;Organic nitrogen compounds;Organonitrogen compounds;Amines;Primary amines;Monoalkylamines
15244,Alcohols and polyols,0.98,CHEMONTID:0000129,4,CHEMONTID:0000323,CHEMONTID:0000000;CHEMONTID:0004603;CHEMONTID:0000323;CHEMONTID:0000129,Organic compounds;Organic oxygen compounds;Organooxygen compounds;Alcohols and polyols
18432,Amines,1,CHEMONTID:0002449,4,CHEMONTID:0000278,CHEMONTID:0000000;CHEMONTID:0004707;CHEMONTID:0000278;CHEMONTID:0002449,Organic compounds;Organic nitrogen compounds;Organonitrogen compounds;Amines
20310,Carbohydrates and carbohydrate conjugates,1,CHEMONTID:0000011,4,CHEMONTID:0000323,CHEMONTID:0000000;CHEMONTID:0004603;CHEMONTID:0000323;CHEMONTID:0000011,Organic compounds;Organic oxygen compounds;Organooxygen compounds;Carbohydrates and carbohydrate conjugates
20416,Alcohols and polyols,0.98,CHEMONTID:0000129,4,CHEMONTID:0000323,CHEMONTID:0000000;CHEMONTID:0004603;CHEMONTID:0000323;CHEMONTID:0000129,Organic compounds;Organic oxygen compounds;Organooxygen compounds;Alcohols and polyols
5904,Carboxylic acid derivatives,0.93,CHEMONTID:0001093,4,CHEMONTID:0000265,CHEMONTID:0000000;CHEMONTID:0000264;CHEMONTID:0000265;CHEMONTID:0001093,Organic compounds;Organic acids and derivatives;Carboxylic acids and derivatives;Carboxylic acid derivatives
269,Primary amines,0.94,CHEMONTID:0002450,5,CHEMONTID:0002449,CHEMONTID:0000000;CHEMONTID:0004707;CHEMONTID:0000278;CHEMONTID:0002449;CHEMONTID:0002450,Organic compounds;Organic nitrogen compounds;Organonitrogen compounds;Amines;Primary amines
17222,Carbonyl compounds,0.94,CHEMONTID:0001831,4,CHEMONTID:0000323,CHEMONTID:0000000;CHEMONTID:0004603;CHEMONTID:0000323;CHEMONTID:0001831,Organic compounds;Organic oxygen compounds;Organooxygen compounds;Carbonyl compounds
3386,Carbonyl compounds,0.99,CHEMONTID:0001831,4,CHEMONTID:0000323,CHEMONTID:0000000;CHEMONTID:0004603;CHEMONTID:0000323;CHEMONTID:0001831,Organic compounds;Organic oxygen compounds;Organooxygen compounds;Carbonyl compounds
6825,Dialkyl ethers,0.98,CHEMONTID:0001167,5,CHEMONTID:0000254,CHEMONTID:0000000;CHEMONTID:0004603;CHEMONTID:0000323;CHEMONTID:0000254;CHEMONTID:0001167,Organic compounds;Organic oxygen compounds;Organooxygen compounds;Ethers;Dialkyl ethers
6905,Pyrimidines and pyrimidine derivatives,0.87,CHEMONTID:0000075,4,CHEMONTID:0001346,CHEMONTID:0000000;CHEMONTID:0000002;CHEMONTID:0001346;CHEMONTID:0000075,Organic compounds;Organoheterocyclic compounds;Diazines;Pyrimidines and pyrimidine derivatives
8392,Alcohols and polyols,0.99,CHEMONTID:0000129,4,CHEMONTID:0000323,CHEMONTID:0000000;CHEMONTID:0004603;CHEMONTID:0000323;CHEMONTID:0000129,Organic compounds;Organic oxygen compounds;Organooxygen compounds;Alcohols and polyols
18137,Amines,0.92,CHEMONTID:0002449,4,CHEMONTID:0000278,CHEMONTID:0000000;CHEMONTID:0004707;CHEMONTID:0000278;CHEMONTID:0002449,Organic compounds;Organic nitrogen compounds;Organonitrogen compounds;Amines
7466,Primary amines,1,CHEMONTID:0002450,5,CHEMONTID:0002449,CHEMONTID:0000000;CHEMONTID:0004707;CHEMONTID:0000278;CHEMONTID:0002449;CHEMONTID:0002450,Organic compounds;Organic nitrogen compounds;Organonitrogen compounds;Amines;Primary amines
7166,Monoalkylamines,0.85,CHEMONTID:0000469,6,CHEMONTID:0002450,CHEMONTID:0000000;CHEMONTID:0004707;CHEMONTID:0000278;CHEMONTID:0002449;CHEMONTID:0002450;CHEMONTID:0000469,Organic compounds;Organic nitrogen compounds;Organonitrogen compounds;Amines;Primary amines;Monoalkylamines
6636,Dialkyl ethers,0.97,CHEMONTID:0001167,5,CHEMONTID:0000254,CHEMONTID:0000000;CHEMONTID:0004603;CHEMONTID:0000323;CHEMONTID:0000254;CHEMONTID:0001167,Organic compounds;Organic oxygen compounds;Organooxygen compounds;Ethers;Dialkyl ethers
10532,Secondary alcohols,0.94,CHEMONTID:0001661,5,CHEMONTID:0000129,CHEMONTID:0000000;CHEMONTID:0004603;CHEMONTID:0000323;CHEMONTID:0000129;CHEMONTID:0001661,Organic compounds;Organic oxygen compounds;Organooxygen compounds;Alcohols and polyols;Secondary alcohols
12665,Dialkyl ethers,0.99,CHEMONTID:0001167,5,CHEMONTID:0000254,CHEMONTID:0000000;CHEMONTID:0004603;CHEMONTID:0000323;CHEMONTID:0000254;CHEMONTID:0001167,Organic compounds;Organic oxygen compounds;Organooxygen compounds;Ethers;Dialkyl ethers
9780,Monoalkylamines,1,CHEMONTID:0000469,6,CHEMONTID:0002450,CHEMONTID:0000000;CHEMONTID:0004707;CHEMONTID:0000278;CHEMONTID:0002449;CHEMONTID:0002450;CHEMONTID:0000469,Organic compounds;Organic nitrogen compounds;Organonitrogen compounds;Amines;Primary amines;Monoalkylamines
11120,Carbonyl compounds,0.91,CHEMONTID:0001831,4,CHEMONTID:0000323,CHEMONTID:0000000;CHEMONTID:0004603;CHEMONTID:0000323;CHEMONTID:0001831,Organic compounds;Organic oxygen compounds;Organooxygen compounds;Carbonyl compounds
4411,Monoalkylamines,0.97,CHEMONTID:0000469,6,CHEMONTID:0002450,CHEMONTID:0000000;CHEMONTID:0004707;CHEMONTID:0000278;CHEMONTID:0002449;CHEMONTID:0002450;CHEMONTID:0000469,Organic compounds;Organic nitrogen compounds;Organonitrogen compounds;Amines;Primary amines;Monoalkylamines
16089,Carbonyl compounds,0.84,CHEMONTID:0001831,4,CHEMONTID:0000323,CHEMONTID:0000000;CHEMONTID:0004603;CHEMONTID:0000323;CHEMONTID:0001831,Organic compounds;Organic oxygen compounds;Organooxygen compounds;Carbonyl compounds
9190,Androstane steroids,0.83,CHEMONTID:0003568,4,CHEMONTID:0000258,CHEMONTID:0000000;CHEMONTID:0000012;CHEMONTID:0000258;CHEMONTID:0003568,Organic compounds;Lipids and lipid-like molecules;Steroids and steroid derivatives;Androstane steroids
16874,Monoalkylamines,0.98,CHEMONTID:0000469,6,CHEMONTID:0002450,CHEMONTID:0000000;CHEMONTID:0004707;CHEMONTID:0000278;CHEMONTID:0002449;CHEMONTID:0002450;CHEMONTID:0000469,Organic compounds;Organic nitrogen compounds;Organonitrogen compounds;Amines;Primary amines;Monoalkylamines
11524,Carboxylic acids,0.85,CHEMONTID:0001205,4,CHEMONTID:0000265,CHEMONTID:0000000;CHEMONTID:0000264;CHEMONTID:0000265;CHEMONTID:0001205,Organic compounds;Organic acids and derivatives;Carboxylic acids and derivatives;Carboxylic acids
18081,Amines,0.97,CHEMONTID:0002449,4,CHEMONTID:0000278,CHEMONTID:0000000;CHEMONTID:0004707;CHEMONTID:0000278;CHEMONTID:0002449,Organic compounds;Organic nitrogen compounds;Organonitrogen compounds;Amines
17396,Carbonyl compounds,0.99,CHEMONTID:0001831,4,CHEMONTID:0000323,CHEMONTID:0000000;CHEMONTID:0004603;CHEMONTID:0000323;CHEMONTID:0001831,Organic compounds;Organic oxygen compounds;Organooxygen compounds;Carbonyl compounds
1673,Alcohols and polyols,0.88,CHEMONTID:0000129,4,CHEMONTID:0000323,CHEMONTID:0000000;CHEMONTID:0004603;CHEMONTID:0000323;CHEMONTID:0000129,Organic compounds;Organic oxygen compounds;Organooxygen compounds;Alcohols and polyols
16380,Primary amines,0.93,CHEMONTID:0002450,5,CHEMONTID:0002449,CHEMONTID:0000000;CHEMONTID:0004707;CHEMONTID:0000278;CHEMONTID:0002449;CHEMONTID:0002450,Organic compounds;Organic nitrogen compounds;Organonitrogen compounds;Amines;Primary amines
14408,Amines,0.98,CHEMONTID:0002449,4,CHEMONTID:0000278,CHEMONTID:0000000;CHEMONTID:0004707;CHEMONTID:0000278;CHEMONTID:0002449,Organic compounds;Organic nitrogen compounds;Organonitrogen compounds;Amines
5025,Carbonyl compounds,0.98,CHEMONTID:0001831,4,CHEMONTID:0000323,CHEMONTID:0000000;CHEMONTID:0004603;CHEMONTID:0000323;CHEMONTID:0001831,Organic compounds;Organic oxygen compounds;Organooxygen compounds;Carbonyl compounds
14481,Fatty amides,0.95,CHEMONTID:0000331,4,CHEMONTID:0003909,CHEMONTID:0000000;CHEMONTID:0000012;CHEMONTID:0003909;CHEMONTID:0000331,Organic compounds;Lipids and lipid-like molecules;Fatty Acyls;Fatty amides
20704,Dialkyl ethers,0.96,CHEMONTID:0001167,5,CHEMONTID:0000254,CHEMONTID:0000000;CHEMONTID:0004603;CHEMONTID:0000323;CHEMONTID:0000254;CHEMONTID:0001167,Organic compounds;Organic oxygen compounds;Organooxygen compounds;Ethers;Dialkyl ethers
4171,Carboxylic acid derivatives,0.91,CHEMONTID:0001093,4,CHEMONTID:0000265,CHEMONTID:0000000;CHEMONTID:0000264;CHEMONTID:0000265;CHEMONTID:0001093,Organic compounds;Organic acids and derivatives;Carboxylic acids and derivatives;Carboxylic acid derivatives
19507,Carbohydrates and carbohydrate conjugates,0.99,CHEMONTID:0000011,4,CHEMONTID:0000323,CHEMONTID:0000000;CHEMONTID:0004603;CHEMONTID:0000323;CHEMONTID:0000011,Organic compounds;Organic oxygen compounds;Organooxygen compounds;Carbohydrates and carbohydrate conjugates
4198,Amines,0.9,CHEMONTID:0002449,4,CHEMONTID:0000278,CHEMONTID:0000000;CHEMONTID:0004707;CHEMONTID:0000278;CHEMONTID:0002449,Organic compounds;Organic nitrogen compounds;Organonitrogen compounds;Amines
12987,Amphetamines and derivatives,0.99,CHEMONTID:0000188,5,CHEMONTID:0000186,CHEMONTID:0000000;CHEMONTID:0002448;CHEMONTID:0002279;CHEMONTID:0000186;CHEMONTID:0000188,Organic compounds;Benzenoids;Benzene and substituted derivatives;Phenethylamines;Amphetamines and derivatives
10831,Primary amines,0.96,CHEMONTID:0002450,5,CHEMONTID:0002449,CHEMONTID:0000000;CHEMONTID:0004707;CHEMONTID:0000278;CHEMONTID:0002449;CHEMONTID:0002450,Organic compounds;Organic nitrogen compounds;Organonitrogen compounds;Amines;Primary amines
17813,Carbonyl compounds,0.82,CHEMONTID:0001831,4,CHEMONTID:0000323,CHEMONTID:0000000;CHEMONTID:0004603;CHEMONTID:0000323;CHEMONTID:0001831,Organic compounds;Organic oxygen compounds;Organooxygen compounds;Carbonyl compounds
4991,Amines,0.96,CHEMONTID:0002449,4,CHEMONTID:0000278,CHEMONTID:0000000;CHEMONTID:0004707;CHEMONTID:0000278;CHEMONTID:0002449,Organic compounds;Organic nitrogen compounds;Organonitrogen compounds;Amines
2894,Carbonyl compounds,0.86,CHEMONTID:0001831,4,CHEMONTID:0000323,CHEMONTID:0000000;CHEMONTID:0004603;CHEMONTID:0000323;CHEMONTID:0001831,Organic compounds;Organic oxygen compounds;Organooxygen compounds;Carbonyl compounds
15061,Carbonyl compounds,0.93,CHEMONTID:0001831,4,CHEMONTID:0000323,CHEMONTID:0000000;CHEMONTID:0004603;CHEMONTID:0000323;CHEMONTID:0001831,Organic compounds;Organic oxygen compounds;Organooxygen compounds;Carbonyl compounds
1807,Carbonyl compounds,0.96,CHEMONTID:0001831,4,CHEMONTID:0000323,CHEMONTID:0000000;CHEMONTID:0004603;CHEMONTID:0000323;CHEMONTID:0001831,Organic compounds;Organic oxygen compounds;Organooxygen compounds;Carbonyl compounds
13336,Monoalkylamines,0.99,CHEMONTID:0000469,6,CHEMONTID:0002450,CHEMONTID:0000000;CHEMONTID:0004707;CHEMONTID:0000278;CHEMONTID:0002449;CHEMONTID:0002450;CHEMONTID:0000469,Organic compounds;Organic nitrogen compounds;Organonitrogen compounds;Amines;Primary amines;Monoalkylamines
18444,Primary amines,0.99,CHEMONTID:0002450,5,CHEMONTID:0002449,CHEMONTID:0000000;CHEMONTID:0004707;CHEMONTID:0000278;CHEMONTID:0002449;CHEMONTID:0002450,Organic compounds;Organic nitrogen compounds;Organonitrogen compounds;Amines;Primary amines
7537,Carboxylic acid derivatives,0.96,CHEMONTID:0001093,4,CHEMONTID:0000265,CHEMONTID:0000000;CHEMONTID:0000264;CHEMONTID:0000265;CHEMONTID:0001093,Organic compounds;Organic acids and derivatives;Carboxylic acids and derivatives;Carboxylic acid derivatives
9351,Alkyl phosphates,0.99,CHEMONTID:0003457,5,CHEMONTID:0000408,CHEMONTID:0000000;CHEMONTID:0000264;CHEMONTID:0000402;CHEMONTID:0000408;CHEMONTID:0003457,Organic compounds;Organic acids and derivatives;Organic phosphoric acids and derivatives;Phosphate esters;Alkyl phosphates
9497,Alcohols and polyols,0.92,CHEMONTID:0000129,4,CHEMONTID:0000323,CHEMONTID:0000000;CHEMONTID:0004603;CHEMONTID:0000323;CHEMONTID:0000129,Organic compounds;Organic oxygen compounds;Organooxygen compounds;Alcohols and polyols
507,Cyclic alcohols and derivatives,0.89,CHEMONTID:0001292,5,CHEMONTID:0000129,CHEMONTID:0000000;CHEMONTID:0004603;CHEMONTID:0000323;CHEMONTID:0000129;CHEMONTID:0001292,Organic compounds;Organic oxygen compounds;Organooxygen compounds;Alcohols and polyols;Cyclic alcohols and derivatives
9795,Methyl esters,0.86,CHEMONTID:0003416,6,CHEMONTID:0001238,CHEMONTID:0000000;CHEMONTID:0000264;CHEMONTID:0000265;CHEMONTID:0001093;CHEMONTID:0001238;CHEMONTID:0003416,Organic compounds;Organic acids and derivatives;Carboxylic acids and derivatives;Carboxylic acid derivatives;Carboxylic acid esters;Methyl esters
4372,Carbonyl compounds,0.83,CHEMONTID:0001831,4,CHEMONTID:0000323,CHEMONTID:0000000;CHEMONTID:0004603;CHEMONTID:0000323;CHEMONTID:0001831,Organic compounds;Organic oxygen compounds;Organooxygen compounds;Carbonyl compounds
15640,Carboxylic acid derivatives,0.93,CHEMONTID:0001093,4,CHEMONTID:0000265,CHEMONTID:0000000;CHEMONTID:0000264;CHEMONTID:0000265;CHEMONTID:0001093,Organic compounds;Organic acids and derivatives;Carboxylic acids and derivatives;Carboxylic acid derivatives
15499,Carboxylic acid derivatives,0.99,CHEMONTID:0001093,4,CHEMONTID:0000265,CHEMONTID:0000000;CHEMONTID:0000264;CHEMONTID:0000265;CHEMONTID:0001093,Organic compounds;Organic acids and derivatives;Carboxylic acids and derivatives;Carboxylic acid derivatives
4647,Carbonyl compounds,0.92,CHEMONTID:0001831,4,CHEMONTID:0000323,CHEMONTID:0000000;CHEMONTID:0004603;CHEMONTID:0000323;CHEMONTID:0001831,Organic compounds;Organic oxygen compounds;Organooxygen compounds;Carbonyl compounds
16688,Tertiary amines,1,CHEMONTID:0002452,5,CHEMONTID:0002449,CHEMONTID:0000000;CHEMONTID:0004707;CHEMONTID:0000278;CHEMONTID:0002449;CHEMONTID:0002452,Organic compounds;Organic nitrogen compounds;Organonitrogen compounds;Amines;Tertiary amines
7526,Monoalkylamines,1,CHEMONTID:0000469,6,CHEMONTID:0002450,CHEMONTID:0000000;CHEMONTID:0004707;CHEMONTID:0000278;CHEMONTID:0002449;CHEMONTID:0002450;CHEMONTID:0000469,Organic compounds;Organic nitrogen compounds;Organonitrogen compounds;Amines;Primary amines;Monoalkylamines
17720,Amines,0.86,CHEMONTID:0002449,4,CHEMONTID:0000278,CHEMONTID:0000000;CHEMONTID:0004707;CHEMONTID:0000278;CHEMONTID:0002449,Organic compounds;Organic nitrogen compounds;Organonitrogen compounds;Amines
6003,Amines,0.98,CHEMONTID:0002449,4,CHEMONTID:0000278,CHEMONTID:0000000;CHEMONTID:0004707;CHEMONTID:0000278;CHEMONTID:0002449,Organic compounds;Organic nitrogen compounds;Organonitrogen compounds;Amines
2147,Carboxylic acid derivatives,0.91,CHEMONTID:0001093,4,CHEMONTID:0000265,CHEMONTID:0000000;CHEMONTID:0000264;CHEMONTID:0000265;CHEMONTID:0001093,Organic compounds;Organic acids and derivatives;Carboxylic acids and derivatives;Carboxylic acid derivatives
4919,Alcohols and polyols,0.89,CHEMONTID:0000129,4,CHEMONTID:0000323,CHEMONTID:0000000;CHEMONTID:0004603;CHEMONTID:0000323;CHEMONTID:0000129,Organic compounds;Organic oxygen compounds;Organooxygen compounds;Alcohols and polyols
20291,Pyrimidines and pyrimidine derivatives,0.99,CHEMONTID:0000075,4,CHEMONTID:0001346,CHEMONTID:0000000;CHEMONTID:0000002;CHEMONTID:0001346;CHEMONTID:0000075,Organic compounds;Organoheterocyclic compounds;Diazines;Pyrimidines and pyrimidine derivatives
4695,Carbonyl compounds,0.9,CHEMONTID:0001831,4,CHEMONTID:0000323,CHEMONTID:0000000;CHEMONTID:0004603;CHEMONTID:0000323;CHEMONTID:0001831,Organic compounds;Organic oxygen compounds;Organooxygen compounds;Carbonyl compounds
816,Primary amines,0.91,CHEMONTID:0002450,5,CHEMONTID:0002449,CHEMONTID:0000000;CHEMONTID:0004707;CHEMONTID:0000278;CHEMONTID:0002449;CHEMONTID:0002450,Organic compounds;Organic nitrogen compounds;Organonitrogen compounds;Amines;Primary amines
5294,2-benzopyrans,0.95,CHEMONTID:0003411,4,CHEMONTID:0000123,CHEMONTID:0000000;CHEMONTID:0000002;CHEMONTID:0000123;CHEMONTID:0003411,Organic compounds;Organoheterocyclic compounds;Benzopyrans;2-benzopyrans
3839,Benzaldehydes,0.99,CHEMONTID:0001345,7,CHEMONTID:0003213,CHEMONTID:0000000;CHEMONTID:0004603;CHEMONTID:0000323;CHEMONTID:0001831;CHEMONTID:0000124;CHEMONTID:0003213;CHEMONTID:0001345,Organic compounds;Organic oxygen compounds;Organooxygen compounds;Carbonyl compounds;Aldehydes;Aryl-aldehydes;Benzaldehydes
10486,Ethers,0.98,CHEMONTID:0000254,4,CHEMONTID:0000323,CHEMONTID:0000000;CHEMONTID:0004603;CHEMONTID:0000323;CHEMONTID:0000254,Organic compounds;Organic oxygen compounds;Organooxygen compounds;Ethers
16237,Alcohols and polyols,0.9,CHEMONTID:0000129,4,CHEMONTID:0000323,CHEMONTID:0000000;CHEMONTID:0004603;CHEMONTID:0000323;CHEMONTID:0000129,Organic compounds;Organic oxygen compounds;Organooxygen compounds;Alcohols and polyols
17915,Primary amines,0.96,CHEMONTID:0002450,5,CHEMONTID:0002449,CHEMONTID:0000000;CHEMONTID:0004707;CHEMONTID:0000278;CHEMONTID:0002449;CHEMONTID:0002450,Organic compounds;Organic nitrogen compounds;Organonitrogen compounds;Amines;Primary amines
1340,Dialkyl ethers,0.95,CHEMONTID:0001167,5,CHEMONTID:0000254,CHEMONTID:0000000;CHEMONTID:0004603;CHEMONTID:0000323;CHEMONTID:0000254;CHEMONTID:0001167,Organic compounds;Organic oxygen compounds;Organooxygen compounds;Ethers;Dialkyl ethers
15020,Alcohols and polyols,0.89,CHEMONTID:0000129,4,CHEMONTID:0000323,CHEMONTID:0000000;CHEMONTID:0004603;CHEMONTID:0000323;CHEMONTID:0000129,Organic compounds;Organic oxygen compounds;Organooxygen compounds;Alcohols and polyols
17876,Primary amines,0.98,CHEMONTID:0002450,5,CHEMONTID:0002449,CHEMONTID:0000000;CHEMONTID:0004707;CHEMONTID:0000278;CHEMONTID:0002449;CHEMONTID:0002450,Organic compounds;Organic nitrogen compounds;Organonitrogen compounds;Amines;Primary amines
5646,Carbohydrates and carbohydrate conjugates,1,CHEMONTID:0000011,4,CHEMONTID:0000323,CHEMONTID:0000000;CHEMONTID:0004603;CHEMONTID:0000323;CHEMONTID:0000011,Organic compounds;Organic oxygen compounds;Organooxygen compounds;Carbohydrates and carbohydrate conjugates
16234,Carbonyl compounds,0.81,CHEMONTID:0001831,4,CHEMONTID:0000323,CHEMONTID:0000000;CHEMONTID:0004603;CHEMONTID:0000323;CHEMONTID:0001831,Organic compounds;Organic oxygen compounds;Organooxygen compounds;Carbonyl compounds
4438,Carbonyl compounds,0.95,CHEMONTID:0001831,4,CHEMONTID:0000323,CHEMONTID:0000000;CHEMONTID:0004603;CHEMONTID:0000323;CHEMONTID:0001831,Organic compounds;Organic oxygen compounds;Organooxygen compounds;Carbonyl compounds
5312,Pyrimidines and pyrimidine derivatives,0.99,CHEMONTID:0000075,4,CHEMONTID:0001346,CHEMONTID:0000000;CHEMONTID:0000002;CHEMONTID:0001346;CHEMONTID:0000075,Organic compounds;Organoheterocyclic compounds;Diazines;Pyrimidines and pyrimidine derivatives
3194,Carbonyl compounds,0.85,CHEMONTID:0001831,4,CHEMONTID:0000323,CHEMONTID:0000000;CHEMONTID:0004603;CHEMONTID:0000323;CHEMONTID:0001831,Organic compounds;Organic oxygen compounds;Organooxygen compounds;Carbonyl compounds
18095,Carbonyl compounds,0.86,CHEMONTID:0001831,4,CHEMONTID:0000323,CHEMONTID:0000000;CHEMONTID:0004603;CHEMONTID:0000323;CHEMONTID:0001831,Organic compounds;Organic oxygen compounds;Organooxygen compounds;Carbonyl compounds
11530,Pyrimidines and pyrimidine derivatives,0.99,CHEMONTID:0000075,4,CHEMONTID:0001346,CHEMONTID:0000000;CHEMONTID:0000002;CHEMONTID:0001346;CHEMONTID:0000075,Organic compounds;Organoheterocyclic compounds;Diazines;Pyrimidines and pyrimidine derivatives
9757,Amines,0.99,CHEMONTID:0002449,4,CHEMONTID:0000278,CHEMONTID:0000000;CHEMONTID:0004707;CHEMONTID:0000278;CHEMONTID:0002449,Organic compounds;Organic nitrogen compounds;Organonitrogen compounds;Amines
11707,Amines,0.97,CHEMONTID:0002449,4,CHEMONTID:0000278,CHEMONTID:0000000;CHEMONTID:0004707;CHEMONTID:0000278;CHEMONTID:0002449,Organic compounds;Organic nitrogen compounds;Organonitrogen compounds;Amines
7477,Alcohols and polyols,0.84,CHEMONTID:0000129,4,CHEMONTID:0000323,CHEMONTID:0000000;CHEMONTID:0004603;CHEMONTID:0000323;CHEMONTID:0000129,Organic compounds;Organic oxygen compounds;Organooxygen compounds;Alcohols and polyols
18100,Dialkyl ethers,0.9,CHEMONTID:0001167,5,CHEMONTID:0000254,CHEMONTID:0000000;CHEMONTID:0004603;CHEMONTID:0000323;CHEMONTID:0000254;CHEMONTID:0001167,Organic compounds;Organic oxygen compounds;Organooxygen compounds;Ethers;Dialkyl ethers
3425,Carbonyl compounds,0.82,CHEMONTID:0001831,4,CHEMONTID:0000323,CHEMONTID:0000000;CHEMONTID:0004603;CHEMONTID:0000323;CHEMONTID:0001831,Organic compounds;Organic oxygen compounds;Organooxygen compounds;Carbonyl compounds
4549,Carboxylic acid derivatives,0.99,CHEMONTID:0001093,4,CHEMONTID:0000265,CHEMONTID:0000000;CHEMONTID:0000264;CHEMONTID:0000265;CHEMONTID:0001093,Organic compounds;Organic acids and derivatives;Carboxylic acids and derivatives;Carboxylic acid derivatives
10866,Carbonyl compounds,0.91,CHEMONTID:0001831,4,CHEMONTID:0000323,CHEMONTID:0000000;CHEMONTID:0004603;CHEMONTID:0000323;CHEMONTID:0001831,Organic compounds;Organic oxygen compounds;Organooxygen compounds;Carbonyl compounds
8955,Carbonyl compounds,0.97,CHEMONTID:0001831,4,CHEMONTID:0000323,CHEMONTID:0000000;CHEMONTID:0004603;CHEMONTID:0000323;CHEMONTID:0001831,Organic compounds;Organic oxygen compounds;Organooxygen compounds;Carbonyl compounds
16001,Alcohols and polyols,0.98,CHEMONTID:0000129,4,CHEMONTID:0000323,CHEMONTID:0000000;CHEMONTID:0004603;CHEMONTID:0000323;CHEMONTID:0000129,Organic compounds;Organic oxygen compounds;Organooxygen compounds;Alcohols and polyols
13094,Amino fatty acids,0.92,CHEMONTID:0000489,5,CHEMONTID:0000262,CHEMONTID:0000000;CHEMONTID:0000012;CHEMONTID:0003909;CHEMONTID:0000262;CHEMONTID:0000489,Organic compounds;Lipids and lipid-like molecules;Fatty Acyls;Fatty acids and conjugates;Amino fatty acids
20286,Glycosylamines,0.93,CHEMONTID:0002203,6,CHEMONTID:0002105,CHEMONTID:0000000;CHEMONTID:0004603;CHEMONTID:0000323;CHEMONTID:0000011;CHEMONTID:0002105;CHEMONTID:0002203,Organic compounds;Organic oxygen compounds;Organooxygen compounds;Carbohydrates and carbohydrate conjugates;Glycosyl compounds;Glycosylamines
6682,Carbonyl compounds,0.96,CHEMONTID:0001831,4,CHEMONTID:0000323,CHEMONTID:0000000;CHEMONTID:0004603;CHEMONTID:0000323;CHEMONTID:0001831,Organic compounds;Organic oxygen compounds;Organooxygen compounds;Carbonyl compounds
20402,1-hydroxy-2-unsubstituted benzenoids,0.81,CHEMONTID:0004646,4,CHEMONTID:0000134,CHEMONTID:0000000;CHEMONTID:0002448;CHEMONTID:0000134;CHEMONTID:0004646,Organic compounds;Benzenoids;Phenols;1-hydroxy-2-unsubstituted benzenoids
19832,Carboxylic acid derivatives,0.98,CHEMONTID:0001093,4,CHEMONTID:0000265,CHEMONTID:0000000;CHEMONTID:0000264;CHEMONTID:0000265;CHEMONTID:0001093,Organic compounds;Organic acids and derivatives;Carboxylic acids and derivatives;Carboxylic acid derivatives
4501,Carbonyl compounds,0.95,CHEMONTID:0001831,4,CHEMONTID:0000323,CHEMONTID:0000000;CHEMONTID:0004603;CHEMONTID:0000323;CHEMONTID:0001831,Organic compounds;Organic oxygen compounds;Organooxygen compounds;Carbonyl compounds
19015,Alcohols and polyols,0.95,CHEMONTID:0000129,4,CHEMONTID:0000323,CHEMONTID:0000000;CHEMONTID:0004603;CHEMONTID:0000323;CHEMONTID:0000129,Organic compounds;Organic oxygen compounds;Organooxygen compounds;Alcohols and polyols
8288,Carbonyl compounds,0.95,CHEMONTID:0001831,4,CHEMONTID:0000323,CHEMONTID:0000000;CHEMONTID:0004603;CHEMONTID:0000323;CHEMONTID:0001831,Organic compounds;Organic oxygen compounds;Organooxygen compounds;Carbonyl compounds
11309,"1,2-aminoalcohols",0.97,CHEMONTID:0001897,6,CHEMONTID:0002460,CHEMONTID:0000000;CHEMONTID:0004707;CHEMONTID:0000278;CHEMONTID:0002449;CHEMONTID:0002460;CHEMONTID:0001897,"Organic compounds;Organic nitrogen compounds;Organonitrogen compounds;Amines;Alkanolamines;1,2-aminoalcohols"
11191,Primary amines,0.98,CHEMONTID:0002450,5,CHEMONTID:0002449,CHEMONTID:0000000;CHEMONTID:0004707;CHEMONTID:0000278;CHEMONTID:0002449;CHEMONTID:0002450,Organic compounds;Organic nitrogen compounds;Organonitrogen compounds;Amines;Primary amines
11006,Carbonyl compounds,0.95,CHEMONTID:0001831,4,CHEMONTID:0000323,CHEMONTID:0000000;CHEMONTID:0004603;CHEMONTID:0000323;CHEMONTID:0001831,Organic compounds;Organic oxygen compounds;Organooxygen compounds;Carbonyl compounds
17510,Amines,0.99,CHEMONTID:0002449,4,CHEMONTID:0000278,CHEMONTID:0000000;CHEMONTID:0004707;CHEMONTID:0000278;CHEMONTID:0002449,Organic compounds;Organic nitrogen compounds;Organonitrogen compounds;Amines
20304,Carboxylic acid derivatives,0.93,CHEMONTID:0001093,4,CHEMONTID:0000265,CHEMONTID:0000000;CHEMONTID:0000264;CHEMONTID:0000265;CHEMONTID:0001093,Organic compounds;Organic acids and derivatives;Carboxylic acids and derivatives;Carboxylic acid derivatives
1917,Amines,0.87,CHEMONTID:0002449,4,CHEMONTID:0000278,CHEMONTID:0000000;CHEMONTID:0004707;CHEMONTID:0000278;CHEMONTID:0002449,Organic compounds;Organic nitrogen compounds;Organonitrogen compounds;Amines
12669,Monoalkylamines,0.99,CHEMONTID:0000469,6,CHEMONTID:0002450,CHEMONTID:0000000;CHEMONTID:0004707;CHEMONTID:0000278;CHEMONTID:0002449;CHEMONTID:0002450;CHEMONTID:0000469,Organic compounds;Organic nitrogen compounds;Organonitrogen compounds;Amines;Primary amines;Monoalkylamines
8629,Carbonyl compounds,0.91,CHEMONTID:0001831,4,CHEMONTID:0000323,CHEMONTID:0000000;CHEMONTID:0004603;CHEMONTID:0000323;CHEMONTID:0001831,Organic compounds;Organic oxygen compounds;Organooxygen compounds;Carbonyl compounds
19977,Carboximidamides,0.83,CHEMONTID:0003152,4,CHEMONTID:0000278,CHEMONTID:0000000;CHEMONTID:0004707;CHEMONTID:0000278;CHEMONTID:0003152,Organic compounds;Organic nitrogen compounds;Organonitrogen compounds;Carboximidamides
4765,Carbonyl compounds,0.99,CHEMONTID:0001831,4,CHEMONTID:0000323,CHEMONTID:0000000;CHEMONTID:0004603;CHEMONTID:0000323;CHEMONTID:0001831,Organic compounds;Organic oxygen compounds;Organooxygen compounds;Carbonyl compounds
11735,Carbonyl compounds,0.99,CHEMONTID:0001831,4,CHEMONTID:0000323,CHEMONTID:0000000;CHEMONTID:0004603;CHEMONTID:0000323;CHEMONTID:0001831,Organic compounds;Organic oxygen compounds;Organooxygen compounds;Carbonyl compounds
15194,Carboxylic acid derivatives,0.96,CHEMONTID:0001093,4,CHEMONTID:0000265,CHEMONTID:0000000;CHEMONTID:0000264;CHEMONTID:0000265;CHEMONTID:0001093,Organic compounds;Organic acids and derivatives;Carboxylic acids and derivatives;Carboxylic acid derivatives
19750,Carbonyl compounds,0.89,CHEMONTID:0001831,4,CHEMONTID:0000323,CHEMONTID:0000000;CHEMONTID:0004603;CHEMONTID:0000323;CHEMONTID:0001831,Organic compounds;Organic oxygen compounds;Organooxygen compounds;Carbonyl compounds
774,Ethers,0.9,CHEMONTID:0000254,4,CHEMONTID:0000323,CHEMONTID:0000000;CHEMONTID:0004603;CHEMONTID:0000323;CHEMONTID:0000254,Organic compounds;Organic oxygen compounds;Organooxygen compounds;Ethers
809,Alcohols and polyols,1,CHEMONTID:0000129,4,CHEMONTID:0000323,CHEMONTID:0000000;CHEMONTID:0004603;CHEMONTID:0000323;CHEMONTID:0000129,Organic compounds;Organic oxygen compounds;Organooxygen compounds;Alcohols and polyols
12675,Fatty amides,0.86,CHEMONTID:0000331,4,CHEMONTID:0003909,CHEMONTID:0000000;CHEMONTID:0000012;CHEMONTID:0003909;CHEMONTID:0000331,Organic compounds;Lipids and lipid-like molecules;Fatty Acyls;Fatty amides
11502,Alcohols and polyols,1,CHEMONTID:0000129,4,CHEMONTID:0000323,CHEMONTID:0000000;CHEMONTID:0004603;CHEMONTID:0000323;CHEMONTID:0000129,Organic compounds;Organic oxygen compounds;Organooxygen compounds;Alcohols and polyols
12934,Carboxylic acid derivatives,0.94,CHEMONTID:0001093,4,CHEMONTID:0000265,CHEMONTID:0000000;CHEMONTID:0000264;CHEMONTID:0000265;CHEMONTID:0001093,Organic compounds;Organic acids and derivatives;Carboxylic acids and derivatives;Carboxylic acid derivatives
9837,Alcohols and polyols,1,CHEMONTID:0000129,4,CHEMONTID:0000323,CHEMONTID:0000000;CHEMONTID:0004603;CHEMONTID:0000323;CHEMONTID:0000129,Organic compounds;Organic oxygen compounds;Organooxygen compounds;Alcohols and polyols
11093,Carbonyl compounds,0.93,CHEMONTID:0001831,4,CHEMONTID:0000323,CHEMONTID:0000000;CHEMONTID:0004603;CHEMONTID:0000323;CHEMONTID:0001831,Organic compounds;Organic oxygen compounds;Organooxygen compounds;Carbonyl compounds
11085,Carbonyl compounds,0.92,CHEMONTID:0001831,4,CHEMONTID:0000323,CHEMONTID:0000000;CHEMONTID:0004603;CHEMONTID:0000323;CHEMONTID:0001831,Organic compounds;Organic oxygen compounds;Organooxygen compounds;Carbonyl compounds
8879,Fatty acids and conjugates,0.92,CHEMONTID:0000262,4,CHEMONTID:0003909,CHEMONTID:0000000;CHEMONTID:0000012;CHEMONTID:0003909;CHEMONTID:0000262,Organic compounds;Lipids and lipid-like molecules;Fatty Acyls;Fatty acids and conjugates
16130,Amines,0.87,CHEMONTID:0002449,4,CHEMONTID:0000278,CHEMONTID:0000000;CHEMONTID:0004707;CHEMONTID:0000278;CHEMONTID:0002449,Organic compounds;Organic nitrogen compounds;Organonitrogen compounds;Amines
18490,Dialkyl ethers,0.97,CHEMONTID:0001167,5,CHEMONTID:0000254,CHEMONTID:0000000;CHEMONTID:0004603;CHEMONTID:0000323;CHEMONTID:0000254;CHEMONTID:0001167,Organic compounds;Organic oxygen compounds;Organooxygen compounds;Ethers;Dialkyl ethers
362,Glycosyl compounds,1,CHEMONTID:0002105,5,CHEMONTID:0000011,CHEMONTID:0000000;CHEMONTID:0004603;CHEMONTID:0000323;CHEMONTID:0000011;CHEMONTID:0002105,Organic compounds;Organic oxygen compounds;Organooxygen compounds;Carbohydrates and carbohydrate conjugates;Glycosyl compounds
6708,Carboxylic acid derivatives,0.93,CHEMONTID:0001093,4,CHEMONTID:0000265,CHEMONTID:0000000;CHEMONTID:0000264;CHEMONTID:0000265;CHEMONTID:0001093,Organic compounds;Organic acids and derivatives;Carboxylic acids and derivatives;Carboxylic acid derivatives
10624,N-acyl amines,0.93,CHEMONTID:0001096,5,CHEMONTID:0000331,CHEMONTID:0000000;CHEMONTID:0000012;CHEMONTID:0003909;CHEMONTID:0000331;CHEMONTID:0001096,Organic compounds;Lipids and lipid-like molecules;Fatty Acyls;Fatty amides;N-acyl amines
9090,Alcohols and polyols,0.96,CHEMONTID:0000129,4,CHEMONTID:0000323,CHEMONTID:0000000;CHEMONTID:0004603;CHEMONTID:0000323;CHEMONTID:0000129,Organic compounds;Organic oxygen compounds;Organooxygen compounds;Alcohols and polyols
5133,Monocarboxylic acids and derivatives,0.8,CHEMONTID:0001137,4,CHEMONTID:0000265,CHEMONTID:0000000;CHEMONTID:0000264;CHEMONTID:0000265;CHEMONTID:0001137,Organic compounds;Organic acids and derivatives;Carboxylic acids and derivatives;Monocarboxylic acids and derivatives
12367,Alcohols and polyols,0.96,CHEMONTID:0000129,4,CHEMONTID:0000323,CHEMONTID:0000000;CHEMONTID:0004603;CHEMONTID:0000323;CHEMONTID:0000129,Organic compounds;Organic oxygen compounds;Organooxygen compounds;Alcohols and polyols
9105,Alkyl phosphates,0.95,CHEMONTID:0003457,5,CHEMONTID:0000408,CHEMONTID:0000000;CHEMONTID:0000264;CHEMONTID:0000402;CHEMONTID:0000408;CHEMONTID:0003457,Organic compounds;Organic acids and derivatives;Organic phosphoric acids and derivatives;Phosphate esters;Alkyl phosphates
12904,Primary amines,0.99,CHEMONTID:0002450,5,CHEMONTID:0002449,CHEMONTID:0000000;CHEMONTID:0004707;CHEMONTID:0000278;CHEMONTID:0002449;CHEMONTID:0002450,Organic compounds;Organic nitrogen compounds;Organonitrogen compounds;Amines;Primary amines
11128,Ethers,0.95,CHEMONTID:0000254,4,CHEMONTID:0000323,CHEMONTID:0000000;CHEMONTID:0004603;CHEMONTID:0000323;CHEMONTID:0000254,Organic compounds;Organic oxygen compounds;Organooxygen compounds;Ethers
18422,Carbonyl compounds,0.83,CHEMONTID:0001831,4,CHEMONTID:0000323,CHEMONTID:0000000;CHEMONTID:0004603;CHEMONTID:0000323;CHEMONTID:0001831,Organic compounds;Organic oxygen compounds;Organooxygen compounds;Carbonyl compounds
18823,Amines,1,CHEMONTID:0002449,4,CHEMONTID:0000278,CHEMONTID:0000000;CHEMONTID:0004707;CHEMONTID:0000278;CHEMONTID:0002449,Organic compounds;Organic nitrogen compounds;Organonitrogen compounds;Amines
1833,Alcohols and polyols,0.97,CHEMONTID:0000129,4,CHEMONTID:0000323,CHEMONTID:0000000;CHEMONTID:0004603;CHEMONTID:0000323;CHEMONTID:0000129,Organic compounds;Organic oxygen compounds;Organooxygen compounds;Alcohols and polyols
182,Monoalkylamines,0.99,CHEMONTID:0000469,6,CHEMONTID:0002450,CHEMONTID:0000000;CHEMONTID:0004707;CHEMONTID:0000278;CHEMONTID:0002449;CHEMONTID:0002450;CHEMONTID:0000469,Organic compounds;Organic nitrogen compounds;Organonitrogen compounds;Amines;Primary amines;Monoalkylamines
15254,Monosaccharide phosphates,1,CHEMONTID:0001541,6,CHEMONTID:0001540,CHEMONTID:0000000;CHEMONTID:0004603;CHEMONTID:0000323;CHEMONTID:0000011;CHEMONTID:0001540;CHEMONTID:0001541,Organic compounds;Organic oxygen compounds;Organooxygen compounds;Carbohydrates and carbohydrate conjugates;Monosaccharides;Monosaccharide phosphates
11811,Carbonyl compounds,0.92,CHEMONTID:0001831,4,CHEMONTID:0000323,CHEMONTID:0000000;CHEMONTID:0004603;CHEMONTID:0000323;CHEMONTID:0001831,Organic compounds;Organic oxygen compounds;Organooxygen compounds;Carbonyl compounds
1836,Carbonyl compounds,0.96,CHEMONTID:0001831,4,CHEMONTID:0000323,CHEMONTID:0000000;CHEMONTID:0004603;CHEMONTID:0000323;CHEMONTID:0001831,Organic compounds;Organic oxygen compounds;Organooxygen compounds;Carbonyl compounds
4353,Carbonyl compounds,0.86,CHEMONTID:0001831,4,CHEMONTID:0000323,CHEMONTID:0000000;CHEMONTID:0004603;CHEMONTID:0000323;CHEMONTID:0001831,Organic compounds;Organic oxygen compounds;Organooxygen compounds;Carbonyl compounds
10247,Carbonyl compounds,0.87,CHEMONTID:0001831,4,CHEMONTID:0000323,CHEMONTID:0000000;CHEMONTID:0004603;CHEMONTID:0000323;CHEMONTID:0001831,Organic compounds;Organic oxygen compounds;Organooxygen compounds;Carbonyl compounds
10299,Carboxylic acid derivatives,0.85,CHEMONTID:0001093,4,CHEMONTID:0000265,CHEMONTID:0000000;CHEMONTID:0000264;CHEMONTID:0000265;CHEMONTID:0001093,Organic compounds;Organic acids and derivatives;Carboxylic acids and derivatives;Carboxylic acid derivatives
6140,Dialkyl ethers,0.97,CHEMONTID:0001167,5,CHEMONTID:0000254,CHEMONTID:0000000;CHEMONTID:0004603;CHEMONTID:0000323;CHEMONTID:0000254;CHEMONTID:0001167,Organic compounds;Organic oxygen compounds;Organooxygen compounds;Ethers;Dialkyl ethers
10251,Carboxylic acid derivatives,1,CHEMONTID:0001093,4,CHEMONTID:0000265,CHEMONTID:0000000;CHEMONTID:0000264;CHEMONTID:0000265;CHEMONTID:0001093,Organic compounds;Organic acids and derivatives;Carboxylic acids and derivatives;Carboxylic acid derivatives
6276,Carbonyl compounds,0.84,CHEMONTID:0001831,4,CHEMONTID:0000323,CHEMONTID:0000000;CHEMONTID:0004603;CHEMONTID:0000323;CHEMONTID:0001831,Organic compounds;Organic oxygen compounds;Organooxygen compounds;Carbonyl compounds
14356,Carbonyl compounds,0.88,CHEMONTID:0001831,4,CHEMONTID:0000323,CHEMONTID:0000000;CHEMONTID:0004603;CHEMONTID:0000323;CHEMONTID:0001831,Organic compounds;Organic oxygen compounds;Organooxygen compounds;Carbonyl compounds
1045,Carbonyl compounds,0.86,CHEMONTID:0001831,4,CHEMONTID:0000323,CHEMONTID:0000000;CHEMONTID:0004603;CHEMONTID:0000323;CHEMONTID:0001831,Organic compounds;Organic oxygen compounds;Organooxygen compounds;Carbonyl compounds
14046,Carboxylic acid derivatives,1,CHEMONTID:0001093,4,CHEMONTID:0000265,CHEMONTID:0000000;CHEMONTID:0000264;CHEMONTID:0000265;CHEMONTID:0001093,Organic compounds;Organic acids and derivatives;Carboxylic acids and derivatives;Carboxylic acid derivatives
20323,Methyl esters,0.99,CHEMONTID:0003416,6,CHEMONTID:0001238,CHEMONTID:0000000;CHEMONTID:0000264;CHEMONTID:0000265;CHEMONTID:0001093;CHEMONTID:0001238;CHEMONTID:0003416,Organic compounds;Organic acids and derivatives;Carboxylic acids and derivatives;Carboxylic acid derivatives;Carboxylic acid esters;Methyl esters
17566,Carboxylic acid derivatives,0.98,CHEMONTID:0001093,4,CHEMONTID:0000265,CHEMONTID:0000000;CHEMONTID:0000264;CHEMONTID:0000265;CHEMONTID:0001093,Organic compounds;Organic acids and derivatives;Carboxylic acids and derivatives;Carboxylic acid derivatives
15930,Dialkyl ethers,0.99,CHEMONTID:0001167,5,CHEMONTID:0000254,CHEMONTID:0000000;CHEMONTID:0004603;CHEMONTID:0000323;CHEMONTID:0000254;CHEMONTID:0001167,Organic compounds;Organic oxygen compounds;Organooxygen compounds;Ethers;Dialkyl ethers
8575,Monoalkylamines,0.97,CHEMONTID:0000469,6,CHEMONTID:0002450,CHEMONTID:0000000;CHEMONTID:0004707;CHEMONTID:0000278;CHEMONTID:0002449;CHEMONTID:0002450;CHEMONTID:0000469,Organic compounds;Organic nitrogen compounds;Organonitrogen compounds;Amines;Primary amines;Monoalkylamines
14240,Carboxylic acid derivatives,0.93,CHEMONTID:0001093,4,CHEMONTID:0000265,CHEMONTID:0000000;CHEMONTID:0000264;CHEMONTID:0000265;CHEMONTID:0001093,Organic compounds;Organic acids and derivatives;Carboxylic acids and derivatives;Carboxylic acid derivatives
8692,Carbonyl compounds,0.96,CHEMONTID:0001831,4,CHEMONTID:0000323,CHEMONTID:0000000;CHEMONTID:0004603;CHEMONTID:0000323;CHEMONTID:0001831,Organic compounds;Organic oxygen compounds;Organooxygen compounds;Carbonyl compounds
8042,Carbonyl compounds,0.92,CHEMONTID:0001831,4,CHEMONTID:0000323,CHEMONTID:0000000;CHEMONTID:0004603;CHEMONTID:0000323;CHEMONTID:0001831,Organic compounds;Organic oxygen compounds;Organooxygen compounds;Carbonyl compounds
8775,"Amino acids, peptides, and analogues",0.98,CHEMONTID:0000013,4,CHEMONTID:0000265,CHEMONTID:0000000;CHEMONTID:0000264;CHEMONTID:0000265;CHEMONTID:0000013,"Organic compounds;Organic acids and derivatives;Carboxylic acids and derivatives;Amino acids, peptides, and analogues"
17327,Dialkyl ethers,0.9,CHEMONTID:0001167,5,CHEMONTID:0000254,CHEMONTID:0000000;CHEMONTID:0004603;CHEMONTID:0000323;CHEMONTID:0000254;CHEMONTID:0001167,Organic compounds;Organic oxygen compounds;Organooxygen compounds;Ethers;Dialkyl ethers
19927,Carboxylic acid derivatives,0.96,CHEMONTID:0001093,4,CHEMONTID:0000265,CHEMONTID:0000000;CHEMONTID:0000264;CHEMONTID:0000265;CHEMONTID:0001093,Organic compounds;Organic acids and derivatives;Carboxylic acids and derivatives;Carboxylic acid derivatives
19561,Alcohols and polyols,0.97,CHEMONTID:0000129,4,CHEMONTID:0000323,CHEMONTID:0000000;CHEMONTID:0004603;CHEMONTID:0000323;CHEMONTID:0000129,Organic compounds;Organic oxygen compounds;Organooxygen compounds;Alcohols and polyols
13588,Carbonyl compounds,0.95,CHEMONTID:0001831,4,CHEMONTID:0000323,CHEMONTID:0000000;CHEMONTID:0004603;CHEMONTID:0000323;CHEMONTID:0001831,Organic compounds;Organic oxygen compounds;Organooxygen compounds;Carbonyl compounds
16754,Carboxylic acid derivatives,0.89,CHEMONTID:0001093,4,CHEMONTID:0000265,CHEMONTID:0000000;CHEMONTID:0000264;CHEMONTID:0000265;CHEMONTID:0001093,Organic compounds;Organic acids and derivatives;Carboxylic acids and derivatives;Carboxylic acid derivatives
20213,Dialkyl peroxides,0.95,CHEMONTID:0003951,5,CHEMONTID:0000414,CHEMONTID:0000000;CHEMONTID:0004603;CHEMONTID:0003940;CHEMONTID:0000414;CHEMONTID:0003951,Organic compounds;Organic oxygen compounds;Organic oxides;Organic peroxides;Dialkyl peroxides
6970,Carbonyl compounds,0.95,CHEMONTID:0001831,4,CHEMONTID:0000323,CHEMONTID:0000000;CHEMONTID:0004603;CHEMONTID:0000323;CHEMONTID:0001831,Organic compounds;Organic oxygen compounds;Organooxygen compounds;Carbonyl compounds
727,Carbonyl compounds,0.97,CHEMONTID:0001831,4,CHEMONTID:0000323,CHEMONTID:0000000;CHEMONTID:0004603;CHEMONTID:0000323;CHEMONTID:0001831,Organic compounds;Organic oxygen compounds;Organooxygen compounds;Carbonyl compounds
19435,Carbonyl compounds,0.89,CHEMONTID:0001831,4,CHEMONTID:0000323,CHEMONTID:0000000;CHEMONTID:0004603;CHEMONTID:0000323;CHEMONTID:0001831,Organic compounds;Organic oxygen compounds;Organooxygen compounds;Carbonyl compounds
13607,Carbonyl compounds,0.87,CHEMONTID:0001831,4,CHEMONTID:0000323,CHEMONTID:0000000;CHEMONTID:0004603;CHEMONTID:0000323;CHEMONTID:0001831,Organic compounds;Organic oxygen compounds;Organooxygen compounds;Carbonyl compounds
8306,Carbonyl compounds,0.93,CHEMONTID:0001831,4,CHEMONTID:0000323,CHEMONTID:0000000;CHEMONTID:0004603;CHEMONTID:0000323;CHEMONTID:0001831,Organic compounds;Organic oxygen compounds;Organooxygen compounds;Carbonyl compounds
18711,Alcohols and polyols,0.99,CHEMONTID:0000129,4,CHEMONTID:0000323,CHEMONTID:0000000;CHEMONTID:0004603;CHEMONTID:0000323;CHEMONTID:0000129,Organic compounds;Organic oxygen compounds;Organooxygen compounds;Alcohols and polyols
9306,Carbonyl compounds,0.86,CHEMONTID:0001831,4,CHEMONTID:0000323,CHEMONTID:0000000;CHEMONTID:0004603;CHEMONTID:0000323;CHEMONTID:0001831,Organic compounds;Organic oxygen compounds;Organooxygen compounds;Carbonyl compounds
13611,Carbonyl compounds,0.97,CHEMONTID:0001831,4,CHEMONTID:0000323,CHEMONTID:0000000;CHEMONTID:0004603;CHEMONTID:0000323;CHEMONTID:0001831,Organic compounds;Organic oxygen compounds;Organooxygen compounds;Carbonyl compounds
8474,Carbonyl compounds,0.89,CHEMONTID:0001831,4,CHEMONTID:0000323,CHEMONTID:0000000;CHEMONTID:0004603;CHEMONTID:0000323;CHEMONTID:0001831,Organic compounds;Organic oxygen compounds;Organooxygen compounds;Carbonyl compounds
16365,Hydroquinolones,0.92,CHEMONTID:0001716,5,CHEMONTID:0000056,CHEMONTID:0000000;CHEMONTID:0000002;CHEMONTID:0001253;CHEMONTID:0000056;CHEMONTID:0001716,Organic compounds;Organoheterocyclic compounds;Quinolines and derivatives;Quinolones and derivatives;Hydroquinolones
19356,Amines,0.95,CHEMONTID:0002449,4,CHEMONTID:0000278,CHEMONTID:0000000;CHEMONTID:0004707;CHEMONTID:0000278;CHEMONTID:0002449,Organic compounds;Organic nitrogen compounds;Organonitrogen compounds;Amines
4665,Carboxylic acid derivatives,0.93,CHEMONTID:0001093,4,CHEMONTID:0000265,CHEMONTID:0000000;CHEMONTID:0000264;CHEMONTID:0000265;CHEMONTID:0001093,Organic compounds;Organic acids and derivatives;Carboxylic acids and derivatives;Carboxylic acid derivatives
19499,Carboxylic acid amides,0.9,CHEMONTID:0000475,5,CHEMONTID:0001093,CHEMONTID:0000000;CHEMONTID:0000264;CHEMONTID:0000265;CHEMONTID:0001093;CHEMONTID:0000475,Organic compounds;Organic acids and derivatives;Carboxylic acids and derivatives;Carboxylic acid derivatives;Carboxylic acid amides
14052,Carboxylic acid derivatives,0.96,CHEMONTID:0001093,4,CHEMONTID:0000265,CHEMONTID:0000000;CHEMONTID:0000264;CHEMONTID:0000265;CHEMONTID:0001093,Organic compounds;Organic acids and derivatives;Carboxylic acids and derivatives;Carboxylic acid derivatives
2834,Carbonyl compounds,0.88,CHEMONTID:0001831,4,CHEMONTID:0000323,CHEMONTID:0000000;CHEMONTID:0004603;CHEMONTID:0000323;CHEMONTID:0001831,Organic compounds;Organic oxygen compounds;Organooxygen compounds;Carbonyl compounds
19603,Carbonyl compounds,0.93,CHEMONTID:0001831,4,CHEMONTID:0000323,CHEMONTID:0000000;CHEMONTID:0004603;CHEMONTID:0000323;CHEMONTID:0001831,Organic compounds;Organic oxygen compounds;Organooxygen compounds;Carbonyl compounds
615,Carbonyl compounds,0.92,CHEMONTID:0001831,4,CHEMONTID:0000323,CHEMONTID:0000000;CHEMONTID:0004603;CHEMONTID:0000323;CHEMONTID:0001831,Organic compounds;Organic oxygen compounds;Organooxygen compounds;Carbonyl compounds
12238,Ethers,0.97,CHEMONTID:0000254,4,CHEMONTID:0000323,CHEMONTID:0000000;CHEMONTID:0004603;CHEMONTID:0000323;CHEMONTID:0000254,Organic compounds;Organic oxygen compounds;Organooxygen compounds;Ethers
4938,"Amino acids, peptides, and analogues",0.97,CHEMONTID:0000013,4,CHEMONTID:0000265,CHEMONTID:0000000;CHEMONTID:0000264;CHEMONTID:0000265;CHEMONTID:0000013,"Organic compounds;Organic acids and derivatives;Carboxylic acids and derivatives;Amino acids, peptides, and analogues"
20281,Carbonyl compounds,0.83,CHEMONTID:0001831,4,CHEMONTID:0000323,CHEMONTID:0000000;CHEMONTID:0004603;CHEMONTID:0000323;CHEMONTID:0001831,Organic compounds;Organic oxygen compounds;Organooxygen compounds;Carbonyl compounds
14720,Pyrimidines and pyrimidine derivatives,0.89,CHEMONTID:0000075,4,CHEMONTID:0001346,CHEMONTID:0000000;CHEMONTID:0000002;CHEMONTID:0001346;CHEMONTID:0000075,Organic compounds;Organoheterocyclic compounds;Diazines;Pyrimidines and pyrimidine derivatives
6938,Primary amines,0.97,CHEMONTID:0002450,5,CHEMONTID:0002449,CHEMONTID:0000000;CHEMONTID:0004707;CHEMONTID:0000278;CHEMONTID:0002449;CHEMONTID:0002450,Organic compounds;Organic nitrogen compounds;Organonitrogen compounds;Amines;Primary amines
3918,Primary amines,0.92,CHEMONTID:0002450,5,CHEMONTID:0002449,CHEMONTID:0000000;CHEMONTID:0004707;CHEMONTID:0000278;CHEMONTID:0002449;CHEMONTID:0002450,Organic compounds;Organic nitrogen compounds;Organonitrogen compounds;Amines;Primary amines
7334,Pyranones and derivatives,0.85,CHEMONTID:0000481,4,CHEMONTID:0000086,CHEMONTID:0000000;CHEMONTID:0000002;CHEMONTID:0000086;CHEMONTID:0000481,Organic compounds;Organoheterocyclic compounds;Pyrans;Pyranones and derivatives
9081,Carbonyl compounds,0.99,CHEMONTID:0001831,4,CHEMONTID:0000323,CHEMONTID:0000000;CHEMONTID:0004603;CHEMONTID:0000323;CHEMONTID:0001831,Organic compounds;Organic oxygen compounds;Organooxygen compounds;Carbonyl compounds
15612,Amines,0.96,CHEMONTID:0002449,4,CHEMONTID:0000278,CHEMONTID:0000000;CHEMONTID:0004707;CHEMONTID:0000278;CHEMONTID:0002449,Organic compounds;Organic nitrogen compounds;Organonitrogen compounds;Amines
19967,Carbonyl compounds,0.87,CHEMONTID:0001831,4,CHEMONTID:0000323,CHEMONTID:0000000;CHEMONTID:0004603;CHEMONTID:0000323;CHEMONTID:0001831,Organic compounds;Organic oxygen compounds;Organooxygen compounds;Carbonyl compounds
10538,Alcohols and polyols,0.96,CHEMONTID:0000129,4,CHEMONTID:0000323,CHEMONTID:0000000;CHEMONTID:0004603;CHEMONTID:0000323;CHEMONTID:0000129,Organic compounds;Organic oxygen compounds;Organooxygen compounds;Alcohols and polyols
12532,Carboxylic acid derivatives,0.99,CHEMONTID:0001093,4,CHEMONTID:0000265,CHEMONTID:0000000;CHEMONTID:0000264;CHEMONTID:0000265;CHEMONTID:0001093,Organic compounds;Organic acids and derivatives;Carboxylic acids and derivatives;Carboxylic acid derivatives
2399,Alcohols and polyols,0.99,CHEMONTID:0000129,4,CHEMONTID:0000323,CHEMONTID:0000000;CHEMONTID:0004603;CHEMONTID:0000323;CHEMONTID:0000129,Organic compounds;Organic oxygen compounds;Organooxygen compounds;Alcohols and polyols
12806,Carbonyl compounds,0.8,CHEMONTID:0001831,4,CHEMONTID:0000323,CHEMONTID:0000000;CHEMONTID:0004603;CHEMONTID:0000323;CHEMONTID:0001831,Organic compounds;Organic oxygen compounds;Organooxygen compounds;Carbonyl compounds
10665,Carbonyl compounds,0.94,CHEMONTID:0001831,4,CHEMONTID:0000323,CHEMONTID:0000000;CHEMONTID:0004603;CHEMONTID:0000323;CHEMONTID:0001831,Organic compounds;Organic oxygen compounds;Organooxygen compounds;Carbonyl compounds
8313,Carboxylic acid derivatives,1,CHEMONTID:0001093,4,CHEMONTID:0000265,CHEMONTID:0000000;CHEMONTID:0000264;CHEMONTID:0000265;CHEMONTID:0001093,Organic compounds;Organic acids and derivatives;Carboxylic acids and derivatives;Carboxylic acid derivatives
1978,Dialkyl ethers,0.92,CHEMONTID:0001167,5,CHEMONTID:0000254,CHEMONTID:0000000;CHEMONTID:0004603;CHEMONTID:0000323;CHEMONTID:0000254;CHEMONTID:0001167,Organic compounds;Organic oxygen compounds;Organooxygen compounds;Ethers;Dialkyl ethers
5673,Amines,0.99,CHEMONTID:0002449,4,CHEMONTID:0000278,CHEMONTID:0000000;CHEMONTID:0004707;CHEMONTID:0000278;CHEMONTID:0002449,Organic compounds;Organic nitrogen compounds;Organonitrogen compounds;Amines
20438,Amines,0.92,CHEMONTID:0002449,4,CHEMONTID:0000278,CHEMONTID:0000000;CHEMONTID:0004707;CHEMONTID:0000278;CHEMONTID:0002449,Organic compounds;Organic nitrogen compounds;Organonitrogen compounds;Amines
2115,Carbonyl compounds,0.93,CHEMONTID:0001831,4,CHEMONTID:0000323,CHEMONTID:0000000;CHEMONTID:0004603;CHEMONTID:0000323;CHEMONTID:0001831,Organic compounds;Organic oxygen compounds;Organooxygen compounds;Carbonyl compounds
399,Amines,1,CHEMONTID:0002449,4,CHEMONTID:0000278,CHEMONTID:0000000;CHEMONTID:0004707;CHEMONTID:0000278;CHEMONTID:0002449,Organic compounds;Organic nitrogen compounds;Organonitrogen compounds;Amines
10081,Carboxylic acid derivatives,0.93,CHEMONTID:0001093,4,CHEMONTID:0000265,CHEMONTID:0000000;CHEMONTID:0000264;CHEMONTID:0000265;CHEMONTID:0001093,Organic compounds;Organic acids and derivatives;Carboxylic acids and derivatives;Carboxylic acid derivatives
10796,Alcohols and polyols,0.99,CHEMONTID:0000129,4,CHEMONTID:0000323,CHEMONTID:0000000;CHEMONTID:0004603;CHEMONTID:0000323;CHEMONTID:0000129,Organic compounds;Organic oxygen compounds;Organooxygen compounds;Alcohols and polyols
10736,Primary amines,0.98,CHEMONTID:0002450,5,CHEMONTID:0002449,CHEMONTID:0000000;CHEMONTID:0004707;CHEMONTID:0000278;CHEMONTID:0002449;CHEMONTID:0002450,Organic compounds;Organic nitrogen compounds;Organonitrogen compounds;Amines;Primary amines
4731,Carboxylic acid derivatives,0.95,CHEMONTID:0001093,4,CHEMONTID:0000265,CHEMONTID:0000000;CHEMONTID:0000264;CHEMONTID:0000265;CHEMONTID:0001093,Organic compounds;Organic acids and derivatives;Carboxylic acids and derivatives;Carboxylic acid derivatives
12502,Primary amines,0.96,CHEMONTID:0002450,5,CHEMONTID:0002449,CHEMONTID:0000000;CHEMONTID:0004707;CHEMONTID:0000278;CHEMONTID:0002449;CHEMONTID:0002450,Organic compounds;Organic nitrogen compounds;Organonitrogen compounds;Amines;Primary amines
5048,Carbonyl compounds,0.97,CHEMONTID:0001831,4,CHEMONTID:0000323,CHEMONTID:0000000;CHEMONTID:0004603;CHEMONTID:0000323;CHEMONTID:0001831,Organic compounds;Organic oxygen compounds;Organooxygen compounds;Carbonyl compounds
12634,"1,3,5-triazines",0.98,CHEMONTID:0004105,4,CHEMONTID:0000098,CHEMONTID:0000000;CHEMONTID:0000002;CHEMONTID:0000098;CHEMONTID:0004105,"Organic compounds;Organoheterocyclic compounds;Triazines;1,3,5-triazines"
9701,Carbonyl compounds,0.98,CHEMONTID:0001831,4,CHEMONTID:0000323,CHEMONTID:0000000;CHEMONTID:0004603;CHEMONTID:0000323;CHEMONTID:0001831,Organic compounds;Organic oxygen compounds;Organooxygen compounds;Carbonyl compounds
12975,Carbonyl compounds,0.91,CHEMONTID:0001831,4,CHEMONTID:0000323,CHEMONTID:0000000;CHEMONTID:0004603;CHEMONTID:0000323;CHEMONTID:0001831,Organic compounds;Organic oxygen compounds;Organooxygen compounds;Carbonyl compounds
478,Alcohols and polyols,0.98,CHEMONTID:0000129,4,CHEMONTID:0000323,CHEMONTID:0000000;CHEMONTID:0004603;CHEMONTID:0000323;CHEMONTID:0000129,Organic compounds;Organic oxygen compounds;Organooxygen compounds;Alcohols and polyols
9687,Carbonyl compounds,0.95,CHEMONTID:0001831,4,CHEMONTID:0000323,CHEMONTID:0000000;CHEMONTID:0004603;CHEMONTID:0000323;CHEMONTID:0001831,Organic compounds;Organic oxygen compounds;Organooxygen compounds;Carbonyl compounds
18509,Carboxylic acid derivatives,0.9,CHEMONTID:0001093,4,CHEMONTID:0000265,CHEMONTID:0000000;CHEMONTID:0000264;CHEMONTID:0000265;CHEMONTID:0001093,Organic compounds;Organic acids and derivatives;Carboxylic acids and derivatives;Carboxylic acid derivatives
18580,Amines,0.95,CHEMONTID:0002449,4,CHEMONTID:0000278,CHEMONTID:0000000;CHEMONTID:0004707;CHEMONTID:0000278;CHEMONTID:0002449,Organic compounds;Organic nitrogen compounds;Organonitrogen compounds;Amines
6092,Carbonyl compounds,0.96,CHEMONTID:0001831,4,CHEMONTID:0000323,CHEMONTID:0000000;CHEMONTID:0004603;CHEMONTID:0000323;CHEMONTID:0001831,Organic compounds;Organic oxygen compounds;Organooxygen compounds;Carbonyl compounds
7451,Carbonyl compounds,0.93,CHEMONTID:0001831,4,CHEMONTID:0000323,CHEMONTID:0000000;CHEMONTID:0004603;CHEMONTID:0000323;CHEMONTID:0001831,Organic compounds;Organic oxygen compounds;Organooxygen compounds;Carbonyl compounds
1456,Carbonyl compounds,0.93,CHEMONTID:0001831,4,CHEMONTID:0000323,CHEMONTID:0000000;CHEMONTID:0004603;CHEMONTID:0000323;CHEMONTID:0001831,Organic compounds;Organic oxygen compounds;Organooxygen compounds;Carbonyl compounds
10416,Primary amines,1,CHEMONTID:0002450,5,CHEMONTID:0002449,CHEMONTID:0000000;CHEMONTID:0004707;CHEMONTID:0000278;CHEMONTID:0002449;CHEMONTID:0002450,Organic compounds;Organic nitrogen compounds;Organonitrogen compounds;Amines;Primary amines
16973,Carbonyl compounds,0.98,CHEMONTID:0001831,4,CHEMONTID:0000323,CHEMONTID:0000000;CHEMONTID:0004603;CHEMONTID:0000323;CHEMONTID:0001831,Organic compounds;Organic oxygen compounds;Organooxygen compounds;Carbonyl compounds
16012,Carbonyl compounds,0.99,CHEMONTID:0001831,4,CHEMONTID:0000323,CHEMONTID:0000000;CHEMONTID:0004603;CHEMONTID:0000323;CHEMONTID:0001831,Organic compounds;Organic oxygen compounds;Organooxygen compounds;Carbonyl compounds
12612,Monoalkylamines,0.8,CHEMONTID:0000469,6,CHEMONTID:0002450,CHEMONTID:0000000;CHEMONTID:0004707;CHEMONTID:0000278;CHEMONTID:0002449;CHEMONTID:0002450;CHEMONTID:0000469,Organic compounds;Organic nitrogen compounds;Organonitrogen compounds;Amines;Primary amines;Monoalkylamines
9655,Amines,0.98,CHEMONTID:0002449,4,CHEMONTID:0000278,CHEMONTID:0000000;CHEMONTID:0004707;CHEMONTID:0000278;CHEMONTID:0002449,Organic compounds;Organic nitrogen compounds;Organonitrogen compounds;Amines
8738,Ethers,0.85,CHEMONTID:0000254,4,CHEMONTID:0000323,CHEMONTID:0000000;CHEMONTID:0004603;CHEMONTID:0000323;CHEMONTID:0000254,Organic compounds;Organic oxygen compounds;Organooxygen compounds;Ethers
20130,Alpha amino acids and derivatives,0.98,CHEMONTID:0000060,6,CHEMONTID:0000347,CHEMONTID:0000000;CHEMONTID:0000264;CHEMONTID:0000265;CHEMONTID:0000013;CHEMONTID:0000347;CHEMONTID:0000060,"Organic compounds;Organic acids and derivatives;Carboxylic acids and derivatives;Amino acids, peptides, and analogues;Amino acids and derivatives;Alpha amino acids and derivatives"
20391,Carboxylic acid derivatives,0.98,CHEMONTID:0001093,4,CHEMONTID:0000265,CHEMONTID:0000000;CHEMONTID:0000264;CHEMONTID:0000265;CHEMONTID:0001093,Organic compounds;Organic acids and derivatives;Carboxylic acids and derivatives;Carboxylic acid derivatives
11157,Trialkylamines,0.91,CHEMONTID:0002239,6,CHEMONTID:0002452,CHEMONTID:0000000;CHEMONTID:0004707;CHEMONTID:0000278;CHEMONTID:0002449;CHEMONTID:0002452;CHEMONTID:0002239,Organic compounds;Organic nitrogen compounds;Organonitrogen compounds;Amines;Tertiary amines;Trialkylamines
7804,Carbonyl compounds,0.81,CHEMONTID:0001831,4,CHEMONTID:0000323,CHEMONTID:0000000;CHEMONTID:0004603;CHEMONTID:0000323;CHEMONTID:0001831,Organic compounds;Organic oxygen compounds;Organooxygen compounds;Carbonyl compounds
16857,Carbohydrates and carbohydrate conjugates,1,CHEMONTID:0000011,4,CHEMONTID:0000323,CHEMONTID:0000000;CHEMONTID:0004603;CHEMONTID:0000323;CHEMONTID:0000011,Organic compounds;Organic oxygen compounds;Organooxygen compounds;Carbohydrates and carbohydrate conjugates
8691,Carbonyl compounds,0.89,CHEMONTID:0001831,4,CHEMONTID:0000323,CHEMONTID:0000000;CHEMONTID:0004603;CHEMONTID:0000323;CHEMONTID:0001831,Organic compounds;Organic oxygen compounds;Organooxygen compounds;Carbonyl compounds
14692,Monoalkylamines,0.93,CHEMONTID:0000469,6,CHEMONTID:0002450,CHEMONTID:0000000;CHEMONTID:0004707;CHEMONTID:0000278;CHEMONTID:0002449;CHEMONTID:0002450;CHEMONTID:0000469,Organic compounds;Organic nitrogen compounds;Organonitrogen compounds;Amines;Primary amines;Monoalkylamines
2078,Carbonyl compounds,0.96,CHEMONTID:0001831,4,CHEMONTID:0000323,CHEMONTID:0000000;CHEMONTID:0004603;CHEMONTID:0000323;CHEMONTID:0001831,Organic compounds;Organic oxygen compounds;Organooxygen compounds;Carbonyl compounds
14204,Alcohols and polyols,0.93,CHEMONTID:0000129,4,CHEMONTID:0000323,CHEMONTID:0000000;CHEMONTID:0004603;CHEMONTID:0000323;CHEMONTID:0000129,Organic compounds;Organic oxygen compounds;Organooxygen compounds;Alcohols and polyols
5742,Amines,0.98,CHEMONTID:0002449,4,CHEMONTID:0000278,CHEMONTID:0000000;CHEMONTID:0004707;CHEMONTID:0000278;CHEMONTID:0002449,Organic compounds;Organic nitrogen compounds;Organonitrogen compounds;Amines
19636,Alcohols and polyols,0.99,CHEMONTID:0000129,4,CHEMONTID:0000323,CHEMONTID:0000000;CHEMONTID:0004603;CHEMONTID:0000323;CHEMONTID:0000129,Organic compounds;Organic oxygen compounds;Organooxygen compounds;Alcohols and polyols
1079,Monoalkylamines,1,CHEMONTID:0000469,6,CHEMONTID:0002450,CHEMONTID:0000000;CHEMONTID:0004707;CHEMONTID:0000278;CHEMONTID:0002449;CHEMONTID:0002450;CHEMONTID:0000469,Organic compounds;Organic nitrogen compounds;Organonitrogen compounds;Amines;Primary amines;Monoalkylamines
3609,Carbonyl compounds,0.99,CHEMONTID:0001831,4,CHEMONTID:0000323,CHEMONTID:0000000;CHEMONTID:0004603;CHEMONTID:0000323;CHEMONTID:0001831,Organic compounds;Organic oxygen compounds;Organooxygen compounds;Carbonyl compounds
13339,Carbonyl compounds,0.97,CHEMONTID:0001831,4,CHEMONTID:0000323,CHEMONTID:0000000;CHEMONTID:0004603;CHEMONTID:0000323;CHEMONTID:0001831,Organic compounds;Organic oxygen compounds;Organooxygen compounds;Carbonyl compounds
13492,Carboxylic acid derivatives,0.94,CHEMONTID:0001093,4,CHEMONTID:0000265,CHEMONTID:0000000;CHEMONTID:0000264;CHEMONTID:0000265;CHEMONTID:0001093,Organic compounds;Organic acids and derivatives;Carboxylic acids and derivatives;Carboxylic acid derivatives
4804,Alcohols and polyols,0.85,CHEMONTID:0000129,4,CHEMONTID:0000323,CHEMONTID:0000000;CHEMONTID:0004603;CHEMONTID:0000323;CHEMONTID:0000129,Organic compounds;Organic oxygen compounds;Organooxygen compounds;Alcohols and polyols
13972,Carbonyl compounds,0.82,CHEMONTID:0001831,4,CHEMONTID:0000323,CHEMONTID:0000000;CHEMONTID:0004603;CHEMONTID:0000323;CHEMONTID:0001831,Organic compounds;Organic oxygen compounds;Organooxygen compounds;Carbonyl compounds
11864,Alcohols and polyols,0.99,CHEMONTID:0000129,4,CHEMONTID:0000323,CHEMONTID:0000000;CHEMONTID:0004603;CHEMONTID:0000323;CHEMONTID:0000129,Organic compounds;Organic oxygen compounds;Organooxygen compounds;Alcohols and polyols
8551,Carbonyl compounds,0.89,CHEMONTID:0001831,4,CHEMONTID:0000323,CHEMONTID:0000000;CHEMONTID:0004603;CHEMONTID:0000323;CHEMONTID:0001831,Organic compounds;Organic oxygen compounds;Organooxygen compounds;Carbonyl compounds
18682,Amines,0.84,CHEMONTID:0002449,4,CHEMONTID:0000278,CHEMONTID:0000000;CHEMONTID:0004707;CHEMONTID:0000278;CHEMONTID:0002449,Organic compounds;Organic nitrogen compounds;Organonitrogen compounds;Amines
2439,Amines,0.82,CHEMONTID:0002449,4,CHEMONTID:0000278,CHEMONTID:0000000;CHEMONTID:0004707;CHEMONTID:0000278;CHEMONTID:0002449,Organic compounds;Organic nitrogen compounds;Organonitrogen compounds;Amines
769,Monocarboxylic acids and derivatives,0.89,CHEMONTID:0001137,4,CHEMONTID:0000265,CHEMONTID:0000000;CHEMONTID:0000264;CHEMONTID:0000265;CHEMONTID:0001137,Organic compounds;Organic acids and derivatives;Carboxylic acids and derivatives;Monocarboxylic acids and derivatives
13485,Carboxylic acid derivatives,0.87,CHEMONTID:0001093,4,CHEMONTID:0000265,CHEMONTID:0000000;CHEMONTID:0000264;CHEMONTID:0000265;CHEMONTID:0001093,Organic compounds;Organic acids and derivatives;Carboxylic acids and derivatives;Carboxylic acid derivatives
19119,Monoalkylamines,0.97,CHEMONTID:0000469,6,CHEMONTID:0002450,CHEMONTID:0000000;CHEMONTID:0004707;CHEMONTID:0000278;CHEMONTID:0002449;CHEMONTID:0002450;CHEMONTID:0000469,Organic compounds;Organic nitrogen compounds;Organonitrogen compounds;Amines;Primary amines;Monoalkylamines
4555,Pyrimidines and pyrimidine derivatives,1,CHEMONTID:0000075,4,CHEMONTID:0001346,CHEMONTID:0000000;CHEMONTID:0000002;CHEMONTID:0001346;CHEMONTID:0000075,Organic compounds;Organoheterocyclic compounds;Diazines;Pyrimidines and pyrimidine derivatives
872,N-acyl amines,0.85,CHEMONTID:0001096,5,CHEMONTID:0000331,CHEMONTID:0000000;CHEMONTID:0000012;CHEMONTID:0003909;CHEMONTID:0000331;CHEMONTID:0001096,Organic compounds;Lipids and lipid-like molecules;Fatty Acyls;Fatty amides;N-acyl amines
5321,Carboxylic acid derivatives,0.95,CHEMONTID:0001093,4,CHEMONTID:0000265,CHEMONTID:0000000;CHEMONTID:0000264;CHEMONTID:0000265;CHEMONTID:0001093,Organic compounds;Organic acids and derivatives;Carboxylic acids and derivatives;Carboxylic acid derivatives
6918,Carboxylic acid derivatives,0.97,CHEMONTID:0001093,4,CHEMONTID:0000265,CHEMONTID:0000000;CHEMONTID:0000264;CHEMONTID:0000265;CHEMONTID:0001093,Organic compounds;Organic acids and derivatives;Carboxylic acids and derivatives;Carboxylic acid derivatives
4584,N-acyl amines,0.97,CHEMONTID:0001096,5,CHEMONTID:0000331,CHEMONTID:0000000;CHEMONTID:0000012;CHEMONTID:0003909;CHEMONTID:0000331;CHEMONTID:0001096,Organic compounds;Lipids and lipid-like molecules;Fatty Acyls;Fatty amides;N-acyl amines
1090,Alcohols and polyols,0.94,CHEMONTID:0000129,4,CHEMONTID:0000323,CHEMONTID:0000000;CHEMONTID:0004603;CHEMONTID:0000323;CHEMONTID:0000129,Organic compounds;Organic oxygen compounds;Organooxygen compounds;Alcohols and polyols
16558,Ethers,0.89,CHEMONTID:0000254,4,CHEMONTID:0000323,CHEMONTID:0000000;CHEMONTID:0004603;CHEMONTID:0000323;CHEMONTID:0000254,Organic compounds;Organic oxygen compounds;Organooxygen compounds;Ethers
19307,Alcohols and polyols,0.96,CHEMONTID:0000129,4,CHEMONTID:0000323,CHEMONTID:0000000;CHEMONTID:0004603;CHEMONTID:0000323;CHEMONTID:0000129,Organic compounds;Organic oxygen compounds;Organooxygen compounds;Alcohols and polyols
4430,Alcohols and polyols,0.98,CHEMONTID:0000129,4,CHEMONTID:0000323,CHEMONTID:0000000;CHEMONTID:0004603;CHEMONTID:0000323;CHEMONTID:0000129,Organic compounds;Organic oxygen compounds;Organooxygen compounds;Alcohols and polyols
17286,Trialkylamines,0.8,CHEMONTID:0002239,6,CHEMONTID:0002452,CHEMONTID:0000000;CHEMONTID:0004707;CHEMONTID:0000278;CHEMONTID:0002449;CHEMONTID:0002452;CHEMONTID:0002239,Organic compounds;Organic nitrogen compounds;Organonitrogen compounds;Amines;Tertiary amines;Trialkylamines
13408,Carboxylic acid derivatives,0.95,CHEMONTID:0001093,4,CHEMONTID:0000265,CHEMONTID:0000000;CHEMONTID:0000264;CHEMONTID:0000265;CHEMONTID:0001093,Organic compounds;Organic acids and derivatives;Carboxylic acids and derivatives;Carboxylic acid derivatives
4787,Amines,0.99,CHEMONTID:0002449,4,CHEMONTID:0000278,CHEMONTID:0000000;CHEMONTID:0004707;CHEMONTID:0000278;CHEMONTID:0002449,Organic compounds;Organic nitrogen compounds;Organonitrogen compounds;Amines
16668,Primary amines,0.99,CHEMONTID:0002450,5,CHEMONTID:0002449,CHEMONTID:0000000;CHEMONTID:0004707;CHEMONTID:0000278;CHEMONTID:0002449;CHEMONTID:0002450,Organic compounds;Organic nitrogen compounds;Organonitrogen compounds;Amines;Primary amines
4299,Carbonyl compounds,0.95,CHEMONTID:0001831,4,CHEMONTID:0000323,CHEMONTID:0000000;CHEMONTID:0004603;CHEMONTID:0000323;CHEMONTID:0001831,Organic compounds;Organic oxygen compounds;Organooxygen compounds;Carbonyl compounds
6408,Carbonyl compounds,0.94,CHEMONTID:0001831,4,CHEMONTID:0000323,CHEMONTID:0000000;CHEMONTID:0004603;CHEMONTID:0000323;CHEMONTID:0001831,Organic compounds;Organic oxygen compounds;Organooxygen compounds;Carbonyl compounds
4146,Alcohols and polyols,1,CHEMONTID:0000129,4,CHEMONTID:0000323,CHEMONTID:0000000;CHEMONTID:0004603;CHEMONTID:0000323;CHEMONTID:0000129,Organic compounds;Organic oxygen compounds;Organooxygen compounds;Alcohols and polyols
647,Carboxylic acids,0.82,CHEMONTID:0001205,4,CHEMONTID:0000265,CHEMONTID:0000000;CHEMONTID:0000264;CHEMONTID:0000265;CHEMONTID:0001205,Organic compounds;Organic acids and derivatives;Carboxylic acids and derivatives;Carboxylic acids
8537,Primary amines,0.89,CHEMONTID:0002450,5,CHEMONTID:0002449,CHEMONTID:0000000;CHEMONTID:0004707;CHEMONTID:0000278;CHEMONTID:0002449;CHEMONTID:0002450,Organic compounds;Organic nitrogen compounds;Organonitrogen compounds;Amines;Primary amines
15786,Primary amines,0.99,CHEMONTID:0002450,5,CHEMONTID:0002449,CHEMONTID:0000000;CHEMONTID:0004707;CHEMONTID:0000278;CHEMONTID:0002449;CHEMONTID:0002450,Organic compounds;Organic nitrogen compounds;Organonitrogen compounds;Amines;Primary amines
19400,Carbonyl compounds,0.93,CHEMONTID:0001831,4,CHEMONTID:0000323,CHEMONTID:0000000;CHEMONTID:0004603;CHEMONTID:0000323;CHEMONTID:0001831,Organic compounds;Organic oxygen compounds;Organooxygen compounds;Carbonyl compounds
19910,Carbonyl compounds,0.99,CHEMONTID:0001831,4,CHEMONTID:0000323,CHEMONTID:0000000;CHEMONTID:0004603;CHEMONTID:0000323;CHEMONTID:0001831,Organic compounds;Organic oxygen compounds;Organooxygen compounds;Carbonyl compounds
14451,Carboxylic acid derivatives,0.92,CHEMONTID:0001093,4,CHEMONTID:0000265,CHEMONTID:0000000;CHEMONTID:0000264;CHEMONTID:0000265;CHEMONTID:0001093,Organic compounds;Organic acids and derivatives;Carboxylic acids and derivatives;Carboxylic acid derivatives
17964,Carbonyl compounds,0.86,CHEMONTID:0001831,4,CHEMONTID:0000323,CHEMONTID:0000000;CHEMONTID:0004603;CHEMONTID:0000323;CHEMONTID:0001831,Organic compounds;Organic oxygen compounds;Organooxygen compounds;Carbonyl compounds
4421,Monocarboxylic acids and derivatives,0.8,CHEMONTID:0001137,4,CHEMONTID:0000265,CHEMONTID:0000000;CHEMONTID:0000264;CHEMONTID:0000265;CHEMONTID:0001137,Organic compounds;Organic acids and derivatives;Carboxylic acids and derivatives;Monocarboxylic acids and derivatives
5768,Amino acids and derivatives,0.92,CHEMONTID:0000347,5,CHEMONTID:0000013,CHEMONTID:0000000;CHEMONTID:0000264;CHEMONTID:0000265;CHEMONTID:0000013;CHEMONTID:0000347,"Organic compounds;Organic acids and derivatives;Carboxylic acids and derivatives;Amino acids, peptides, and analogues;Amino acids and derivatives"
12554,N-acyl-alpha amino acids,1,CHEMONTID:0002402,8,CHEMONTID:0001189,CHEMONTID:0000000;CHEMONTID:0000264;CHEMONTID:0000265;CHEMONTID:0000013;CHEMONTID:0000347;CHEMONTID:0000060;CHEMONTID:0001189;CHEMONTID:0002402,"Organic compounds;Organic acids and derivatives;Carboxylic acids and derivatives;Amino acids, peptides, and analogues;Amino acids and derivatives;Alpha amino acids and derivatives;N-acyl-alpha amino acids and derivatives;N-acyl-alpha amino acids"
2116,Primary amines,0.88,CHEMONTID:0002450,5,CHEMONTID:0002449,CHEMONTID:0000000;CHEMONTID:0004707;CHEMONTID:0000278;CHEMONTID:0002449;CHEMONTID:0002450,Organic compounds;Organic nitrogen compounds;Organonitrogen compounds;Amines;Primary amines
4974,Amines,0.98,CHEMONTID:0002449,4,CHEMONTID:0000278,CHEMONTID:0000000;CHEMONTID:0004707;CHEMONTID:0000278;CHEMONTID:0002449,Organic compounds;Organic nitrogen compounds;Organonitrogen compounds;Amines
14447,Carbonyl compounds,0.86,CHEMONTID:0001831,4,CHEMONTID:0000323,CHEMONTID:0000000;CHEMONTID:0004603;CHEMONTID:0000323;CHEMONTID:0001831,Organic compounds;Organic oxygen compounds;Organooxygen compounds;Carbonyl compounds
14158,Alcohols and polyols,0.83,CHEMONTID:0000129,4,CHEMONTID:0000323,CHEMONTID:0000000;CHEMONTID:0004603;CHEMONTID:0000323;CHEMONTID:0000129,Organic compounds;Organic oxygen compounds;Organooxygen compounds;Alcohols and polyols
13916,Amines,0.91,CHEMONTID:0002449,4,CHEMONTID:0000278,CHEMONTID:0000000;CHEMONTID:0004707;CHEMONTID:0000278;CHEMONTID:0002449,Organic compounds;Organic nitrogen compounds;Organonitrogen compounds;Amines
20373,Carbonyl compounds,0.97,CHEMONTID:0001831,4,CHEMONTID:0000323,CHEMONTID:0000000;CHEMONTID:0004603;CHEMONTID:0000323;CHEMONTID:0001831,Organic compounds;Organic oxygen compounds;Organooxygen compounds;Carbonyl compounds
16560,N-acyl amines,0.94,CHEMONTID:0001096,5,CHEMONTID:0000331,CHEMONTID:0000000;CHEMONTID:0000012;CHEMONTID:0003909;CHEMONTID:0000331;CHEMONTID:0001096,Organic compounds;Lipids and lipid-like molecules;Fatty Acyls;Fatty amides;N-acyl amines
18016,Amines,0.84,CHEMONTID:0002449,4,CHEMONTID:0000278,CHEMONTID:0000000;CHEMONTID:0004707;CHEMONTID:0000278;CHEMONTID:0002449,Organic compounds;Organic nitrogen compounds;Organonitrogen compounds;Amines
8540,Carboxylic acid derivatives,0.86,CHEMONTID:0001093,4,CHEMONTID:0000265,CHEMONTID:0000000;CHEMONTID:0000264;CHEMONTID:0000265;CHEMONTID:0001093,Organic compounds;Organic acids and derivatives;Carboxylic acids and derivatives;Carboxylic acid derivatives
13030,Carbonyl compounds,0.99,CHEMONTID:0001831,4,CHEMONTID:0000323,CHEMONTID:0000000;CHEMONTID:0004603;CHEMONTID:0000323;CHEMONTID:0001831,Organic compounds;Organic oxygen compounds;Organooxygen compounds;Carbonyl compounds
2199,Monoalkylamines,0.98,CHEMONTID:0000469,6,CHEMONTID:0002450,CHEMONTID:0000000;CHEMONTID:0004707;CHEMONTID:0000278;CHEMONTID:0002449;CHEMONTID:0002450;CHEMONTID:0000469,Organic compounds;Organic nitrogen compounds;Organonitrogen compounds;Amines;Primary amines;Monoalkylamines
8031,Carbonyl compounds,0.88,CHEMONTID:0001831,4,CHEMONTID:0000323,CHEMONTID:0000000;CHEMONTID:0004603;CHEMONTID:0000323;CHEMONTID:0001831,Organic compounds;Organic oxygen compounds;Organooxygen compounds;Carbonyl compounds
15854,Carbohydrates and carbohydrate conjugates,0.97,CHEMONTID:0000011,4,CHEMONTID:0000323,CHEMONTID:0000000;CHEMONTID:0004603;CHEMONTID:0000323;CHEMONTID:0000011,Organic compounds;Organic oxygen compounds;Organooxygen compounds;Carbohydrates and carbohydrate conjugates
505,Primary amines,1,CHEMONTID:0002450,5,CHEMONTID:0002449,CHEMONTID:0000000;CHEMONTID:0004707;CHEMONTID:0000278;CHEMONTID:0002449;CHEMONTID:0002450,Organic compounds;Organic nitrogen compounds;Organonitrogen compounds;Amines;Primary amines
8256,Primary amines,0.9,CHEMONTID:0002450,5,CHEMONTID:0002449,CHEMONTID:0000000;CHEMONTID:0004707;CHEMONTID:0000278;CHEMONTID:0002449;CHEMONTID:0002450,Organic compounds;Organic nitrogen compounds;Organonitrogen compounds;Amines;Primary amines
4815,Carbonyl compounds,0.96,CHEMONTID:0001831,4,CHEMONTID:0000323,CHEMONTID:0000000;CHEMONTID:0004603;CHEMONTID:0000323;CHEMONTID:0001831,Organic compounds;Organic oxygen compounds;Organooxygen compounds;Carbonyl compounds
5579,Carboxylic acid derivatives,0.95,CHEMONTID:0001093,4,CHEMONTID:0000265,CHEMONTID:0000000;CHEMONTID:0000264;CHEMONTID:0000265;CHEMONTID:0001093,Organic compounds;Organic acids and derivatives;Carboxylic acids and derivatives;Carboxylic acid derivatives
11978,Amines,0.98,CHEMONTID:0002449,4,CHEMONTID:0000278,CHEMONTID:0000000;CHEMONTID:0004707;CHEMONTID:0000278;CHEMONTID:0002449,Organic compounds;Organic nitrogen compounds;Organonitrogen compounds;Amines
18309,Carbonyl compounds,0.97,CHEMONTID:0001831,4,CHEMONTID:0000323,CHEMONTID:0000000;CHEMONTID:0004603;CHEMONTID:0000323;CHEMONTID:0001831,Organic compounds;Organic oxygen compounds;Organooxygen compounds;Carbonyl compounds
18780,Carboxylic acid derivatives,0.91,CHEMONTID:0001093,4,CHEMONTID:0000265,CHEMONTID:0000000;CHEMONTID:0000264;CHEMONTID:0000265;CHEMONTID:0001093,Organic compounds;Organic acids and derivatives;Carboxylic acids and derivatives;Carboxylic acid derivatives
1081,Alcohols and polyols,0.94,CHEMONTID:0000129,4,CHEMONTID:0000323,CHEMONTID:0000000;CHEMONTID:0004603;CHEMONTID:0000323;CHEMONTID:0000129,Organic compounds;Organic oxygen compounds;Organooxygen compounds;Alcohols and polyols
16745,Primary amines,0.99,CHEMONTID:0002450,5,CHEMONTID:0002449,CHEMONTID:0000000;CHEMONTID:0004707;CHEMONTID:0000278;CHEMONTID:0002449;CHEMONTID:0002450,Organic compounds;Organic nitrogen compounds;Organonitrogen compounds;Amines;Primary amines
1242,Amines,0.98,CHEMONTID:0002449,4,CHEMONTID:0000278,CHEMONTID:0000000;CHEMONTID:0004707;CHEMONTID:0000278;CHEMONTID:0002449,Organic compounds;Organic nitrogen compounds;Organonitrogen compounds;Amines
13213,Alcohols and polyols,0.9,CHEMONTID:0000129,4,CHEMONTID:0000323,CHEMONTID:0000000;CHEMONTID:0004603;CHEMONTID:0000323;CHEMONTID:0000129,Organic compounds;Organic oxygen compounds;Organooxygen compounds;Alcohols and polyols
8524,Methyl esters,0.96,CHEMONTID:0003416,6,CHEMONTID:0001238,CHEMONTID:0000000;CHEMONTID:0000264;CHEMONTID:0000265;CHEMONTID:0001093;CHEMONTID:0001238;CHEMONTID:0003416,Organic compounds;Organic acids and derivatives;Carboxylic acids and derivatives;Carboxylic acid derivatives;Carboxylic acid esters;Methyl esters
3645,Carboxylic acid derivatives,1,CHEMONTID:0001093,4,CHEMONTID:0000265,CHEMONTID:0000000;CHEMONTID:0000264;CHEMONTID:0000265;CHEMONTID:0001093,Organic compounds;Organic acids and derivatives;Carboxylic acids and derivatives;Carboxylic acid derivatives
2538,Carbonyl compounds,0.89,CHEMONTID:0001831,4,CHEMONTID:0000323,CHEMONTID:0000000;CHEMONTID:0004603;CHEMONTID:0000323;CHEMONTID:0001831,Organic compounds;Organic oxygen compounds;Organooxygen compounds;Carbonyl compounds
6455,Amines,0.99,CHEMONTID:0002449,4,CHEMONTID:0000278,CHEMONTID:0000000;CHEMONTID:0004707;CHEMONTID:0000278;CHEMONTID:0002449,Organic compounds;Organic nitrogen compounds;Organonitrogen compounds;Amines
10691,Alcohols and polyols,0.92,CHEMONTID:0000129,4,CHEMONTID:0000323,CHEMONTID:0000000;CHEMONTID:0004603;CHEMONTID:0000323;CHEMONTID:0000129,Organic compounds;Organic oxygen compounds;Organooxygen compounds;Alcohols and polyols
14794,Carbonyl compounds,0.98,CHEMONTID:0001831,4,CHEMONTID:0000323,CHEMONTID:0000000;CHEMONTID:0004603;CHEMONTID:0000323;CHEMONTID:0001831,Organic compounds;Organic oxygen compounds;Organooxygen compounds;Carbonyl compounds
18250,Pyrimidines and pyrimidine derivatives,0.94,CHEMONTID:0000075,4,CHEMONTID:0001346,CHEMONTID:0000000;CHEMONTID:0000002;CHEMONTID:0001346;CHEMONTID:0000075,Organic compounds;Organoheterocyclic compounds;Diazines;Pyrimidines and pyrimidine derivatives
5248,Secondary alcohols,1,CHEMONTID:0001661,5,CHEMONTID:0000129,CHEMONTID:0000000;CHEMONTID:0004603;CHEMONTID:0000323;CHEMONTID:0000129;CHEMONTID:0001661,Organic compounds;Organic oxygen compounds;Organooxygen compounds;Alcohols and polyols;Secondary alcohols
7874,Carbonyl compounds,0.95,CHEMONTID:0001831,4,CHEMONTID:0000323,CHEMONTID:0000000;CHEMONTID:0004603;CHEMONTID:0000323;CHEMONTID:0001831,Organic compounds;Organic oxygen compounds;Organooxygen compounds;Carbonyl compounds
14816,Carboxylic acid derivatives,0.99,CHEMONTID:0001093,4,CHEMONTID:0000265,CHEMONTID:0000000;CHEMONTID:0000264;CHEMONTID:0000265;CHEMONTID:0001093,Organic compounds;Organic acids and derivatives;Carboxylic acids and derivatives;Carboxylic acid derivatives
16477,Carbonyl compounds,0.85,CHEMONTID:0001831,4,CHEMONTID:0000323,CHEMONTID:0000000;CHEMONTID:0004603;CHEMONTID:0000323;CHEMONTID:0001831,Organic compounds;Organic oxygen compounds;Organooxygen compounds;Carbonyl compounds
103,Amines,0.94,CHEMONTID:0002449,4,CHEMONTID:0000278,CHEMONTID:0000000;CHEMONTID:0004707;CHEMONTID:0000278;CHEMONTID:0002449,Organic compounds;Organic nitrogen compounds;Organonitrogen compounds;Amines
9377,Monoalkylamines,1,CHEMONTID:0000469,6,CHEMONTID:0002450,CHEMONTID:0000000;CHEMONTID:0004707;CHEMONTID:0000278;CHEMONTID:0002449;CHEMONTID:0002450;CHEMONTID:0000469,Organic compounds;Organic nitrogen compounds;Organonitrogen compounds;Amines;Primary amines;Monoalkylamines
15877,Trialkylamines,0.98,CHEMONTID:0002239,6,CHEMONTID:0002452,CHEMONTID:0000000;CHEMONTID:0004707;CHEMONTID:0000278;CHEMONTID:0002449;CHEMONTID:0002452;CHEMONTID:0002239,Organic compounds;Organic nitrogen compounds;Organonitrogen compounds;Amines;Tertiary amines;Trialkylamines
6426,Primary amines,0.88,CHEMONTID:0002450,5,CHEMONTID:0002449,CHEMONTID:0000000;CHEMONTID:0004707;CHEMONTID:0000278;CHEMONTID:0002449;CHEMONTID:0002450,Organic compounds;Organic nitrogen compounds;Organonitrogen compounds;Amines;Primary amines
996,Carbonyl compounds,0.87,CHEMONTID:0001831,4,CHEMONTID:0000323,CHEMONTID:0000000;CHEMONTID:0004603;CHEMONTID:0000323;CHEMONTID:0001831,Organic compounds;Organic oxygen compounds;Organooxygen compounds;Carbonyl compounds
3712,Carbonyl compounds,0.99,CHEMONTID:0001831,4,CHEMONTID:0000323,CHEMONTID:0000000;CHEMONTID:0004603;CHEMONTID:0000323;CHEMONTID:0001831,Organic compounds;Organic oxygen compounds;Organooxygen compounds;Carbonyl compounds
5004,Alkyl phosphates,0.96,CHEMONTID:0003457,5,CHEMONTID:0000408,CHEMONTID:0000000;CHEMONTID:0000264;CHEMONTID:0000402;CHEMONTID:0000408;CHEMONTID:0003457,Organic compounds;Organic acids and derivatives;Organic phosphoric acids and derivatives;Phosphate esters;Alkyl phosphates
11218,Alcohols and polyols,0.84,CHEMONTID:0000129,4,CHEMONTID:0000323,CHEMONTID:0000000;CHEMONTID:0004603;CHEMONTID:0000323;CHEMONTID:0000129,Organic compounds;Organic oxygen compounds;Organooxygen compounds;Alcohols and polyols
3618,Amines,0.82,CHEMONTID:0002449,4,CHEMONTID:0000278,CHEMONTID:0000000;CHEMONTID:0004707;CHEMONTID:0000278;CHEMONTID:0002449,Organic compounds;Organic nitrogen compounds;Organonitrogen compounds;Amines
17940,Carbonyl compounds,0.89,CHEMONTID:0001831,4,CHEMONTID:0000323,CHEMONTID:0000000;CHEMONTID:0004603;CHEMONTID:0000323;CHEMONTID:0001831,Organic compounds;Organic oxygen compounds;Organooxygen compounds;Carbonyl compounds
16049,Triazoles,0.95,CHEMONTID:0000099,4,CHEMONTID:0000436,CHEMONTID:0000000;CHEMONTID:0000002;CHEMONTID:0000436;CHEMONTID:0000099,Organic compounds;Organoheterocyclic compounds;Azoles;Triazoles
1572,Dialkyl ethers,0.98,CHEMONTID:0001167,5,CHEMONTID:0000254,CHEMONTID:0000000;CHEMONTID:0004603;CHEMONTID:0000323;CHEMONTID:0000254;CHEMONTID:0001167,Organic compounds;Organic oxygen compounds;Organooxygen compounds;Ethers;Dialkyl ethers
13843,Carboxylic acid derivatives,0.97,CHEMONTID:0001093,4,CHEMONTID:0000265,CHEMONTID:0000000;CHEMONTID:0000264;CHEMONTID:0000265;CHEMONTID:0001093,Organic compounds;Organic acids and derivatives;Carboxylic acids and derivatives;Carboxylic acid derivatives
1447,Carboxylic acid derivatives,0.8,CHEMONTID:0001093,4,CHEMONTID:0000265,CHEMONTID:0000000;CHEMONTID:0000264;CHEMONTID:0000265;CHEMONTID:0001093,Organic compounds;Organic acids and derivatives;Carboxylic acids and derivatives;Carboxylic acid derivatives
3650,Carbonyl compounds,0.83,CHEMONTID:0001831,4,CHEMONTID:0000323,CHEMONTID:0000000;CHEMONTID:0004603;CHEMONTID:0000323;CHEMONTID:0001831,Organic compounds;Organic oxygen compounds;Organooxygen compounds;Carbonyl compounds
3954,Carbonyl compounds,0.93,CHEMONTID:0001831,4,CHEMONTID:0000323,CHEMONTID:0000000;CHEMONTID:0004603;CHEMONTID:0000323;CHEMONTID:0001831,Organic compounds;Organic oxygen compounds;Organooxygen compounds;Carbonyl compounds
604,Monoalkylamines,0.97,CHEMONTID:0000469,6,CHEMONTID:0002450,CHEMONTID:0000000;CHEMONTID:0004707;CHEMONTID:0000278;CHEMONTID:0002449;CHEMONTID:0002450;CHEMONTID:0000469,Organic compounds;Organic nitrogen compounds;Organonitrogen compounds;Amines;Primary amines;Monoalkylamines
18961,Carbonyl compounds,0.91,CHEMONTID:0001831,4,CHEMONTID:0000323,CHEMONTID:0000000;CHEMONTID:0004603;CHEMONTID:0000323;CHEMONTID:0001831,Organic compounds;Organic oxygen compounds;Organooxygen compounds;Carbonyl compounds
14310,Carbonyl compounds,0.99,CHEMONTID:0001831,4,CHEMONTID:0000323,CHEMONTID:0000000;CHEMONTID:0004603;CHEMONTID:0000323;CHEMONTID:0001831,Organic compounds;Organic oxygen compounds;Organooxygen compounds;Carbonyl compounds
15999,Carboxylic acid amides,0.97,CHEMONTID:0000475,5,CHEMONTID:0001093,CHEMONTID:0000000;CHEMONTID:0000264;CHEMONTID:0000265;CHEMONTID:0001093;CHEMONTID:0000475,Organic compounds;Organic acids and derivatives;Carboxylic acids and derivatives;Carboxylic acid derivatives;Carboxylic acid amides
2058,Amino acids and derivatives,0.82,CHEMONTID:0000347,5,CHEMONTID:0000013,CHEMONTID:0000000;CHEMONTID:0000264;CHEMONTID:0000265;CHEMONTID:0000013;CHEMONTID:0000347,"Organic compounds;Organic acids and derivatives;Carboxylic acids and derivatives;Amino acids, peptides, and analogues;Amino acids and derivatives"
7838,Carbonyl compounds,0.96,CHEMONTID:0001831,4,CHEMONTID:0000323,CHEMONTID:0000000;CHEMONTID:0004603;CHEMONTID:0000323;CHEMONTID:0001831,Organic compounds;Organic oxygen compounds;Organooxygen compounds;Carbonyl compounds
11981,Amines,0.86,CHEMONTID:0002449,4,CHEMONTID:0000278,CHEMONTID:0000000;CHEMONTID:0004707;CHEMONTID:0000278;CHEMONTID:0002449,Organic compounds;Organic nitrogen compounds;Organonitrogen compounds;Amines
17127,Fatty amides,0.92,CHEMONTID:0000331,4,CHEMONTID:0003909,CHEMONTID:0000000;CHEMONTID:0000012;CHEMONTID:0003909;CHEMONTID:0000331,Organic compounds;Lipids and lipid-like molecules;Fatty Acyls;Fatty amides
11883,Methyl esters,0.96,CHEMONTID:0003416,6,CHEMONTID:0001238,CHEMONTID:0000000;CHEMONTID:0000264;CHEMONTID:0000265;CHEMONTID:0001093;CHEMONTID:0001238;CHEMONTID:0003416,Organic compounds;Organic acids and derivatives;Carboxylic acids and derivatives;Carboxylic acid derivatives;Carboxylic acid esters;Methyl esters
20089,Amines,0.84,CHEMONTID:0002449,4,CHEMONTID:0000278,CHEMONTID:0000000;CHEMONTID:0004707;CHEMONTID:0000278;CHEMONTID:0002449,Organic compounds;Organic nitrogen compounds;Organonitrogen compounds;Amines
18664,Amines,0.89,CHEMONTID:0002449,4,CHEMONTID:0000278,CHEMONTID:0000000;CHEMONTID:0004707;CHEMONTID:0000278;CHEMONTID:0002449,Organic compounds;Organic nitrogen compounds;Organonitrogen compounds;Amines
14518,Amines,0.97,CHEMONTID:0002449,4,CHEMONTID:0000278,CHEMONTID:0000000;CHEMONTID:0004707;CHEMONTID:0000278;CHEMONTID:0002449,Organic compounds;Organic nitrogen compounds;Organonitrogen compounds;Amines
5026,Carboxylic acid derivatives,0.95,CHEMONTID:0001093,4,CHEMONTID:0000265,CHEMONTID:0000000;CHEMONTID:0000264;CHEMONTID:0000265;CHEMONTID:0001093,Organic compounds;Organic acids and derivatives;Carboxylic acids and derivatives;Carboxylic acid derivatives
16864,N-acyl amines,0.96,CHEMONTID:0001096,5,CHEMONTID:0000331,CHEMONTID:0000000;CHEMONTID:0000012;CHEMONTID:0003909;CHEMONTID:0000331;CHEMONTID:0001096,Organic compounds;Lipids and lipid-like molecules;Fatty Acyls;Fatty amides;N-acyl amines
9578,Phosphate esters,0.85,CHEMONTID:0000408,4,CHEMONTID:0000402,CHEMONTID:0000000;CHEMONTID:0000264;CHEMONTID:0000402;CHEMONTID:0000408,Organic compounds;Organic acids and derivatives;Organic phosphoric acids and derivatives;Phosphate esters
20354,Carbonyl compounds,0.96,CHEMONTID:0001831,4,CHEMONTID:0000323,CHEMONTID:0000000;CHEMONTID:0004603;CHEMONTID:0000323;CHEMONTID:0001831,Organic compounds;Organic oxygen compounds;Organooxygen compounds;Carbonyl compounds
10723,Alcohols and polyols,0.97,CHEMONTID:0000129,4,CHEMONTID:0000323,CHEMONTID:0000000;CHEMONTID:0004603;CHEMONTID:0000323;CHEMONTID:0000129,Organic compounds;Organic oxygen compounds;Organooxygen compounds;Alcohols and polyols
3699,Monoalkylamines,0.98,CHEMONTID:0000469,6,CHEMONTID:0002450,CHEMONTID:0000000;CHEMONTID:0004707;CHEMONTID:0000278;CHEMONTID:0002449;CHEMONTID:0002450;CHEMONTID:0000469,Organic compounds;Organic nitrogen compounds;Organonitrogen compounds;Amines;Primary amines;Monoalkylamines
8468,Carbonyl compounds,0.81,CHEMONTID:0001831,4,CHEMONTID:0000323,CHEMONTID:0000000;CHEMONTID:0004603;CHEMONTID:0000323;CHEMONTID:0001831,Organic compounds;Organic oxygen compounds;Organooxygen compounds;Carbonyl compounds
8,N-acyl amines,0.88,CHEMONTID:0001096,5,CHEMONTID:0000331,CHEMONTID:0000000;CHEMONTID:0000012;CHEMONTID:0003909;CHEMONTID:0000331;CHEMONTID:0001096,Organic compounds;Lipids and lipid-like molecules;Fatty Acyls;Fatty amides;N-acyl amines
12815,Carbonyl compounds,0.97,CHEMONTID:0001831,4,CHEMONTID:0000323,CHEMONTID:0000000;CHEMONTID:0004603;CHEMONTID:0000323;CHEMONTID:0001831,Organic compounds;Organic oxygen compounds;Organooxygen compounds;Carbonyl compounds
20381,Carboxylic acid derivatives,0.95,CHEMONTID:0001093,4,CHEMONTID:0000265,CHEMONTID:0000000;CHEMONTID:0000264;CHEMONTID:0000265;CHEMONTID:0001093,Organic compounds;Organic acids and derivatives;Carboxylic acids and derivatives;Carboxylic acid derivatives
3585,Carbonyl compounds,0.91,CHEMONTID:0001831,4,CHEMONTID:0000323,CHEMONTID:0000000;CHEMONTID:0004603;CHEMONTID:0000323;CHEMONTID:0001831,Organic compounds;Organic oxygen compounds;Organooxygen compounds;Carbonyl compounds
14393,Carbonyl compounds,0.99,CHEMONTID:0001831,4,CHEMONTID:0000323,CHEMONTID:0000000;CHEMONTID:0004603;CHEMONTID:0000323;CHEMONTID:0001831,Organic compounds;Organic oxygen compounds;Organooxygen compounds;Carbonyl compounds
4992,Carbonyl compounds,0.92,CHEMONTID:0001831,4,CHEMONTID:0000323,CHEMONTID:0000000;CHEMONTID:0004603;CHEMONTID:0000323;CHEMONTID:0001831,Organic compounds;Organic oxygen compounds;Organooxygen compounds;Carbonyl compounds
10543,Monoalkylamines,1,CHEMONTID:0000469,6,CHEMONTID:0002450,CHEMONTID:0000000;CHEMONTID:0004707;CHEMONTID:0000278;CHEMONTID:0002449;CHEMONTID:0002450;CHEMONTID:0000469,Organic compounds;Organic nitrogen compounds;Organonitrogen compounds;Amines;Primary amines;Monoalkylamines
9443,Purines and purine derivatives,0.99,CHEMONTID:0000245,4,CHEMONTID:0001797,CHEMONTID:0000000;CHEMONTID:0000002;CHEMONTID:0001797;CHEMONTID:0000245,Organic compounds;Organoheterocyclic compounds;Imidazopyrimidines;Purines and purine derivatives
18158,Fatty amides,0.87,CHEMONTID:0000331,4,CHEMONTID:0003909,CHEMONTID:0000000;CHEMONTID:0000012;CHEMONTID:0003909;CHEMONTID:0000331,Organic compounds;Lipids and lipid-like molecules;Fatty Acyls;Fatty amides
3322,Carboxylic acid derivatives,0.92,CHEMONTID:0001093,4,CHEMONTID:0000265,CHEMONTID:0000000;CHEMONTID:0000264;CHEMONTID:0000265;CHEMONTID:0001093,Organic compounds;Organic acids and derivatives;Carboxylic acids and derivatives;Carboxylic acid derivatives
13218,Carbonyl compounds,0.96,CHEMONTID:0001831,4,CHEMONTID:0000323,CHEMONTID:0000000;CHEMONTID:0004603;CHEMONTID:0000323;CHEMONTID:0001831,Organic compounds;Organic oxygen compounds;Organooxygen compounds;Carbonyl compounds
7572,Alcohols and polyols,0.93,CHEMONTID:0000129,4,CHEMONTID:0000323,CHEMONTID:0000000;CHEMONTID:0004603;CHEMONTID:0000323;CHEMONTID:0000129,Organic compounds;Organic oxygen compounds;Organooxygen compounds;Alcohols and polyols
13812,Carbonyl compounds,0.97,CHEMONTID:0001831,4,CHEMONTID:0000323,CHEMONTID:0000000;CHEMONTID:0004603;CHEMONTID:0000323;CHEMONTID:0001831,Organic compounds;Organic oxygen compounds;Organooxygen compounds;Carbonyl compounds
9352,Carbonyl compounds,0.87,CHEMONTID:0001831,4,CHEMONTID:0000323,CHEMONTID:0000000;CHEMONTID:0004603;CHEMONTID:0000323;CHEMONTID:0001831,Organic compounds;Organic oxygen compounds;Organooxygen compounds;Carbonyl compounds
3786,Monoalkylamines,0.98,CHEMONTID:0000469,6,CHEMONTID:0002450,CHEMONTID:0000000;CHEMONTID:0004707;CHEMONTID:0000278;CHEMONTID:0002449;CHEMONTID:0002450;CHEMONTID:0000469,Organic compounds;Organic nitrogen compounds;Organonitrogen compounds;Amines;Primary amines;Monoalkylamines
3757,Monoalkylamines,1,CHEMONTID:0000469,6,CHEMONTID:0002450,CHEMONTID:0000000;CHEMONTID:0004707;CHEMONTID:0000278;CHEMONTID:0002449;CHEMONTID:0002450;CHEMONTID:0000469,Organic compounds;Organic nitrogen compounds;Organonitrogen compounds;Amines;Primary amines;Monoalkylamines
9953,Carbonyl compounds,0.95,CHEMONTID:0001831,4,CHEMONTID:0000323,CHEMONTID:0000000;CHEMONTID:0004603;CHEMONTID:0000323;CHEMONTID:0001831,Organic compounds;Organic oxygen compounds;Organooxygen compounds;Carbonyl compounds
16900,Carboxylic acid derivatives,0.99,CHEMONTID:0001093,4,CHEMONTID:0000265,CHEMONTID:0000000;CHEMONTID:0000264;CHEMONTID:0000265;CHEMONTID:0001093,Organic compounds;Organic acids and derivatives;Carboxylic acids and derivatives;Carboxylic acid derivatives
12511,Monoalkylamines,0.97,CHEMONTID:0000469,6,CHEMONTID:0002450,CHEMONTID:0000000;CHEMONTID:0004707;CHEMONTID:0000278;CHEMONTID:0002449;CHEMONTID:0002450;CHEMONTID:0000469,Organic compounds;Organic nitrogen compounds;Organonitrogen compounds;Amines;Primary amines;Monoalkylamines
2604,Amines,0.9,CHEMONTID:0002449,4,CHEMONTID:0000278,CHEMONTID:0000000;CHEMONTID:0004707;CHEMONTID:0000278;CHEMONTID:0002449,Organic compounds;Organic nitrogen compounds;Organonitrogen compounds;Amines
16416,Amines,0.99,CHEMONTID:0002449,4,CHEMONTID:0000278,CHEMONTID:0000000;CHEMONTID:0004707;CHEMONTID:0000278;CHEMONTID:0002449,Organic compounds;Organic nitrogen compounds;Organonitrogen compounds;Amines
9709,Carbonyl compounds,0.87,CHEMONTID:0001831,4,CHEMONTID:0000323,CHEMONTID:0000000;CHEMONTID:0004603;CHEMONTID:0000323;CHEMONTID:0001831,Organic compounds;Organic oxygen compounds;Organooxygen compounds;Carbonyl compounds
10478,Carbohydrates and carbohydrate conjugates,0.99,CHEMONTID:0000011,4,CHEMONTID:0000323,CHEMONTID:0000000;CHEMONTID:0004603;CHEMONTID:0000323;CHEMONTID:0000011,Organic compounds;Organic oxygen compounds;Organooxygen compounds;Carbohydrates and carbohydrate conjugates
1465,Amines,0.97,CHEMONTID:0002449,4,CHEMONTID:0000278,CHEMONTID:0000000;CHEMONTID:0004707;CHEMONTID:0000278;CHEMONTID:0002449,Organic compounds;Organic nitrogen compounds;Organonitrogen compounds;Amines
450,Dialkyl ethers,0.86,CHEMONTID:0001167,5,CHEMONTID:0000254,CHEMONTID:0000000;CHEMONTID:0004603;CHEMONTID:0000323;CHEMONTID:0000254;CHEMONTID:0001167,Organic compounds;Organic oxygen compounds;Organooxygen compounds;Ethers;Dialkyl ethers
10024,Carboxylic acid derivatives,0.83,CHEMONTID:0001093,4,CHEMONTID:0000265,CHEMONTID:0000000;CHEMONTID:0000264;CHEMONTID:0000265;CHEMONTID:0001093,Organic compounds;Organic acids and derivatives;Carboxylic acids and derivatives;Carboxylic acid derivatives
4371,Carbonyl compounds,0.95,CHEMONTID:0001831,4,CHEMONTID:0000323,CHEMONTID:0000000;CHEMONTID:0004603;CHEMONTID:0000323;CHEMONTID:0001831,Organic compounds;Organic oxygen compounds;Organooxygen compounds;Carbonyl compounds
2961,Carboxylic acid derivatives,0.89,CHEMONTID:0001093,4,CHEMONTID:0000265,CHEMONTID:0000000;CHEMONTID:0000264;CHEMONTID:0000265;CHEMONTID:0001093,Organic compounds;Organic acids and derivatives;Carboxylic acids and derivatives;Carboxylic acid derivatives
725,Amines,0.84,CHEMONTID:0002449,4,CHEMONTID:0000278,CHEMONTID:0000000;CHEMONTID:0004707;CHEMONTID:0000278;CHEMONTID:0002449,Organic compounds;Organic nitrogen compounds;Organonitrogen compounds;Amines
8614,Carbonyl compounds,0.92,CHEMONTID:0001831,4,CHEMONTID:0000323,CHEMONTID:0000000;CHEMONTID:0004603;CHEMONTID:0000323;CHEMONTID:0001831,Organic compounds;Organic oxygen compounds;Organooxygen compounds;Carbonyl compounds
12175,Alcohols and polyols,0.97,CHEMONTID:0000129,4,CHEMONTID:0000323,CHEMONTID:0000000;CHEMONTID:0004603;CHEMONTID:0000323;CHEMONTID:0000129,Organic compounds;Organic oxygen compounds;Organooxygen compounds;Alcohols and polyols
4956,Carbonyl compounds,0.87,CHEMONTID:0001831,4,CHEMONTID:0000323,CHEMONTID:0000000;CHEMONTID:0004603;CHEMONTID:0000323;CHEMONTID:0001831,Organic compounds;Organic oxygen compounds;Organooxygen compounds;Carbonyl compounds
5652,Monoalkylamines,0.99,CHEMONTID:0000469,6,CHEMONTID:0002450,CHEMONTID:0000000;CHEMONTID:0004707;CHEMONTID:0000278;CHEMONTID:0002449;CHEMONTID:0002450;CHEMONTID:0000469,Organic compounds;Organic nitrogen compounds;Organonitrogen compounds;Amines;Primary amines;Monoalkylamines
1557,Secondary alcohols,1,CHEMONTID:0001661,5,CHEMONTID:0000129,CHEMONTID:0000000;CHEMONTID:0004603;CHEMONTID:0000323;CHEMONTID:0000129;CHEMONTID:0001661,Organic compounds;Organic oxygen compounds;Organooxygen compounds;Alcohols and polyols;Secondary alcohols
18314,Fatty amides,0.88,CHEMONTID:0000331,4,CHEMONTID:0003909,CHEMONTID:0000000;CHEMONTID:0000012;CHEMONTID:0003909;CHEMONTID:0000331,Organic compounds;Lipids and lipid-like molecules;Fatty Acyls;Fatty amides
6906,Carbonyl compounds,0.97,CHEMONTID:0001831,4,CHEMONTID:0000323,CHEMONTID:0000000;CHEMONTID:0004603;CHEMONTID:0000323;CHEMONTID:0001831,Organic compounds;Organic oxygen compounds;Organooxygen compounds;Carbonyl compounds
2334,Primary amines,0.87,CHEMONTID:0002450,5,CHEMONTID:0002449,CHEMONTID:0000000;CHEMONTID:0004707;CHEMONTID:0000278;CHEMONTID:0002449;CHEMONTID:0002450,Organic compounds;Organic nitrogen compounds;Organonitrogen compounds;Amines;Primary amines
12163,Carbonyl compounds,0.83,CHEMONTID:0001831,4,CHEMONTID:0000323,CHEMONTID:0000000;CHEMONTID:0004603;CHEMONTID:0000323;CHEMONTID:0001831,Organic compounds;Organic oxygen compounds;Organooxygen compounds;Carbonyl compounds
1327,Amines,0.84,CHEMONTID:0002449,4,CHEMONTID:0000278,CHEMONTID:0000000;CHEMONTID:0004707;CHEMONTID:0000278;CHEMONTID:0002449,Organic compounds;Organic nitrogen compounds;Organonitrogen compounds;Amines
13433,Triazoles,0.94,CHEMONTID:0000099,4,CHEMONTID:0000436,CHEMONTID:0000000;CHEMONTID:0000002;CHEMONTID:0000436;CHEMONTID:0000099,Organic compounds;Organoheterocyclic compounds;Azoles;Triazoles
12506,Monoalkylamines,0.89,CHEMONTID:0000469,6,CHEMONTID:0002450,CHEMONTID:0000000;CHEMONTID:0004707;CHEMONTID:0000278;CHEMONTID:0002449;CHEMONTID:0002450;CHEMONTID:0000469,Organic compounds;Organic nitrogen compounds;Organonitrogen compounds;Amines;Primary amines;Monoalkylamines
6635,Methyl esters,0.97,CHEMONTID:0003416,6,CHEMONTID:0001238,CHEMONTID:0000000;CHEMONTID:0000264;CHEMONTID:0000265;CHEMONTID:0001093;CHEMONTID:0001238;CHEMONTID:0003416,Organic compounds;Organic acids and derivatives;Carboxylic acids and derivatives;Carboxylic acid derivatives;Carboxylic acid esters;Methyl esters
12243,Carbonyl compounds,0.96,CHEMONTID:0001831,4,CHEMONTID:0000323,CHEMONTID:0000000;CHEMONTID:0004603;CHEMONTID:0000323;CHEMONTID:0001831,Organic compounds;Organic oxygen compounds;Organooxygen compounds;Carbonyl compounds
10356,Primary amines,0.96,CHEMONTID:0002450,5,CHEMONTID:0002449,CHEMONTID:0000000;CHEMONTID:0004707;CHEMONTID:0000278;CHEMONTID:0002449;CHEMONTID:0002450,Organic compounds;Organic nitrogen compounds;Organonitrogen compounds;Amines;Primary amines
18046,Monoalkylamines,1,CHEMONTID:0000469,6,CHEMONTID:0002450,CHEMONTID:0000000;CHEMONTID:0004707;CHEMONTID:0000278;CHEMONTID:0002449;CHEMONTID:0002450;CHEMONTID:0000469,Organic compounds;Organic nitrogen compounds;Organonitrogen compounds;Amines;Primary amines;Monoalkylamines
3963,Carbonyl compounds,0.91,CHEMONTID:0001831,4,CHEMONTID:0000323,CHEMONTID:0000000;CHEMONTID:0004603;CHEMONTID:0000323;CHEMONTID:0001831,Organic compounds;Organic oxygen compounds;Organooxygen compounds;Carbonyl compounds
19804,Primary alcohols,0.98,CHEMONTID:0000286,5,CHEMONTID:0000129,CHEMONTID:0000000;CHEMONTID:0004603;CHEMONTID:0000323;CHEMONTID:0000129;CHEMONTID:0000286,Organic compounds;Organic oxygen compounds;Organooxygen compounds;Alcohols and polyols;Primary alcohols
677,Dialkyl ethers,0.94,CHEMONTID:0001167,5,CHEMONTID:0000254,CHEMONTID:0000000;CHEMONTID:0004603;CHEMONTID:0000323;CHEMONTID:0000254;CHEMONTID:0001167,Organic compounds;Organic oxygen compounds;Organooxygen compounds;Ethers;Dialkyl ethers
3858,Carbonyl compounds,1,CHEMONTID:0001831,4,CHEMONTID:0000323,CHEMONTID:0000000;CHEMONTID:0004603;CHEMONTID:0000323;CHEMONTID:0001831,Organic compounds;Organic oxygen compounds;Organooxygen compounds;Carbonyl compounds
12548,Monoalkylamines,1,CHEMONTID:0000469,6,CHEMONTID:0002450,CHEMONTID:0000000;CHEMONTID:0004707;CHEMONTID:0000278;CHEMONTID:0002449;CHEMONTID:0002450;CHEMONTID:0000469,Organic compounds;Organic nitrogen compounds;Organonitrogen compounds;Amines;Primary amines;Monoalkylamines
7055,Dialkyl ethers,0.93,CHEMONTID:0001167,5,CHEMONTID:0000254,CHEMONTID:0000000;CHEMONTID:0004603;CHEMONTID:0000323;CHEMONTID:0000254;CHEMONTID:0001167,Organic compounds;Organic oxygen compounds;Organooxygen compounds;Ethers;Dialkyl ethers
13848,Branched unsaturated hydrocarbons,0.97,CHEMONTID:0004622,4,CHEMONTID:0004475,CHEMONTID:0000000;CHEMONTID:0002837;CHEMONTID:0004475;CHEMONTID:0004622,Organic compounds;Hydrocarbons;Unsaturated hydrocarbons;Branched unsaturated hydrocarbons
13297,Carbonyl compounds,0.94,CHEMONTID:0001831,4,CHEMONTID:0000323,CHEMONTID:0000000;CHEMONTID:0004603;CHEMONTID:0000323;CHEMONTID:0001831,Organic compounds;Organic oxygen compounds;Organooxygen compounds;Carbonyl compounds
3527,Carbonyl compounds,1,CHEMONTID:0001831,4,CHEMONTID:0000323,CHEMONTID:0000000;CHEMONTID:0004603;CHEMONTID:0000323;CHEMONTID:0001831,Organic compounds;Organic oxygen compounds;Organooxygen compounds;Carbonyl compounds
4412,Carboxylic acid derivatives,0.99,CHEMONTID:0001093,4,CHEMONTID:0000265,CHEMONTID:0000000;CHEMONTID:0000264;CHEMONTID:0000265;CHEMONTID:0001093,Organic compounds;Organic acids and derivatives;Carboxylic acids and derivatives;Carboxylic acid derivatives
11697,Carbonyl compounds,0.9,CHEMONTID:0001831,4,CHEMONTID:0000323,CHEMONTID:0000000;CHEMONTID:0004603;CHEMONTID:0000323;CHEMONTID:0001831,Organic compounds;Organic oxygen compounds;Organooxygen compounds;Carbonyl compounds
14973,Carbonyl compounds,0.92,CHEMONTID:0001831,4,CHEMONTID:0000323,CHEMONTID:0000000;CHEMONTID:0004603;CHEMONTID:0000323;CHEMONTID:0001831,Organic compounds;Organic oxygen compounds;Organooxygen compounds;Carbonyl compounds
3426,Alcohols and polyols,0.98,CHEMONTID:0000129,4,CHEMONTID:0000323,CHEMONTID:0000000;CHEMONTID:0004603;CHEMONTID:0000323;CHEMONTID:0000129,Organic compounds;Organic oxygen compounds;Organooxygen compounds;Alcohols and polyols
14967,Monoalkylamines,0.99,CHEMONTID:0000469,6,CHEMONTID:0002450,CHEMONTID:0000000;CHEMONTID:0004707;CHEMONTID:0000278;CHEMONTID:0002449;CHEMONTID:0002450;CHEMONTID:0000469,Organic compounds;Organic nitrogen compounds;Organonitrogen compounds;Amines;Primary amines;Monoalkylamines
14223,Benzoic acid esters,0.99,CHEMONTID:0001350,5,CHEMONTID:0000176,CHEMONTID:0000000;CHEMONTID:0002448;CHEMONTID:0002279;CHEMONTID:0000176;CHEMONTID:0001350,Organic compounds;Benzenoids;Benzene and substituted derivatives;Benzoic acids and derivatives;Benzoic acid esters
14080,Carboxylic acid derivatives,0.96,CHEMONTID:0001093,4,CHEMONTID:0000265,CHEMONTID:0000000;CHEMONTID:0000264;CHEMONTID:0000265;CHEMONTID:0001093,Organic compounds;Organic acids and derivatives;Carboxylic acids and derivatives;Carboxylic acid derivatives
19298,Dialkyl ethers,0.85,CHEMONTID:0001167,5,CHEMONTID:0000254,CHEMONTID:0000000;CHEMONTID:0004603;CHEMONTID:0000323;CHEMONTID:0000254;CHEMONTID:0001167,Organic compounds;Organic oxygen compounds;Organooxygen compounds;Ethers;Dialkyl ethers
7978,Carboxylic acid derivatives,0.89,CHEMONTID:0001093,4,CHEMONTID:0000265,CHEMONTID:0000000;CHEMONTID:0000264;CHEMONTID:0000265;CHEMONTID:0001093,Organic compounds;Organic acids and derivatives;Carboxylic acids and derivatives;Carboxylic acid derivatives
18371,Dialkyl ethers,0.99,CHEMONTID:0001167,5,CHEMONTID:0000254,CHEMONTID:0000000;CHEMONTID:0004603;CHEMONTID:0000323;CHEMONTID:0000254;CHEMONTID:0001167,Organic compounds;Organic oxygen compounds;Organooxygen compounds;Ethers;Dialkyl ethers
7906,Carbonyl compounds,0.89,CHEMONTID:0001831,4,CHEMONTID:0000323,CHEMONTID:0000000;CHEMONTID:0004603;CHEMONTID:0000323;CHEMONTID:0001831,Organic compounds;Organic oxygen compounds;Organooxygen compounds;Carbonyl compounds
7019,Monocarboxylic acids and derivatives,0.82,CHEMONTID:0001137,4,CHEMONTID:0000265,CHEMONTID:0000000;CHEMONTID:0000264;CHEMONTID:0000265;CHEMONTID:0001137,Organic compounds;Organic acids and derivatives;Carboxylic acids and derivatives;Monocarboxylic acids and derivatives
20717,Alcohols and polyols,0.89,CHEMONTID:0000129,4,CHEMONTID:0000323,CHEMONTID:0000000;CHEMONTID:0004603;CHEMONTID:0000323;CHEMONTID:0000129,Organic compounds;Organic oxygen compounds;Organooxygen compounds;Alcohols and polyols
18006,Carbonyl compounds,0.84,CHEMONTID:0001831,4,CHEMONTID:0000323,CHEMONTID:0000000;CHEMONTID:0004603;CHEMONTID:0000323;CHEMONTID:0001831,Organic compounds;Organic oxygen compounds;Organooxygen compounds;Carbonyl compounds
12329,Alcohols and polyols,0.97,CHEMONTID:0000129,4,CHEMONTID:0000323,CHEMONTID:0000000;CHEMONTID:0004603;CHEMONTID:0000323;CHEMONTID:0000129,Organic compounds;Organic oxygen compounds;Organooxygen compounds;Alcohols and polyols
18319,Guanidines,0.86,CHEMONTID:0000375,4,CHEMONTID:0000278,CHEMONTID:0000000;CHEMONTID:0004707;CHEMONTID:0000278;CHEMONTID:0000375,Organic compounds;Organic nitrogen compounds;Organonitrogen compounds;Guanidines
14150,Trialkylamines,0.86,CHEMONTID:0002239,6,CHEMONTID:0002452,CHEMONTID:0000000;CHEMONTID:0004707;CHEMONTID:0000278;CHEMONTID:0002449;CHEMONTID:0002452;CHEMONTID:0002239,Organic compounds;Organic nitrogen compounds;Organonitrogen compounds;Amines;Tertiary amines;Trialkylamines
11816,Fatty acid esters,0.98,CHEMONTID:0000324,4,CHEMONTID:0003909,CHEMONTID:0000000;CHEMONTID:0000012;CHEMONTID:0003909;CHEMONTID:0000324,Organic compounds;Lipids and lipid-like molecules;Fatty Acyls;Fatty acid esters
15307,Alkyl phosphates,0.87,CHEMONTID:0003457,5,CHEMONTID:0000408,CHEMONTID:0000000;CHEMONTID:0000264;CHEMONTID:0000402;CHEMONTID:0000408;CHEMONTID:0003457,Organic compounds;Organic acids and derivatives;Organic phosphoric acids and derivatives;Phosphate esters;Alkyl phosphates
8617,Secondary alcohols,0.98,CHEMONTID:0001661,5,CHEMONTID:0000129,CHEMONTID:0000000;CHEMONTID:0004603;CHEMONTID:0000323;CHEMONTID:0000129;CHEMONTID:0001661,Organic compounds;Organic oxygen compounds;Organooxygen compounds;Alcohols and polyols;Secondary alcohols
14607,Ethers,0.97,CHEMONTID:0000254,4,CHEMONTID:0000323,CHEMONTID:0000000;CHEMONTID:0004603;CHEMONTID:0000323;CHEMONTID:0000254,Organic compounds;Organic oxygen compounds;Organooxygen compounds;Ethers
18414,Amines,0.97,CHEMONTID:0002449,4,CHEMONTID:0000278,CHEMONTID:0000000;CHEMONTID:0004707;CHEMONTID:0000278;CHEMONTID:0002449,Organic compounds;Organic nitrogen compounds;Organonitrogen compounds;Amines
2259,Carbonyl compounds,0.89,CHEMONTID:0001831,4,CHEMONTID:0000323,CHEMONTID:0000000;CHEMONTID:0004603;CHEMONTID:0000323;CHEMONTID:0001831,Organic compounds;Organic oxygen compounds;Organooxygen compounds;Carbonyl compounds
14604,Carbonyl compounds,0.88,CHEMONTID:0001831,4,CHEMONTID:0000323,CHEMONTID:0000000;CHEMONTID:0004603;CHEMONTID:0000323;CHEMONTID:0001831,Organic compounds;Organic oxygen compounds;Organooxygen compounds;Carbonyl compounds
15237,Carbonyl compounds,0.92,CHEMONTID:0001831,4,CHEMONTID:0000323,CHEMONTID:0000000;CHEMONTID:0004603;CHEMONTID:0000323;CHEMONTID:0001831,Organic compounds;Organic oxygen compounds;Organooxygen compounds;Carbonyl compounds
7358,Primary amines,1,CHEMONTID:0002450,5,CHEMONTID:0002449,CHEMONTID:0000000;CHEMONTID:0004707;CHEMONTID:0000278;CHEMONTID:0002449;CHEMONTID:0002450,Organic compounds;Organic nitrogen compounds;Organonitrogen compounds;Amines;Primary amines
5749,Glycosyl compounds,1,CHEMONTID:0002105,5,CHEMONTID:0000011,CHEMONTID:0000000;CHEMONTID:0004603;CHEMONTID:0000323;CHEMONTID:0000011;CHEMONTID:0002105,Organic compounds;Organic oxygen compounds;Organooxygen compounds;Carbohydrates and carbohydrate conjugates;Glycosyl compounds
2970,Amines,0.97,CHEMONTID:0002449,4,CHEMONTID:0000278,CHEMONTID:0000000;CHEMONTID:0004707;CHEMONTID:0000278;CHEMONTID:0002449,Organic compounds;Organic nitrogen compounds;Organonitrogen compounds;Amines
5931,Carbonyl compounds,0.99,CHEMONTID:0001831,4,CHEMONTID:0000323,CHEMONTID:0000000;CHEMONTID:0004603;CHEMONTID:0000323;CHEMONTID:0001831,Organic compounds;Organic oxygen compounds;Organooxygen compounds;Carbonyl compounds
13345,Monoalkylamines,1,CHEMONTID:0000469,6,CHEMONTID:0002450,CHEMONTID:0000000;CHEMONTID:0004707;CHEMONTID:0000278;CHEMONTID:0002449;CHEMONTID:0002450;CHEMONTID:0000469,Organic compounds;Organic nitrogen compounds;Organonitrogen compounds;Amines;Primary amines;Monoalkylamines
15008,Amines,0.91,CHEMONTID:0002449,4,CHEMONTID:0000278,CHEMONTID:0000000;CHEMONTID:0004707;CHEMONTID:0000278;CHEMONTID:0002449,Organic compounds;Organic nitrogen compounds;Organonitrogen compounds;Amines
2213,Dialkyl ethers,0.99,CHEMONTID:0001167,5,CHEMONTID:0000254,CHEMONTID:0000000;CHEMONTID:0004603;CHEMONTID:0000323;CHEMONTID:0000254;CHEMONTID:0001167,Organic compounds;Organic oxygen compounds;Organooxygen compounds;Ethers;Dialkyl ethers
4634,Carbonyl compounds,0.96,CHEMONTID:0001831,4,CHEMONTID:0000323,CHEMONTID:0000000;CHEMONTID:0004603;CHEMONTID:0000323;CHEMONTID:0001831,Organic compounds;Organic oxygen compounds;Organooxygen compounds;Carbonyl compounds
5112,Carbonyl compounds,0.87,CHEMONTID:0001831,4,CHEMONTID:0000323,CHEMONTID:0000000;CHEMONTID:0004603;CHEMONTID:0000323;CHEMONTID:0001831,Organic compounds;Organic oxygen compounds;Organooxygen compounds;Carbonyl compounds
13346,Monoalkylamines,1,CHEMONTID:0000469,6,CHEMONTID:0002450,CHEMONTID:0000000;CHEMONTID:0004707;CHEMONTID:0000278;CHEMONTID:0002449;CHEMONTID:0002450;CHEMONTID:0000469,Organic compounds;Organic nitrogen compounds;Organonitrogen compounds;Amines;Primary amines;Monoalkylamines
7030,Amines,0.92,CHEMONTID:0002449,4,CHEMONTID:0000278,CHEMONTID:0000000;CHEMONTID:0004707;CHEMONTID:0000278;CHEMONTID:0002449,Organic compounds;Organic nitrogen compounds;Organonitrogen compounds;Amines
776,Primary amines,0.9,CHEMONTID:0002450,5,CHEMONTID:0002449,CHEMONTID:0000000;CHEMONTID:0004707;CHEMONTID:0000278;CHEMONTID:0002449;CHEMONTID:0002450,Organic compounds;Organic nitrogen compounds;Organonitrogen compounds;Amines;Primary amines
9942,Carbonyl compounds,0.94,CHEMONTID:0001831,4,CHEMONTID:0000323,CHEMONTID:0000000;CHEMONTID:0004603;CHEMONTID:0000323;CHEMONTID:0001831,Organic compounds;Organic oxygen compounds;Organooxygen compounds;Carbonyl compounds
3817,Phosphate esters,0.99,CHEMONTID:0000408,4,CHEMONTID:0000402,CHEMONTID:0000000;CHEMONTID:0000264;CHEMONTID:0000402;CHEMONTID:0000408,Organic compounds;Organic acids and derivatives;Organic phosphoric acids and derivatives;Phosphate esters
8737,Carbonyl compounds,0.96,CHEMONTID:0001831,4,CHEMONTID:0000323,CHEMONTID:0000000;CHEMONTID:0004603;CHEMONTID:0000323;CHEMONTID:0001831,Organic compounds;Organic oxygen compounds;Organooxygen compounds;Carbonyl compounds
15721,Carbonyl compounds,0.94,CHEMONTID:0001831,4,CHEMONTID:0000323,CHEMONTID:0000000;CHEMONTID:0004603;CHEMONTID:0000323;CHEMONTID:0001831,Organic compounds;Organic oxygen compounds;Organooxygen compounds;Carbonyl compounds
6116,Carbohydrates and carbohydrate conjugates,1,CHEMONTID:0000011,4,CHEMONTID:0000323,CHEMONTID:0000000;CHEMONTID:0004603;CHEMONTID:0000323;CHEMONTID:0000011,Organic compounds;Organic oxygen compounds;Organooxygen compounds;Carbohydrates and carbohydrate conjugates
13157,Carbonyl compounds,0.94,CHEMONTID:0001831,4,CHEMONTID:0000323,CHEMONTID:0000000;CHEMONTID:0004603;CHEMONTID:0000323;CHEMONTID:0001831,Organic compounds;Organic oxygen compounds;Organooxygen compounds;Carbonyl compounds
18283,Carbonyl compounds,0.82,CHEMONTID:0001831,4,CHEMONTID:0000323,CHEMONTID:0000000;CHEMONTID:0004603;CHEMONTID:0000323;CHEMONTID:0001831,Organic compounds;Organic oxygen compounds;Organooxygen compounds;Carbonyl compounds
5401,2-benzopyrans,0.97,CHEMONTID:0003411,4,CHEMONTID:0000123,CHEMONTID:0000000;CHEMONTID:0000002;CHEMONTID:0000123;CHEMONTID:0003411,Organic compounds;Organoheterocyclic compounds;Benzopyrans;2-benzopyrans
13140,Amino acids and derivatives,0.94,CHEMONTID:0000347,5,CHEMONTID:0000013,CHEMONTID:0000000;CHEMONTID:0000264;CHEMONTID:0000265;CHEMONTID:0000013;CHEMONTID:0000347,"Organic compounds;Organic acids and derivatives;Carboxylic acids and derivatives;Amino acids, peptides, and analogues;Amino acids and derivatives"
9450,Carboxylic acid derivatives,0.99,CHEMONTID:0001093,4,CHEMONTID:0000265,CHEMONTID:0000000;CHEMONTID:0000264;CHEMONTID:0000265;CHEMONTID:0001093,Organic compounds;Organic acids and derivatives;Carboxylic acids and derivatives;Carboxylic acid derivatives
13681,Carboxylic acid derivatives,0.91,CHEMONTID:0001093,4,CHEMONTID:0000265,CHEMONTID:0000000;CHEMONTID:0000264;CHEMONTID:0000265;CHEMONTID:0001093,Organic compounds;Organic acids and derivatives;Carboxylic acids and derivatives;Carboxylic acid derivatives
8569,Alcohols and polyols,0.88,CHEMONTID:0000129,4,CHEMONTID:0000323,CHEMONTID:0000000;CHEMONTID:0004603;CHEMONTID:0000323;CHEMONTID:0000129,Organic compounds;Organic oxygen compounds;Organooxygen compounds;Alcohols and polyols
6328,Alcohols and polyols,1,CHEMONTID:0000129,4,CHEMONTID:0000323,CHEMONTID:0000000;CHEMONTID:0004603;CHEMONTID:0000323;CHEMONTID:0000129,Organic compounds;Organic oxygen compounds;Organooxygen compounds;Alcohols and polyols
17139,Monoalkylamines,0.99,CHEMONTID:0000469,6,CHEMONTID:0002450,CHEMONTID:0000000;CHEMONTID:0004707;CHEMONTID:0000278;CHEMONTID:0002449;CHEMONTID:0002450;CHEMONTID:0000469,Organic compounds;Organic nitrogen compounds;Organonitrogen compounds;Amines;Primary amines;Monoalkylamines
9569,Carbonyl compounds,0.99,CHEMONTID:0001831,4,CHEMONTID:0000323,CHEMONTID:0000000;CHEMONTID:0004603;CHEMONTID:0000323;CHEMONTID:0001831,Organic compounds;Organic oxygen compounds;Organooxygen compounds;Carbonyl compounds
11200,Dialkyl ethers,0.95,CHEMONTID:0001167,5,CHEMONTID:0000254,CHEMONTID:0000000;CHEMONTID:0004603;CHEMONTID:0000323;CHEMONTID:0000254;CHEMONTID:0001167,Organic compounds;Organic oxygen compounds;Organooxygen compounds;Ethers;Dialkyl ethers
9147,Alcohols and polyols,0.98,CHEMONTID:0000129,4,CHEMONTID:0000323,CHEMONTID:0000000;CHEMONTID:0004603;CHEMONTID:0000323;CHEMONTID:0000129,Organic compounds;Organic oxygen compounds;Organooxygen compounds;Alcohols and polyols
8554,Primary amines,0.93,CHEMONTID:0002450,5,CHEMONTID:0002449,CHEMONTID:0000000;CHEMONTID:0004707;CHEMONTID:0000278;CHEMONTID:0002449;CHEMONTID:0002450,Organic compounds;Organic nitrogen compounds;Organonitrogen compounds;Amines;Primary amines
15890,Amines,0.99,CHEMONTID:0002449,4,CHEMONTID:0000278,CHEMONTID:0000000;CHEMONTID:0004707;CHEMONTID:0000278;CHEMONTID:0002449,Organic compounds;Organic nitrogen compounds;Organonitrogen compounds;Amines
18670,"Amino acids, peptides, and analogues",0.95,CHEMONTID:0000013,4,CHEMONTID:0000265,CHEMONTID:0000000;CHEMONTID:0000264;CHEMONTID:0000265;CHEMONTID:0000013,"Organic compounds;Organic acids and derivatives;Carboxylic acids and derivatives;Amino acids, peptides, and analogues"
3688,Amines,0.98,CHEMONTID:0002449,4,CHEMONTID:0000278,CHEMONTID:0000000;CHEMONTID:0004707;CHEMONTID:0000278;CHEMONTID:0002449,Organic compounds;Organic nitrogen compounds;Organonitrogen compounds;Amines
5156,Carbonyl compounds,0.87,CHEMONTID:0001831,4,CHEMONTID:0000323,CHEMONTID:0000000;CHEMONTID:0004603;CHEMONTID:0000323;CHEMONTID:0001831,Organic compounds;Organic oxygen compounds;Organooxygen compounds;Carbonyl compounds
15511,Alcohols and polyols,0.95,CHEMONTID:0000129,4,CHEMONTID:0000323,CHEMONTID:0000000;CHEMONTID:0004603;CHEMONTID:0000323;CHEMONTID:0000129,Organic compounds;Organic oxygen compounds;Organooxygen compounds;Alcohols and polyols
11854,Secondary alcohols,1,CHEMONTID:0001661,5,CHEMONTID:0000129,CHEMONTID:0000000;CHEMONTID:0004603;CHEMONTID:0000323;CHEMONTID:0000129;CHEMONTID:0001661,Organic compounds;Organic oxygen compounds;Organooxygen compounds;Alcohols and polyols;Secondary alcohols
8679,Imidazoles,0.98,CHEMONTID:0000078,4,CHEMONTID:0000436,CHEMONTID:0000000;CHEMONTID:0000002;CHEMONTID:0000436;CHEMONTID:0000078,Organic compounds;Organoheterocyclic compounds;Azoles;Imidazoles
8053,Carbonyl compounds,0.89,CHEMONTID:0001831,4,CHEMONTID:0000323,CHEMONTID:0000000;CHEMONTID:0004603;CHEMONTID:0000323;CHEMONTID:0001831,Organic compounds;Organic oxygen compounds;Organooxygen compounds;Carbonyl compounds
19327,Ethers,0.99,CHEMONTID:0000254,4,CHEMONTID:0000323,CHEMONTID:0000000;CHEMONTID:0004603;CHEMONTID:0000323;CHEMONTID:0000254,Organic compounds;Organic oxygen compounds;Organooxygen compounds;Ethers
1164,Primary amines,0.9,CHEMONTID:0002450,5,CHEMONTID:0002449,CHEMONTID:0000000;CHEMONTID:0004707;CHEMONTID:0000278;CHEMONTID:0002449;CHEMONTID:0002450,Organic compounds;Organic nitrogen compounds;Organonitrogen compounds;Amines;Primary amines
4671,Carboxylic acid derivatives,0.97,CHEMONTID:0001093,4,CHEMONTID:0000265,CHEMONTID:0000000;CHEMONTID:0000264;CHEMONTID:0000265;CHEMONTID:0001093,Organic compounds;Organic acids and derivatives;Carboxylic acids and derivatives;Carboxylic acid derivatives
10186,Monoalkylamines,0.99,CHEMONTID:0000469,6,CHEMONTID:0002450,CHEMONTID:0000000;CHEMONTID:0004707;CHEMONTID:0000278;CHEMONTID:0002449;CHEMONTID:0002450;CHEMONTID:0000469,Organic compounds;Organic nitrogen compounds;Organonitrogen compounds;Amines;Primary amines;Monoalkylamines
731,Dialkyl ethers,0.88,CHEMONTID:0001167,5,CHEMONTID:0000254,CHEMONTID:0000000;CHEMONTID:0004603;CHEMONTID:0000323;CHEMONTID:0000254;CHEMONTID:0001167,Organic compounds;Organic oxygen compounds;Organooxygen compounds;Ethers;Dialkyl ethers
17174,Carbonyl compounds,0.99,CHEMONTID:0001831,4,CHEMONTID:0000323,CHEMONTID:0000000;CHEMONTID:0004603;CHEMONTID:0000323;CHEMONTID:0001831,Organic compounds;Organic oxygen compounds;Organooxygen compounds;Carbonyl compounds
4393,Carbonyl compounds,0.87,CHEMONTID:0001831,4,CHEMONTID:0000323,CHEMONTID:0000000;CHEMONTID:0004603;CHEMONTID:0000323;CHEMONTID:0001831,Organic compounds;Organic oxygen compounds;Organooxygen compounds;Carbonyl compounds
15463,Alcohols and polyols,0.87,CHEMONTID:0000129,4,CHEMONTID:0000323,CHEMONTID:0000000;CHEMONTID:0004603;CHEMONTID:0000323;CHEMONTID:0000129,Organic compounds;Organic oxygen compounds;Organooxygen compounds;Alcohols and polyols
15323,Amines,0.86,CHEMONTID:0002449,4,CHEMONTID:0000278,CHEMONTID:0000000;CHEMONTID:0004707;CHEMONTID:0000278;CHEMONTID:0002449,Organic compounds;Organic nitrogen compounds;Organonitrogen compounds;Amines
15605,Amines,0.92,CHEMONTID:0002449,4,CHEMONTID:0000278,CHEMONTID:0000000;CHEMONTID:0004707;CHEMONTID:0000278;CHEMONTID:0002449,Organic compounds;Organic nitrogen compounds;Organonitrogen compounds;Amines
7810,Phosphate esters,1,CHEMONTID:0000408,4,CHEMONTID:0000402,CHEMONTID:0000000;CHEMONTID:0000264;CHEMONTID:0000402;CHEMONTID:0000408,Organic compounds;Organic acids and derivatives;Organic phosphoric acids and derivatives;Phosphate esters
5468,Carbonyl compounds,1,CHEMONTID:0001831,4,CHEMONTID:0000323,CHEMONTID:0000000;CHEMONTID:0004603;CHEMONTID:0000323;CHEMONTID:0001831,Organic compounds;Organic oxygen compounds;Organooxygen compounds;Carbonyl compounds
19558,Carboxylic acid derivatives,0.93,CHEMONTID:0001093,4,CHEMONTID:0000265,CHEMONTID:0000000;CHEMONTID:0000264;CHEMONTID:0000265;CHEMONTID:0001093,Organic compounds;Organic acids and derivatives;Carboxylic acids and derivatives;Carboxylic acid derivatives
6756,Monoalkylamines,1,CHEMONTID:0000469,6,CHEMONTID:0002450,CHEMONTID:0000000;CHEMONTID:0004707;CHEMONTID:0000278;CHEMONTID:0002449;CHEMONTID:0002450;CHEMONTID:0000469,Organic compounds;Organic nitrogen compounds;Organonitrogen compounds;Amines;Primary amines;Monoalkylamines
18836,Primary amines,0.98,CHEMONTID:0002450,5,CHEMONTID:0002449,CHEMONTID:0000000;CHEMONTID:0004707;CHEMONTID:0000278;CHEMONTID:0002449;CHEMONTID:0002450,Organic compounds;Organic nitrogen compounds;Organonitrogen compounds;Amines;Primary amines
4249,Alcohols and polyols,0.9,CHEMONTID:0000129,4,CHEMONTID:0000323,CHEMONTID:0000000;CHEMONTID:0004603;CHEMONTID:0000323;CHEMONTID:0000129,Organic compounds;Organic oxygen compounds;Organooxygen compounds;Alcohols and polyols
3235,Phosphate esters,0.98,CHEMONTID:0000408,4,CHEMONTID:0000402,CHEMONTID:0000000;CHEMONTID:0000264;CHEMONTID:0000402;CHEMONTID:0000408,Organic compounds;Organic acids and derivatives;Organic phosphoric acids and derivatives;Phosphate esters
10078,Monocarboxylic acids and derivatives,0.85,CHEMONTID:0001137,4,CHEMONTID:0000265,CHEMONTID:0000000;CHEMONTID:0000264;CHEMONTID:0000265;CHEMONTID:0001137,Organic compounds;Organic acids and derivatives;Carboxylic acids and derivatives;Monocarboxylic acids and derivatives
20110,Alkyl phosphates,0.96,CHEMONTID:0003457,5,CHEMONTID:0000408,CHEMONTID:0000000;CHEMONTID:0000264;CHEMONTID:0000402;CHEMONTID:0000408;CHEMONTID:0003457,Organic compounds;Organic acids and derivatives;Organic phosphoric acids and derivatives;Phosphate esters;Alkyl phosphates
15125,Monoalkylamines,0.98,CHEMONTID:0000469,6,CHEMONTID:0002450,CHEMONTID:0000000;CHEMONTID:0004707;CHEMONTID:0000278;CHEMONTID:0002449;CHEMONTID:0002450;CHEMONTID:0000469,Organic compounds;Organic nitrogen compounds;Organonitrogen compounds;Amines;Primary amines;Monoalkylamines
11061,Fatty acid esters,0.86,CHEMONTID:0000324,4,CHEMONTID:0003909,CHEMONTID:0000000;CHEMONTID:0000012;CHEMONTID:0003909;CHEMONTID:0000324,Organic compounds;Lipids and lipid-like molecules;Fatty Acyls;Fatty acid esters
13108,Alcohols and polyols,0.92,CHEMONTID:0000129,4,CHEMONTID:0000323,CHEMONTID:0000000;CHEMONTID:0004603;CHEMONTID:0000323;CHEMONTID:0000129,Organic compounds;Organic oxygen compounds;Organooxygen compounds;Alcohols and polyols
20348,Carbonyl compounds,0.99,CHEMONTID:0001831,4,CHEMONTID:0000323,CHEMONTID:0000000;CHEMONTID:0004603;CHEMONTID:0000323;CHEMONTID:0001831,Organic compounds;Organic oxygen compounds;Organooxygen compounds;Carbonyl compounds
19970,Amines,0.8,CHEMONTID:0002449,4,CHEMONTID:0000278,CHEMONTID:0000000;CHEMONTID:0004707;CHEMONTID:0000278;CHEMONTID:0002449,Organic compounds;Organic nitrogen compounds;Organonitrogen compounds;Amines
451,Carboxylic acid derivatives,0.91,CHEMONTID:0001093,4,CHEMONTID:0000265,CHEMONTID:0000000;CHEMONTID:0000264;CHEMONTID:0000265;CHEMONTID:0001093,Organic compounds;Organic acids and derivatives;Carboxylic acids and derivatives;Carboxylic acid derivatives
14403,Carboxylic acid derivatives,0.91,CHEMONTID:0001093,4,CHEMONTID:0000265,CHEMONTID:0000000;CHEMONTID:0000264;CHEMONTID:0000265;CHEMONTID:0001093,Organic compounds;Organic acids and derivatives;Carboxylic acids and derivatives;Carboxylic acid derivatives
17141,Carbonyl compounds,0.95,CHEMONTID:0001831,4,CHEMONTID:0000323,CHEMONTID:0000000;CHEMONTID:0004603;CHEMONTID:0000323;CHEMONTID:0001831,Organic compounds;Organic oxygen compounds;Organooxygen compounds;Carbonyl compounds
20205,N-acyl amines,0.8,CHEMONTID:0001096,5,CHEMONTID:0000331,CHEMONTID:0000000;CHEMONTID:0000012;CHEMONTID:0003909;CHEMONTID:0000331;CHEMONTID:0001096,Organic compounds;Lipids and lipid-like molecules;Fatty Acyls;Fatty amides;N-acyl amines
7205,Ethers,1,CHEMONTID:0000254,4,CHEMONTID:0000323,CHEMONTID:0000000;CHEMONTID:0004603;CHEMONTID:0000323;CHEMONTID:0000254,Organic compounds;Organic oxygen compounds;Organooxygen compounds;Ethers
12956,Amines,0.98,CHEMONTID:0002449,4,CHEMONTID:0000278,CHEMONTID:0000000;CHEMONTID:0004707;CHEMONTID:0000278;CHEMONTID:0002449,Organic compounds;Organic nitrogen compounds;Organonitrogen compounds;Amines
6888,Carbonyl compounds,0.99,CHEMONTID:0001831,4,CHEMONTID:0000323,CHEMONTID:0000000;CHEMONTID:0004603;CHEMONTID:0000323;CHEMONTID:0001831,Organic compounds;Organic oxygen compounds;Organooxygen compounds;Carbonyl compounds
5667,Alcohols and polyols,0.96,CHEMONTID:0000129,4,CHEMONTID:0000323,CHEMONTID:0000000;CHEMONTID:0004603;CHEMONTID:0000323;CHEMONTID:0000129,Organic compounds;Organic oxygen compounds;Organooxygen compounds;Alcohols and polyols
15506,Guanidines,0.95,CHEMONTID:0000375,4,CHEMONTID:0000278,CHEMONTID:0000000;CHEMONTID:0004707;CHEMONTID:0000278;CHEMONTID:0000375,Organic compounds;Organic nitrogen compounds;Organonitrogen compounds;Guanidines
5119,Carbonyl compounds,0.99,CHEMONTID:0001831,4,CHEMONTID:0000323,CHEMONTID:0000000;CHEMONTID:0004603;CHEMONTID:0000323;CHEMONTID:0001831,Organic compounds;Organic oxygen compounds;Organooxygen compounds;Carbonyl compounds
7698,Pyrimidines and pyrimidine derivatives,0.98,CHEMONTID:0000075,4,CHEMONTID:0001346,CHEMONTID:0000000;CHEMONTID:0000002;CHEMONTID:0001346;CHEMONTID:0000075,Organic compounds;Organoheterocyclic compounds;Diazines;Pyrimidines and pyrimidine derivatives
5436,Alcohols and polyols,1,CHEMONTID:0000129,4,CHEMONTID:0000323,CHEMONTID:0000000;CHEMONTID:0004603;CHEMONTID:0000323;CHEMONTID:0000129,Organic compounds;Organic oxygen compounds;Organooxygen compounds;Alcohols and polyols
13241,Carbonyl compounds,0.96,CHEMONTID:0001831,4,CHEMONTID:0000323,CHEMONTID:0000000;CHEMONTID:0004603;CHEMONTID:0000323;CHEMONTID:0001831,Organic compounds;Organic oxygen compounds;Organooxygen compounds;Carbonyl compounds
10048,Monocarboxylic acids and derivatives,0.82,CHEMONTID:0001137,4,CHEMONTID:0000265,CHEMONTID:0000000;CHEMONTID:0000264;CHEMONTID:0000265;CHEMONTID:0001137,Organic compounds;Organic acids and derivatives;Carboxylic acids and derivatives;Monocarboxylic acids and derivatives
15739,Amines,0.83,CHEMONTID:0002449,4,CHEMONTID:0000278,CHEMONTID:0000000;CHEMONTID:0004707;CHEMONTID:0000278;CHEMONTID:0002449,Organic compounds;Organic nitrogen compounds;Organonitrogen compounds;Amines
7615,Carbonyl compounds,0.96,CHEMONTID:0001831,4,CHEMONTID:0000323,CHEMONTID:0000000;CHEMONTID:0004603;CHEMONTID:0000323;CHEMONTID:0001831,Organic compounds;Organic oxygen compounds;Organooxygen compounds;Carbonyl compounds
17932,Ethers,0.95,CHEMONTID:0000254,4,CHEMONTID:0000323,CHEMONTID:0000000;CHEMONTID:0004603;CHEMONTID:0000323;CHEMONTID:0000254,Organic compounds;Organic oxygen compounds;Organooxygen compounds;Ethers
361,Alkyl aryl ethers,0.81,CHEMONTID:0000128,5,CHEMONTID:0000254,CHEMONTID:0000000;CHEMONTID:0004603;CHEMONTID:0000323;CHEMONTID:0000254;CHEMONTID:0000128,Organic compounds;Organic oxygen compounds;Organooxygen compounds;Ethers;Alkyl aryl ethers
11497,Amino acids and derivatives,0.91,CHEMONTID:0000347,5,CHEMONTID:0000013,CHEMONTID:0000000;CHEMONTID:0000264;CHEMONTID:0000265;CHEMONTID:0000013;CHEMONTID:0000347,"Organic compounds;Organic acids and derivatives;Carboxylic acids and derivatives;Amino acids, peptides, and analogues;Amino acids and derivatives"
9574,Alcohols and polyols,0.93,CHEMONTID:0000129,4,CHEMONTID:0000323,CHEMONTID:0000000;CHEMONTID:0004603;CHEMONTID:0000323;CHEMONTID:0000129,Organic compounds;Organic oxygen compounds;Organooxygen compounds;Alcohols and polyols
11408,Carbonyl compounds,0.98,CHEMONTID:0001831,4,CHEMONTID:0000323,CHEMONTID:0000000;CHEMONTID:0004603;CHEMONTID:0000323;CHEMONTID:0001831,Organic compounds;Organic oxygen compounds;Organooxygen compounds;Carbonyl compounds
9647,Amines,0.95,CHEMONTID:0002449,4,CHEMONTID:0000278,CHEMONTID:0000000;CHEMONTID:0004707;CHEMONTID:0000278;CHEMONTID:0002449,Organic compounds;Organic nitrogen compounds;Organonitrogen compounds;Amines
7604,Amphetamines and derivatives,0.97,CHEMONTID:0000188,5,CHEMONTID:0000186,CHEMONTID:0000000;CHEMONTID:0002448;CHEMONTID:0002279;CHEMONTID:0000186;CHEMONTID:0000188,Organic compounds;Benzenoids;Benzene and substituted derivatives;Phenethylamines;Amphetamines and derivatives
3695,Ethers,0.89,CHEMONTID:0000254,4,CHEMONTID:0000323,CHEMONTID:0000000;CHEMONTID:0004603;CHEMONTID:0000323;CHEMONTID:0000254,Organic compounds;Organic oxygen compounds;Organooxygen compounds;Ethers
20637,Carbonyl compounds,0.91,CHEMONTID:0001831,4,CHEMONTID:0000323,CHEMONTID:0000000;CHEMONTID:0004603;CHEMONTID:0000323;CHEMONTID:0001831,Organic compounds;Organic oxygen compounds;Organooxygen compounds;Carbonyl compounds
20592,Carbonyl compounds,0.9,CHEMONTID:0001831,4,CHEMONTID:0000323,CHEMONTID:0000000;CHEMONTID:0004603;CHEMONTID:0000323;CHEMONTID:0001831,Organic compounds;Organic oxygen compounds;Organooxygen compounds;Carbonyl compounds
12656,Carbonyl compounds,0.94,CHEMONTID:0001831,4,CHEMONTID:0000323,CHEMONTID:0000000;CHEMONTID:0004603;CHEMONTID:0000323;CHEMONTID:0001831,Organic compounds;Organic oxygen compounds;Organooxygen compounds;Carbonyl compounds
6135,Carbonyl compounds,0.89,CHEMONTID:0001831,4,CHEMONTID:0000323,CHEMONTID:0000000;CHEMONTID:0004603;CHEMONTID:0000323;CHEMONTID:0001831,Organic compounds;Organic oxygen compounds;Organooxygen compounds;Carbonyl compounds
19124,Amino acids and derivatives,1,CHEMONTID:0000347,5,CHEMONTID:0000013,CHEMONTID:0000000;CHEMONTID:0000264;CHEMONTID:0000265;CHEMONTID:0000013;CHEMONTID:0000347,"Organic compounds;Organic acids and derivatives;Carboxylic acids and derivatives;Amino acids, peptides, and analogues;Amino acids and derivatives"
1401,Alcohols and polyols,0.94,CHEMONTID:0000129,4,CHEMONTID:0000323,CHEMONTID:0000000;CHEMONTID:0004603;CHEMONTID:0000323;CHEMONTID:0000129,Organic compounds;Organic oxygen compounds;Organooxygen compounds;Alcohols and polyols
3224,Carbonyl compounds,1,CHEMONTID:0001831,4,CHEMONTID:0000323,CHEMONTID:0000000;CHEMONTID:0004603;CHEMONTID:0000323;CHEMONTID:0001831,Organic compounds;Organic oxygen compounds;Organooxygen compounds;Carbonyl compounds
16096,Carbonyl compounds,0.9,CHEMONTID:0001831,4,CHEMONTID:0000323,CHEMONTID:0000000;CHEMONTID:0004603;CHEMONTID:0000323;CHEMONTID:0001831,Organic compounds;Organic oxygen compounds;Organooxygen compounds;Carbonyl compounds
15809,Carbonyl compounds,0.81,CHEMONTID:0001831,4,CHEMONTID:0000323,CHEMONTID:0000000;CHEMONTID:0004603;CHEMONTID:0000323;CHEMONTID:0001831,Organic compounds;Organic oxygen compounds;Organooxygen compounds;Carbonyl compounds
5062,Carboxylic acid derivatives,1,CHEMONTID:0001093,4,CHEMONTID:0000265,CHEMONTID:0000000;CHEMONTID:0000264;CHEMONTID:0000265;CHEMONTID:0001093,Organic compounds;Organic acids and derivatives;Carboxylic acids and derivatives;Carboxylic acid derivatives
1360,Dialkyl ethers,0.97,CHEMONTID:0001167,5,CHEMONTID:0000254,CHEMONTID:0000000;CHEMONTID:0004603;CHEMONTID:0000323;CHEMONTID:0000254;CHEMONTID:0001167,Organic compounds;Organic oxygen compounds;Organooxygen compounds;Ethers;Dialkyl ethers
2608,Guanidines,0.91,CHEMONTID:0000375,4,CHEMONTID:0000278,CHEMONTID:0000000;CHEMONTID:0004707;CHEMONTID:0000278;CHEMONTID:0000375,Organic compounds;Organic nitrogen compounds;Organonitrogen compounds;Guanidines
12459,Monoalkylamines,1,CHEMONTID:0000469,6,CHEMONTID:0002450,CHEMONTID:0000000;CHEMONTID:0004707;CHEMONTID:0000278;CHEMONTID:0002449;CHEMONTID:0002450;CHEMONTID:0000469,Organic compounds;Organic nitrogen compounds;Organonitrogen compounds;Amines;Primary amines;Monoalkylamines
13573,Carboxylic acid derivatives,0.92,CHEMONTID:0001093,4,CHEMONTID:0000265,CHEMONTID:0000000;CHEMONTID:0000264;CHEMONTID:0000265;CHEMONTID:0001093,Organic compounds;Organic acids and derivatives;Carboxylic acids and derivatives;Carboxylic acid derivatives
9231,Carbonyl compounds,0.97,CHEMONTID:0001831,4,CHEMONTID:0000323,CHEMONTID:0000000;CHEMONTID:0004603;CHEMONTID:0000323;CHEMONTID:0001831,Organic compounds;Organic oxygen compounds;Organooxygen compounds;Carbonyl compounds
286,Dialkyl ethers,1,CHEMONTID:0001167,5,CHEMONTID:0000254,CHEMONTID:0000000;CHEMONTID:0004603;CHEMONTID:0000323;CHEMONTID:0000254;CHEMONTID:0001167,Organic compounds;Organic oxygen compounds;Organooxygen compounds;Ethers;Dialkyl ethers
14735,Carbonyl compounds,0.92,CHEMONTID:0001831,4,CHEMONTID:0000323,CHEMONTID:0000000;CHEMONTID:0004603;CHEMONTID:0000323;CHEMONTID:0001831,Organic compounds;Organic oxygen compounds;Organooxygen compounds;Carbonyl compounds
20425,Monocarboxylic acids and derivatives,0.98,CHEMONTID:0001137,4,CHEMONTID:0000265,CHEMONTID:0000000;CHEMONTID:0000264;CHEMONTID:0000265;CHEMONTID:0001137,Organic compounds;Organic acids and derivatives;Carboxylic acids and derivatives;Monocarboxylic acids and derivatives
4628,Amines,0.96,CHEMONTID:0002449,4,CHEMONTID:0000278,CHEMONTID:0000000;CHEMONTID:0004707;CHEMONTID:0000278;CHEMONTID:0002449,Organic compounds;Organic nitrogen compounds;Organonitrogen compounds;Amines
6610,Carbonyl compounds,0.8,CHEMONTID:0001831,4,CHEMONTID:0000323,CHEMONTID:0000000;CHEMONTID:0004603;CHEMONTID:0000323;CHEMONTID:0001831,Organic compounds;Organic oxygen compounds;Organooxygen compounds;Carbonyl compounds
13391,Carbonyl compounds,0.88,CHEMONTID:0001831,4,CHEMONTID:0000323,CHEMONTID:0000000;CHEMONTID:0004603;CHEMONTID:0000323;CHEMONTID:0001831,Organic compounds;Organic oxygen compounds;Organooxygen compounds;Carbonyl compounds
11226,Dialkyl ethers,0.93,CHEMONTID:0001167,5,CHEMONTID:0000254,CHEMONTID:0000000;CHEMONTID:0004603;CHEMONTID:0000323;CHEMONTID:0000254;CHEMONTID:0001167,Organic compounds;Organic oxygen compounds;Organooxygen compounds;Ethers;Dialkyl ethers
18877,Ethers,0.94,CHEMONTID:0000254,4,CHEMONTID:0000323,CHEMONTID:0000000;CHEMONTID:0004603;CHEMONTID:0000323;CHEMONTID:0000254,Organic compounds;Organic oxygen compounds;Organooxygen compounds;Ethers
7123,Monoalkylamines,0.93,CHEMONTID:0000469,6,CHEMONTID:0002450,CHEMONTID:0000000;CHEMONTID:0004707;CHEMONTID:0000278;CHEMONTID:0002449;CHEMONTID:0002450;CHEMONTID:0000469,Organic compounds;Organic nitrogen compounds;Organonitrogen compounds;Amines;Primary amines;Monoalkylamines
11858,Alcohols and polyols,0.93,CHEMONTID:0000129,4,CHEMONTID:0000323,CHEMONTID:0000000;CHEMONTID:0004603;CHEMONTID:0000323;CHEMONTID:0000129,Organic compounds;Organic oxygen compounds;Organooxygen compounds;Alcohols and polyols
19418,Pyrimidines and pyrimidine derivatives,1,CHEMONTID:0000075,4,CHEMONTID:0001346,CHEMONTID:0000000;CHEMONTID:0000002;CHEMONTID:0001346;CHEMONTID:0000075,Organic compounds;Organoheterocyclic compounds;Diazines;Pyrimidines and pyrimidine derivatives
2232,Carboxylic acid derivatives,0.9,CHEMONTID:0001093,4,CHEMONTID:0000265,CHEMONTID:0000000;CHEMONTID:0000264;CHEMONTID:0000265;CHEMONTID:0001093,Organic compounds;Organic acids and derivatives;Carboxylic acids and derivatives;Carboxylic acid derivatives
3338,Fatty amides,0.85,CHEMONTID:0000331,4,CHEMONTID:0003909,CHEMONTID:0000000;CHEMONTID:0000012;CHEMONTID:0003909;CHEMONTID:0000331,Organic compounds;Lipids and lipid-like molecules;Fatty Acyls;Fatty amides
13233,Carboxylic acid derivatives,0.99,CHEMONTID:0001093,4,CHEMONTID:0000265,CHEMONTID:0000000;CHEMONTID:0000264;CHEMONTID:0000265;CHEMONTID:0001093,Organic compounds;Organic acids and derivatives;Carboxylic acids and derivatives;Carboxylic acid derivatives
19992,Ethers,0.8,CHEMONTID:0000254,4,CHEMONTID:0000323,CHEMONTID:0000000;CHEMONTID:0004603;CHEMONTID:0000323;CHEMONTID:0000254,Organic compounds;Organic oxygen compounds;Organooxygen compounds;Ethers
19398,Dialkylthioethers,0.92,CHEMONTID:0003862,4,CHEMONTID:0001202,CHEMONTID:0000000;CHEMONTID:0000004;CHEMONTID:0001202;CHEMONTID:0003862,Organic compounds;Organosulfur compounds;Thioethers;Dialkylthioethers
15337,Primary amines,0.94,CHEMONTID:0002450,5,CHEMONTID:0002449,CHEMONTID:0000000;CHEMONTID:0004707;CHEMONTID:0000278;CHEMONTID:0002449;CHEMONTID:0002450,Organic compounds;Organic nitrogen compounds;Organonitrogen compounds;Amines;Primary amines
3927,Carbonyl compounds,0.97,CHEMONTID:0001831,4,CHEMONTID:0000323,CHEMONTID:0000000;CHEMONTID:0004603;CHEMONTID:0000323;CHEMONTID:0001831,Organic compounds;Organic oxygen compounds;Organooxygen compounds;Carbonyl compounds
18612,Carboxylic acid derivatives,0.99,CHEMONTID:0001093,4,CHEMONTID:0000265,CHEMONTID:0000000;CHEMONTID:0000264;CHEMONTID:0000265;CHEMONTID:0001093,Organic compounds;Organic acids and derivatives;Carboxylic acids and derivatives;Carboxylic acid derivatives
16387,Amines,0.92,CHEMONTID:0002449,4,CHEMONTID:0000278,CHEMONTID:0000000;CHEMONTID:0004707;CHEMONTID:0000278;CHEMONTID:0002449,Organic compounds;Organic nitrogen compounds;Organonitrogen compounds;Amines
19930,Carbonyl compounds,0.92,CHEMONTID:0001831,4,CHEMONTID:0000323,CHEMONTID:0000000;CHEMONTID:0004603;CHEMONTID:0000323;CHEMONTID:0001831,Organic compounds;Organic oxygen compounds;Organooxygen compounds;Carbonyl compounds
16266,Primary amines,0.98,CHEMONTID:0002450,5,CHEMONTID:0002449,CHEMONTID:0000000;CHEMONTID:0004707;CHEMONTID:0000278;CHEMONTID:0002449;CHEMONTID:0002450,Organic compounds;Organic nitrogen compounds;Organonitrogen compounds;Amines;Primary amines
7059,Monoalkylamines,0.82,CHEMONTID:0000469,6,CHEMONTID:0002450,CHEMONTID:0000000;CHEMONTID:0004707;CHEMONTID:0000278;CHEMONTID:0002449;CHEMONTID:0002450;CHEMONTID:0000469,Organic compounds;Organic nitrogen compounds;Organonitrogen compounds;Amines;Primary amines;Monoalkylamines
3463,Guanidines,0.91,CHEMONTID:0000375,4,CHEMONTID:0000278,CHEMONTID:0000000;CHEMONTID:0004707;CHEMONTID:0000278;CHEMONTID:0000375,Organic compounds;Organic nitrogen compounds;Organonitrogen compounds;Guanidines
4912,Carbonyl compounds,0.97,CHEMONTID:0001831,4,CHEMONTID:0000323,CHEMONTID:0000000;CHEMONTID:0004603;CHEMONTID:0000323;CHEMONTID:0001831,Organic compounds;Organic oxygen compounds;Organooxygen compounds;Carbonyl compounds
14178,Carboxylic acid derivatives,0.85,CHEMONTID:0001093,4,CHEMONTID:0000265,CHEMONTID:0000000;CHEMONTID:0000264;CHEMONTID:0000265;CHEMONTID:0001093,Organic compounds;Organic acids and derivatives;Carboxylic acids and derivatives;Carboxylic acid derivatives
14649,Carboxylic acid derivatives,0.93,CHEMONTID:0001093,4,CHEMONTID:0000265,CHEMONTID:0000000;CHEMONTID:0000264;CHEMONTID:0000265;CHEMONTID:0001093,Organic compounds;Organic acids and derivatives;Carboxylic acids and derivatives;Carboxylic acid derivatives
4660,Carbonyl compounds,0.98,CHEMONTID:0001831,4,CHEMONTID:0000323,CHEMONTID:0000000;CHEMONTID:0004603;CHEMONTID:0000323;CHEMONTID:0001831,Organic compounds;Organic oxygen compounds;Organooxygen compounds;Carbonyl compounds
15091,Carboxylic acid derivatives,0.81,CHEMONTID:0001093,4,CHEMONTID:0000265,CHEMONTID:0000000;CHEMONTID:0000264;CHEMONTID:0000265;CHEMONTID:0001093,Organic compounds;Organic acids and derivatives;Carboxylic acids and derivatives;Carboxylic acid derivatives
7434,Monoalkylamines,0.99,CHEMONTID:0000469,6,CHEMONTID:0002450,CHEMONTID:0000000;CHEMONTID:0004707;CHEMONTID:0000278;CHEMONTID:0002449;CHEMONTID:0002450;CHEMONTID:0000469,Organic compounds;Organic nitrogen compounds;Organonitrogen compounds;Amines;Primary amines;Monoalkylamines
3601,Carboxylic acid derivatives,0.97,CHEMONTID:0001093,4,CHEMONTID:0000265,CHEMONTID:0000000;CHEMONTID:0000264;CHEMONTID:0000265;CHEMONTID:0001093,Organic compounds;Organic acids and derivatives;Carboxylic acids and derivatives;Carboxylic acid derivatives
15765,Carbonyl compounds,0.88,CHEMONTID:0001831,4,CHEMONTID:0000323,CHEMONTID:0000000;CHEMONTID:0004603;CHEMONTID:0000323;CHEMONTID:0001831,Organic compounds;Organic oxygen compounds;Organooxygen compounds;Carbonyl compounds
10376,Carboxylic acid derivatives,0.95,CHEMONTID:0001093,4,CHEMONTID:0000265,CHEMONTID:0000000;CHEMONTID:0000264;CHEMONTID:0000265;CHEMONTID:0001093,Organic compounds;Organic acids and derivatives;Carboxylic acids and derivatives;Carboxylic acid derivatives
18066,Monoalkylamines,0.99,CHEMONTID:0000469,6,CHEMONTID:0002450,CHEMONTID:0000000;CHEMONTID:0004707;CHEMONTID:0000278;CHEMONTID:0002449;CHEMONTID:0002450;CHEMONTID:0000469,Organic compounds;Organic nitrogen compounds;Organonitrogen compounds;Amines;Primary amines;Monoalkylamines
14061,Monoalkylamines,0.99,CHEMONTID:0000469,6,CHEMONTID:0002450,CHEMONTID:0000000;CHEMONTID:0004707;CHEMONTID:0000278;CHEMONTID:0002449;CHEMONTID:0002450;CHEMONTID:0000469,Organic compounds;Organic nitrogen compounds;Organonitrogen compounds;Amines;Primary amines;Monoalkylamines
12840,Carbonyl compounds,0.91,CHEMONTID:0001831,4,CHEMONTID:0000323,CHEMONTID:0000000;CHEMONTID:0004603;CHEMONTID:0000323;CHEMONTID:0001831,Organic compounds;Organic oxygen compounds;Organooxygen compounds;Carbonyl compounds
646,Imidazoles,0.96,CHEMONTID:0000078,4,CHEMONTID:0000436,CHEMONTID:0000000;CHEMONTID:0000002;CHEMONTID:0000436;CHEMONTID:0000078,Organic compounds;Organoheterocyclic compounds;Azoles;Imidazoles
8205,Carbonyl compounds,0.95,CHEMONTID:0001831,4,CHEMONTID:0000323,CHEMONTID:0000000;CHEMONTID:0004603;CHEMONTID:0000323;CHEMONTID:0001831,Organic compounds;Organic oxygen compounds;Organooxygen compounds;Carbonyl compounds
12358,Carbonyl compounds,0.93,CHEMONTID:0001831,4,CHEMONTID:0000323,CHEMONTID:0000000;CHEMONTID:0004603;CHEMONTID:0000323;CHEMONTID:0001831,Organic compounds;Organic oxygen compounds;Organooxygen compounds;Carbonyl compounds
3743,"Amino acids, peptides, and analogues",0.95,CHEMONTID:0000013,4,CHEMONTID:0000265,CHEMONTID:0000000;CHEMONTID:0000264;CHEMONTID:0000265;CHEMONTID:0000013,"Organic compounds;Organic acids and derivatives;Carboxylic acids and derivatives;Amino acids, peptides, and analogues"
19365,Carbohydrates and carbohydrate conjugates,1,CHEMONTID:0000011,4,CHEMONTID:0000323,CHEMONTID:0000000;CHEMONTID:0004603;CHEMONTID:0000323;CHEMONTID:0000011,Organic compounds;Organic oxygen compounds;Organooxygen compounds;Carbohydrates and carbohydrate conjugates
6477,Carbonyl compounds,0.97,CHEMONTID:0001831,4,CHEMONTID:0000323,CHEMONTID:0000000;CHEMONTID:0004603;CHEMONTID:0000323;CHEMONTID:0001831,Organic compounds;Organic oxygen compounds;Organooxygen compounds;Carbonyl compounds
16187,Carbonyl compounds,0.88,CHEMONTID:0001831,4,CHEMONTID:0000323,CHEMONTID:0000000;CHEMONTID:0004603;CHEMONTID:0000323;CHEMONTID:0001831,Organic compounds;Organic oxygen compounds;Organooxygen compounds;Carbonyl compounds
13413,Alcohols and polyols,0.98,CHEMONTID:0000129,4,CHEMONTID:0000323,CHEMONTID:0000000;CHEMONTID:0004603;CHEMONTID:0000323;CHEMONTID:0000129,Organic compounds;Organic oxygen compounds;Organooxygen compounds;Alcohols and polyols
2877,Ethers,0.9,CHEMONTID:0000254,4,CHEMONTID:0000323,CHEMONTID:0000000;CHEMONTID:0004603;CHEMONTID:0000323;CHEMONTID:0000254,Organic compounds;Organic oxygen compounds;Organooxygen compounds;Ethers
4017,Alcohols and polyols,1,CHEMONTID:0000129,4,CHEMONTID:0000323,CHEMONTID:0000000;CHEMONTID:0004603;CHEMONTID:0000323;CHEMONTID:0000129,Organic compounds;Organic oxygen compounds;Organooxygen compounds;Alcohols and polyols
14729,Alcohols and polyols,0.99,CHEMONTID:0000129,4,CHEMONTID:0000323,CHEMONTID:0000000;CHEMONTID:0004603;CHEMONTID:0000323;CHEMONTID:0000129,Organic compounds;Organic oxygen compounds;Organooxygen compounds;Alcohols and polyols
6173,Carboxylic acid derivatives,0.98,CHEMONTID:0001093,4,CHEMONTID:0000265,CHEMONTID:0000000;CHEMONTID:0000264;CHEMONTID:0000265;CHEMONTID:0001093,Organic compounds;Organic acids and derivatives;Carboxylic acids and derivatives;Carboxylic acid derivatives
13471,Carboxylic acid derivatives,0.99,CHEMONTID:0001093,4,CHEMONTID:0000265,CHEMONTID:0000000;CHEMONTID:0000264;CHEMONTID:0000265;CHEMONTID:0001093,Organic compounds;Organic acids and derivatives;Carboxylic acids and derivatives;Carboxylic acid derivatives
16455,Amines,0.86,CHEMONTID:0002449,4,CHEMONTID:0000278,CHEMONTID:0000000;CHEMONTID:0004707;CHEMONTID:0000278;CHEMONTID:0002449,Organic compounds;Organic nitrogen compounds;Organonitrogen compounds;Amines
9089,Carboxylic acid amides,0.88,CHEMONTID:0000475,5,CHEMONTID:0001093,CHEMONTID:0000000;CHEMONTID:0000264;CHEMONTID:0000265;CHEMONTID:0001093;CHEMONTID:0000475,Organic compounds;Organic acids and derivatives;Carboxylic acids and derivatives;Carboxylic acid derivatives;Carboxylic acid amides
12453,Primary amines,0.99,CHEMONTID:0002450,5,CHEMONTID:0002449,CHEMONTID:0000000;CHEMONTID:0004707;CHEMONTID:0000278;CHEMONTID:0002449;CHEMONTID:0002450,Organic compounds;Organic nitrogen compounds;Organonitrogen compounds;Amines;Primary amines
16436,Monoalkylamines,0.91,CHEMONTID:0000469,6,CHEMONTID:0002450,CHEMONTID:0000000;CHEMONTID:0004707;CHEMONTID:0000278;CHEMONTID:0002449;CHEMONTID:0002450;CHEMONTID:0000469,Organic compounds;Organic nitrogen compounds;Organonitrogen compounds;Amines;Primary amines;Monoalkylamines
10458,Carbonyl compounds,0.94,CHEMONTID:0001831,4,CHEMONTID:0000323,CHEMONTID:0000000;CHEMONTID:0004603;CHEMONTID:0000323;CHEMONTID:0001831,Organic compounds;Organic oxygen compounds;Organooxygen compounds;Carbonyl compounds
1676,Carbohydrates and carbohydrate conjugates,1,CHEMONTID:0000011,4,CHEMONTID:0000323,CHEMONTID:0000000;CHEMONTID:0004603;CHEMONTID:0000323;CHEMONTID:0000011,Organic compounds;Organic oxygen compounds;Organooxygen compounds;Carbohydrates and carbohydrate conjugates
3077,Carbonyl compounds,0.86,CHEMONTID:0001831,4,CHEMONTID:0000323,CHEMONTID:0000000;CHEMONTID:0004603;CHEMONTID:0000323;CHEMONTID:0001831,Organic compounds;Organic oxygen compounds;Organooxygen compounds;Carbonyl compounds
17938,Carbonyl compounds,0.98,CHEMONTID:0001831,4,CHEMONTID:0000323,CHEMONTID:0000000;CHEMONTID:0004603;CHEMONTID:0000323;CHEMONTID:0001831,Organic compounds;Organic oxygen compounds;Organooxygen compounds;Carbonyl compounds
9602,Carboxylic acid derivatives,0.99,CHEMONTID:0001093,4,CHEMONTID:0000265,CHEMONTID:0000000;CHEMONTID:0000264;CHEMONTID:0000265;CHEMONTID:0001093,Organic compounds;Organic acids and derivatives;Carboxylic acids and derivatives;Carboxylic acid derivatives
940,Carbonyl compounds,0.88,CHEMONTID:0001831,4,CHEMONTID:0000323,CHEMONTID:0000000;CHEMONTID:0004603;CHEMONTID:0000323;CHEMONTID:0001831,Organic compounds;Organic oxygen compounds;Organooxygen compounds;Carbonyl compounds
16798,Dialkyl ethers,0.97,CHEMONTID:0001167,5,CHEMONTID:0000254,CHEMONTID:0000000;CHEMONTID:0004603;CHEMONTID:0000323;CHEMONTID:0000254;CHEMONTID:0001167,Organic compounds;Organic oxygen compounds;Organooxygen compounds;Ethers;Dialkyl ethers
9648,Carbonyl compounds,0.8,CHEMONTID:0001831,4,CHEMONTID:0000323,CHEMONTID:0000000;CHEMONTID:0004603;CHEMONTID:0000323;CHEMONTID:0001831,Organic compounds;Organic oxygen compounds;Organooxygen compounds;Carbonyl compounds
3346,Monoalkylamines,0.94,CHEMONTID:0000469,6,CHEMONTID:0002450,CHEMONTID:0000000;CHEMONTID:0004707;CHEMONTID:0000278;CHEMONTID:0002449;CHEMONTID:0002450;CHEMONTID:0000469,Organic compounds;Organic nitrogen compounds;Organonitrogen compounds;Amines;Primary amines;Monoalkylamines
10563,Carboxylic acid derivatives,0.96,CHEMONTID:0001093,4,CHEMONTID:0000265,CHEMONTID:0000000;CHEMONTID:0000264;CHEMONTID:0000265;CHEMONTID:0001093,Organic compounds;Organic acids and derivatives;Carboxylic acids and derivatives;Carboxylic acid derivatives
19194,Alcohols and polyols,0.96,CHEMONTID:0000129,4,CHEMONTID:0000323,CHEMONTID:0000000;CHEMONTID:0004603;CHEMONTID:0000323;CHEMONTID:0000129,Organic compounds;Organic oxygen compounds;Organooxygen compounds;Alcohols and polyols
14530,Carboxylic acid derivatives,0.99,CHEMONTID:0001093,4,CHEMONTID:0000265,CHEMONTID:0000000;CHEMONTID:0000264;CHEMONTID:0000265;CHEMONTID:0001093,Organic compounds;Organic acids and derivatives;Carboxylic acids and derivatives;Carboxylic acid derivatives
16890,Carboxylic acid derivatives,0.99,CHEMONTID:0001093,4,CHEMONTID:0000265,CHEMONTID:0000000;CHEMONTID:0000264;CHEMONTID:0000265;CHEMONTID:0001093,Organic compounds;Organic acids and derivatives;Carboxylic acids and derivatives;Carboxylic acid derivatives
4117,Carbonyl compounds,0.9,CHEMONTID:0001831,4,CHEMONTID:0000323,CHEMONTID:0000000;CHEMONTID:0004603;CHEMONTID:0000323;CHEMONTID:0001831,Organic compounds;Organic oxygen compounds;Organooxygen compounds;Carbonyl compounds
4256,Carbonyl compounds,0.93,CHEMONTID:0001831,4,CHEMONTID:0000323,CHEMONTID:0000000;CHEMONTID:0004603;CHEMONTID:0000323;CHEMONTID:0001831,Organic compounds;Organic oxygen compounds;Organooxygen compounds;Carbonyl compounds
14571,Carbonyl compounds,0.87,CHEMONTID:0001831,4,CHEMONTID:0000323,CHEMONTID:0000000;CHEMONTID:0004603;CHEMONTID:0000323;CHEMONTID:0001831,Organic compounds;Organic oxygen compounds;Organooxygen compounds;Carbonyl compounds
1667,Carbonyl compounds,0.89,CHEMONTID:0001831,4,CHEMONTID:0000323,CHEMONTID:0000000;CHEMONTID:0004603;CHEMONTID:0000323;CHEMONTID:0001831,Organic compounds;Organic oxygen compounds;Organooxygen compounds;Carbonyl compounds
18982,Alpha amino acid amides,0.95,CHEMONTID:0002309,7,CHEMONTID:0000060,CHEMONTID:0000000;CHEMONTID:0000264;CHEMONTID:0000265;CHEMONTID:0000013;CHEMONTID:0000347;CHEMONTID:0000060;CHEMONTID:0002309,"Organic compounds;Organic acids and derivatives;Carboxylic acids and derivatives;Amino acids, peptides, and analogues;Amino acids and derivatives;Alpha amino acids and derivatives;Alpha amino acid amides"
4058,Amines,0.97,CHEMONTID:0002449,4,CHEMONTID:0000278,CHEMONTID:0000000;CHEMONTID:0004707;CHEMONTID:0000278;CHEMONTID:0002449,Organic compounds;Organic nitrogen compounds;Organonitrogen compounds;Amines
12417,Carbonyl compounds,0.94,CHEMONTID:0001831,4,CHEMONTID:0000323,CHEMONTID:0000000;CHEMONTID:0004603;CHEMONTID:0000323;CHEMONTID:0001831,Organic compounds;Organic oxygen compounds;Organooxygen compounds;Carbonyl compounds
9511,Alcohols and polyols,0.81,CHEMONTID:0000129,4,CHEMONTID:0000323,CHEMONTID:0000000;CHEMONTID:0004603;CHEMONTID:0000323;CHEMONTID:0000129,Organic compounds;Organic oxygen compounds;Organooxygen compounds;Alcohols and polyols
9384,Primary amines,0.97,CHEMONTID:0002450,5,CHEMONTID:0002449,CHEMONTID:0000000;CHEMONTID:0004707;CHEMONTID:0000278;CHEMONTID:0002449;CHEMONTID:0002450,Organic compounds;Organic nitrogen compounds;Organonitrogen compounds;Amines;Primary amines
12397,Carboxylic acid derivatives,0.84,CHEMONTID:0001093,4,CHEMONTID:0000265,CHEMONTID:0000000;CHEMONTID:0000264;CHEMONTID:0000265;CHEMONTID:0001093,Organic compounds;Organic acids and derivatives;Carboxylic acids and derivatives;Carboxylic acid derivatives
1722,Amines,0.94,CHEMONTID:0002449,4,CHEMONTID:0000278,CHEMONTID:0000000;CHEMONTID:0004707;CHEMONTID:0000278;CHEMONTID:0002449,Organic compounds;Organic nitrogen compounds;Organonitrogen compounds;Amines
12741,"Amino acids, peptides, and analogues",0.95,CHEMONTID:0000013,4,CHEMONTID:0000265,CHEMONTID:0000000;CHEMONTID:0000264;CHEMONTID:0000265;CHEMONTID:0000013,"Organic compounds;Organic acids and derivatives;Carboxylic acids and derivatives;Amino acids, peptides, and analogues"
15839,Carboxylic acid derivatives,0.97,CHEMONTID:0001093,4,CHEMONTID:0000265,CHEMONTID:0000000;CHEMONTID:0000264;CHEMONTID:0000265;CHEMONTID:0001093,Organic compounds;Organic acids and derivatives;Carboxylic acids and derivatives;Carboxylic acid derivatives
20307,Monosaccharide phosphates,1,CHEMONTID:0001541,6,CHEMONTID:0001540,CHEMONTID:0000000;CHEMONTID:0004603;CHEMONTID:0000323;CHEMONTID:0000011;CHEMONTID:0001540;CHEMONTID:0001541,Organic compounds;Organic oxygen compounds;Organooxygen compounds;Carbohydrates and carbohydrate conjugates;Monosaccharides;Monosaccharide phosphates
9659,Carbonyl compounds,0.96,CHEMONTID:0001831,4,CHEMONTID:0000323,CHEMONTID:0000000;CHEMONTID:0004603;CHEMONTID:0000323;CHEMONTID:0001831,Organic compounds;Organic oxygen compounds;Organooxygen compounds;Carbonyl compounds
20670,Monoalkylamines,0.85,CHEMONTID:0000469,6,CHEMONTID:0002450,CHEMONTID:0000000;CHEMONTID:0004707;CHEMONTID:0000278;CHEMONTID:0002449;CHEMONTID:0002450;CHEMONTID:0000469,Organic compounds;Organic nitrogen compounds;Organonitrogen compounds;Amines;Primary amines;Monoalkylamines
16928,Carbonyl compounds,0.8,CHEMONTID:0001831,4,CHEMONTID:0000323,CHEMONTID:0000000;CHEMONTID:0004603;CHEMONTID:0000323;CHEMONTID:0001831,Organic compounds;Organic oxygen compounds;Organooxygen compounds;Carbonyl compounds
591,Amines,0.98,CHEMONTID:0002449,4,CHEMONTID:0000278,CHEMONTID:0000000;CHEMONTID:0004707;CHEMONTID:0000278;CHEMONTID:0002449,Organic compounds;Organic nitrogen compounds;Organonitrogen compounds;Amines
6831,Amines,0.82,CHEMONTID:0002449,4,CHEMONTID:0000278,CHEMONTID:0000000;CHEMONTID:0004707;CHEMONTID:0000278;CHEMONTID:0002449,Organic compounds;Organic nitrogen compounds;Organonitrogen compounds;Amines
117,Carbonyl compounds,0.95,CHEMONTID:0001831,4,CHEMONTID:0000323,CHEMONTID:0000000;CHEMONTID:0004603;CHEMONTID:0000323;CHEMONTID:0001831,Organic compounds;Organic oxygen compounds;Organooxygen compounds;Carbonyl compounds
14874,Secondary alcohols,0.83,CHEMONTID:0001661,5,CHEMONTID:0000129,CHEMONTID:0000000;CHEMONTID:0004603;CHEMONTID:0000323;CHEMONTID:0000129;CHEMONTID:0001661,Organic compounds;Organic oxygen compounds;Organooxygen compounds;Alcohols and polyols;Secondary alcohols
20582,Carbonyl compounds,0.92,CHEMONTID:0001831,4,CHEMONTID:0000323,CHEMONTID:0000000;CHEMONTID:0004603;CHEMONTID:0000323;CHEMONTID:0001831,Organic compounds;Organic oxygen compounds;Organooxygen compounds;Carbonyl compounds
17805,Imidazoles,0.96,CHEMONTID:0000078,4,CHEMONTID:0000436,CHEMONTID:0000000;CHEMONTID:0000002;CHEMONTID:0000436;CHEMONTID:0000078,Organic compounds;Organoheterocyclic compounds;Azoles;Imidazoles
8708,Primary amines,0.99,CHEMONTID:0002450,5,CHEMONTID:0002449,CHEMONTID:0000000;CHEMONTID:0004707;CHEMONTID:0000278;CHEMONTID:0002449;CHEMONTID:0002450,Organic compounds;Organic nitrogen compounds;Organonitrogen compounds;Amines;Primary amines
4504,Carboxylic acid derivatives,0.89,CHEMONTID:0001093,4,CHEMONTID:0000265,CHEMONTID:0000000;CHEMONTID:0000264;CHEMONTID:0000265;CHEMONTID:0001093,Organic compounds;Organic acids and derivatives;Carboxylic acids and derivatives;Carboxylic acid derivatives
9800,6-aminopurines,1,CHEMONTID:0002987,5,CHEMONTID:0000245,CHEMONTID:0000000;CHEMONTID:0000002;CHEMONTID:0001797;CHEMONTID:0000245;CHEMONTID:0002987,Organic compounds;Organoheterocyclic compounds;Imidazopyrimidines;Purines and purine derivatives;6-aminopurines
10391,Amines,0.98,CHEMONTID:0002449,4,CHEMONTID:0000278,CHEMONTID:0000000;CHEMONTID:0004707;CHEMONTID:0000278;CHEMONTID:0002449,Organic compounds;Organic nitrogen compounds;Organonitrogen compounds;Amines
13060,Alcohols and polyols,0.81,CHEMONTID:0000129,4,CHEMONTID:0000323,CHEMONTID:0000000;CHEMONTID:0004603;CHEMONTID:0000323;CHEMONTID:0000129,Organic compounds;Organic oxygen compounds;Organooxygen compounds;Alcohols and polyols
8387,Carbonyl compounds,0.98,CHEMONTID:0001831,4,CHEMONTID:0000323,CHEMONTID:0000000;CHEMONTID:0004603;CHEMONTID:0000323;CHEMONTID:0001831,Organic compounds;Organic oxygen compounds;Organooxygen compounds;Carbonyl compounds
5370,Primary amines,1,CHEMONTID:0002450,5,CHEMONTID:0002449,CHEMONTID:0000000;CHEMONTID:0004707;CHEMONTID:0000278;CHEMONTID:0002449;CHEMONTID:0002450,Organic compounds;Organic nitrogen compounds;Organonitrogen compounds;Amines;Primary amines
13097,Tetrazoles,0.82,CHEMONTID:0000111,4,CHEMONTID:0000436,CHEMONTID:0000000;CHEMONTID:0000002;CHEMONTID:0000436;CHEMONTID:0000111,Organic compounds;Organoheterocyclic compounds;Azoles;Tetrazoles
4808,Carboxylic acid derivatives,0.97,CHEMONTID:0001093,4,CHEMONTID:0000265,CHEMONTID:0000000;CHEMONTID:0000264;CHEMONTID:0000265;CHEMONTID:0001093,Organic compounds;Organic acids and derivatives;Carboxylic acids and derivatives;Carboxylic acid derivatives
6415,Amines,0.81,CHEMONTID:0002449,4,CHEMONTID:0000278,CHEMONTID:0000000;CHEMONTID:0004707;CHEMONTID:0000278;CHEMONTID:0002449,Organic compounds;Organic nitrogen compounds;Organonitrogen compounds;Amines
18021,Dialkyl ethers,0.99,CHEMONTID:0001167,5,CHEMONTID:0000254,CHEMONTID:0000000;CHEMONTID:0004603;CHEMONTID:0000323;CHEMONTID:0000254;CHEMONTID:0001167,Organic compounds;Organic oxygen compounds;Organooxygen compounds;Ethers;Dialkyl ethers
15469,Monoalkylamines,0.99,CHEMONTID:0000469,6,CHEMONTID:0002450,CHEMONTID:0000000;CHEMONTID:0004707;CHEMONTID:0000278;CHEMONTID:0002449;CHEMONTID:0002450;CHEMONTID:0000469,Organic compounds;Organic nitrogen compounds;Organonitrogen compounds;Amines;Primary amines;Monoalkylamines
14116,Alcohols and polyols,0.9,CHEMONTID:0000129,4,CHEMONTID:0000323,CHEMONTID:0000000;CHEMONTID:0004603;CHEMONTID:0000323;CHEMONTID:0000129,Organic compounds;Organic oxygen compounds;Organooxygen compounds;Alcohols and polyols
15710,Amines,0.97,CHEMONTID:0002449,4,CHEMONTID:0000278,CHEMONTID:0000000;CHEMONTID:0004707;CHEMONTID:0000278;CHEMONTID:0002449,Organic compounds;Organic nitrogen compounds;Organonitrogen compounds;Amines
5095,Carboxylic acid derivatives,0.9,CHEMONTID:0001093,4,CHEMONTID:0000265,CHEMONTID:0000000;CHEMONTID:0000264;CHEMONTID:0000265;CHEMONTID:0001093,Organic compounds;Organic acids and derivatives;Carboxylic acids and derivatives;Carboxylic acid derivatives
15706,Amines,0.96,CHEMONTID:0002449,4,CHEMONTID:0000278,CHEMONTID:0000000;CHEMONTID:0004707;CHEMONTID:0000278;CHEMONTID:0002449,Organic compounds;Organic nitrogen compounds;Organonitrogen compounds;Amines
10327,Carboxylic acid derivatives,0.91,CHEMONTID:0001093,4,CHEMONTID:0000265,CHEMONTID:0000000;CHEMONTID:0000264;CHEMONTID:0000265;CHEMONTID:0001093,Organic compounds;Organic acids and derivatives;Carboxylic acids and derivatives;Carboxylic acid derivatives
6914,Carbonyl compounds,0.81,CHEMONTID:0001831,4,CHEMONTID:0000323,CHEMONTID:0000000;CHEMONTID:0004603;CHEMONTID:0000323;CHEMONTID:0001831,Organic compounds;Organic oxygen compounds;Organooxygen compounds;Carbonyl compounds
16115,Amines,0.97,CHEMONTID:0002449,4,CHEMONTID:0000278,CHEMONTID:0000000;CHEMONTID:0004707;CHEMONTID:0000278;CHEMONTID:0002449,Organic compounds;Organic nitrogen compounds;Organonitrogen compounds;Amines
3803,Carboxylic acid derivatives,0.97,CHEMONTID:0001093,4,CHEMONTID:0000265,CHEMONTID:0000000;CHEMONTID:0000264;CHEMONTID:0000265;CHEMONTID:0001093,Organic compounds;Organic acids and derivatives;Carboxylic acids and derivatives;Carboxylic acid derivatives
17271,Carbonyl compounds,0.85,CHEMONTID:0001831,4,CHEMONTID:0000323,CHEMONTID:0000000;CHEMONTID:0004603;CHEMONTID:0000323;CHEMONTID:0001831,Organic compounds;Organic oxygen compounds;Organooxygen compounds;Carbonyl compounds
17113,Carbonyl compounds,0.93,CHEMONTID:0001831,4,CHEMONTID:0000323,CHEMONTID:0000000;CHEMONTID:0004603;CHEMONTID:0000323;CHEMONTID:0001831,Organic compounds;Organic oxygen compounds;Organooxygen compounds;Carbonyl compounds
14752,Monocarboxylic acids and derivatives,0.96,CHEMONTID:0001137,4,CHEMONTID:0000265,CHEMONTID:0000000;CHEMONTID:0000264;CHEMONTID:0000265;CHEMONTID:0001137,Organic compounds;Organic acids and derivatives;Carboxylic acids and derivatives;Monocarboxylic acids and derivatives
6012,Carbonyl compounds,0.85,CHEMONTID:0001831,4,CHEMONTID:0000323,CHEMONTID:0000000;CHEMONTID:0004603;CHEMONTID:0000323;CHEMONTID:0001831,Organic compounds;Organic oxygen compounds;Organooxygen compounds;Carbonyl compounds
19941,Carbonyl compounds,0.94,CHEMONTID:0001831,4,CHEMONTID:0000323,CHEMONTID:0000000;CHEMONTID:0004603;CHEMONTID:0000323;CHEMONTID:0001831,Organic compounds;Organic oxygen compounds;Organooxygen compounds;Carbonyl compounds
11936,Pyrimidines and pyrimidine derivatives,0.88,CHEMONTID:0000075,4,CHEMONTID:0001346,CHEMONTID:0000000;CHEMONTID:0000002;CHEMONTID:0001346;CHEMONTID:0000075,Organic compounds;Organoheterocyclic compounds;Diazines;Pyrimidines and pyrimidine derivatives
11848,Amines,0.91,CHEMONTID:0002449,4,CHEMONTID:0000278,CHEMONTID:0000000;CHEMONTID:0004707;CHEMONTID:0000278;CHEMONTID:0002449,Organic compounds;Organic nitrogen compounds;Organonitrogen compounds;Amines
14283,Amines,0.99,CHEMONTID:0002449,4,CHEMONTID:0000278,CHEMONTID:0000000;CHEMONTID:0004707;CHEMONTID:0000278;CHEMONTID:0002449,Organic compounds;Organic nitrogen compounds;Organonitrogen compounds;Amines
20042,N-acyl amines,0.98,CHEMONTID:0001096,5,CHEMONTID:0000331,CHEMONTID:0000000;CHEMONTID:0000012;CHEMONTID:0003909;CHEMONTID:0000331;CHEMONTID:0001096,Organic compounds;Lipids and lipid-like molecules;Fatty Acyls;Fatty amides;N-acyl amines
15412,Carboxylic acid derivatives,0.88,CHEMONTID:0001093,4,CHEMONTID:0000265,CHEMONTID:0000000;CHEMONTID:0000264;CHEMONTID:0000265;CHEMONTID:0001093,Organic compounds;Organic acids and derivatives;Carboxylic acids and derivatives;Carboxylic acid derivatives
15271,Monoalkylamines,1,CHEMONTID:0000469,6,CHEMONTID:0002450,CHEMONTID:0000000;CHEMONTID:0004707;CHEMONTID:0000278;CHEMONTID:0002449;CHEMONTID:0002450;CHEMONTID:0000469,Organic compounds;Organic nitrogen compounds;Organonitrogen compounds;Amines;Primary amines;Monoalkylamines
19759,Carbonyl compounds,0.92,CHEMONTID:0001831,4,CHEMONTID:0000323,CHEMONTID:0000000;CHEMONTID:0004603;CHEMONTID:0000323;CHEMONTID:0001831,Organic compounds;Organic oxygen compounds;Organooxygen compounds;Carbonyl compounds
4840,Alcohols and polyols,0.89,CHEMONTID:0000129,4,CHEMONTID:0000323,CHEMONTID:0000000;CHEMONTID:0004603;CHEMONTID:0000323;CHEMONTID:0000129,Organic compounds;Organic oxygen compounds;Organooxygen compounds;Alcohols and polyols
15587,Carbonyl compounds,0.93,CHEMONTID:0001831,4,CHEMONTID:0000323,CHEMONTID:0000000;CHEMONTID:0004603;CHEMONTID:0000323;CHEMONTID:0001831,Organic compounds;Organic oxygen compounds;Organooxygen compounds;Carbonyl compounds
10306,Amines,0.97,CHEMONTID:0002449,4,CHEMONTID:0000278,CHEMONTID:0000000;CHEMONTID:0004707;CHEMONTID:0000278;CHEMONTID:0002449,Organic compounds;Organic nitrogen compounds;Organonitrogen compounds;Amines
9157,Carboximidamides,0.85,CHEMONTID:0003152,4,CHEMONTID:0000278,CHEMONTID:0000000;CHEMONTID:0004707;CHEMONTID:0000278;CHEMONTID:0003152,Organic compounds;Organic nitrogen compounds;Organonitrogen compounds;Carboximidamides
9579,Amines,0.81,CHEMONTID:0002449,4,CHEMONTID:0000278,CHEMONTID:0000000;CHEMONTID:0004707;CHEMONTID:0000278;CHEMONTID:0002449,Organic compounds;Organic nitrogen compounds;Organonitrogen compounds;Amines
6894,Amines,0.96,CHEMONTID:0002449,4,CHEMONTID:0000278,CHEMONTID:0000000;CHEMONTID:0004707;CHEMONTID:0000278;CHEMONTID:0002449,Organic compounds;Organic nitrogen compounds;Organonitrogen compounds;Amines
10526,Carboxylic acid derivatives,0.98,CHEMONTID:0001093,4,CHEMONTID:0000265,CHEMONTID:0000000;CHEMONTID:0000264;CHEMONTID:0000265;CHEMONTID:0001093,Organic compounds;Organic acids and derivatives;Carboxylic acids and derivatives;Carboxylic acid derivatives
8595,Monoalkylamines,1,CHEMONTID:0000469,6,CHEMONTID:0002450,CHEMONTID:0000000;CHEMONTID:0004707;CHEMONTID:0000278;CHEMONTID:0002449;CHEMONTID:0002450;CHEMONTID:0000469,Organic compounds;Organic nitrogen compounds;Organonitrogen compounds;Amines;Primary amines;Monoalkylamines
17204,Alcohols and polyols,0.9,CHEMONTID:0000129,4,CHEMONTID:0000323,CHEMONTID:0000000;CHEMONTID:0004603;CHEMONTID:0000323;CHEMONTID:0000129,Organic compounds;Organic oxygen compounds;Organooxygen compounds;Alcohols and polyols
14087,Carboxylic acid derivatives,0.89,CHEMONTID:0001093,4,CHEMONTID:0000265,CHEMONTID:0000000;CHEMONTID:0000264;CHEMONTID:0000265;CHEMONTID:0001093,Organic compounds;Organic acids and derivatives;Carboxylic acids and derivatives;Carboxylic acid derivatives
3555,Monoalkylamines,0.98,CHEMONTID:0000469,6,CHEMONTID:0002450,CHEMONTID:0000000;CHEMONTID:0004707;CHEMONTID:0000278;CHEMONTID:0002449;CHEMONTID:0002450;CHEMONTID:0000469,Organic compounds;Organic nitrogen compounds;Organonitrogen compounds;Amines;Primary amines;Monoalkylamines
9442,Carbonyl compounds,0.82,CHEMONTID:0001831,4,CHEMONTID:0000323,CHEMONTID:0000000;CHEMONTID:0004603;CHEMONTID:0000323;CHEMONTID:0001831,Organic compounds;Organic oxygen compounds;Organooxygen compounds;Carbonyl compounds
19661,Ethers,0.94,CHEMONTID:0000254,4,CHEMONTID:0000323,CHEMONTID:0000000;CHEMONTID:0004603;CHEMONTID:0000323;CHEMONTID:0000254,Organic compounds;Organic oxygen compounds;Organooxygen compounds;Ethers
11370,Carbonyl compounds,0.88,CHEMONTID:0001831,4,CHEMONTID:0000323,CHEMONTID:0000000;CHEMONTID:0004603;CHEMONTID:0000323;CHEMONTID:0001831,Organic compounds;Organic oxygen compounds;Organooxygen compounds;Carbonyl compounds
20228,Carbonyl compounds,0.83,CHEMONTID:0001831,4,CHEMONTID:0000323,CHEMONTID:0000000;CHEMONTID:0004603;CHEMONTID:0000323;CHEMONTID:0001831,Organic compounds;Organic oxygen compounds;Organooxygen compounds;Carbonyl compounds
19702,Carbonyl compounds,0.94,CHEMONTID:0001831,4,CHEMONTID:0000323,CHEMONTID:0000000;CHEMONTID:0004603;CHEMONTID:0000323;CHEMONTID:0001831,Organic compounds;Organic oxygen compounds;Organooxygen compounds;Carbonyl compounds
3698,Carbohydrates and carbohydrate conjugates,1,CHEMONTID:0000011,4,CHEMONTID:0000323,CHEMONTID:0000000;CHEMONTID:0004603;CHEMONTID:0000323;CHEMONTID:0000011,Organic compounds;Organic oxygen compounds;Organooxygen compounds;Carbohydrates and carbohydrate conjugates
15448,Imidazoles,0.96,CHEMONTID:0000078,4,CHEMONTID:0000436,CHEMONTID:0000000;CHEMONTID:0000002;CHEMONTID:0000436;CHEMONTID:0000078,Organic compounds;Organoheterocyclic compounds;Azoles;Imidazoles
3756,Phosphate esters,0.98,CHEMONTID:0000408,4,CHEMONTID:0000402,CHEMONTID:0000000;CHEMONTID:0000264;CHEMONTID:0000402;CHEMONTID:0000408,Organic compounds;Organic acids and derivatives;Organic phosphoric acids and derivatives;Phosphate esters
12125,Alcohols and polyols,1,CHEMONTID:0000129,4,CHEMONTID:0000323,CHEMONTID:0000000;CHEMONTID:0004603;CHEMONTID:0000323;CHEMONTID:0000129,Organic compounds;Organic oxygen compounds;Organooxygen compounds;Alcohols and polyols
9952,Carbonyl compounds,0.98,CHEMONTID:0001831,4,CHEMONTID:0000323,CHEMONTID:0000000;CHEMONTID:0004603;CHEMONTID:0000323;CHEMONTID:0001831,Organic compounds;Organic oxygen compounds;Organooxygen compounds;Carbonyl compounds
10198,Methyl esters,0.96,CHEMONTID:0003416,6,CHEMONTID:0001238,CHEMONTID:0000000;CHEMONTID:0000264;CHEMONTID:0000265;CHEMONTID:0001093;CHEMONTID:0001238;CHEMONTID:0003416,Organic compounds;Organic acids and derivatives;Carboxylic acids and derivatives;Carboxylic acid derivatives;Carboxylic acid esters;Methyl esters
10041,Carbonyl compounds,0.99,CHEMONTID:0001831,4,CHEMONTID:0000323,CHEMONTID:0000000;CHEMONTID:0004603;CHEMONTID:0000323;CHEMONTID:0001831,Organic compounds;Organic oxygen compounds;Organooxygen compounds;Carbonyl compounds
12856,Carbonyl compounds,0.94,CHEMONTID:0001831,4,CHEMONTID:0000323,CHEMONTID:0000000;CHEMONTID:0004603;CHEMONTID:0000323;CHEMONTID:0001831,Organic compounds;Organic oxygen compounds;Organooxygen compounds;Carbonyl compounds
19778,Amines,0.99,CHEMONTID:0002449,4,CHEMONTID:0000278,CHEMONTID:0000000;CHEMONTID:0004707;CHEMONTID:0000278;CHEMONTID:0002449,Organic compounds;Organic nitrogen compounds;Organonitrogen compounds;Amines
15250,Carbonyl compounds,0.96,CHEMONTID:0001831,4,CHEMONTID:0000323,CHEMONTID:0000000;CHEMONTID:0004603;CHEMONTID:0000323;CHEMONTID:0001831,Organic compounds;Organic oxygen compounds;Organooxygen compounds;Carbonyl compounds
745,Monoalkylamines,0.87,CHEMONTID:0000469,6,CHEMONTID:0002450,CHEMONTID:0000000;CHEMONTID:0004707;CHEMONTID:0000278;CHEMONTID:0002449;CHEMONTID:0002450;CHEMONTID:0000469,Organic compounds;Organic nitrogen compounds;Organonitrogen compounds;Amines;Primary amines;Monoalkylamines
3323,Pentoses,0.98,CHEMONTID:0001497,6,CHEMONTID:0001540,CHEMONTID:0000000;CHEMONTID:0004603;CHEMONTID:0000323;CHEMONTID:0000011;CHEMONTID:0001540;CHEMONTID:0001497,Organic compounds;Organic oxygen compounds;Organooxygen compounds;Carbohydrates and carbohydrate conjugates;Monosaccharides;Pentoses
11729,Amines,0.89,CHEMONTID:0002449,4,CHEMONTID:0000278,CHEMONTID:0000000;CHEMONTID:0004707;CHEMONTID:0000278;CHEMONTID:0002449,Organic compounds;Organic nitrogen compounds;Organonitrogen compounds;Amines
15655,Secondary alcohols,0.83,CHEMONTID:0001661,5,CHEMONTID:0000129,CHEMONTID:0000000;CHEMONTID:0004603;CHEMONTID:0000323;CHEMONTID:0000129;CHEMONTID:0001661,Organic compounds;Organic oxygen compounds;Organooxygen compounds;Alcohols and polyols;Secondary alcohols
12363,Carbonyl compounds,0.94,CHEMONTID:0001831,4,CHEMONTID:0000323,CHEMONTID:0000000;CHEMONTID:0004603;CHEMONTID:0000323;CHEMONTID:0001831,Organic compounds;Organic oxygen compounds;Organooxygen compounds;Carbonyl compounds
7573,Secondary alcohols,0.86,CHEMONTID:0001661,5,CHEMONTID:0000129,CHEMONTID:0000000;CHEMONTID:0004603;CHEMONTID:0000323;CHEMONTID:0000129;CHEMONTID:0001661,Organic compounds;Organic oxygen compounds;Organooxygen compounds;Alcohols and polyols;Secondary alcohols
18791,Carbonyl compounds,0.95,CHEMONTID:0001831,4,CHEMONTID:0000323,CHEMONTID:0000000;CHEMONTID:0004603;CHEMONTID:0000323;CHEMONTID:0001831,Organic compounds;Organic oxygen compounds;Organooxygen compounds;Carbonyl compounds
3787,Carbonyl compounds,0.87,CHEMONTID:0001831,4,CHEMONTID:0000323,CHEMONTID:0000000;CHEMONTID:0004603;CHEMONTID:0000323;CHEMONTID:0001831,Organic compounds;Organic oxygen compounds;Organooxygen compounds;Carbonyl compounds
1464,"1,3,5-triazines",0.98,CHEMONTID:0004105,4,CHEMONTID:0000098,CHEMONTID:0000000;CHEMONTID:0000002;CHEMONTID:0000098;CHEMONTID:0004105,"Organic compounds;Organoheterocyclic compounds;Triazines;1,3,5-triazines"
10260,Carbonyl compounds,0.9,CHEMONTID:0001831,4,CHEMONTID:0000323,CHEMONTID:0000000;CHEMONTID:0004603;CHEMONTID:0000323;CHEMONTID:0001831,Organic compounds;Organic oxygen compounds;Organooxygen compounds;Carbonyl compounds
11254,Amines,0.98,CHEMONTID:0002449,4,CHEMONTID:0000278,CHEMONTID:0000000;CHEMONTID:0004707;CHEMONTID:0000278;CHEMONTID:0002449,Organic compounds;Organic nitrogen compounds;Organonitrogen compounds;Amines
15585,Carboxylic acid derivatives,0.98,CHEMONTID:0001093,4,CHEMONTID:0000265,CHEMONTID:0000000;CHEMONTID:0000264;CHEMONTID:0000265;CHEMONTID:0001093,Organic compounds;Organic acids and derivatives;Carboxylic acids and derivatives;Carboxylic acid derivatives
6854,Amines,0.88,CHEMONTID:0002449,4,CHEMONTID:0000278,CHEMONTID:0000000;CHEMONTID:0004707;CHEMONTID:0000278;CHEMONTID:0002449,Organic compounds;Organic nitrogen compounds;Organonitrogen compounds;Amines
14281,Carbonyl compounds,0.87,CHEMONTID:0001831,4,CHEMONTID:0000323,CHEMONTID:0000000;CHEMONTID:0004603;CHEMONTID:0000323;CHEMONTID:0001831,Organic compounds;Organic oxygen compounds;Organooxygen compounds;Carbonyl compounds
11483,Carbonyl compounds,0.98,CHEMONTID:0001831,4,CHEMONTID:0000323,CHEMONTID:0000000;CHEMONTID:0004603;CHEMONTID:0000323;CHEMONTID:0001831,Organic compounds;Organic oxygen compounds;Organooxygen compounds;Carbonyl compounds
7041,Carbonyl compounds,0.91,CHEMONTID:0001831,4,CHEMONTID:0000323,CHEMONTID:0000000;CHEMONTID:0004603;CHEMONTID:0000323;CHEMONTID:0001831,Organic compounds;Organic oxygen compounds;Organooxygen compounds;Carbonyl compounds
9708,Amines,0.99,CHEMONTID:0002449,4,CHEMONTID:0000278,CHEMONTID:0000000;CHEMONTID:0004707;CHEMONTID:0000278;CHEMONTID:0002449,Organic compounds;Organic nitrogen compounds;Organonitrogen compounds;Amines
12133,Carbonyl compounds,0.92,CHEMONTID:0001831,4,CHEMONTID:0000323,CHEMONTID:0000000;CHEMONTID:0004603;CHEMONTID:0000323;CHEMONTID:0001831,Organic compounds;Organic oxygen compounds;Organooxygen compounds;Carbonyl compounds
243,Monocarboxylic acids and derivatives,0.85,CHEMONTID:0001137,4,CHEMONTID:0000265,CHEMONTID:0000000;CHEMONTID:0000264;CHEMONTID:0000265;CHEMONTID:0001137,Organic compounds;Organic acids and derivatives;Carboxylic acids and derivatives;Monocarboxylic acids and derivatives
19083,Amines,0.95,CHEMONTID:0002449,4,CHEMONTID:0000278,CHEMONTID:0000000;CHEMONTID:0004707;CHEMONTID:0000278;CHEMONTID:0002449,Organic compounds;Organic nitrogen compounds;Organonitrogen compounds;Amines
8321,Carbonyl compounds,0.92,CHEMONTID:0001831,4,CHEMONTID:0000323,CHEMONTID:0000000;CHEMONTID:0004603;CHEMONTID:0000323;CHEMONTID:0001831,Organic compounds;Organic oxygen compounds;Organooxygen compounds;Carbonyl compounds
10988,Carbonyl compounds,1,CHEMONTID:0001831,4,CHEMONTID:0000323,CHEMONTID:0000000;CHEMONTID:0004603;CHEMONTID:0000323;CHEMONTID:0001831,Organic compounds;Organic oxygen compounds;Organooxygen compounds;Carbonyl compounds
2960,Monocarboxylic acids and derivatives,0.81,CHEMONTID:0001137,4,CHEMONTID:0000265,CHEMONTID:0000000;CHEMONTID:0000264;CHEMONTID:0000265;CHEMONTID:0001137,Organic compounds;Organic acids and derivatives;Carboxylic acids and derivatives;Monocarboxylic acids and derivatives
5759,Methyl esters,0.98,CHEMONTID:0003416,6,CHEMONTID:0001238,CHEMONTID:0000000;CHEMONTID:0000264;CHEMONTID:0000265;CHEMONTID:0001093;CHEMONTID:0001238;CHEMONTID:0003416,Organic compounds;Organic acids and derivatives;Carboxylic acids and derivatives;Carboxylic acid derivatives;Carboxylic acid esters;Methyl esters
2309,Pyrimidines and pyrimidine derivatives,0.99,CHEMONTID:0000075,4,CHEMONTID:0001346,CHEMONTID:0000000;CHEMONTID:0000002;CHEMONTID:0001346;CHEMONTID:0000075,Organic compounds;Organoheterocyclic compounds;Diazines;Pyrimidines and pyrimidine derivatives
13124,Carbonyl compounds,0.96,CHEMONTID:0001831,4,CHEMONTID:0000323,CHEMONTID:0000000;CHEMONTID:0004603;CHEMONTID:0000323;CHEMONTID:0001831,Organic compounds;Organic oxygen compounds;Organooxygen compounds;Carbonyl compounds
5174,Alcohols and polyols,0.98,CHEMONTID:0000129,4,CHEMONTID:0000323,CHEMONTID:0000000;CHEMONTID:0004603;CHEMONTID:0000323;CHEMONTID:0000129,Organic compounds;Organic oxygen compounds;Organooxygen compounds;Alcohols and polyols
1326,Amines,0.87,CHEMONTID:0002449,4,CHEMONTID:0000278,CHEMONTID:0000000;CHEMONTID:0004707;CHEMONTID:0000278;CHEMONTID:0002449,Organic compounds;Organic nitrogen compounds;Organonitrogen compounds;Amines
8345,Carboxylic acid derivatives,0.99,CHEMONTID:0001093,4,CHEMONTID:0000265,CHEMONTID:0000000;CHEMONTID:0000264;CHEMONTID:0000265;CHEMONTID:0001093,Organic compounds;Organic acids and derivatives;Carboxylic acids and derivatives;Carboxylic acid derivatives
1904,Carbonyl compounds,0.95,CHEMONTID:0001831,4,CHEMONTID:0000323,CHEMONTID:0000000;CHEMONTID:0004603;CHEMONTID:0000323;CHEMONTID:0001831,Organic compounds;Organic oxygen compounds;Organooxygen compounds;Carbonyl compounds
6640,Carbonyl compounds,0.99,CHEMONTID:0001831,4,CHEMONTID:0000323,CHEMONTID:0000000;CHEMONTID:0004603;CHEMONTID:0000323;CHEMONTID:0001831,Organic compounds;Organic oxygen compounds;Organooxygen compounds;Carbonyl compounds
5102,Carbonyl compounds,0.97,CHEMONTID:0001831,4,CHEMONTID:0000323,CHEMONTID:0000000;CHEMONTID:0004603;CHEMONTID:0000323;CHEMONTID:0001831,Organic compounds;Organic oxygen compounds;Organooxygen compounds;Carbonyl compounds
2203,Amines,0.8,CHEMONTID:0002449,4,CHEMONTID:0000278,CHEMONTID:0000000;CHEMONTID:0004707;CHEMONTID:0000278;CHEMONTID:0002449,Organic compounds;Organic nitrogen compounds;Organonitrogen compounds;Amines
6158,Carbonyl compounds,0.96,CHEMONTID:0001831,4,CHEMONTID:0000323,CHEMONTID:0000000;CHEMONTID:0004603;CHEMONTID:0000323;CHEMONTID:0001831,Organic compounds;Organic oxygen compounds;Organooxygen compounds;Carbonyl compounds
20580,Amino acids and derivatives,1,CHEMONTID:0000347,5,CHEMONTID:0000013,CHEMONTID:0000000;CHEMONTID:0000264;CHEMONTID:0000265;CHEMONTID:0000013;CHEMONTID:0000347,"Organic compounds;Organic acids and derivatives;Carboxylic acids and derivatives;Amino acids, peptides, and analogues;Amino acids and derivatives"
12799,Amines,0.98,CHEMONTID:0002449,4,CHEMONTID:0000278,CHEMONTID:0000000;CHEMONTID:0004707;CHEMONTID:0000278;CHEMONTID:0002449,Organic compounds;Organic nitrogen compounds;Organonitrogen compounds;Amines
2040,Monoalkylamines,0.98,CHEMONTID:0000469,6,CHEMONTID:0002450,CHEMONTID:0000000;CHEMONTID:0004707;CHEMONTID:0000278;CHEMONTID:0002449;CHEMONTID:0002450;CHEMONTID:0000469,Organic compounds;Organic nitrogen compounds;Organonitrogen compounds;Amines;Primary amines;Monoalkylamines
3436,Carbonyl compounds,0.97,CHEMONTID:0001831,4,CHEMONTID:0000323,CHEMONTID:0000000;CHEMONTID:0004603;CHEMONTID:0000323;CHEMONTID:0001831,Organic compounds;Organic oxygen compounds;Organooxygen compounds;Carbonyl compounds
11603,Carbonyl compounds,0.86,CHEMONTID:0001831,4,CHEMONTID:0000323,CHEMONTID:0000000;CHEMONTID:0004603;CHEMONTID:0000323;CHEMONTID:0001831,Organic compounds;Organic oxygen compounds;Organooxygen compounds;Carbonyl compounds
14943,Monoalkylamines,0.92,CHEMONTID:0000469,6,CHEMONTID:0002450,CHEMONTID:0000000;CHEMONTID:0004707;CHEMONTID:0000278;CHEMONTID:0002449;CHEMONTID:0002450;CHEMONTID:0000469,Organic compounds;Organic nitrogen compounds;Organonitrogen compounds;Amines;Primary amines;Monoalkylamines
8899,Carbonyl compounds,0.97,CHEMONTID:0001831,4,CHEMONTID:0000323,CHEMONTID:0000000;CHEMONTID:0004603;CHEMONTID:0000323;CHEMONTID:0001831,Organic compounds;Organic oxygen compounds;Organooxygen compounds;Carbonyl compounds
11068,Dialkyl ethers,0.99,CHEMONTID:0001167,5,CHEMONTID:0000254,CHEMONTID:0000000;CHEMONTID:0004603;CHEMONTID:0000323;CHEMONTID:0000254;CHEMONTID:0001167,Organic compounds;Organic oxygen compounds;Organooxygen compounds;Ethers;Dialkyl ethers
10513,Carbonyl compounds,0.94,CHEMONTID:0001831,4,CHEMONTID:0000323,CHEMONTID:0000000;CHEMONTID:0004603;CHEMONTID:0000323;CHEMONTID:0001831,Organic compounds;Organic oxygen compounds;Organooxygen compounds;Carbonyl compounds
10064,Primary amines,0.9,CHEMONTID:0002450,5,CHEMONTID:0002449,CHEMONTID:0000000;CHEMONTID:0004707;CHEMONTID:0000278;CHEMONTID:0002449;CHEMONTID:0002450,Organic compounds;Organic nitrogen compounds;Organonitrogen compounds;Amines;Primary amines
15817,Amines,0.81,CHEMONTID:0002449,4,CHEMONTID:0000278,CHEMONTID:0000000;CHEMONTID:0004707;CHEMONTID:0000278;CHEMONTID:0002449,Organic compounds;Organic nitrogen compounds;Organonitrogen compounds;Amines
7979,Monocarboxylic acids and derivatives,0.93,CHEMONTID:0001137,4,CHEMONTID:0000265,CHEMONTID:0000000;CHEMONTID:0000264;CHEMONTID:0000265;CHEMONTID:0001137,Organic compounds;Organic acids and derivatives;Carboxylic acids and derivatives;Monocarboxylic acids and derivatives
6625,Alcohols and polyols,1,CHEMONTID:0000129,4,CHEMONTID:0000323,CHEMONTID:0000000;CHEMONTID:0004603;CHEMONTID:0000323;CHEMONTID:0000129,Organic compounds;Organic oxygen compounds;Organooxygen compounds;Alcohols and polyols
6822,Monocarboxylic acids and derivatives,0.8,CHEMONTID:0001137,4,CHEMONTID:0000265,CHEMONTID:0000000;CHEMONTID:0000264;CHEMONTID:0000265;CHEMONTID:0001137,Organic compounds;Organic acids and derivatives;Carboxylic acids and derivatives;Monocarboxylic acids and derivatives
13898,Alcohols and polyols,0.89,CHEMONTID:0000129,4,CHEMONTID:0000323,CHEMONTID:0000000;CHEMONTID:0004603;CHEMONTID:0000323;CHEMONTID:0000129,Organic compounds;Organic oxygen compounds;Organooxygen compounds;Alcohols and polyols
3537,Carboxylic acid derivatives,0.96,CHEMONTID:0001093,4,CHEMONTID:0000265,CHEMONTID:0000000;CHEMONTID:0000264;CHEMONTID:0000265;CHEMONTID:0001093,Organic compounds;Organic acids and derivatives;Carboxylic acids and derivatives;Carboxylic acid derivatives
9205,Carbonyl compounds,0.88,CHEMONTID:0001831,4,CHEMONTID:0000323,CHEMONTID:0000000;CHEMONTID:0004603;CHEMONTID:0000323;CHEMONTID:0001831,Organic compounds;Organic oxygen compounds;Organooxygen compounds;Carbonyl compounds
7907,Alcohols and polyols,0.88,CHEMONTID:0000129,4,CHEMONTID:0000323,CHEMONTID:0000000;CHEMONTID:0004603;CHEMONTID:0000323;CHEMONTID:0000129,Organic compounds;Organic oxygen compounds;Organooxygen compounds;Alcohols and polyols
12603,Carboxylic acid derivatives,0.8,CHEMONTID:0001093,4,CHEMONTID:0000265,CHEMONTID:0000000;CHEMONTID:0000264;CHEMONTID:0000265;CHEMONTID:0001093,Organic compounds;Organic acids and derivatives;Carboxylic acids and derivatives;Carboxylic acid derivatives
8604,Pyrimidines and pyrimidine derivatives,0.8,CHEMONTID:0000075,4,CHEMONTID:0001346,CHEMONTID:0000000;CHEMONTID:0000002;CHEMONTID:0001346;CHEMONTID:0000075,Organic compounds;Organoheterocyclic compounds;Diazines;Pyrimidines and pyrimidine derivatives
2675,Carbonyl compounds,0.94,CHEMONTID:0001831,4,CHEMONTID:0000323,CHEMONTID:0000000;CHEMONTID:0004603;CHEMONTID:0000323;CHEMONTID:0001831,Organic compounds;Organic oxygen compounds;Organooxygen compounds;Carbonyl compounds
5819,Glycosyl compounds,1,CHEMONTID:0002105,5,CHEMONTID:0000011,CHEMONTID:0000000;CHEMONTID:0004603;CHEMONTID:0000323;CHEMONTID:0000011;CHEMONTID:0002105,Organic compounds;Organic oxygen compounds;Organooxygen compounds;Carbohydrates and carbohydrate conjugates;Glycosyl compounds
7359,Amines,0.88,CHEMONTID:0002449,4,CHEMONTID:0000278,CHEMONTID:0000000;CHEMONTID:0004707;CHEMONTID:0000278;CHEMONTID:0002449,Organic compounds;Organic nitrogen compounds;Organonitrogen compounds;Amines
5930,Primary amines,0.99,CHEMONTID:0002450,5,CHEMONTID:0002449,CHEMONTID:0000000;CHEMONTID:0004707;CHEMONTID:0000278;CHEMONTID:0002449;CHEMONTID:0002450,Organic compounds;Organic nitrogen compounds;Organonitrogen compounds;Amines;Primary amines
4219,Monoalkylamines,0.98,CHEMONTID:0000469,6,CHEMONTID:0002450,CHEMONTID:0000000;CHEMONTID:0004707;CHEMONTID:0000278;CHEMONTID:0002449;CHEMONTID:0002450;CHEMONTID:0000469,Organic compounds;Organic nitrogen compounds;Organonitrogen compounds;Amines;Primary amines;Monoalkylamines
20689,Monoalkylamines,0.86,CHEMONTID:0000469,6,CHEMONTID:0002450,CHEMONTID:0000000;CHEMONTID:0004707;CHEMONTID:0000278;CHEMONTID:0002449;CHEMONTID:0002450;CHEMONTID:0000469,Organic compounds;Organic nitrogen compounds;Organonitrogen compounds;Amines;Primary amines;Monoalkylamines
16033,Carbonyl compounds,0.88,CHEMONTID:0001831,4,CHEMONTID:0000323,CHEMONTID:0000000;CHEMONTID:0004603;CHEMONTID:0000323;CHEMONTID:0001831,Organic compounds;Organic oxygen compounds;Organooxygen compounds;Carbonyl compounds
14683,Carbonyl compounds,0.94,CHEMONTID:0001831,4,CHEMONTID:0000323,CHEMONTID:0000000;CHEMONTID:0004603;CHEMONTID:0000323;CHEMONTID:0001831,Organic compounds;Organic oxygen compounds;Organooxygen compounds;Carbonyl compounds
20264,Carbonyl compounds,0.95,CHEMONTID:0001831,4,CHEMONTID:0000323,CHEMONTID:0000000;CHEMONTID:0004603;CHEMONTID:0000323;CHEMONTID:0001831,Organic compounds;Organic oxygen compounds;Organooxygen compounds;Carbonyl compounds
18707,Ketones,1,CHEMONTID:0000118,5,CHEMONTID:0001831,CHEMONTID:0000000;CHEMONTID:0004603;CHEMONTID:0000323;CHEMONTID:0001831;CHEMONTID:0000118,Organic compounds;Organic oxygen compounds;Organooxygen compounds;Carbonyl compounds;Ketones
14532,Amines,0.91,CHEMONTID:0002449,4,CHEMONTID:0000278,CHEMONTID:0000000;CHEMONTID:0004707;CHEMONTID:0000278;CHEMONTID:0002449,Organic compounds;Organic nitrogen compounds;Organonitrogen compounds;Amines
6836,Amines,0.97,CHEMONTID:0002449,4,CHEMONTID:0000278,CHEMONTID:0000000;CHEMONTID:0004707;CHEMONTID:0000278;CHEMONTID:0002449,Organic compounds;Organic nitrogen compounds;Organonitrogen compounds;Amines
4224,Carbonyl compounds,0.85,CHEMONTID:0001831,4,CHEMONTID:0000323,CHEMONTID:0000000;CHEMONTID:0004603;CHEMONTID:0000323;CHEMONTID:0001831,Organic compounds;Organic oxygen compounds;Organooxygen compounds;Carbonyl compounds
19251,Carbonyl compounds,1,CHEMONTID:0001831,4,CHEMONTID:0000323,CHEMONTID:0000000;CHEMONTID:0004603;CHEMONTID:0000323;CHEMONTID:0001831,Organic compounds;Organic oxygen compounds;Organooxygen compounds;Carbonyl compounds
18886,Carboxylic acid derivatives,0.81,CHEMONTID:0001093,4,CHEMONTID:0000265,CHEMONTID:0000000;CHEMONTID:0000264;CHEMONTID:0000265;CHEMONTID:0001093,Organic compounds;Organic acids and derivatives;Carboxylic acids and derivatives;Carboxylic acid derivatives
14249,Amines,0.93,CHEMONTID:0002449,4,CHEMONTID:0000278,CHEMONTID:0000000;CHEMONTID:0004707;CHEMONTID:0000278;CHEMONTID:0002449,Organic compounds;Organic nitrogen compounds;Organonitrogen compounds;Amines
15939,Carboxylic acid derivatives,0.92,CHEMONTID:0001093,4,CHEMONTID:0000265,CHEMONTID:0000000;CHEMONTID:0000264;CHEMONTID:0000265;CHEMONTID:0001093,Organic compounds;Organic acids and derivatives;Carboxylic acids and derivatives;Carboxylic acid derivatives
14657,Monoalkylamines,0.89,CHEMONTID:0000469,6,CHEMONTID:0002450,CHEMONTID:0000000;CHEMONTID:0004707;CHEMONTID:0000278;CHEMONTID:0002449;CHEMONTID:0002450;CHEMONTID:0000469,Organic compounds;Organic nitrogen compounds;Organonitrogen compounds;Amines;Primary amines;Monoalkylamines
9943,Olefins,0.99,CHEMONTID:0002838,4,CHEMONTID:0004475,CHEMONTID:0000000;CHEMONTID:0002837;CHEMONTID:0004475;CHEMONTID:0002838,Organic compounds;Hydrocarbons;Unsaturated hydrocarbons;Olefins
3816,Primary amines,1,CHEMONTID:0002450,5,CHEMONTID:0002449,CHEMONTID:0000000;CHEMONTID:0004707;CHEMONTID:0000278;CHEMONTID:0002449;CHEMONTID:0002450,Organic compounds;Organic nitrogen compounds;Organonitrogen compounds;Amines;Primary amines
8736,Carbonyl compounds,0.94,CHEMONTID:0001831,4,CHEMONTID:0000323,CHEMONTID:0000000;CHEMONTID:0004603;CHEMONTID:0000323;CHEMONTID:0001831,Organic compounds;Organic oxygen compounds;Organooxygen compounds;Carbonyl compounds
14958,6-aminopurines,0.9,CHEMONTID:0002987,5,CHEMONTID:0000245,CHEMONTID:0000000;CHEMONTID:0000002;CHEMONTID:0001797;CHEMONTID:0000245;CHEMONTID:0002987,Organic compounds;Organoheterocyclic compounds;Imidazopyrimidines;Purines and purine derivatives;6-aminopurines
18693,N-acyl amines,0.97,CHEMONTID:0001096,5,CHEMONTID:0000331,CHEMONTID:0000000;CHEMONTID:0000012;CHEMONTID:0003909;CHEMONTID:0000331;CHEMONTID:0001096,Organic compounds;Lipids and lipid-like molecules;Fatty Acyls;Fatty amides;N-acyl amines
18568,Monoalkylamines,0.93,CHEMONTID:0000469,6,CHEMONTID:0002450,CHEMONTID:0000000;CHEMONTID:0004707;CHEMONTID:0000278;CHEMONTID:0002449;CHEMONTID:0002450;CHEMONTID:0000469,Organic compounds;Organic nitrogen compounds;Organonitrogen compounds;Amines;Primary amines;Monoalkylamines
10000,Alcohols and polyols,0.99,CHEMONTID:0000129,4,CHEMONTID:0000323,CHEMONTID:0000000;CHEMONTID:0004603;CHEMONTID:0000323;CHEMONTID:0000129,Organic compounds;Organic oxygen compounds;Organooxygen compounds;Alcohols and polyols
2614,Alkyl phosphates,0.99,CHEMONTID:0003457,5,CHEMONTID:0000408,CHEMONTID:0000000;CHEMONTID:0000264;CHEMONTID:0000402;CHEMONTID:0000408;CHEMONTID:0003457,Organic compounds;Organic acids and derivatives;Organic phosphoric acids and derivatives;Phosphate esters;Alkyl phosphates
9719,Carboxylic acid derivatives,0.99,CHEMONTID:0001093,4,CHEMONTID:0000265,CHEMONTID:0000000;CHEMONTID:0000264;CHEMONTID:0000265;CHEMONTID:0001093,Organic compounds;Organic acids and derivatives;Carboxylic acids and derivatives;Carboxylic acid derivatives
4361,Alkyl phosphates,1,CHEMONTID:0003457,5,CHEMONTID:0000408,CHEMONTID:0000000;CHEMONTID:0000264;CHEMONTID:0000402;CHEMONTID:0000408;CHEMONTID:0003457,Organic compounds;Organic acids and derivatives;Organic phosphoric acids and derivatives;Phosphate esters;Alkyl phosphates
17505,Amines,0.92,CHEMONTID:0002449,4,CHEMONTID:0000278,CHEMONTID:0000000;CHEMONTID:0004707;CHEMONTID:0000278;CHEMONTID:0002449,Organic compounds;Organic nitrogen compounds;Organonitrogen compounds;Amines
5684,Secondary alcohols,1,CHEMONTID:0001661,5,CHEMONTID:0000129,CHEMONTID:0000000;CHEMONTID:0004603;CHEMONTID:0000323;CHEMONTID:0000129;CHEMONTID:0001661,Organic compounds;Organic oxygen compounds;Organooxygen compounds;Alcohols and polyols;Secondary alcohols
5400,Primary amines,0.89,CHEMONTID:0002450,5,CHEMONTID:0002449,CHEMONTID:0000000;CHEMONTID:0004707;CHEMONTID:0000278;CHEMONTID:0002449;CHEMONTID:0002450,Organic compounds;Organic nitrogen compounds;Organonitrogen compounds;Amines;Primary amines
9451,Amino acids and derivatives,0.98,CHEMONTID:0000347,5,CHEMONTID:0000013,CHEMONTID:0000000;CHEMONTID:0000264;CHEMONTID:0000265;CHEMONTID:0000013;CHEMONTID:0000347,"Organic compounds;Organic acids and derivatives;Carboxylic acids and derivatives;Amino acids, peptides, and analogues;Amino acids and derivatives"
11713,Pyrimidines and pyrimidine derivatives,0.97,CHEMONTID:0000075,4,CHEMONTID:0001346,CHEMONTID:0000000;CHEMONTID:0000002;CHEMONTID:0001346;CHEMONTID:0000075,Organic compounds;Organoheterocyclic compounds;Diazines;Pyrimidines and pyrimidine derivatives
15659,6-alkylaminopurines,0.93,CHEMONTID:0003454,6,CHEMONTID:0002987,CHEMONTID:0000000;CHEMONTID:0000002;CHEMONTID:0001797;CHEMONTID:0000245;CHEMONTID:0002987;CHEMONTID:0003454,Organic compounds;Organoheterocyclic compounds;Imidazopyrimidines;Purines and purine derivatives;6-aminopurines;6-alkylaminopurines
20222,Monocarboxylic acids and derivatives,0.9,CHEMONTID:0001137,4,CHEMONTID:0000265,CHEMONTID:0000000;CHEMONTID:0000264;CHEMONTID:0000265;CHEMONTID:0001137,Organic compounds;Organic acids and derivatives;Carboxylic acids and derivatives;Monocarboxylic acids and derivatives
12971,Amines,0.99,CHEMONTID:0002449,4,CHEMONTID:0000278,CHEMONTID:0000000;CHEMONTID:0004707;CHEMONTID:0000278;CHEMONTID:0002449,Organic compounds;Organic nitrogen compounds;Organonitrogen compounds;Amines
8568,Primary amines,0.8,CHEMONTID:0002450,5,CHEMONTID:0002449,CHEMONTID:0000000;CHEMONTID:0004707;CHEMONTID:0000278;CHEMONTID:0002449;CHEMONTID:0002450,Organic compounds;Organic nitrogen compounds;Organonitrogen compounds;Amines;Primary amines
16328,Carbonyl compounds,0.95,CHEMONTID:0001831,4,CHEMONTID:0000323,CHEMONTID:0000000;CHEMONTID:0004603;CHEMONTID:0000323;CHEMONTID:0001831,Organic compounds;Organic oxygen compounds;Organooxygen compounds;Carbonyl compounds
9568,Alcohols and polyols,0.85,CHEMONTID:0000129,4,CHEMONTID:0000323,CHEMONTID:0000000;CHEMONTID:0004603;CHEMONTID:0000323;CHEMONTID:0000129,Organic compounds;Organic oxygen compounds;Organooxygen compounds;Alcohols and polyols
11364,Ethers,0.87,CHEMONTID:0000254,4,CHEMONTID:0000323,CHEMONTID:0000000;CHEMONTID:0004603;CHEMONTID:0000323;CHEMONTID:0000254,Organic compounds;Organic oxygen compounds;Organooxygen compounds;Ethers
3689,Carbonyl compounds,1,CHEMONTID:0001831,4,CHEMONTID:0000323,CHEMONTID:0000000;CHEMONTID:0004603;CHEMONTID:0000323;CHEMONTID:0001831,Organic compounds;Organic oxygen compounds;Organooxygen compounds;Carbonyl compounds
13620,Carbonyl compounds,0.99,CHEMONTID:0001831,4,CHEMONTID:0000323,CHEMONTID:0000000;CHEMONTID:0004603;CHEMONTID:0000323;CHEMONTID:0001831,Organic compounds;Organic oxygen compounds;Organooxygen compounds;Carbonyl compounds
8555,Carbonyl compounds,0.95,CHEMONTID:0001831,4,CHEMONTID:0000323,CHEMONTID:0000000;CHEMONTID:0004603;CHEMONTID:0000323;CHEMONTID:0001831,Organic compounds;Organic oxygen compounds;Organooxygen compounds;Carbonyl compounds
17268,Purines and purine derivatives,0.94,CHEMONTID:0000245,4,CHEMONTID:0001797,CHEMONTID:0000000;CHEMONTID:0000002;CHEMONTID:0001797;CHEMONTID:0000245,Organic compounds;Organoheterocyclic compounds;Imidazopyrimidines;Purines and purine derivatives
7713,Carboxylic acid derivatives,0.91,CHEMONTID:0001093,4,CHEMONTID:0000265,CHEMONTID:0000000;CHEMONTID:0000264;CHEMONTID:0000265;CHEMONTID:0001093,Organic compounds;Organic acids and derivatives;Carboxylic acids and derivatives;Carboxylic acid derivatives
10872,Monocarboxylic acids and derivatives,0.89,CHEMONTID:0001137,4,CHEMONTID:0000265,CHEMONTID:0000000;CHEMONTID:0000264;CHEMONTID:0000265;CHEMONTID:0001137,Organic compounds;Organic acids and derivatives;Carboxylic acids and derivatives;Monocarboxylic acids and derivatives
12379,Monocarboxylic acids and derivatives,0.91,CHEMONTID:0001137,4,CHEMONTID:0000265,CHEMONTID:0000000;CHEMONTID:0000264;CHEMONTID:0000265;CHEMONTID:0001137,Organic compounds;Organic acids and derivatives;Carboxylic acids and derivatives;Monocarboxylic acids and derivatives
14189,Amines,0.99,CHEMONTID:0002449,4,CHEMONTID:0000278,CHEMONTID:0000000;CHEMONTID:0004707;CHEMONTID:0000278;CHEMONTID:0002449,Organic compounds;Organic nitrogen compounds;Organonitrogen compounds;Amines
4982,Carbonyl compounds,0.88,CHEMONTID:0001831,4,CHEMONTID:0000323,CHEMONTID:0000000;CHEMONTID:0004603;CHEMONTID:0000323;CHEMONTID:0001831,Organic compounds;Organic oxygen compounds;Organooxygen compounds;Carbonyl compounds
16541,Alpha amino acid amides,0.99,CHEMONTID:0002309,7,CHEMONTID:0000060,CHEMONTID:0000000;CHEMONTID:0000264;CHEMONTID:0000265;CHEMONTID:0000013;CHEMONTID:0000347;CHEMONTID:0000060;CHEMONTID:0002309,"Organic compounds;Organic acids and derivatives;Carboxylic acids and derivatives;Amino acids, peptides, and analogues;Amino acids and derivatives;Alpha amino acids and derivatives;Alpha amino acid amides"
7450,Primary amines,0.97,CHEMONTID:0002450,5,CHEMONTID:0002449,CHEMONTID:0000000;CHEMONTID:0004707;CHEMONTID:0000278;CHEMONTID:0002449;CHEMONTID:0002450,Organic compounds;Organic nitrogen compounds;Organonitrogen compounds;Amines;Primary amines
1457,Dialkyl ethers,0.94,CHEMONTID:0001167,5,CHEMONTID:0000254,CHEMONTID:0000000;CHEMONTID:0004603;CHEMONTID:0000323;CHEMONTID:0000254;CHEMONTID:0001167,Organic compounds;Organic oxygen compounds;Organooxygen compounds;Ethers;Dialkyl ethers
15691,Carbonyl compounds,0.84,CHEMONTID:0001831,4,CHEMONTID:0000323,CHEMONTID:0000000;CHEMONTID:0004603;CHEMONTID:0000323;CHEMONTID:0001831,Organic compounds;Organic oxygen compounds;Organooxygen compounds;Carbonyl compounds
15029,Carbonyl compounds,0.95,CHEMONTID:0001831,4,CHEMONTID:0000323,CHEMONTID:0000000;CHEMONTID:0004603;CHEMONTID:0000323;CHEMONTID:0001831,Organic compounds;Organic oxygen compounds;Organooxygen compounds;Carbonyl compounds
12115,Glycosyl compounds,1,CHEMONTID:0002105,5,CHEMONTID:0000011,CHEMONTID:0000000;CHEMONTID:0004603;CHEMONTID:0000323;CHEMONTID:0000011;CHEMONTID:0002105,Organic compounds;Organic oxygen compounds;Organooxygen compounds;Carbohydrates and carbohydrate conjugates;Glycosyl compounds
12893,Carboxylic acid derivatives,0.93,CHEMONTID:0001093,4,CHEMONTID:0000265,CHEMONTID:0000000;CHEMONTID:0000264;CHEMONTID:0000265;CHEMONTID:0001093,Organic compounds;Organic acids and derivatives;Carboxylic acids and derivatives;Carboxylic acid derivatives
14197,Pyrimidines and pyrimidine derivatives,0.95,CHEMONTID:0000075,4,CHEMONTID:0001346,CHEMONTID:0000000;CHEMONTID:0000002;CHEMONTID:0001346;CHEMONTID:0000075,Organic compounds;Organoheterocyclic compounds;Diazines;Pyrimidines and pyrimidine derivatives
18361,Amines,0.98,CHEMONTID:0002449,4,CHEMONTID:0000278,CHEMONTID:0000000;CHEMONTID:0004707;CHEMONTID:0000278;CHEMONTID:0002449,Organic compounds;Organic nitrogen compounds;Organonitrogen compounds;Amines
308,Alcohols and polyols,0.98,CHEMONTID:0000129,4,CHEMONTID:0000323,CHEMONTID:0000000;CHEMONTID:0004603;CHEMONTID:0000323;CHEMONTID:0000129,Organic compounds;Organic oxygen compounds;Organooxygen compounds;Alcohols and polyols
6093,Carbonyl compounds,0.99,CHEMONTID:0001831,4,CHEMONTID:0000323,CHEMONTID:0000000;CHEMONTID:0004603;CHEMONTID:0000323;CHEMONTID:0001831,Organic compounds;Organic oxygen compounds;Organooxygen compounds;Carbonyl compounds
19768,Carbohydrates and carbohydrate conjugates,1,CHEMONTID:0000011,4,CHEMONTID:0000323,CHEMONTID:0000000;CHEMONTID:0004603;CHEMONTID:0000323;CHEMONTID:0000011,Organic compounds;Organic oxygen compounds;Organooxygen compounds;Carbohydrates and carbohydrate conjugates
9654,Alpha amino acid amides,0.88,CHEMONTID:0002309,7,CHEMONTID:0000060,CHEMONTID:0000000;CHEMONTID:0000264;CHEMONTID:0000265;CHEMONTID:0000013;CHEMONTID:0000347;CHEMONTID:0000060;CHEMONTID:0002309,"Organic compounds;Organic acids and derivatives;Carboxylic acids and derivatives;Amino acids, peptides, and analogues;Amino acids and derivatives;Alpha amino acids and derivatives;Alpha amino acid amides"
12103,Carbonyl compounds,0.96,CHEMONTID:0001831,4,CHEMONTID:0000323,CHEMONTID:0000000;CHEMONTID:0004603;CHEMONTID:0000323;CHEMONTID:0001831,Organic compounds;Organic oxygen compounds;Organooxygen compounds;Carbonyl compounds
16335,Carbonyl compounds,0.91,CHEMONTID:0001831,4,CHEMONTID:0000323,CHEMONTID:0000000;CHEMONTID:0004603;CHEMONTID:0000323;CHEMONTID:0001831,Organic compounds;Organic oxygen compounds;Organooxygen compounds;Carbonyl compounds
12910,Carbonyl compounds,0.82,CHEMONTID:0001831,4,CHEMONTID:0000323,CHEMONTID:0000000;CHEMONTID:0004603;CHEMONTID:0000323;CHEMONTID:0001831,Organic compounds;Organic oxygen compounds;Organooxygen compounds;Carbonyl compounds
7828,Carbonyl compounds,0.91,CHEMONTID:0001831,4,CHEMONTID:0000323,CHEMONTID:0000000;CHEMONTID:0004603;CHEMONTID:0000323;CHEMONTID:0001831,Organic compounds;Organic oxygen compounds;Organooxygen compounds;Carbonyl compounds
12373,Phosphate esters,0.99,CHEMONTID:0000408,4,CHEMONTID:0000402,CHEMONTID:0000000;CHEMONTID:0000264;CHEMONTID:0000402;CHEMONTID:0000408,Organic compounds;Organic acids and derivatives;Organic phosphoric acids and derivatives;Phosphate esters
1486,Ethers,0.99,CHEMONTID:0000254,4,CHEMONTID:0000323,CHEMONTID:0000000;CHEMONTID:0004603;CHEMONTID:0000323;CHEMONTID:0000254,Organic compounds;Organic oxygen compounds;Organooxygen compounds;Ethers
6390,Carbohydrates and carbohydrate conjugates,1,CHEMONTID:0000011,4,CHEMONTID:0000323,CHEMONTID:0000000;CHEMONTID:0004603;CHEMONTID:0000323;CHEMONTID:0000011,Organic compounds;Organic oxygen compounds;Organooxygen compounds;Carbohydrates and carbohydrate conjugates
5258,Pyrimidines and pyrimidine derivatives,1,CHEMONTID:0000075,4,CHEMONTID:0001346,CHEMONTID:0000000;CHEMONTID:0000002;CHEMONTID:0001346;CHEMONTID:0000075,Organic compounds;Organoheterocyclic compounds;Diazines;Pyrimidines and pyrimidine derivatives
13202,Trialkylamines,0.92,CHEMONTID:0002239,6,CHEMONTID:0002452,CHEMONTID:0000000;CHEMONTID:0004707;CHEMONTID:0000278;CHEMONTID:0002449;CHEMONTID:0002452;CHEMONTID:0002239,Organic compounds;Organic nitrogen compounds;Organonitrogen compounds;Amines;Tertiary amines;Trialkylamines
17757,Carbonyl compounds,0.89,CHEMONTID:0001831,4,CHEMONTID:0000323,CHEMONTID:0000000;CHEMONTID:0004603;CHEMONTID:0000323;CHEMONTID:0001831,Organic compounds;Organic oxygen compounds;Organooxygen compounds;Carbonyl compounds
15933,Carbonyl compounds,0.99,CHEMONTID:0001831,4,CHEMONTID:0000323,CHEMONTID:0000000;CHEMONTID:0004603;CHEMONTID:0000323;CHEMONTID:0001831,Organic compounds;Organic oxygen compounds;Organooxygen compounds;Carbonyl compounds
1954,Monoalkylamines,0.87,CHEMONTID:0000469,6,CHEMONTID:0002450,CHEMONTID:0000000;CHEMONTID:0004707;CHEMONTID:0000278;CHEMONTID:0002449;CHEMONTID:0002450;CHEMONTID:0000469,Organic compounds;Organic nitrogen compounds;Organonitrogen compounds;Amines;Primary amines;Monoalkylamines
12308,Carboxylic acid derivatives,0.88,CHEMONTID:0001093,4,CHEMONTID:0000265,CHEMONTID:0000000;CHEMONTID:0000264;CHEMONTID:0000265;CHEMONTID:0001093,Organic compounds;Organic acids and derivatives;Carboxylic acids and derivatives;Carboxylic acid derivatives
12923,Carboxylic acid derivatives,0.96,CHEMONTID:0001093,4,CHEMONTID:0000265,CHEMONTID:0000000;CHEMONTID:0000264;CHEMONTID:0000265;CHEMONTID:0001093,Organic compounds;Organic acids and derivatives;Carboxylic acids and derivatives;Carboxylic acid derivatives
16567,Alcohols and polyols,0.97,CHEMONTID:0000129,4,CHEMONTID:0000323,CHEMONTID:0000000;CHEMONTID:0004603;CHEMONTID:0000323;CHEMONTID:0000129,Organic compounds;Organic oxygen compounds;Organooxygen compounds;Alcohols and polyols
8739,Primary amines,0.95,CHEMONTID:0002450,5,CHEMONTID:0002449,CHEMONTID:0000000;CHEMONTID:0004707;CHEMONTID:0000278;CHEMONTID:0002449;CHEMONTID:0002450,Organic compounds;Organic nitrogen compounds;Organonitrogen compounds;Amines;Primary amines
18574,Monoalkylamines,1,CHEMONTID:0000469,6,CHEMONTID:0002450,CHEMONTID:0000000;CHEMONTID:0004707;CHEMONTID:0000278;CHEMONTID:0002449;CHEMONTID:0002450;CHEMONTID:0000469,Organic compounds;Organic nitrogen compounds;Organonitrogen compounds;Amines;Primary amines;Monoalkylamines
19838,Carboxylic acid derivatives,0.99,CHEMONTID:0001093,4,CHEMONTID:0000265,CHEMONTID:0000000;CHEMONTID:0000264;CHEMONTID:0000265;CHEMONTID:0001093,Organic compounds;Organic acids and derivatives;Carboxylic acids and derivatives;Carboxylic acid derivatives
5014,Carbonyl compounds,0.86,CHEMONTID:0001831,4,CHEMONTID:0000323,CHEMONTID:0000000;CHEMONTID:0004603;CHEMONTID:0000323;CHEMONTID:0001831,Organic compounds;Organic oxygen compounds;Organooxygen compounds;Carbonyl compounds
5726,Carbonyl compounds,0.83,CHEMONTID:0001831,4,CHEMONTID:0000323,CHEMONTID:0000000;CHEMONTID:0004603;CHEMONTID:0000323;CHEMONTID:0001831,Organic compounds;Organic oxygen compounds;Organooxygen compounds;Carbonyl compounds
10368,Amines,1,CHEMONTID:0002449,4,CHEMONTID:0000278,CHEMONTID:0000000;CHEMONTID:0004707;CHEMONTID:0000278;CHEMONTID:0002449,Organic compounds;Organic nitrogen compounds;Organonitrogen compounds;Amines
1078,Secondary alcohols,0.9,CHEMONTID:0001661,5,CHEMONTID:0000129,CHEMONTID:0000000;CHEMONTID:0004603;CHEMONTID:0000323;CHEMONTID:0000129;CHEMONTID:0001661,Organic compounds;Organic oxygen compounds;Organooxygen compounds;Alcohols and polyols;Secondary alcohols
19476,Tertiary amines,1,CHEMONTID:0002452,5,CHEMONTID:0002449,CHEMONTID:0000000;CHEMONTID:0004707;CHEMONTID:0000278;CHEMONTID:0002449;CHEMONTID:0002452,Organic compounds;Organic nitrogen compounds;Organonitrogen compounds;Amines;Tertiary amines
2549,Alcohols and polyols,0.99,CHEMONTID:0000129,4,CHEMONTID:0000323,CHEMONTID:0000000;CHEMONTID:0004603;CHEMONTID:0000323;CHEMONTID:0000129,Organic compounds;Organic oxygen compounds;Organooxygen compounds;Alcohols and polyols
11317,Monocarboxylic acids and derivatives,0.88,CHEMONTID:0001137,4,CHEMONTID:0000265,CHEMONTID:0000000;CHEMONTID:0000264;CHEMONTID:0000265;CHEMONTID:0001137,Organic compounds;Organic acids and derivatives;Carboxylic acids and derivatives;Monocarboxylic acids and derivatives
5501,Ethers,0.9,CHEMONTID:0000254,4,CHEMONTID:0000323,CHEMONTID:0000000;CHEMONTID:0004603;CHEMONTID:0000323;CHEMONTID:0000254,Organic compounds;Organic oxygen compounds;Organooxygen compounds;Ethers
16716,Dialkyl ethers,0.98,CHEMONTID:0001167,5,CHEMONTID:0000254,CHEMONTID:0000000;CHEMONTID:0004603;CHEMONTID:0000323;CHEMONTID:0000254;CHEMONTID:0001167,Organic compounds;Organic oxygen compounds;Organooxygen compounds;Ethers;Dialkyl ethers
8550,Carbonyl compounds,0.97,CHEMONTID:0001831,4,CHEMONTID:0000323,CHEMONTID:0000000;CHEMONTID:0004603;CHEMONTID:0000323;CHEMONTID:0001831,Organic compounds;Organic oxygen compounds;Organooxygen compounds;Carbonyl compounds
1052,Carbonyl compounds,0.96,CHEMONTID:0001831,4,CHEMONTID:0000323,CHEMONTID:0000000;CHEMONTID:0004603;CHEMONTID:0000323;CHEMONTID:0001831,Organic compounds;Organic oxygen compounds;Organooxygen compounds;Carbonyl compounds
20683,Carbonyl compounds,0.86,CHEMONTID:0001831,4,CHEMONTID:0000323,CHEMONTID:0000000;CHEMONTID:0004603;CHEMONTID:0000323;CHEMONTID:0001831,Organic compounds;Organic oxygen compounds;Organooxygen compounds;Carbonyl compounds
7028,Carbonyl compounds,0.88,CHEMONTID:0001831,4,CHEMONTID:0000323,CHEMONTID:0000000;CHEMONTID:0004603;CHEMONTID:0000323;CHEMONTID:0001831,Organic compounds;Organic oxygen compounds;Organooxygen compounds;Carbonyl compounds
11107,Carboxylic acid derivatives,0.88,CHEMONTID:0001093,4,CHEMONTID:0000265,CHEMONTID:0000000;CHEMONTID:0000264;CHEMONTID:0000265;CHEMONTID:0001093,Organic compounds;Organic acids and derivatives;Carboxylic acids and derivatives;Carboxylic acid derivatives
4805,Alcohols and polyols,0.98,CHEMONTID:0000129,4,CHEMONTID:0000323,CHEMONTID:0000000;CHEMONTID:0004603;CHEMONTID:0000323;CHEMONTID:0000129,Organic compounds;Organic oxygen compounds;Organooxygen compounds;Alcohols and polyols
5320,Carbonyl compounds,0.94,CHEMONTID:0001831,4,CHEMONTID:0000323,CHEMONTID:0000000;CHEMONTID:0004603;CHEMONTID:0000323;CHEMONTID:0001831,Organic compounds;Organic oxygen compounds;Organooxygen compounds;Carbonyl compounds
11111,Alcohols and polyols,0.92,CHEMONTID:0000129,4,CHEMONTID:0000323,CHEMONTID:0000000;CHEMONTID:0004603;CHEMONTID:0000323;CHEMONTID:0000129,Organic compounds;Organic oxygen compounds;Organooxygen compounds;Alcohols and polyols
1091,Carbonyl compounds,0.88,CHEMONTID:0001831,4,CHEMONTID:0000323,CHEMONTID:0000000;CHEMONTID:0004603;CHEMONTID:0000323;CHEMONTID:0001831,Organic compounds;Organic oxygen compounds;Organooxygen compounds;Carbonyl compounds
14953,Carbonyl compounds,0.93,CHEMONTID:0001831,4,CHEMONTID:0000323,CHEMONTID:0000000;CHEMONTID:0004603;CHEMONTID:0000323;CHEMONTID:0001831,Organic compounds;Organic oxygen compounds;Organooxygen compounds;Carbonyl compounds
4554,Carbonyl compounds,0.9,CHEMONTID:0001831,4,CHEMONTID:0000323,CHEMONTID:0000000;CHEMONTID:0004603;CHEMONTID:0000323;CHEMONTID:0001831,Organic compounds;Organic oxygen compounds;Organooxygen compounds;Carbonyl compounds
6057,Carbohydrates and carbohydrate conjugates,1,CHEMONTID:0000011,4,CHEMONTID:0000323,CHEMONTID:0000000;CHEMONTID:0004603;CHEMONTID:0000323;CHEMONTID:0000011,Organic compounds;Organic oxygen compounds;Organooxygen compounds;Carbohydrates and carbohydrate conjugates
1653,Primary amines,0.94,CHEMONTID:0002450,5,CHEMONTID:0002449,CHEMONTID:0000000;CHEMONTID:0004707;CHEMONTID:0000278;CHEMONTID:0002449;CHEMONTID:0002450,Organic compounds;Organic nitrogen compounds;Organonitrogen compounds;Amines;Primary amines
15903,Amines,0.85,CHEMONTID:0002449,4,CHEMONTID:0000278,CHEMONTID:0000000;CHEMONTID:0004707;CHEMONTID:0000278;CHEMONTID:0002449,Organic compounds;Organic nitrogen compounds;Organonitrogen compounds;Amines
15988,Amines,0.98,CHEMONTID:0002449,4,CHEMONTID:0000278,CHEMONTID:0000000;CHEMONTID:0004707;CHEMONTID:0000278;CHEMONTID:0002449,Organic compounds;Organic nitrogen compounds;Organonitrogen compounds;Amines
6733,Carbonyl compounds,0.93,CHEMONTID:0001831,4,CHEMONTID:0000323,CHEMONTID:0000000;CHEMONTID:0004603;CHEMONTID:0000323;CHEMONTID:0001831,Organic compounds;Organic oxygen compounds;Organooxygen compounds;Carbonyl compounds
8128,Carboxylic acid derivatives,0.99,CHEMONTID:0001093,4,CHEMONTID:0000265,CHEMONTID:0000000;CHEMONTID:0000264;CHEMONTID:0000265;CHEMONTID:0001093,Organic compounds;Organic acids and derivatives;Carboxylic acids and derivatives;Carboxylic acid derivatives
36,Straight chain fatty acids,0.89,CHEMONTID:0000333,5,CHEMONTID:0000262,CHEMONTID:0000000;CHEMONTID:0000012;CHEMONTID:0003909;CHEMONTID:0000262;CHEMONTID:0000333,Organic compounds;Lipids and lipid-like molecules;Fatty Acyls;Fatty acids and conjugates;Straight chain fatty acids
4206,Carboxylic acid derivatives,0.94,CHEMONTID:0001093,4,CHEMONTID:0000265,CHEMONTID:0000000;CHEMONTID:0000264;CHEMONTID:0000265;CHEMONTID:0001093,Organic compounds;Organic acids and derivatives;Carboxylic acids and derivatives;Carboxylic acid derivatives
2093,Alcohols and polyols,0.95,CHEMONTID:0000129,4,CHEMONTID:0000323,CHEMONTID:0000000;CHEMONTID:0004603;CHEMONTID:0000323;CHEMONTID:0000129,Organic compounds;Organic oxygen compounds;Organooxygen compounds;Alcohols and polyols
11804,Carboxylic acid derivatives,0.99,CHEMONTID:0001093,4,CHEMONTID:0000265,CHEMONTID:0000000;CHEMONTID:0000264;CHEMONTID:0000265;CHEMONTID:0001093,Organic compounds;Organic acids and derivatives;Carboxylic acids and derivatives;Carboxylic acid derivatives
6544,Ethers,1,CHEMONTID:0000254,4,CHEMONTID:0000323,CHEMONTID:0000000;CHEMONTID:0004603;CHEMONTID:0000323;CHEMONTID:0000254,Organic compounds;Organic oxygen compounds;Organooxygen compounds;Ethers
16101,Carbonyl compounds,0.86,CHEMONTID:0001831,4,CHEMONTID:0000323,CHEMONTID:0000000;CHEMONTID:0004603;CHEMONTID:0000323;CHEMONTID:0001831,Organic compounds;Organic oxygen compounds;Organooxygen compounds;Carbonyl compounds
20085,Amines,0.89,CHEMONTID:0002449,4,CHEMONTID:0000278,CHEMONTID:0000000;CHEMONTID:0004707;CHEMONTID:0000278;CHEMONTID:0002449,Organic compounds;Organic nitrogen compounds;Organonitrogen compounds;Amines
4757,Monoalkylamines,0.94,CHEMONTID:0000469,6,CHEMONTID:0002450,CHEMONTID:0000000;CHEMONTID:0004707;CHEMONTID:0000278;CHEMONTID:0002449;CHEMONTID:0002450;CHEMONTID:0000469,Organic compounds;Organic nitrogen compounds;Organonitrogen compounds;Amines;Primary amines;Monoalkylamines
18109,Carbonyl compounds,0.93,CHEMONTID:0001831,4,CHEMONTID:0000323,CHEMONTID:0000000;CHEMONTID:0004603;CHEMONTID:0000323;CHEMONTID:0001831,Organic compounds;Organic oxygen compounds;Organooxygen compounds;Carbonyl compounds
4431,Carbonyl compounds,0.97,CHEMONTID:0001831,4,CHEMONTID:0000323,CHEMONTID:0000000;CHEMONTID:0004603;CHEMONTID:0000323;CHEMONTID:0001831,Organic compounds;Organic oxygen compounds;Organooxygen compounds;Carbonyl compounds
11465,Amines,0.93,CHEMONTID:0002449,4,CHEMONTID:0000278,CHEMONTID:0000000;CHEMONTID:0004707;CHEMONTID:0000278;CHEMONTID:0002449,Organic compounds;Organic nitrogen compounds;Organonitrogen compounds;Amines
4964,Amines,0.95,CHEMONTID:0002449,4,CHEMONTID:0000278,CHEMONTID:0000000;CHEMONTID:0004707;CHEMONTID:0000278;CHEMONTID:0002449,Organic compounds;Organic nitrogen compounds;Organonitrogen compounds;Amines
16935,Trialkylamines,0.98,CHEMONTID:0002239,6,CHEMONTID:0002452,CHEMONTID:0000000;CHEMONTID:0004707;CHEMONTID:0000278;CHEMONTID:0002449;CHEMONTID:0002452;CHEMONTID:0002239,Organic compounds;Organic nitrogen compounds;Organonitrogen compounds;Amines;Tertiary amines;Trialkylamines
5912,Carbonyl compounds,0.87,CHEMONTID:0001831,4,CHEMONTID:0000323,CHEMONTID:0000000;CHEMONTID:0004603;CHEMONTID:0000323;CHEMONTID:0001831,Organic compounds;Organic oxygen compounds;Organooxygen compounds;Carbonyl compounds
11430,Organic phosphonic acids,0.87,CHEMONTID:0001302,4,CHEMONTID:0000419,CHEMONTID:0000000;CHEMONTID:0000264;CHEMONTID:0000419;CHEMONTID:0001302,Organic compounds;Organic acids and derivatives;Organic phosphonic acids and derivatives;Organic phosphonic acids
2293,Amines,0.86,CHEMONTID:0002449,4,CHEMONTID:0000278,CHEMONTID:0000000;CHEMONTID:0004707;CHEMONTID:0000278;CHEMONTID:0002449,Organic compounds;Organic nitrogen compounds;Organonitrogen compounds;Amines
16604,Ethers,0.85,CHEMONTID:0000254,4,CHEMONTID:0000323,CHEMONTID:0000000;CHEMONTID:0004603;CHEMONTID:0000323;CHEMONTID:0000254,Organic compounds;Organic oxygen compounds;Organooxygen compounds;Ethers
11471,Carbonyl compounds,0.94,CHEMONTID:0001831,4,CHEMONTID:0000323,CHEMONTID:0000000;CHEMONTID:0004603;CHEMONTID:0000323;CHEMONTID:0001831,Organic compounds;Organic oxygen compounds;Organooxygen compounds;Carbonyl compounds
15374,Alkyl phosphates,0.99,CHEMONTID:0003457,5,CHEMONTID:0000408,CHEMONTID:0000000;CHEMONTID:0000264;CHEMONTID:0000402;CHEMONTID:0000408;CHEMONTID:0003457,Organic compounds;Organic acids and derivatives;Organic phosphoric acids and derivatives;Phosphate esters;Alkyl phosphates
18591,Primary amines,1,CHEMONTID:0002450,5,CHEMONTID:0002449,CHEMONTID:0000000;CHEMONTID:0004707;CHEMONTID:0000278;CHEMONTID:0002449;CHEMONTID:0002450,Organic compounds;Organic nitrogen compounds;Organonitrogen compounds;Amines;Primary amines
16080,Alcohols and polyols,0.98,CHEMONTID:0000129,4,CHEMONTID:0000323,CHEMONTID:0000000;CHEMONTID:0004603;CHEMONTID:0000323;CHEMONTID:0000129,Organic compounds;Organic oxygen compounds;Organooxygen compounds;Alcohols and polyols
20699,Monoalkylamines,1,CHEMONTID:0000469,6,CHEMONTID:0002450,CHEMONTID:0000000;CHEMONTID:0004707;CHEMONTID:0000278;CHEMONTID:0002449;CHEMONTID:0002450;CHEMONTID:0000469,Organic compounds;Organic nitrogen compounds;Organonitrogen compounds;Amines;Primary amines;Monoalkylamines
330,Monoalkylamines,0.98,CHEMONTID:0000469,6,CHEMONTID:0002450,CHEMONTID:0000000;CHEMONTID:0004707;CHEMONTID:0000278;CHEMONTID:0002449;CHEMONTID:0002450;CHEMONTID:0000469,Organic compounds;Organic nitrogen compounds;Organonitrogen compounds;Amines;Primary amines;Monoalkylamines
7497,Carbonyl compounds,0.82,CHEMONTID:0001831,4,CHEMONTID:0000323,CHEMONTID:0000000;CHEMONTID:0004603;CHEMONTID:0000323;CHEMONTID:0001831,Organic compounds;Organic oxygen compounds;Organooxygen compounds;Carbonyl compounds
15504,Alcohols and polyols,0.88,CHEMONTID:0000129,4,CHEMONTID:0000323,CHEMONTID:0000000;CHEMONTID:0004603;CHEMONTID:0000323;CHEMONTID:0000129,Organic compounds;Organic oxygen compounds;Organooxygen compounds;Alcohols and polyols
8257,Carbonyl compounds,0.95,CHEMONTID:0001831,4,CHEMONTID:0000323,CHEMONTID:0000000;CHEMONTID:0004603;CHEMONTID:0000323;CHEMONTID:0001831,Organic compounds;Organic oxygen compounds;Organooxygen compounds;Carbonyl compounds
4814,Carbonyl compounds,0.96,CHEMONTID:0001831,4,CHEMONTID:0000323,CHEMONTID:0000000;CHEMONTID:0004603;CHEMONTID:0000323;CHEMONTID:0001831,Organic compounds;Organic oxygen compounds;Organooxygen compounds;Carbonyl compounds
9236,Carbonyl compounds,0.94,CHEMONTID:0001831,4,CHEMONTID:0000323,CHEMONTID:0000000;CHEMONTID:0004603;CHEMONTID:0000323;CHEMONTID:0001831,Organic compounds;Organic oxygen compounds;Organooxygen compounds;Carbonyl compounds
11382,Guanidines,0.99,CHEMONTID:0000375,4,CHEMONTID:0000278,CHEMONTID:0000000;CHEMONTID:0004707;CHEMONTID:0000278;CHEMONTID:0000375,Organic compounds;Organic nitrogen compounds;Organonitrogen compounds;Guanidines
11841,Carboxylic acid derivatives,0.91,CHEMONTID:0001093,4,CHEMONTID:0000265,CHEMONTID:0000000;CHEMONTID:0000264;CHEMONTID:0000265;CHEMONTID:0001093,Organic compounds;Organic acids and derivatives;Carboxylic acids and derivatives;Carboxylic acid derivatives
18200,Amines,0.99,CHEMONTID:0002449,4,CHEMONTID:0000278,CHEMONTID:0000000;CHEMONTID:0004707;CHEMONTID:0000278;CHEMONTID:0002449,Organic compounds;Organic nitrogen compounds;Organonitrogen compounds;Amines
14885,Alkyl phosphates,1,CHEMONTID:0003457,5,CHEMONTID:0000408,CHEMONTID:0000000;CHEMONTID:0000264;CHEMONTID:0000402;CHEMONTID:0000408;CHEMONTID:0003457,Organic compounds;Organic acids and derivatives;Organic phosphoric acids and derivatives;Phosphate esters;Alkyl phosphates
15827,Alcohols and polyols,0.84,CHEMONTID:0000129,4,CHEMONTID:0000323,CHEMONTID:0000000;CHEMONTID:0004603;CHEMONTID:0000323;CHEMONTID:0000129,Organic compounds;Organic oxygen compounds;Organooxygen compounds;Alcohols and polyols
11402,Carbonyl compounds,0.86,CHEMONTID:0001831,4,CHEMONTID:0000323,CHEMONTID:0000000;CHEMONTID:0004603;CHEMONTID:0000323;CHEMONTID:0001831,Organic compounds;Organic oxygen compounds;Organooxygen compounds;Carbonyl compounds
20319,Carboxylic acid derivatives,0.99,CHEMONTID:0001093,4,CHEMONTID:0000265,CHEMONTID:0000000;CHEMONTID:0000264;CHEMONTID:0000265;CHEMONTID:0001093,Organic compounds;Organic acids and derivatives;Carboxylic acids and derivatives;Carboxylic acid derivatives
8541,Carbonyl compounds,0.89,CHEMONTID:0001831,4,CHEMONTID:0000323,CHEMONTID:0000000;CHEMONTID:0004603;CHEMONTID:0000323;CHEMONTID:0001831,Organic compounds;Organic oxygen compounds;Organooxygen compounds;Carbonyl compounds
13328,Carboxylic acid derivatives,0.8,CHEMONTID:0001093,4,CHEMONTID:0000265,CHEMONTID:0000000;CHEMONTID:0000264;CHEMONTID:0000265;CHEMONTID:0001093,Organic compounds;Organic acids and derivatives;Carboxylic acids and derivatives;Carboxylic acid derivatives
14912,Carbonyl compounds,0.99,CHEMONTID:0001831,4,CHEMONTID:0000323,CHEMONTID:0000000;CHEMONTID:0004603;CHEMONTID:0000323;CHEMONTID:0001831,Organic compounds;Organic oxygen compounds;Organooxygen compounds;Carbonyl compounds
20409,Alcohols and polyols,0.98,CHEMONTID:0000129,4,CHEMONTID:0000323,CHEMONTID:0000000;CHEMONTID:0004603;CHEMONTID:0000323;CHEMONTID:0000129,Organic compounds;Organic oxygen compounds;Organooxygen compounds;Alcohols and polyols
19948,Amines,0.93,CHEMONTID:0002449,4,CHEMONTID:0000278,CHEMONTID:0000000;CHEMONTID:0004707;CHEMONTID:0000278;CHEMONTID:0002449,Organic compounds;Organic nitrogen compounds;Organonitrogen compounds;Amines
5616,Carboxylic acid derivatives,0.96,CHEMONTID:0001093,4,CHEMONTID:0000265,CHEMONTID:0000000;CHEMONTID:0000264;CHEMONTID:0000265;CHEMONTID:0001093,Organic compounds;Organic acids and derivatives;Carboxylic acids and derivatives;Carboxylic acid derivatives
6908,Amines,0.98,CHEMONTID:0002449,4,CHEMONTID:0000278,CHEMONTID:0000000;CHEMONTID:0004707;CHEMONTID:0000278;CHEMONTID:0002449,Organic compounds;Organic nitrogen compounds;Organonitrogen compounds;Amines
4468,Dialkyl ethers,0.8,CHEMONTID:0001167,5,CHEMONTID:0000254,CHEMONTID:0000000;CHEMONTID:0004603;CHEMONTID:0000323;CHEMONTID:0000254;CHEMONTID:0001167,Organic compounds;Organic oxygen compounds;Organooxygen compounds;Ethers;Dialkyl ethers
842,Alcohols and polyols,0.94,CHEMONTID:0000129,4,CHEMONTID:0000323,CHEMONTID:0000000;CHEMONTID:0004603;CHEMONTID:0000323;CHEMONTID:0000129,Organic compounds;Organic oxygen compounds;Organooxygen compounds;Alcohols and polyols
16371,"1,3,5-triazines",0.98,CHEMONTID:0004105,4,CHEMONTID:0000098,CHEMONTID:0000000;CHEMONTID:0000002;CHEMONTID:0000098;CHEMONTID:0004105,"Organic compounds;Organoheterocyclic compounds;Triazines;1,3,5-triazines"
18819,Amines,0.93,CHEMONTID:0002449,4,CHEMONTID:0000278,CHEMONTID:0000000;CHEMONTID:0004707;CHEMONTID:0000278;CHEMONTID:0002449,Organic compounds;Organic nitrogen compounds;Organonitrogen compounds;Amines
1945,Dialkyl ethers,0.95,CHEMONTID:0001167,5,CHEMONTID:0000254,CHEMONTID:0000000;CHEMONTID:0004603;CHEMONTID:0000323;CHEMONTID:0000254;CHEMONTID:0001167,Organic compounds;Organic oxygen compounds;Organooxygen compounds;Ethers;Dialkyl ethers
2448,Carboxylic acid derivatives,0.8,CHEMONTID:0001093,4,CHEMONTID:0000265,CHEMONTID:0000000;CHEMONTID:0000264;CHEMONTID:0000265;CHEMONTID:0001093,Organic compounds;Organic acids and derivatives;Carboxylic acids and derivatives;Carboxylic acid derivatives
7875,Primary alcohols,0.89,CHEMONTID:0000286,5,CHEMONTID:0000129,CHEMONTID:0000000;CHEMONTID:0004603;CHEMONTID:0000323;CHEMONTID:0000129;CHEMONTID:0000286,Organic compounds;Organic oxygen compounds;Organooxygen compounds;Alcohols and polyols;Primary alcohols
3448,Carbonyl compounds,0.88,CHEMONTID:0001831,4,CHEMONTID:0000323,CHEMONTID:0000000;CHEMONTID:0004603;CHEMONTID:0000323;CHEMONTID:0001831,Organic compounds;Organic oxygen compounds;Organooxygen compounds;Carbonyl compounds
3619,Carbonyl compounds,0.99,CHEMONTID:0001831,4,CHEMONTID:0000323,CHEMONTID:0000000;CHEMONTID:0004603;CHEMONTID:0000323;CHEMONTID:0001831,Organic compounds;Organic oxygen compounds;Organooxygen compounds;Carbonyl compounds
6427,Amines,0.84,CHEMONTID:0002449,4,CHEMONTID:0000278,CHEMONTID:0000000;CHEMONTID:0004707;CHEMONTID:0000278;CHEMONTID:0002449,Organic compounds;Organic nitrogen compounds;Organonitrogen compounds;Amines
12641,Carbonyl compounds,0.99,CHEMONTID:0001831,4,CHEMONTID:0000323,CHEMONTID:0000000;CHEMONTID:0004603;CHEMONTID:0000323;CHEMONTID:0001831,Organic compounds;Organic oxygen compounds;Organooxygen compounds;Carbonyl compounds
13422,N-acyl-alpha amino acids,1,CHEMONTID:0002402,8,CHEMONTID:0001189,CHEMONTID:0000000;CHEMONTID:0000264;CHEMONTID:0000265;CHEMONTID:0000013;CHEMONTID:0000347;CHEMONTID:0000060;CHEMONTID:0001189;CHEMONTID:0002402,"Organic compounds;Organic acids and derivatives;Carboxylic acids and derivatives;Amino acids, peptides, and analogues;Amino acids and derivatives;Alpha amino acids and derivatives;N-acyl-alpha amino acids and derivatives;N-acyl-alpha amino acids"
17099,Carbonyl compounds,0.92,CHEMONTID:0001831,4,CHEMONTID:0000323,CHEMONTID:0000000;CHEMONTID:0004603;CHEMONTID:0000323;CHEMONTID:0001831,Organic compounds;Organic oxygen compounds;Organooxygen compounds;Carbonyl compounds
3713,Carbohydrates and carbohydrate conjugates,0.98,CHEMONTID:0000011,4,CHEMONTID:0000323,CHEMONTID:0000000;CHEMONTID:0004603;CHEMONTID:0000323;CHEMONTID:0000011,Organic compounds;Organic oxygen compounds;Organooxygen compounds;Carbohydrates and carbohydrate conjugates
3680,Alcohols and polyols,0.84,CHEMONTID:0000129,4,CHEMONTID:0000323,CHEMONTID:0000000;CHEMONTID:0004603;CHEMONTID:0000323;CHEMONTID:0000129,Organic compounds;Organic oxygen compounds;Organooxygen compounds;Alcohols and polyols
3984,Primary amines,0.93,CHEMONTID:0002450,5,CHEMONTID:0002449,CHEMONTID:0000000;CHEMONTID:0004707;CHEMONTID:0000278;CHEMONTID:0002449;CHEMONTID:0002450,Organic compounds;Organic nitrogen compounds;Organonitrogen compounds;Amines;Primary amines
15607,Ethers,0.95,CHEMONTID:0000254,4,CHEMONTID:0000323,CHEMONTID:0000000;CHEMONTID:0004603;CHEMONTID:0000323;CHEMONTID:0000254,Organic compounds;Organic oxygen compounds;Organooxygen compounds;Ethers
15719,Pyrimidines and pyrimidine derivatives,0.96,CHEMONTID:0000075,4,CHEMONTID:0001346,CHEMONTID:0000000;CHEMONTID:0000002;CHEMONTID:0001346;CHEMONTID:0000075,Organic compounds;Organoheterocyclic compounds;Diazines;Pyrimidines and pyrimidine derivatives
10339,Monoalkylamines,0.96,CHEMONTID:0000469,6,CHEMONTID:0002450,CHEMONTID:0000000;CHEMONTID:0004707;CHEMONTID:0000278;CHEMONTID:0002449;CHEMONTID:0002450;CHEMONTID:0000469,Organic compounds;Organic nitrogen compounds;Organonitrogen compounds;Amines;Primary amines;Monoalkylamines
15321,Carbonyl compounds,1,CHEMONTID:0001831,4,CHEMONTID:0000323,CHEMONTID:0000000;CHEMONTID:0004603;CHEMONTID:0000323;CHEMONTID:0001831,Organic compounds;Organic oxygen compounds;Organooxygen compounds;Carbonyl compounds
1446,Carbonyl compounds,0.99,CHEMONTID:0001831,4,CHEMONTID:0000323,CHEMONTID:0000000;CHEMONTID:0004603;CHEMONTID:0000323;CHEMONTID:0001831,Organic compounds;Organic oxygen compounds;Organooxygen compounds;Carbonyl compounds
14554,Carbonyl compounds,0.97,CHEMONTID:0001831,4,CHEMONTID:0000323,CHEMONTID:0000000;CHEMONTID:0004603;CHEMONTID:0000323;CHEMONTID:0001831,Organic compounds;Organic oxygen compounds;Organooxygen compounds;Carbonyl compounds
3955,Amines,0.92,CHEMONTID:0002449,4,CHEMONTID:0000278,CHEMONTID:0000000;CHEMONTID:0004707;CHEMONTID:0000278;CHEMONTID:0002449,Organic compounds;Organic nitrogen compounds;Organonitrogen compounds;Amines
2400,Carbonyl compounds,0.87,CHEMONTID:0001831,4,CHEMONTID:0000323,CHEMONTID:0000000;CHEMONTID:0004603;CHEMONTID:0000323;CHEMONTID:0001831,Organic compounds;Organic oxygen compounds;Organooxygen compounds;Carbonyl compounds
13519,Carboxylic acid derivatives,0.96,CHEMONTID:0001093,4,CHEMONTID:0000265,CHEMONTID:0000000;CHEMONTID:0000264;CHEMONTID:0000265;CHEMONTID:0001093,Organic compounds;Organic acids and derivatives;Carboxylic acids and derivatives;Carboxylic acid derivatives
14948,Carbonyl compounds,0.97,CHEMONTID:0001831,4,CHEMONTID:0000323,CHEMONTID:0000000;CHEMONTID:0004603;CHEMONTID:0000323;CHEMONTID:0001831,Organic compounds;Organic oxygen compounds;Organooxygen compounds;Carbonyl compounds
13947,Ethers,0.96,CHEMONTID:0000254,4,CHEMONTID:0000323,CHEMONTID:0000000;CHEMONTID:0004603;CHEMONTID:0000323;CHEMONTID:0000254,Organic compounds;Organic oxygen compounds;Organooxygen compounds;Ethers
15442,Primary amines,0.99,CHEMONTID:0002450,5,CHEMONTID:0002449,CHEMONTID:0000000;CHEMONTID:0004707;CHEMONTID:0000278;CHEMONTID:0002449;CHEMONTID:0002450,Organic compounds;Organic nitrogen compounds;Organonitrogen compounds;Amines;Primary amines
7198,Amines,0.97,CHEMONTID:0002449,4,CHEMONTID:0000278,CHEMONTID:0000000;CHEMONTID:0004707;CHEMONTID:0000278;CHEMONTID:0002449,Organic compounds;Organic nitrogen compounds;Organonitrogen compounds;Amines
12592,Ethers,0.98,CHEMONTID:0000254,4,CHEMONTID:0000323,CHEMONTID:0000000;CHEMONTID:0004603;CHEMONTID:0000323;CHEMONTID:0000254,Organic compounds;Organic oxygen compounds;Organooxygen compounds;Ethers
13552,Amines,0.98,CHEMONTID:0002449,4,CHEMONTID:0000278,CHEMONTID:0000000;CHEMONTID:0004707;CHEMONTID:0000278;CHEMONTID:0002449,Organic compounds;Organic nitrogen compounds;Organonitrogen compounds;Amines
19198,Carboxylic acid derivatives,0.98,CHEMONTID:0001093,4,CHEMONTID:0000265,CHEMONTID:0000000;CHEMONTID:0000264;CHEMONTID:0000265;CHEMONTID:0001093,Organic compounds;Organic acids and derivatives;Carboxylic acids and derivatives;Carboxylic acid derivatives
3600,Carbonyl compounds,0.99,CHEMONTID:0001831,4,CHEMONTID:0000323,CHEMONTID:0000000;CHEMONTID:0004603;CHEMONTID:0000323;CHEMONTID:0001831,Organic compounds;Organic oxygen compounds;Organooxygen compounds;Carbonyl compounds
3541,Carbonyl compounds,0.92,CHEMONTID:0001831,4,CHEMONTID:0000323,CHEMONTID:0000000;CHEMONTID:0004603;CHEMONTID:0000323;CHEMONTID:0001831,Organic compounds;Organic oxygen compounds;Organooxygen compounds;Carbonyl compounds
3904,Carbonyl compounds,0.81,CHEMONTID:0001831,4,CHEMONTID:0000323,CHEMONTID:0000000;CHEMONTID:0004603;CHEMONTID:0000323;CHEMONTID:0001831,Organic compounds;Organic oxygen compounds;Organooxygen compounds;Carbonyl compounds
16054,Amines,0.97,CHEMONTID:0002449,4,CHEMONTID:0000278,CHEMONTID:0000000;CHEMONTID:0004707;CHEMONTID:0000278;CHEMONTID:0002449,Organic compounds;Organic nitrogen compounds;Organonitrogen compounds;Amines
18163,Carbonyl compounds,0.97,CHEMONTID:0001831,4,CHEMONTID:0000323,CHEMONTID:0000000;CHEMONTID:0004603;CHEMONTID:0000323;CHEMONTID:0001831,Organic compounds;Organic oxygen compounds;Organooxygen compounds;Carbonyl compounds
538,Amines,0.98,CHEMONTID:0002449,4,CHEMONTID:0000278,CHEMONTID:0000000;CHEMONTID:0004707;CHEMONTID:0000278;CHEMONTID:0002449,Organic compounds;Organic nitrogen compounds;Organonitrogen compounds;Amines
20626,Carbonyl compounds,0.81,CHEMONTID:0001831,4,CHEMONTID:0000323,CHEMONTID:0000000;CHEMONTID:0004603;CHEMONTID:0000323;CHEMONTID:0001831,Organic compounds;Organic oxygen compounds;Organooxygen compounds;Carbonyl compounds
18648,Carbonyl compounds,0.93,CHEMONTID:0001831,4,CHEMONTID:0000323,CHEMONTID:0000000;CHEMONTID:0004603;CHEMONTID:0000323;CHEMONTID:0001831,Organic compounds;Organic oxygen compounds;Organooxygen compounds;Carbonyl compounds
4850,Carbonyl compounds,0.89,CHEMONTID:0001831,4,CHEMONTID:0000323,CHEMONTID:0000000;CHEMONTID:0004603;CHEMONTID:0000323;CHEMONTID:0001831,Organic compounds;Organic oxygen compounds;Organooxygen compounds;Carbonyl compounds
10885,Guanidines,0.94,CHEMONTID:0000375,4,CHEMONTID:0000278,CHEMONTID:0000000;CHEMONTID:0004707;CHEMONTID:0000278;CHEMONTID:0000375,Organic compounds;Organic nitrogen compounds;Organonitrogen compounds;Guanidines
4188,Carboxylic acid derivatives,0.98,CHEMONTID:0001093,4,CHEMONTID:0000265,CHEMONTID:0000000;CHEMONTID:0000264;CHEMONTID:0000265;CHEMONTID:0001093,Organic compounds;Organic acids and derivatives;Carboxylic acids and derivatives;Carboxylic acid derivatives
150,Amines,0.93,CHEMONTID:0002449,4,CHEMONTID:0000278,CHEMONTID:0000000;CHEMONTID:0004707;CHEMONTID:0000278;CHEMONTID:0002449,Organic compounds;Organic nitrogen compounds;Organonitrogen compounds;Amines
11320,Alpha amino acids and derivatives,1,CHEMONTID:0000060,6,CHEMONTID:0000347,CHEMONTID:0000000;CHEMONTID:0000264;CHEMONTID:0000265;CHEMONTID:0000013;CHEMONTID:0000347;CHEMONTID:0000060,"Organic compounds;Organic acids and derivatives;Carboxylic acids and derivatives;Amino acids, peptides, and analogues;Amino acids and derivatives;Alpha amino acids and derivatives"
6840,Carbonyl compounds,0.94,CHEMONTID:0001831,4,CHEMONTID:0000323,CHEMONTID:0000000;CHEMONTID:0004603;CHEMONTID:0000323;CHEMONTID:0001831,Organic compounds;Organic oxygen compounds;Organooxygen compounds;Carbonyl compounds
20482,Secondary alcohols,0.9,CHEMONTID:0001661,5,CHEMONTID:0000129,CHEMONTID:0000000;CHEMONTID:0004603;CHEMONTID:0000323;CHEMONTID:0000129;CHEMONTID:0001661,Organic compounds;Organic oxygen compounds;Organooxygen compounds;Alcohols and polyols;Secondary alcohols
7068,Carbonyl compounds,0.84,CHEMONTID:0001831,4,CHEMONTID:0000323,CHEMONTID:0000000;CHEMONTID:0004603;CHEMONTID:0000323;CHEMONTID:0001831,Organic compounds;Organic oxygen compounds;Organooxygen compounds;Carbonyl compounds
3742,Alcohols and polyols,1,CHEMONTID:0000129,4,CHEMONTID:0000323,CHEMONTID:0000000;CHEMONTID:0004603;CHEMONTID:0000323;CHEMONTID:0000129,Organic compounds;Organic oxygen compounds;Organooxygen compounds;Alcohols and polyols
10928,N-acyl amines,0.9,CHEMONTID:0001096,5,CHEMONTID:0000331,CHEMONTID:0000000;CHEMONTID:0000012;CHEMONTID:0003909;CHEMONTID:0000331;CHEMONTID:0001096,Organic compounds;Lipids and lipid-like molecules;Fatty Acyls;Fatty amides;N-acyl amines
19463,Carbonyl compounds,0.99,CHEMONTID:0001831,4,CHEMONTID:0000323,CHEMONTID:0000000;CHEMONTID:0004603;CHEMONTID:0000323;CHEMONTID:0001831,Organic compounds;Organic oxygen compounds;Organooxygen compounds;Carbonyl compounds
6476,"Amino acids, peptides, and analogues",0.92,CHEMONTID:0000013,4,CHEMONTID:0000265,CHEMONTID:0000000;CHEMONTID:0000264;CHEMONTID:0000265;CHEMONTID:0000013,"Organic compounds;Organic acids and derivatives;Carboxylic acids and derivatives;Amino acids, peptides, and analogues"
2876,Carbonyl compounds,0.83,CHEMONTID:0001831,4,CHEMONTID:0000323,CHEMONTID:0000000;CHEMONTID:0004603;CHEMONTID:0000323;CHEMONTID:0001831,Organic compounds;Organic oxygen compounds;Organooxygen compounds;Carbonyl compounds
1064,Carboxylic acid derivatives,0.94,CHEMONTID:0001093,4,CHEMONTID:0000265,CHEMONTID:0000000;CHEMONTID:0000264;CHEMONTID:0000265;CHEMONTID:0001093,Organic compounds;Organic acids and derivatives;Carboxylic acids and derivatives;Carboxylic acid derivatives
6172,Carboxylic acid derivatives,0.82,CHEMONTID:0001093,4,CHEMONTID:0000265,CHEMONTID:0000000;CHEMONTID:0000264;CHEMONTID:0000265;CHEMONTID:0001093,Organic compounds;Organic acids and derivatives;Carboxylic acids and derivatives;Carboxylic acid derivatives
9088,Carboxylic acid derivatives,0.97,CHEMONTID:0001093,4,CHEMONTID:0000265,CHEMONTID:0000000;CHEMONTID:0000264;CHEMONTID:0000265;CHEMONTID:0001093,Organic compounds;Organic acids and derivatives;Carboxylic acids and derivatives;Carboxylic acid derivatives
5696,Alcohols and polyols,0.99,CHEMONTID:0000129,4,CHEMONTID:0000323,CHEMONTID:0000000;CHEMONTID:0004603;CHEMONTID:0000323;CHEMONTID:0000129,Organic compounds;Organic oxygen compounds;Organooxygen compounds;Alcohols and polyols
17070,Carbonyl compounds,0.93,CHEMONTID:0001831,4,CHEMONTID:0000323,CHEMONTID:0000000;CHEMONTID:0004603;CHEMONTID:0000323;CHEMONTID:0001831,Organic compounds;Organic oxygen compounds;Organooxygen compounds;Carbonyl compounds
10340,Secondary alcohols,0.93,CHEMONTID:0001661,5,CHEMONTID:0000129,CHEMONTID:0000000;CHEMONTID:0004603;CHEMONTID:0000323;CHEMONTID:0000129;CHEMONTID:0001661,Organic compounds;Organic oxygen compounds;Organooxygen compounds;Alcohols and polyols;Secondary alcohols
10590,Amines,0.97,CHEMONTID:0002449,4,CHEMONTID:0000278,CHEMONTID:0000000;CHEMONTID:0004707;CHEMONTID:0000278;CHEMONTID:0002449,Organic compounds;Organic nitrogen compounds;Organonitrogen compounds;Amines
3911,Carbonyl compounds,0.99,CHEMONTID:0001831,4,CHEMONTID:0000323,CHEMONTID:0000000;CHEMONTID:0004603;CHEMONTID:0000323;CHEMONTID:0001831,Organic compounds;Organic oxygen compounds;Organooxygen compounds;Carbonyl compounds
18494,Carbonyl compounds,0.82,CHEMONTID:0001831,4,CHEMONTID:0000323,CHEMONTID:0000000;CHEMONTID:0004603;CHEMONTID:0000323;CHEMONTID:0001831,Organic compounds;Organic oxygen compounds;Organooxygen compounds;Carbonyl compounds
3615,Carboxylic acid derivatives,0.95,CHEMONTID:0001093,4,CHEMONTID:0000265,CHEMONTID:0000000;CHEMONTID:0000264;CHEMONTID:0000265;CHEMONTID:0001093,Organic compounds;Organic acids and derivatives;Carboxylic acids and derivatives;Carboxylic acid derivatives
11689,Monoalkylamines,0.84,CHEMONTID:0000469,6,CHEMONTID:0002450,CHEMONTID:0000000;CHEMONTID:0004707;CHEMONTID:0000278;CHEMONTID:0002449;CHEMONTID:0002450;CHEMONTID:0000469,Organic compounds;Organic nitrogen compounds;Organonitrogen compounds;Amines;Primary amines;Monoalkylamines
12014,Alcohols and polyols,1,CHEMONTID:0000129,4,CHEMONTID:0000323,CHEMONTID:0000000;CHEMONTID:0004603;CHEMONTID:0000323;CHEMONTID:0000129,Organic compounds;Organic oxygen compounds;Organooxygen compounds;Alcohols and polyols
10633,Carbonyl compounds,0.95,CHEMONTID:0001831,4,CHEMONTID:0000323,CHEMONTID:0000000;CHEMONTID:0004603;CHEMONTID:0000323;CHEMONTID:0001831,Organic compounds;Organic oxygen compounds;Organooxygen compounds;Carbonyl compounds
309,Monocarboxylic acids and derivatives,0.94,CHEMONTID:0001137,4,CHEMONTID:0000265,CHEMONTID:0000000;CHEMONTID:0000264;CHEMONTID:0000265;CHEMONTID:0001137,Organic compounds;Organic acids and derivatives;Carboxylic acids and derivatives;Monocarboxylic acids and derivatives
1677,Carbonyl compounds,0.86,CHEMONTID:0001831,4,CHEMONTID:0000323,CHEMONTID:0000000;CHEMONTID:0004603;CHEMONTID:0000323;CHEMONTID:0001831,Organic compounds;Organic oxygen compounds;Organooxygen compounds;Carbonyl compounds
9007,Phosphate esters,0.99,CHEMONTID:0000408,4,CHEMONTID:0000402,CHEMONTID:0000000;CHEMONTID:0000264;CHEMONTID:0000402;CHEMONTID:0000408,Organic compounds;Organic acids and derivatives;Organic phosphoric acids and derivatives;Phosphate esters
9194,Carbonyl compounds,0.83,CHEMONTID:0001831,4,CHEMONTID:0000323,CHEMONTID:0000000;CHEMONTID:0004603;CHEMONTID:0000323;CHEMONTID:0001831,Organic compounds;Organic oxygen compounds;Organooxygen compounds;Carbonyl compounds
4003,Carboxylic acids,0.98,CHEMONTID:0001205,4,CHEMONTID:0000265,CHEMONTID:0000000;CHEMONTID:0000264;CHEMONTID:0000265;CHEMONTID:0001205,Organic compounds;Organic acids and derivatives;Carboxylic acids and derivatives;Carboxylic acids
11284,Primary amines,0.97,CHEMONTID:0002450,5,CHEMONTID:0002449,CHEMONTID:0000000;CHEMONTID:0004707;CHEMONTID:0000278;CHEMONTID:0002449;CHEMONTID:0002450,Organic compounds;Organic nitrogen compounds;Organonitrogen compounds;Amines;Primary amines
16792,Dialkyl ethers,0.9,CHEMONTID:0001167,5,CHEMONTID:0000254,CHEMONTID:0000000;CHEMONTID:0004603;CHEMONTID:0000323;CHEMONTID:0000254;CHEMONTID:0001167,Organic compounds;Organic oxygen compounds;Organooxygen compounds;Ethers;Dialkyl ethers
13387,Peptides,0.95,CHEMONTID:0000348,5,CHEMONTID:0000013,CHEMONTID:0000000;CHEMONTID:0000264;CHEMONTID:0000265;CHEMONTID:0000013;CHEMONTID:0000348,"Organic compounds;Organic acids and derivatives;Carboxylic acids and derivatives;Amino acids, peptides, and analogues;Peptides"
791,Alcohols and polyols,0.91,CHEMONTID:0000129,4,CHEMONTID:0000323,CHEMONTID:0000000;CHEMONTID:0004603;CHEMONTID:0000323;CHEMONTID:0000129,Organic compounds;Organic oxygen compounds;Organooxygen compounds;Alcohols and polyols
19722,Monoalkylamines,0.9,CHEMONTID:0000469,6,CHEMONTID:0002450,CHEMONTID:0000000;CHEMONTID:0004707;CHEMONTID:0000278;CHEMONTID:0002449;CHEMONTID:0002450;CHEMONTID:0000469,Organic compounds;Organic nitrogen compounds;Organonitrogen compounds;Amines;Primary amines;Monoalkylamines
9649,Amines,0.89,CHEMONTID:0002449,4,CHEMONTID:0000278,CHEMONTID:0000000;CHEMONTID:0004707;CHEMONTID:0000278;CHEMONTID:0002449,Organic compounds;Organic nitrogen compounds;Organonitrogen compounds;Amines
16369,Dialkyl ethers,0.97,CHEMONTID:0001167,5,CHEMONTID:0000254,CHEMONTID:0000000;CHEMONTID:0004603;CHEMONTID:0000323;CHEMONTID:0000254;CHEMONTID:0001167,Organic compounds;Organic oxygen compounds;Organooxygen compounds;Ethers;Dialkyl ethers
12565,Carbonyl compounds,0.98,CHEMONTID:0001831,4,CHEMONTID:0000323,CHEMONTID:0000000;CHEMONTID:0004603;CHEMONTID:0000323;CHEMONTID:0001831,Organic compounds;Organic oxygen compounds;Organooxygen compounds;Carbonyl compounds
5738,Carboxylic acid derivatives,0.96,CHEMONTID:0001093,4,CHEMONTID:0000265,CHEMONTID:0000000;CHEMONTID:0000264;CHEMONTID:0000265;CHEMONTID:0001093,Organic compounds;Organic acids and derivatives;Carboxylic acids and derivatives;Carboxylic acid derivatives
12142,Carboxylic acid derivatives,0.98,CHEMONTID:0001093,4,CHEMONTID:0000265,CHEMONTID:0000000;CHEMONTID:0000264;CHEMONTID:0000265;CHEMONTID:0001093,Organic compounds;Organic acids and derivatives;Carboxylic acids and derivatives;Carboxylic acid derivatives
3067,Amines,0.88,CHEMONTID:0002449,4,CHEMONTID:0000278,CHEMONTID:0000000;CHEMONTID:0004707;CHEMONTID:0000278;CHEMONTID:0002449,Organic compounds;Organic nitrogen compounds;Organonitrogen compounds;Amines
1666,Dialkyl ethers,0.94,CHEMONTID:0001167,5,CHEMONTID:0000254,CHEMONTID:0000000;CHEMONTID:0004603;CHEMONTID:0000323;CHEMONTID:0000254;CHEMONTID:0001167,Organic compounds;Organic oxygen compounds;Organooxygen compounds;Ethers;Dialkyl ethers
8065,Benzoyl derivatives,0.8,CHEMONTID:0000321,4,CHEMONTID:0002279,CHEMONTID:0000000;CHEMONTID:0002448;CHEMONTID:0002279;CHEMONTID:0000321,Organic compounds;Benzenoids;Benzene and substituted derivatives;Benzoyl derivatives
16308,Carbonyl compounds,0.89,CHEMONTID:0001831,4,CHEMONTID:0000323,CHEMONTID:0000000;CHEMONTID:0004603;CHEMONTID:0000323;CHEMONTID:0001831,Organic compounds;Organic oxygen compounds;Organooxygen compounds;Carbonyl compounds
5050,Carbonyl compounds,0.91,CHEMONTID:0001831,4,CHEMONTID:0000323,CHEMONTID:0000000;CHEMONTID:0004603;CHEMONTID:0000323;CHEMONTID:0001831,Organic compounds;Organic oxygen compounds;Organooxygen compounds;Carbonyl compounds
19840,Amines,0.86,CHEMONTID:0002449,4,CHEMONTID:0000278,CHEMONTID:0000000;CHEMONTID:0004707;CHEMONTID:0000278;CHEMONTID:0002449,Organic compounds;Organic nitrogen compounds;Organonitrogen compounds;Amines
7172,Carbonyl compounds,0.84,CHEMONTID:0001831,4,CHEMONTID:0000323,CHEMONTID:0000000;CHEMONTID:0004603;CHEMONTID:0000323;CHEMONTID:0001831,Organic compounds;Organic oxygen compounds;Organooxygen compounds;Carbonyl compounds
14462,Primary amines,0.96,CHEMONTID:0002450,5,CHEMONTID:0002449,CHEMONTID:0000000;CHEMONTID:0004707;CHEMONTID:0000278;CHEMONTID:0002449;CHEMONTID:0002450,Organic compounds;Organic nitrogen compounds;Organonitrogen compounds;Amines;Primary amines
4286,Primary amines,0.84,CHEMONTID:0002450,5,CHEMONTID:0002449,CHEMONTID:0000000;CHEMONTID:0004707;CHEMONTID:0000278;CHEMONTID:0002449;CHEMONTID:0002450,Organic compounds;Organic nitrogen compounds;Organonitrogen compounds;Amines;Primary amines
1059,Carbonyl compounds,0.93,CHEMONTID:0001831,4,CHEMONTID:0000323,CHEMONTID:0000000;CHEMONTID:0004603;CHEMONTID:0000323;CHEMONTID:0001831,Organic compounds;Organic oxygen compounds;Organooxygen compounds;Carbonyl compounds
4088,Carbonyl compounds,0.95,CHEMONTID:0001831,4,CHEMONTID:0000323,CHEMONTID:0000000;CHEMONTID:0004603;CHEMONTID:0000323;CHEMONTID:0001831,Organic compounds;Organic oxygen compounds;Organooxygen compounds;Carbonyl compounds
14474,Carbonyl compounds,0.9,CHEMONTID:0001831,4,CHEMONTID:0000323,CHEMONTID:0000000;CHEMONTID:0004603;CHEMONTID:0000323;CHEMONTID:0001831,Organic compounds;Organic oxygen compounds;Organooxygen compounds;Carbonyl compounds
3356,Monoalkylamines,0.84,CHEMONTID:0000469,6,CHEMONTID:0002450,CHEMONTID:0000000;CHEMONTID:0004707;CHEMONTID:0000278;CHEMONTID:0002449;CHEMONTID:0002450;CHEMONTID:0000469,Organic compounds;Organic nitrogen compounds;Organonitrogen compounds;Amines;Primary amines;Monoalkylamines
15221,Carboxylic acid derivatives,0.96,CHEMONTID:0001093,4,CHEMONTID:0000265,CHEMONTID:0000000;CHEMONTID:0000264;CHEMONTID:0000265;CHEMONTID:0001093,Organic compounds;Organic acids and derivatives;Carboxylic acids and derivatives;Carboxylic acid derivatives
18124,Trialkylamines,0.83,CHEMONTID:0002239,6,CHEMONTID:0002452,CHEMONTID:0000000;CHEMONTID:0004707;CHEMONTID:0000278;CHEMONTID:0002449;CHEMONTID:0002452;CHEMONTID:0002239,Organic compounds;Organic nitrogen compounds;Organonitrogen compounds;Amines;Tertiary amines;Trialkylamines
16225,Carbonyl compounds,0.93,CHEMONTID:0001831,4,CHEMONTID:0000323,CHEMONTID:0000000;CHEMONTID:0004603;CHEMONTID:0000323;CHEMONTID:0001831,Organic compounds;Organic oxygen compounds;Organooxygen compounds;Carbonyl compounds
12569,Carbonyl compounds,0.93,CHEMONTID:0001831,4,CHEMONTID:0000323,CHEMONTID:0000000;CHEMONTID:0004603;CHEMONTID:0000323;CHEMONTID:0001831,Organic compounds;Organic oxygen compounds;Organooxygen compounds;Carbonyl compounds
4505,Carbonyl compounds,0.99,CHEMONTID:0001831,4,CHEMONTID:0000323,CHEMONTID:0000000;CHEMONTID:0004603;CHEMONTID:0000323;CHEMONTID:0001831,Organic compounds;Organic oxygen compounds;Organooxygen compounds;Carbonyl compounds
9801,6-aminopurines,0.84,CHEMONTID:0002987,5,CHEMONTID:0000245,CHEMONTID:0000000;CHEMONTID:0000002;CHEMONTID:0001797;CHEMONTID:0000245;CHEMONTID:0002987,Organic compounds;Organoheterocyclic compounds;Imidazopyrimidines;Purines and purine derivatives;6-aminopurines
8671,Alcohols and polyols,0.95,CHEMONTID:0000129,4,CHEMONTID:0000323,CHEMONTID:0000000;CHEMONTID:0004603;CHEMONTID:0000323;CHEMONTID:0000129,Organic compounds;Organic oxygen compounds;Organooxygen compounds;Alcohols and polyols
10969,Carboxylic acid derivatives,0.8,CHEMONTID:0001093,4,CHEMONTID:0000265,CHEMONTID:0000000;CHEMONTID:0000264;CHEMONTID:0000265;CHEMONTID:0001093,Organic compounds;Organic acids and derivatives;Carboxylic acids and derivatives;Carboxylic acid derivatives
4920,Ethers,0.81,CHEMONTID:0000254,4,CHEMONTID:0000323,CHEMONTID:0000000;CHEMONTID:0004603;CHEMONTID:0000323;CHEMONTID:0000254,Organic compounds;Organic oxygen compounds;Organooxygen compounds;Ethers
6414,Alcohols and polyols,0.95,CHEMONTID:0000129,4,CHEMONTID:0000323,CHEMONTID:0000000;CHEMONTID:0004603;CHEMONTID:0000323;CHEMONTID:0000129,Organic compounds;Organic oxygen compounds;Organooxygen compounds;Alcohols and polyols
9390,Amines,0.94,CHEMONTID:0002449,4,CHEMONTID:0000278,CHEMONTID:0000000;CHEMONTID:0004707;CHEMONTID:0000278;CHEMONTID:0002449,Organic compounds;Organic nitrogen compounds;Organonitrogen compounds;Amines
2867,Dialkyl ethers,0.88,CHEMONTID:0001167,5,CHEMONTID:0000254,CHEMONTID:0000000;CHEMONTID:0004603;CHEMONTID:0000323;CHEMONTID:0000254;CHEMONTID:0001167,Organic compounds;Organic oxygen compounds;Organooxygen compounds;Ethers;Dialkyl ethers
16251,Primary alcohols,0.98,CHEMONTID:0000286,5,CHEMONTID:0000129,CHEMONTID:0000000;CHEMONTID:0004603;CHEMONTID:0000323;CHEMONTID:0000129;CHEMONTID:0000286,Organic compounds;Organic oxygen compounds;Organooxygen compounds;Alcohols and polyols;Primary alcohols
3802,Primary amines,1,CHEMONTID:0002450,5,CHEMONTID:0002449,CHEMONTID:0000000;CHEMONTID:0004707;CHEMONTID:0000278;CHEMONTID:0002449;CHEMONTID:0002450,Organic compounds;Organic nitrogen compounds;Organonitrogen compounds;Amines;Primary amines
8070,Carbonyl compounds,0.86,CHEMONTID:0001831,4,CHEMONTID:0000323,CHEMONTID:0000000;CHEMONTID:0004603;CHEMONTID:0000323;CHEMONTID:0001831,Organic compounds;Organic oxygen compounds;Organooxygen compounds;Carbonyl compounds
18645,Amines,0.94,CHEMONTID:0002449,4,CHEMONTID:0000278,CHEMONTID:0000000;CHEMONTID:0004707;CHEMONTID:0000278;CHEMONTID:0002449,Organic compounds;Organic nitrogen compounds;Organonitrogen compounds;Amines
1424,Amines,0.91,CHEMONTID:0002449,4,CHEMONTID:0000278,CHEMONTID:0000000;CHEMONTID:0004707;CHEMONTID:0000278;CHEMONTID:0002449,Organic compounds;Organic nitrogen compounds;Organonitrogen compounds;Amines
6013,Carboxylic acid derivatives,0.84,CHEMONTID:0001093,4,CHEMONTID:0000265,CHEMONTID:0000000;CHEMONTID:0000264;CHEMONTID:0000265;CHEMONTID:0001093,Organic compounds;Organic acids and derivatives;Carboxylic acids and derivatives;Carboxylic acid derivatives
17463,Carboxylic acid derivatives,0.83,CHEMONTID:0001093,4,CHEMONTID:0000265,CHEMONTID:0000000;CHEMONTID:0000264;CHEMONTID:0000265;CHEMONTID:0001093,Organic compounds;Organic acids and derivatives;Carboxylic acids and derivatives;Carboxylic acid derivatives
15741,Monoalkylamines,1,CHEMONTID:0000469,6,CHEMONTID:0002450,CHEMONTID:0000000;CHEMONTID:0004707;CHEMONTID:0000278;CHEMONTID:0002449;CHEMONTID:0002450;CHEMONTID:0000469,Organic compounds;Organic nitrogen compounds;Organonitrogen compounds;Amines;Primary amines;Monoalkylamines
15757,Monoalkylamines,1,CHEMONTID:0000469,6,CHEMONTID:0002450,CHEMONTID:0000000;CHEMONTID:0004707;CHEMONTID:0000278;CHEMONTID:0002449;CHEMONTID:0002450;CHEMONTID:0000469,Organic compounds;Organic nitrogen compounds;Organonitrogen compounds;Amines;Primary amines;Monoalkylamines
4841,Carboxylic acid derivatives,0.9,CHEMONTID:0001093,4,CHEMONTID:0000265,CHEMONTID:0000000;CHEMONTID:0000264;CHEMONTID:0000265;CHEMONTID:0001093,Organic compounds;Organic acids and derivatives;Carboxylic acids and derivatives;Carboxylic acid derivatives
12623,Carboxylic acid derivatives,0.92,CHEMONTID:0001093,4,CHEMONTID:0000265,CHEMONTID:0000000;CHEMONTID:0000264;CHEMONTID:0000265;CHEMONTID:0001093,Organic compounds;Organic acids and derivatives;Carboxylic acids and derivatives;Carboxylic acid derivatives
3440,Monoalkylamines,1,CHEMONTID:0000469,6,CHEMONTID:0002450,CHEMONTID:0000000;CHEMONTID:0004707;CHEMONTID:0000278;CHEMONTID:0002449;CHEMONTID:0002450;CHEMONTID:0000469,Organic compounds;Organic nitrogen compounds;Organonitrogen compounds;Amines;Primary amines;Monoalkylamines
10111,Carbonyl compounds,0.97,CHEMONTID:0001831,4,CHEMONTID:0000323,CHEMONTID:0000000;CHEMONTID:0004603;CHEMONTID:0000323;CHEMONTID:0001831,Organic compounds;Organic oxygen compounds;Organooxygen compounds;Carbonyl compounds
8411,Primary amines,0.98,CHEMONTID:0002450,5,CHEMONTID:0002449,CHEMONTID:0000000;CHEMONTID:0004707;CHEMONTID:0000278;CHEMONTID:0002449;CHEMONTID:0002450,Organic compounds;Organic nitrogen compounds;Organonitrogen compounds;Amines;Primary amines
10466,Carbonyl compounds,0.98,CHEMONTID:0001831,4,CHEMONTID:0000323,CHEMONTID:0000000;CHEMONTID:0004603;CHEMONTID:0000323;CHEMONTID:0001831,Organic compounds;Organic oxygen compounds;Organooxygen compounds;Carbonyl compounds
8052,Carbonyl compounds,0.93,CHEMONTID:0001831,4,CHEMONTID:0000323,CHEMONTID:0000000;CHEMONTID:0004603;CHEMONTID:0000323;CHEMONTID:0001831,Organic compounds;Organic oxygen compounds;Organooxygen compounds;Carbonyl compounds
10706,Amines,0.99,CHEMONTID:0002449,4,CHEMONTID:0000278,CHEMONTID:0000000;CHEMONTID:0004707;CHEMONTID:0000278;CHEMONTID:0002449,Organic compounds;Organic nitrogen compounds;Organonitrogen compounds;Amines
13864,Amines,0.99,CHEMONTID:0002449,4,CHEMONTID:0000278,CHEMONTID:0000000;CHEMONTID:0004707;CHEMONTID:0000278;CHEMONTID:0002449,Organic compounds;Organic nitrogen compounds;Organonitrogen compounds;Amines
6378,Carbonyl compounds,0.98,CHEMONTID:0001831,4,CHEMONTID:0000323,CHEMONTID:0000000;CHEMONTID:0004603;CHEMONTID:0000323;CHEMONTID:0001831,Organic compounds;Organic oxygen compounds;Organooxygen compounds;Carbonyl compounds
16726,Ethers,0.8,CHEMONTID:0000254,4,CHEMONTID:0000323,CHEMONTID:0000000;CHEMONTID:0004603;CHEMONTID:0000323;CHEMONTID:0000254,Organic compounds;Organic oxygen compounds;Organooxygen compounds;Ethers
7049,Primary amines,0.91,CHEMONTID:0002450,5,CHEMONTID:0002449,CHEMONTID:0000000;CHEMONTID:0004707;CHEMONTID:0000278;CHEMONTID:0002449;CHEMONTID:0002450,Organic compounds;Organic nitrogen compounds;Organonitrogen compounds;Amines;Primary amines
10938,Alcohols and polyols,0.83,CHEMONTID:0000129,4,CHEMONTID:0000323,CHEMONTID:0000000;CHEMONTID:0004603;CHEMONTID:0000323;CHEMONTID:0000129,Organic compounds;Organic oxygen compounds;Organooxygen compounds;Alcohols and polyols
4902,Carbonyl compounds,0.92,CHEMONTID:0001831,4,CHEMONTID:0000323,CHEMONTID:0000000;CHEMONTID:0004603;CHEMONTID:0000323;CHEMONTID:0001831,Organic compounds;Organic oxygen compounds;Organooxygen compounds;Carbonyl compounds
7424,Amines,0.98,CHEMONTID:0002449,4,CHEMONTID:0000278,CHEMONTID:0000000;CHEMONTID:0004707;CHEMONTID:0000278;CHEMONTID:0002449,Organic compounds;Organic nitrogen compounds;Organonitrogen compounds;Amines
10687,Carboxylic acid derivatives,0.94,CHEMONTID:0001093,4,CHEMONTID:0000265,CHEMONTID:0000000;CHEMONTID:0000264;CHEMONTID:0000265;CHEMONTID:0001093,Organic compounds;Organic acids and derivatives;Carboxylic acids and derivatives;Carboxylic acid derivatives
20492,Carbonyl compounds,0.88,CHEMONTID:0001831,4,CHEMONTID:0000323,CHEMONTID:0000000;CHEMONTID:0004603;CHEMONTID:0000323;CHEMONTID:0001831,Organic compounds;Organic oxygen compounds;Organooxygen compounds;Carbonyl compounds
6144,Carbonyl compounds,1,CHEMONTID:0001831,4,CHEMONTID:0000323,CHEMONTID:0000000;CHEMONTID:0004603;CHEMONTID:0000323;CHEMONTID:0001831,Organic compounds;Organic oxygen compounds;Organooxygen compounds;Carbonyl compounds
4670,Carbonyl compounds,1,CHEMONTID:0001831,4,CHEMONTID:0000323,CHEMONTID:0000000;CHEMONTID:0004603;CHEMONTID:0000323;CHEMONTID:0001831,Organic compounds;Organic oxygen compounds;Organooxygen compounds;Carbonyl compounds
12063,Carbonyl compounds,0.96,CHEMONTID:0001831,4,CHEMONTID:0000323,CHEMONTID:0000000;CHEMONTID:0004603;CHEMONTID:0000323;CHEMONTID:0001831,Organic compounds;Organic oxygen compounds;Organooxygen compounds;Carbonyl compounds
15395,Carbonyl compounds,0.93,CHEMONTID:0001831,4,CHEMONTID:0000323,CHEMONTID:0000000;CHEMONTID:0004603;CHEMONTID:0000323;CHEMONTID:0001831,Organic compounds;Organic oxygen compounds;Organooxygen compounds;Carbonyl compounds
5815,Dialkyl ethers,0.97,CHEMONTID:0001167,5,CHEMONTID:0000254,CHEMONTID:0000000;CHEMONTID:0004603;CHEMONTID:0000323;CHEMONTID:0000254;CHEMONTID:0001167,Organic compounds;Organic oxygen compounds;Organooxygen compounds;Ethers;Dialkyl ethers
13562,Amines,0.82,CHEMONTID:0002449,4,CHEMONTID:0000278,CHEMONTID:0000000;CHEMONTID:0004707;CHEMONTID:0000278;CHEMONTID:0002449,Organic compounds;Organic nitrogen compounds;Organonitrogen compounds;Amines
6964,Carbonyl compounds,0.95,CHEMONTID:0001831,4,CHEMONTID:0000323,CHEMONTID:0000000;CHEMONTID:0004603;CHEMONTID:0000323;CHEMONTID:0001831,Organic compounds;Organic oxygen compounds;Organooxygen compounds;Carbonyl compounds
10975,Carbonyl compounds,0.99,CHEMONTID:0001831,4,CHEMONTID:0000323,CHEMONTID:0000000;CHEMONTID:0004603;CHEMONTID:0000323;CHEMONTID:0001831,Organic compounds;Organic oxygen compounds;Organooxygen compounds;Carbonyl compounds
997,Alcohols and polyols,0.8,CHEMONTID:0000129,4,CHEMONTID:0000323,CHEMONTID:0000000;CHEMONTID:0004603;CHEMONTID:0000323;CHEMONTID:0000129,Organic compounds;Organic oxygen compounds;Organooxygen compounds;Alcohols and polyols
14506,N-acyl-alpha amino acids and derivatives,1,CHEMONTID:0001189,7,CHEMONTID:0000060,CHEMONTID:0000000;CHEMONTID:0000264;CHEMONTID:0000265;CHEMONTID:0000013;CHEMONTID:0000347;CHEMONTID:0000060;CHEMONTID:0001189,"Organic compounds;Organic acids and derivatives;Carboxylic acids and derivatives;Amino acids, peptides, and analogues;Amino acids and derivatives;Alpha amino acids and derivatives;N-acyl-alpha amino acids and derivatives"
7586,N-acyl amines,0.87,CHEMONTID:0001096,5,CHEMONTID:0000331,CHEMONTID:0000000;CHEMONTID:0000012;CHEMONTID:0003909;CHEMONTID:0000331;CHEMONTID:0001096,Organic compounds;Lipids and lipid-like molecules;Fatty Acyls;Fatty amides;N-acyl amines
2328,Carbonyl compounds,0.98,CHEMONTID:0001831,4,CHEMONTID:0000323,CHEMONTID:0000000;CHEMONTID:0004603;CHEMONTID:0000323;CHEMONTID:0001831,Organic compounds;Organic oxygen compounds;Organooxygen compounds;Carbonyl compounds
10400,Monoalkylamines,0.88,CHEMONTID:0000469,6,CHEMONTID:0002450,CHEMONTID:0000000;CHEMONTID:0004707;CHEMONTID:0000278;CHEMONTID:0002449;CHEMONTID:0002450;CHEMONTID:0000469,Organic compounds;Organic nitrogen compounds;Organonitrogen compounds;Amines;Primary amines;Monoalkylamines
19871,Ethers,0.99,CHEMONTID:0000254,4,CHEMONTID:0000323,CHEMONTID:0000000;CHEMONTID:0004603;CHEMONTID:0000323;CHEMONTID:0000254,Organic compounds;Organic oxygen compounds;Organooxygen compounds;Ethers
12783,N-substituted imidazoles,0.92,CHEMONTID:0002311,6,CHEMONTID:0002310,CHEMONTID:0000000;CHEMONTID:0000002;CHEMONTID:0000436;CHEMONTID:0000078;CHEMONTID:0002310;CHEMONTID:0002311,Organic compounds;Organoheterocyclic compounds;Azoles;Imidazoles;Substituted imidazoles;N-substituted imidazoles
3328,Dialkyl ethers,0.97,CHEMONTID:0001167,5,CHEMONTID:0000254,CHEMONTID:0000000;CHEMONTID:0004603;CHEMONTID:0000323;CHEMONTID:0000254;CHEMONTID:0001167,Organic compounds;Organic oxygen compounds;Organooxygen compounds;Ethers;Dialkyl ethers
18871,Primary amines,1,CHEMONTID:0002450,5,CHEMONTID:0002449,CHEMONTID:0000000;CHEMONTID:0004707;CHEMONTID:0000278;CHEMONTID:0002449;CHEMONTID:0002450,Organic compounds;Organic nitrogen compounds;Organonitrogen compounds;Amines;Primary amines
8917,Monocarboxylic acids and derivatives,0.9,CHEMONTID:0001137,4,CHEMONTID:0000265,CHEMONTID:0000000;CHEMONTID:0000264;CHEMONTID:0000265;CHEMONTID:0001137,Organic compounds;Organic acids and derivatives;Carboxylic acids and derivatives;Monocarboxylic acids and derivatives
6814,Alcohols and polyols,0.92,CHEMONTID:0000129,4,CHEMONTID:0000323,CHEMONTID:0000000;CHEMONTID:0004603;CHEMONTID:0000323;CHEMONTID:0000129,Organic compounds;Organic oxygen compounds;Organooxygen compounds;Alcohols and polyols
3234,Carbonyl compounds,0.8,CHEMONTID:0001831,4,CHEMONTID:0000323,CHEMONTID:0000000;CHEMONTID:0004603;CHEMONTID:0000323;CHEMONTID:0001831,Organic compounds;Organic oxygen compounds;Organooxygen compounds;Carbonyl compounds
9715,Alcohols and polyols,0.92,CHEMONTID:0000129,4,CHEMONTID:0000323,CHEMONTID:0000000;CHEMONTID:0004603;CHEMONTID:0000323;CHEMONTID:0000129,Organic compounds;Organic oxygen compounds;Organooxygen compounds;Alcohols and polyols
10348,Carboxylic acid derivatives,0.92,CHEMONTID:0001093,4,CHEMONTID:0000265,CHEMONTID:0000000;CHEMONTID:0000264;CHEMONTID:0000265;CHEMONTID:0001093,Organic compounds;Organic acids and derivatives;Carboxylic acids and derivatives;Carboxylic acid derivatives
5072,Carboxylic acid derivatives,0.96,CHEMONTID:0001093,4,CHEMONTID:0000265,CHEMONTID:0000000;CHEMONTID:0000264;CHEMONTID:0000265;CHEMONTID:0001093,Organic compounds;Organic acids and derivatives;Carboxylic acids and derivatives;Carboxylic acid derivatives
16532,Carbonyl compounds,0.89,CHEMONTID:0001831,4,CHEMONTID:0000323,CHEMONTID:0000000;CHEMONTID:0004603;CHEMONTID:0000323;CHEMONTID:0001831,Organic compounds;Organic oxygen compounds;Organooxygen compounds;Carbonyl compounds
11237,Amines,0.99,CHEMONTID:0002449,4,CHEMONTID:0000278,CHEMONTID:0000000;CHEMONTID:0004707;CHEMONTID:0000278;CHEMONTID:0002449,Organic compounds;Organic nitrogen compounds;Organonitrogen compounds;Amines
12037,N-acyl amines,0.93,CHEMONTID:0001096,5,CHEMONTID:0000331,CHEMONTID:0000000;CHEMONTID:0000012;CHEMONTID:0003909;CHEMONTID:0000331;CHEMONTID:0001096,Organic compounds;Lipids and lipid-like molecules;Fatty Acyls;Fatty amides;N-acyl amines
4527,Carbonyl compounds,0.88,CHEMONTID:0001831,4,CHEMONTID:0000323,CHEMONTID:0000000;CHEMONTID:0004603;CHEMONTID:0000323;CHEMONTID:0001831,Organic compounds;Organic oxygen compounds;Organooxygen compounds;Carbonyl compounds
19450,Alcohols and polyols,0.98,CHEMONTID:0000129,4,CHEMONTID:0000323,CHEMONTID:0000000;CHEMONTID:0004603;CHEMONTID:0000323;CHEMONTID:0000129,Organic compounds;Organic oxygen compounds;Organooxygen compounds;Alcohols and polyols
12518,Carbonyl compounds,0.87,CHEMONTID:0001831,4,CHEMONTID:0000323,CHEMONTID:0000000;CHEMONTID:0004603;CHEMONTID:0000323;CHEMONTID:0001831,Organic compounds;Organic oxygen compounds;Organooxygen compounds;Carbonyl compounds
16646,Carboxylic acid derivatives,0.91,CHEMONTID:0001093,4,CHEMONTID:0000265,CHEMONTID:0000000;CHEMONTID:0000264;CHEMONTID:0000265;CHEMONTID:0001093,Organic compounds;Organic acids and derivatives;Carboxylic acids and derivatives;Carboxylic acid derivatives
1001,Alcohols and polyols,0.95,CHEMONTID:0000129,4,CHEMONTID:0000323,CHEMONTID:0000000;CHEMONTID:0004603;CHEMONTID:0000323;CHEMONTID:0000129,Organic compounds;Organic oxygen compounds;Organooxygen compounds;Alcohols and polyols
7614,Carbonyl compounds,0.94,CHEMONTID:0001831,4,CHEMONTID:0000323,CHEMONTID:0000000;CHEMONTID:0004603;CHEMONTID:0000323;CHEMONTID:0001831,Organic compounds;Organic oxygen compounds;Organooxygen compounds;Carbonyl compounds
16315,Carbonyl compounds,0.87,CHEMONTID:0001831,4,CHEMONTID:0000323,CHEMONTID:0000000;CHEMONTID:0004603;CHEMONTID:0000323;CHEMONTID:0001831,Organic compounds;Organic oxygen compounds;Organooxygen compounds;Carbonyl compounds
15596,Amines,0.81,CHEMONTID:0002449,4,CHEMONTID:0000278,CHEMONTID:0000000;CHEMONTID:0004707;CHEMONTID:0000278;CHEMONTID:0002449,Organic compounds;Organic nitrogen compounds;Organonitrogen compounds;Amines
15941,Carbonyl compounds,0.88,CHEMONTID:0001831,4,CHEMONTID:0000323,CHEMONTID:0000000;CHEMONTID:0004603;CHEMONTID:0000323;CHEMONTID:0001831,Organic compounds;Organic oxygen compounds;Organooxygen compounds;Carbonyl compounds
13525,Aralkylamines,0.8,CHEMONTID:0003899,5,CHEMONTID:0002449,CHEMONTID:0000000;CHEMONTID:0004707;CHEMONTID:0000278;CHEMONTID:0002449;CHEMONTID:0003899,Organic compounds;Organic nitrogen compounds;Organonitrogen compounds;Amines;Aralkylamines
6898,Monoalkylamines,0.95,CHEMONTID:0000469,6,CHEMONTID:0002450,CHEMONTID:0000000;CHEMONTID:0004707;CHEMONTID:0000278;CHEMONTID:0002449;CHEMONTID:0002450;CHEMONTID:0000469,Organic compounds;Organic nitrogen compounds;Organonitrogen compounds;Amines;Primary amines;Monoalkylamines
11866,Amines,0.97,CHEMONTID:0002449,4,CHEMONTID:0000278,CHEMONTID:0000000;CHEMONTID:0004707;CHEMONTID:0000278;CHEMONTID:0002449,Organic compounds;Organic nitrogen compounds;Organonitrogen compounds;Amines
8158,Carbonyl compounds,0.91,CHEMONTID:0001831,4,CHEMONTID:0000323,CHEMONTID:0000000;CHEMONTID:0004603;CHEMONTID:0000323;CHEMONTID:0001831,Organic compounds;Organic oxygen compounds;Organooxygen compounds;Carbonyl compounds
2375,Monoalkylamines,0.98,CHEMONTID:0000469,6,CHEMONTID:0002450,CHEMONTID:0000000;CHEMONTID:0004707;CHEMONTID:0000278;CHEMONTID:0002449;CHEMONTID:0002450;CHEMONTID:0000469,Organic compounds;Organic nitrogen compounds;Organonitrogen compounds;Amines;Primary amines;Monoalkylamines
5109,Carbonyl compounds,1,CHEMONTID:0001831,4,CHEMONTID:0000323,CHEMONTID:0000000;CHEMONTID:0004603;CHEMONTID:0000323;CHEMONTID:0001831,Organic compounds;Organic oxygen compounds;Organooxygen compounds;Carbonyl compounds
19444,Alcohols and polyols,1,CHEMONTID:0000129,4,CHEMONTID:0000323,CHEMONTID:0000000;CHEMONTID:0004603;CHEMONTID:0000323;CHEMONTID:0000129,Organic compounds;Organic oxygen compounds;Organooxygen compounds;Alcohols and polyols
13040,Primary amines,0.95,CHEMONTID:0002450,5,CHEMONTID:0002449,CHEMONTID:0000000;CHEMONTID:0004707;CHEMONTID:0000278;CHEMONTID:0002449;CHEMONTID:0002450,Organic compounds;Organic nitrogen compounds;Organonitrogen compounds;Amines;Primary amines
16145,Amines,0.99,CHEMONTID:0002449,4,CHEMONTID:0000278,CHEMONTID:0000000;CHEMONTID:0004707;CHEMONTID:0000278;CHEMONTID:0002449,Organic compounds;Organic nitrogen compounds;Organonitrogen compounds;Amines
14619,Monoalkylamines,0.99,CHEMONTID:0000469,6,CHEMONTID:0002450,CHEMONTID:0000000;CHEMONTID:0004707;CHEMONTID:0000278;CHEMONTID:0002449;CHEMONTID:0002450;CHEMONTID:0000469,Organic compounds;Organic nitrogen compounds;Organonitrogen compounds;Amines;Primary amines;Monoalkylamines
5426,Guanidines,0.96,CHEMONTID:0000375,4,CHEMONTID:0000278,CHEMONTID:0000000;CHEMONTID:0004707;CHEMONTID:0000278;CHEMONTID:0000375,Organic compounds;Organic nitrogen compounds;Organonitrogen compounds;Guanidines
7688,Carbonyl compounds,0.97,CHEMONTID:0001831,4,CHEMONTID:0000323,CHEMONTID:0000000;CHEMONTID:0004603;CHEMONTID:0000323;CHEMONTID:0001831,Organic compounds;Organic oxygen compounds;Organooxygen compounds;Carbonyl compounds
9646,Alcohols and polyols,0.93,CHEMONTID:0000129,4,CHEMONTID:0000323,CHEMONTID:0000000;CHEMONTID:0004603;CHEMONTID:0000323;CHEMONTID:0000129,Organic compounds;Organic oxygen compounds;Organooxygen compounds;Alcohols and polyols
7605,Carbonyl compounds,0.94,CHEMONTID:0001831,4,CHEMONTID:0000323,CHEMONTID:0000000;CHEMONTID:0004603;CHEMONTID:0000323;CHEMONTID:0001831,Organic compounds;Organic oxygen compounds;Organooxygen compounds;Carbonyl compounds
3694,Carbonyl compounds,0.95,CHEMONTID:0001831,4,CHEMONTID:0000323,CHEMONTID:0000000;CHEMONTID:0004603;CHEMONTID:0000323;CHEMONTID:0001831,Organic compounds;Organic oxygen compounds;Organooxygen compounds;Carbonyl compounds
5440,Ortho amides,0.9,CHEMONTID:0002927,4,CHEMONTID:0000278,CHEMONTID:0000000;CHEMONTID:0004707;CHEMONTID:0000278;CHEMONTID:0002927,Organic compounds;Organic nitrogen compounds;Organonitrogen compounds;Ortho amides
3301,Monocarboxylic acids and derivatives,0.89,CHEMONTID:0001137,4,CHEMONTID:0000265,CHEMONTID:0000000;CHEMONTID:0000264;CHEMONTID:0000265;CHEMONTID:0001137,Organic compounds;Organic acids and derivatives;Carboxylic acids and derivatives;Monocarboxylic acids and derivatives
2065,Alcohols and polyols,0.98,CHEMONTID:0000129,4,CHEMONTID:0000323,CHEMONTID:0000000;CHEMONTID:0004603;CHEMONTID:0000323;CHEMONTID:0000129,Organic compounds;Organic oxygen compounds;Organooxygen compounds;Alcohols and polyols
10222,Carbonyl compounds,0.91,CHEMONTID:0001831,4,CHEMONTID:0000323,CHEMONTID:0000000;CHEMONTID:0004603;CHEMONTID:0000323;CHEMONTID:0001831,Organic compounds;Organic oxygen compounds;Organooxygen compounds;Carbonyl compounds
15211,Carbonyl compounds,0.85,CHEMONTID:0001831,4,CHEMONTID:0000323,CHEMONTID:0000000;CHEMONTID:0004603;CHEMONTID:0000323;CHEMONTID:0001831,Organic compounds;Organic oxygen compounds;Organooxygen compounds;Carbonyl compounds
873,Monoalkylamines,0.98,CHEMONTID:0000469,6,CHEMONTID:0002450,CHEMONTID:0000000;CHEMONTID:0004707;CHEMONTID:0000278;CHEMONTID:0002449;CHEMONTID:0002450;CHEMONTID:0000469,Organic compounds;Organic nitrogen compounds;Organonitrogen compounds;Amines;Primary amines;Monoalkylamines
2013,Amines,0.9,CHEMONTID:0002449,4,CHEMONTID:0000278,CHEMONTID:0000000;CHEMONTID:0004707;CHEMONTID:0000278;CHEMONTID:0002449,Organic compounds;Organic nitrogen compounds;Organonitrogen compounds;Amines
768,Dialkyl ethers,0.97,CHEMONTID:0001167,5,CHEMONTID:0000254,CHEMONTID:0000000;CHEMONTID:0004603;CHEMONTID:0000323;CHEMONTID:0000254;CHEMONTID:0001167,Organic compounds;Organic oxygen compounds;Organooxygen compounds;Ethers;Dialkyl ethers
15212,Carbonyl compounds,0.85,CHEMONTID:0001831,4,CHEMONTID:0000323,CHEMONTID:0000000;CHEMONTID:0004603;CHEMONTID:0000323;CHEMONTID:0001831,Organic compounds;Organic oxygen compounds;Organooxygen compounds;Carbonyl compounds
12322,Primary amines,0.94,CHEMONTID:0002450,5,CHEMONTID:0002449,CHEMONTID:0000000;CHEMONTID:0004707;CHEMONTID:0000278;CHEMONTID:0002449;CHEMONTID:0002450,Organic compounds;Organic nitrogen compounds;Organonitrogen compounds;Amines;Primary amines
16601,Dialkyl ethers,0.98,CHEMONTID:0001167,5,CHEMONTID:0000254,CHEMONTID:0000000;CHEMONTID:0004603;CHEMONTID:0000323;CHEMONTID:0000254;CHEMONTID:0001167,Organic compounds;Organic oxygen compounds;Organooxygen compounds;Ethers;Dialkyl ethers
13308,Monoalkylamines,0.94,CHEMONTID:0000469,6,CHEMONTID:0002450,CHEMONTID:0000000;CHEMONTID:0004707;CHEMONTID:0000278;CHEMONTID:0002449;CHEMONTID:0002450;CHEMONTID:0000469,Organic compounds;Organic nitrogen compounds;Organonitrogen compounds;Amines;Primary amines;Monoalkylamines
20429,Carbonyl compounds,0.97,CHEMONTID:0001831,4,CHEMONTID:0000323,CHEMONTID:0000000;CHEMONTID:0004603;CHEMONTID:0000323;CHEMONTID:0001831,Organic compounds;Organic oxygen compounds;Organooxygen compounds;Carbonyl compounds
13757,Carbonyl compounds,0.81,CHEMONTID:0001831,4,CHEMONTID:0000323,CHEMONTID:0000000;CHEMONTID:0004603;CHEMONTID:0000323;CHEMONTID:0001831,Organic compounds;Organic oxygen compounds;Organooxygen compounds;Carbonyl compounds
20536,Carbonyl compounds,0.99,CHEMONTID:0001831,4,CHEMONTID:0000323,CHEMONTID:0000000;CHEMONTID:0004603;CHEMONTID:0000323;CHEMONTID:0001831,Organic compounds;Organic oxygen compounds;Organooxygen compounds;Carbonyl compounds
13165,Phosphate esters,0.93,CHEMONTID:0000408,4,CHEMONTID:0000402,CHEMONTID:0000000;CHEMONTID:0000264;CHEMONTID:0000402;CHEMONTID:0000408,Organic compounds;Organic acids and derivatives;Organic phosphoric acids and derivatives;Phosphate esters
3707,Carbonyl compounds,1,CHEMONTID:0001831,4,CHEMONTID:0000323,CHEMONTID:0000000;CHEMONTID:0004603;CHEMONTID:0000323;CHEMONTID:0001831,Organic compounds;Organic oxygen compounds;Organooxygen compounds;Carbonyl compounds
7122,Carbonyl compounds,0.98,CHEMONTID:0001831,4,CHEMONTID:0000323,CHEMONTID:0000000;CHEMONTID:0004603;CHEMONTID:0000323;CHEMONTID:0001831,Organic compounds;Organic oxygen compounds;Organooxygen compounds;Carbonyl compounds
7967,Carbonyl compounds,0.96,CHEMONTID:0001831,4,CHEMONTID:0000323,CHEMONTID:0000000;CHEMONTID:0004603;CHEMONTID:0000323;CHEMONTID:0001831,Organic compounds;Organic oxygen compounds;Organooxygen compounds;Carbonyl compounds
20601,Carboxylic acids,0.93,CHEMONTID:0001205,4,CHEMONTID:0000265,CHEMONTID:0000000;CHEMONTID:0000264;CHEMONTID:0000265;CHEMONTID:0001205,Organic compounds;Organic acids and derivatives;Carboxylic acids and derivatives;Carboxylic acids
5478,Secondary alcohols,0.99,CHEMONTID:0001661,5,CHEMONTID:0000129,CHEMONTID:0000000;CHEMONTID:0004603;CHEMONTID:0000323;CHEMONTID:0000129;CHEMONTID:0001661,Organic compounds;Organic oxygen compounds;Organooxygen compounds;Alcohols and polyols;Secondary alcohols
10437,Alcohols and polyols,0.99,CHEMONTID:0000129,4,CHEMONTID:0000323,CHEMONTID:0000000;CHEMONTID:0004603;CHEMONTID:0000323;CHEMONTID:0000129,Organic compounds;Organic oxygen compounds;Organooxygen compounds;Alcohols and polyols
7597,Carboxylic acid amides,0.86,CHEMONTID:0000475,5,CHEMONTID:0001093,CHEMONTID:0000000;CHEMONTID:0000264;CHEMONTID:0000265;CHEMONTID:0001093;CHEMONTID:0000475,Organic compounds;Organic acids and derivatives;Carboxylic acids and derivatives;Carboxylic acid derivatives;Carboxylic acid amides
3563,Alkyl phosphates,0.99,CHEMONTID:0003457,5,CHEMONTID:0000408,CHEMONTID:0000000;CHEMONTID:0000264;CHEMONTID:0000402;CHEMONTID:0000408;CHEMONTID:0003457,Organic compounds;Organic acids and derivatives;Organic phosphoric acids and derivatives;Phosphate esters;Alkyl phosphates
3926,Primary amines,0.81,CHEMONTID:0002450,5,CHEMONTID:0002449,CHEMONTID:0000000;CHEMONTID:0004707;CHEMONTID:0000278;CHEMONTID:0002449;CHEMONTID:0002450,Organic compounds;Organic nitrogen compounds;Organonitrogen compounds;Amines;Primary amines
7861,Fatty amides,0.85,CHEMONTID:0000331,4,CHEMONTID:0003909,CHEMONTID:0000000;CHEMONTID:0000012;CHEMONTID:0003909;CHEMONTID:0000331,Organic compounds;Lipids and lipid-like molecules;Fatty Acyls;Fatty amides
6387,Alcohols and polyols,0.93,CHEMONTID:0000129,4,CHEMONTID:0000323,CHEMONTID:0000000;CHEMONTID:0004603;CHEMONTID:0000323;CHEMONTID:0000129,Organic compounds;Organic oxygen compounds;Organooxygen compounds;Alcohols and polyols
16855,Carbonyl compounds,0.92,CHEMONTID:0001831,4,CHEMONTID:0000323,CHEMONTID:0000000;CHEMONTID:0004603;CHEMONTID:0000323;CHEMONTID:0001831,Organic compounds;Organic oxygen compounds;Organooxygen compounds;Carbonyl compounds
5146,Amines,0.88,CHEMONTID:0002449,4,CHEMONTID:0000278,CHEMONTID:0000000;CHEMONTID:0004707;CHEMONTID:0000278;CHEMONTID:0002449,Organic compounds;Organic nitrogen compounds;Organonitrogen compounds;Amines
15728,Ethers,0.83,CHEMONTID:0000254,4,CHEMONTID:0000323,CHEMONTID:0000000;CHEMONTID:0004603;CHEMONTID:0000323;CHEMONTID:0000254,Organic compounds;Organic oxygen compounds;Organooxygen compounds;Ethers
18169,Ethers,0.99,CHEMONTID:0000254,4,CHEMONTID:0000323,CHEMONTID:0000000;CHEMONTID:0004603;CHEMONTID:0000323;CHEMONTID:0000254,Organic compounds;Organic oxygen compounds;Organooxygen compounds;Ethers
11584,Carbonyl compounds,0.97,CHEMONTID:0001831,4,CHEMONTID:0000323,CHEMONTID:0000000;CHEMONTID:0004603;CHEMONTID:0000323;CHEMONTID:0001831,Organic compounds;Organic oxygen compounds;Organooxygen compounds;Carbonyl compounds
17357,Carbonyl compounds,0.99,CHEMONTID:0001831,4,CHEMONTID:0000323,CHEMONTID:0000000;CHEMONTID:0004603;CHEMONTID:0000323;CHEMONTID:0001831,Organic compounds;Organic oxygen compounds;Organooxygen compounds;Carbonyl compounds
2561,Carboxylic acid derivatives,0.98,CHEMONTID:0001093,4,CHEMONTID:0000265,CHEMONTID:0000000;CHEMONTID:0000264;CHEMONTID:0000265;CHEMONTID:0001093,Organic compounds;Organic acids and derivatives;Carboxylic acids and derivatives;Carboxylic acid derivatives
6862,Carbonyl compounds,0.89,CHEMONTID:0001831,4,CHEMONTID:0000323,CHEMONTID:0000000;CHEMONTID:0004603;CHEMONTID:0000323;CHEMONTID:0001831,Organic compounds;Organic oxygen compounds;Organooxygen compounds;Carbonyl compounds
10747,Carbonyl compounds,0.99,CHEMONTID:0001831,4,CHEMONTID:0000323,CHEMONTID:0000000;CHEMONTID:0004603;CHEMONTID:0000323;CHEMONTID:0001831,Organic compounds;Organic oxygen compounds;Organooxygen compounds;Carbonyl compounds
4661,Alcohols and polyols,0.99,CHEMONTID:0000129,4,CHEMONTID:0000323,CHEMONTID:0000000;CHEMONTID:0004603;CHEMONTID:0000323;CHEMONTID:0000129,Organic compounds;Organic oxygen compounds;Organooxygen compounds;Alcohols and polyols
7435,Monoalkylamines,0.99,CHEMONTID:0000469,6,CHEMONTID:0002450,CHEMONTID:0000000;CHEMONTID:0004707;CHEMONTID:0000278;CHEMONTID:0002449;CHEMONTID:0002450;CHEMONTID:0000469,Organic compounds;Organic nitrogen compounds;Organonitrogen compounds;Amines;Primary amines;Monoalkylamines
11180,Carbonyl compounds,1,CHEMONTID:0001831,4,CHEMONTID:0000323,CHEMONTID:0000000;CHEMONTID:0004603;CHEMONTID:0000323;CHEMONTID:0001831,Organic compounds;Organic oxygen compounds;Organooxygen compounds;Carbonyl compounds
10712,Carbonyl compounds,0.9,CHEMONTID:0001831,4,CHEMONTID:0000323,CHEMONTID:0000000;CHEMONTID:0004603;CHEMONTID:0000323;CHEMONTID:0001831,Organic compounds;Organic oxygen compounds;Organooxygen compounds;Carbonyl compounds
19024,Alcohols and polyols,0.96,CHEMONTID:0000129,4,CHEMONTID:0000323,CHEMONTID:0000000;CHEMONTID:0004603;CHEMONTID:0000323;CHEMONTID:0000129,Organic compounds;Organic oxygen compounds;Organooxygen compounds;Alcohols and polyols
4797,Dialkyl phosphates,1,CHEMONTID:0003459,6,CHEMONTID:0003457,CHEMONTID:0000000;CHEMONTID:0000264;CHEMONTID:0000402;CHEMONTID:0000408;CHEMONTID:0003457;CHEMONTID:0003459,Organic compounds;Organic acids and derivatives;Organic phosphoric acids and derivatives;Phosphate esters;Alkyl phosphates;Dialkyl phosphates
18461,Carbonyl compounds,0.8,CHEMONTID:0001831,4,CHEMONTID:0000323,CHEMONTID:0000000;CHEMONTID:0004603;CHEMONTID:0000323;CHEMONTID:0001831,Organic compounds;Organic oxygen compounds;Organooxygen compounds;Carbonyl compounds
19965,Carboxylic acid derivatives,0.98,CHEMONTID:0001093,4,CHEMONTID:0000265,CHEMONTID:0000000;CHEMONTID:0000264;CHEMONTID:0000265;CHEMONTID:0001093,Organic compounds;Organic acids and derivatives;Carboxylic acids and derivatives;Carboxylic acid derivatives
19709,Imidazoles,0.98,CHEMONTID:0000078,4,CHEMONTID:0000436,CHEMONTID:0000000;CHEMONTID:0000002;CHEMONTID:0000436;CHEMONTID:0000078,Organic compounds;Organoheterocyclic compounds;Azoles;Imidazoles
19071,Amines,0.96,CHEMONTID:0002449,4,CHEMONTID:0000278,CHEMONTID:0000000;CHEMONTID:0004707;CHEMONTID:0000278;CHEMONTID:0002449,Organic compounds;Organic nitrogen compounds;Organonitrogen compounds;Amines
9995,Carbonyl compounds,0.98,CHEMONTID:0001831,4,CHEMONTID:0000323,CHEMONTID:0000000;CHEMONTID:0004603;CHEMONTID:0000323;CHEMONTID:0001831,Organic compounds;Organic oxygen compounds;Organooxygen compounds;Carbonyl compounds
4580,Primary amines,0.99,CHEMONTID:0002450,5,CHEMONTID:0002449,CHEMONTID:0000000;CHEMONTID:0004707;CHEMONTID:0000278;CHEMONTID:0002449;CHEMONTID:0002450,Organic compounds;Organic nitrogen compounds;Organonitrogen compounds;Amines;Primary amines
12792,Carbonyl compounds,0.94,CHEMONTID:0001831,4,CHEMONTID:0000323,CHEMONTID:0000000;CHEMONTID:0004603;CHEMONTID:0000323;CHEMONTID:0001831,Organic compounds;Organic oxygen compounds;Organooxygen compounds;Carbonyl compounds
20071,Monocarboxylic acids and derivatives,0.82,CHEMONTID:0001137,4,CHEMONTID:0000265,CHEMONTID:0000000;CHEMONTID:0000264;CHEMONTID:0000265;CHEMONTID:0001137,Organic compounds;Organic acids and derivatives;Carboxylic acids and derivatives;Monocarboxylic acids and derivatives
13069,Ethers,0.83,CHEMONTID:0000254,4,CHEMONTID:0000323,CHEMONTID:0000000;CHEMONTID:0004603;CHEMONTID:0000323;CHEMONTID:0000254,Organic compounds;Organic oxygen compounds;Organooxygen compounds;Ethers
1980,Ethers,0.99,CHEMONTID:0000254,4,CHEMONTID:0000323,CHEMONTID:0000000;CHEMONTID:0004603;CHEMONTID:0000323;CHEMONTID:0000254,Organic compounds;Organic oxygen compounds;Organooxygen compounds;Ethers
11911,Alcohols and polyols,0.8,CHEMONTID:0000129,4,CHEMONTID:0000323,CHEMONTID:0000000;CHEMONTID:0004603;CHEMONTID:0000323;CHEMONTID:0000129,Organic compounds;Organic oxygen compounds;Organooxygen compounds;Alcohols and polyols
4045,Amines,0.92,CHEMONTID:0002449,4,CHEMONTID:0000278,CHEMONTID:0000000;CHEMONTID:0004707;CHEMONTID:0000278;CHEMONTID:0002449,Organic compounds;Organic nitrogen compounds;Organonitrogen compounds;Amines
17521,Carbonyl compounds,0.88,CHEMONTID:0001831,4,CHEMONTID:0000323,CHEMONTID:0000000;CHEMONTID:0004603;CHEMONTID:0000323;CHEMONTID:0001831,Organic compounds;Organic oxygen compounds;Organooxygen compounds;Carbonyl compounds
5071,Alcohols and polyols,0.95,CHEMONTID:0000129,4,CHEMONTID:0000323,CHEMONTID:0000000;CHEMONTID:0004603;CHEMONTID:0000323;CHEMONTID:0000129,Organic compounds;Organic oxygen compounds;Organooxygen compounds;Alcohols and polyols
17433,Monoalkylamines,0.96,CHEMONTID:0000469,6,CHEMONTID:0002450,CHEMONTID:0000000;CHEMONTID:0004707;CHEMONTID:0000278;CHEMONTID:0002449;CHEMONTID:0002450;CHEMONTID:0000469,Organic compounds;Organic nitrogen compounds;Organonitrogen compounds;Amines;Primary amines;Monoalkylamines
8102,Carboxylic acid derivatives,0.88,CHEMONTID:0001093,4,CHEMONTID:0000265,CHEMONTID:0000000;CHEMONTID:0000264;CHEMONTID:0000265;CHEMONTID:0001093,Organic compounds;Organic acids and derivatives;Carboxylic acids and derivatives;Carboxylic acid derivatives
10143,Amines,0.9,CHEMONTID:0002449,4,CHEMONTID:0000278,CHEMONTID:0000000;CHEMONTID:0004707;CHEMONTID:0000278;CHEMONTID:0002449,Organic compounds;Organic nitrogen compounds;Organonitrogen compounds;Amines
16140,Alcohols and polyols,0.93,CHEMONTID:0000129,4,CHEMONTID:0000323,CHEMONTID:0000000;CHEMONTID:0004603;CHEMONTID:0000323;CHEMONTID:0000129,Organic compounds;Organic oxygen compounds;Organooxygen compounds;Alcohols and polyols
7947,Carbonyl compounds,0.86,CHEMONTID:0001831,4,CHEMONTID:0000323,CHEMONTID:0000000;CHEMONTID:0004603;CHEMONTID:0000323;CHEMONTID:0001831,Organic compounds;Organic oxygen compounds;Organooxygen compounds;Carbonyl compounds
16291,Amines,0.94,CHEMONTID:0002449,4,CHEMONTID:0000278,CHEMONTID:0000000;CHEMONTID:0004707;CHEMONTID:0000278;CHEMONTID:0002449,Organic compounds;Organic nitrogen compounds;Organonitrogen compounds;Amines
2888,Carboxylic acid derivatives,0.99,CHEMONTID:0001093,4,CHEMONTID:0000265,CHEMONTID:0000000;CHEMONTID:0000264;CHEMONTID:0000265;CHEMONTID:0001093,Organic compounds;Organic acids and derivatives;Carboxylic acids and derivatives;Carboxylic acid derivatives
11039,Carboxylic acid derivatives,0.87,CHEMONTID:0001093,4,CHEMONTID:0000265,CHEMONTID:0000000;CHEMONTID:0000264;CHEMONTID:0000265;CHEMONTID:0001093,Organic compounds;Organic acids and derivatives;Carboxylic acids and derivatives;Carboxylic acid derivatives
4594,Carbonyl compounds,0.86,CHEMONTID:0001831,4,CHEMONTID:0000323,CHEMONTID:0000000;CHEMONTID:0004603;CHEMONTID:0000323;CHEMONTID:0001831,Organic compounds;Organic oxygen compounds;Organooxygen compounds;Carbonyl compounds
16885,Carbonyl compounds,0.98,CHEMONTID:0001831,4,CHEMONTID:0000323,CHEMONTID:0000000;CHEMONTID:0004603;CHEMONTID:0000323;CHEMONTID:0001831,Organic compounds;Organic oxygen compounds;Organooxygen compounds;Carbonyl compounds
18112,Amines,1,CHEMONTID:0002449,4,CHEMONTID:0000278,CHEMONTID:0000000;CHEMONTID:0004707;CHEMONTID:0000278;CHEMONTID:0002449,Organic compounds;Organic nitrogen compounds;Organonitrogen compounds;Amines
2636,Glycosyl compounds,0.99,CHEMONTID:0002105,5,CHEMONTID:0000011,CHEMONTID:0000000;CHEMONTID:0004603;CHEMONTID:0000323;CHEMONTID:0000011;CHEMONTID:0002105,Organic compounds;Organic oxygen compounds;Organooxygen compounds;Carbohydrates and carbohydrate conjugates;Glycosyl compounds
15830,Imidazoles,0.9,CHEMONTID:0000078,4,CHEMONTID:0000436,CHEMONTID:0000000;CHEMONTID:0000002;CHEMONTID:0000436;CHEMONTID:0000078,Organic compounds;Organoheterocyclic compounds;Azoles;Imidazoles
17425,Carbonyl compounds,0.93,CHEMONTID:0001831,4,CHEMONTID:0000323,CHEMONTID:0000000;CHEMONTID:0004603;CHEMONTID:0000323;CHEMONTID:0001831,Organic compounds;Organic oxygen compounds;Organooxygen compounds;Carbonyl compounds
17119,Carboxylic acid derivatives,1,CHEMONTID:0001093,4,CHEMONTID:0000265,CHEMONTID:0000000;CHEMONTID:0000264;CHEMONTID:0000265;CHEMONTID:0001093,Organic compounds;Organic acids and derivatives;Carboxylic acids and derivatives;Carboxylic acid derivatives
12636,Amines,0.99,CHEMONTID:0002449,4,CHEMONTID:0000278,CHEMONTID:0000000;CHEMONTID:0004707;CHEMONTID:0000278;CHEMONTID:0002449,Organic compounds;Organic nitrogen compounds;Organonitrogen compounds;Amines
10155,Carboxylic acid derivatives,0.9,CHEMONTID:0001093,4,CHEMONTID:0000265,CHEMONTID:0000000;CHEMONTID:0000264;CHEMONTID:0000265;CHEMONTID:0001093,Organic compounds;Organic acids and derivatives;Carboxylic acids and derivatives;Carboxylic acid derivatives
5938,Amines,0.94,CHEMONTID:0002449,4,CHEMONTID:0000278,CHEMONTID:0000000;CHEMONTID:0004707;CHEMONTID:0000278;CHEMONTID:0002449,Organic compounds;Organic nitrogen compounds;Organonitrogen compounds;Amines
2979,Monocarboxylic acids and derivatives,0.81,CHEMONTID:0001137,4,CHEMONTID:0000265,CHEMONTID:0000000;CHEMONTID:0000264;CHEMONTID:0000265;CHEMONTID:0001137,Organic compounds;Organic acids and derivatives;Carboxylic acids and derivatives;Monocarboxylic acids and derivatives
11862,Monocarboxylic acids and derivatives,0.91,CHEMONTID:0001137,4,CHEMONTID:0000265,CHEMONTID:0000000;CHEMONTID:0000264;CHEMONTID:0000265;CHEMONTID:0001137,Organic compounds;Organic acids and derivatives;Carboxylic acids and derivatives;Monocarboxylic acids and derivatives
4783,Carbonyl compounds,0.82,CHEMONTID:0001831,4,CHEMONTID:0000323,CHEMONTID:0000000;CHEMONTID:0004603;CHEMONTID:0000323;CHEMONTID:0001831,Organic compounds;Organic oxygen compounds;Organooxygen compounds;Carbonyl compounds
4519,Carbonyl compounds,0.9,CHEMONTID:0001831,4,CHEMONTID:0000323,CHEMONTID:0000000;CHEMONTID:0004603;CHEMONTID:0000323;CHEMONTID:0001831,Organic compounds;Organic oxygen compounds;Organooxygen compounds;Carbonyl compounds
1002,Carbonyl compounds,0.92,CHEMONTID:0001831,4,CHEMONTID:0000323,CHEMONTID:0000000;CHEMONTID:0004603;CHEMONTID:0000323;CHEMONTID:0001831,Organic compounds;Organic oxygen compounds;Organooxygen compounds;Carbonyl compounds
9882,Carbonyl compounds,0.95,CHEMONTID:0001831,4,CHEMONTID:0000323,CHEMONTID:0000000;CHEMONTID:0004603;CHEMONTID:0000323;CHEMONTID:0001831,Organic compounds;Organic oxygen compounds;Organooxygen compounds;Carbonyl compounds
10857,Dicarboxylic acids and derivatives,0.8,CHEMONTID:0000346,4,CHEMONTID:0000265,CHEMONTID:0000000;CHEMONTID:0000264;CHEMONTID:0000265;CHEMONTID:0000346,Organic compounds;Organic acids and derivatives;Carboxylic acids and derivatives;Dicarboxylic acids and derivatives
5215,Amino acids and derivatives,0.85,CHEMONTID:0000347,5,CHEMONTID:0000013,CHEMONTID:0000000;CHEMONTID:0000264;CHEMONTID:0000265;CHEMONTID:0000013;CHEMONTID:0000347,"Organic compounds;Organic acids and derivatives;Carboxylic acids and derivatives;Amino acids, peptides, and analogues;Amino acids and derivatives"
1739,Monocarboxylic acids and derivatives,0.85,CHEMONTID:0001137,4,CHEMONTID:0000265,CHEMONTID:0000000;CHEMONTID:0000264;CHEMONTID:0000265;CHEMONTID:0001137,Organic compounds;Organic acids and derivatives;Carboxylic acids and derivatives;Monocarboxylic acids and derivatives
3163,Carboxylic acid derivatives,0.86,CHEMONTID:0001093,4,CHEMONTID:0000265,CHEMONTID:0000000;CHEMONTID:0000264;CHEMONTID:0000265;CHEMONTID:0001093,Organic compounds;Organic acids and derivatives;Carboxylic acids and derivatives;Carboxylic acid derivatives
2463,Tertiary amines,0.83,CHEMONTID:0002452,5,CHEMONTID:0002449,CHEMONTID:0000000;CHEMONTID:0004707;CHEMONTID:0000278;CHEMONTID:0002449;CHEMONTID:0002452,Organic compounds;Organic nitrogen compounds;Organonitrogen compounds;Amines;Tertiary amines
9552,Amino acids and derivatives,0.98,CHEMONTID:0000347,5,CHEMONTID:0000013,CHEMONTID:0000000;CHEMONTID:0000264;CHEMONTID:0000265;CHEMONTID:0000013;CHEMONTID:0000347,"Organic compounds;Organic acids and derivatives;Carboxylic acids and derivatives;Amino acids, peptides, and analogues;Amino acids and derivatives"
19324,Carboxylic acid derivatives,0.86,CHEMONTID:0001093,4,CHEMONTID:0000265,CHEMONTID:0000000;CHEMONTID:0000264;CHEMONTID:0000265;CHEMONTID:0001093,Organic compounds;Organic acids and derivatives;Carboxylic acids and derivatives;Carboxylic acid derivatives
20211,Amino acids and derivatives,0.93,CHEMONTID:0000347,5,CHEMONTID:0000013,CHEMONTID:0000000;CHEMONTID:0000264;CHEMONTID:0000265;CHEMONTID:0000013;CHEMONTID:0000347,"Organic compounds;Organic acids and derivatives;Carboxylic acids and derivatives;Amino acids, peptides, and analogues;Amino acids and derivatives"
20720,Carbonyl compounds,0.98,CHEMONTID:0001831,4,CHEMONTID:0000323,CHEMONTID:0000000;CHEMONTID:0004603;CHEMONTID:0000323;CHEMONTID:0001831,Organic compounds;Organic oxygen compounds;Organooxygen compounds;Carbonyl compounds
14256,Triazoles,0.89,CHEMONTID:0000099,4,CHEMONTID:0000436,CHEMONTID:0000000;CHEMONTID:0000002;CHEMONTID:0000436;CHEMONTID:0000099,Organic compounds;Organoheterocyclic compounds;Azoles;Triazoles
2589,Purines and purine derivatives,0.98,CHEMONTID:0000245,4,CHEMONTID:0001797,CHEMONTID:0000000;CHEMONTID:0000002;CHEMONTID:0001797;CHEMONTID:0000245,Organic compounds;Organoheterocyclic compounds;Imidazopyrimidines;Purines and purine derivatives
19650,Guanidines,0.82,CHEMONTID:0000375,4,CHEMONTID:0000278,CHEMONTID:0000000;CHEMONTID:0004707;CHEMONTID:0000278;CHEMONTID:0000375,Organic compounds;Organic nitrogen compounds;Organonitrogen compounds;Guanidines
12409,Dialkyl ethers,0.96,CHEMONTID:0001167,5,CHEMONTID:0000254,CHEMONTID:0000000;CHEMONTID:0004603;CHEMONTID:0000323;CHEMONTID:0000254;CHEMONTID:0001167,Organic compounds;Organic oxygen compounds;Organooxygen compounds;Ethers;Dialkyl ethers
4901,Carbonyl compounds,0.88,CHEMONTID:0001831,4,CHEMONTID:0000323,CHEMONTID:0000000;CHEMONTID:0004603;CHEMONTID:0000323;CHEMONTID:0001831,Organic compounds;Organic oxygen compounds;Organooxygen compounds;Carbonyl compounds
4949,Carbonyl compounds,0.92,CHEMONTID:0001831,4,CHEMONTID:0000323,CHEMONTID:0000000;CHEMONTID:0004603;CHEMONTID:0000323;CHEMONTID:0001831,Organic compounds;Organic oxygen compounds;Organooxygen compounds;Carbonyl compounds
18729,Monocarboxylic acids and derivatives,0.88,CHEMONTID:0001137,4,CHEMONTID:0000265,CHEMONTID:0000000;CHEMONTID:0000264;CHEMONTID:0000265;CHEMONTID:0001137,Organic compounds;Organic acids and derivatives;Carboxylic acids and derivatives;Monocarboxylic acids and derivatives
6785,Carbonyl compounds,0.99,CHEMONTID:0001831,4,CHEMONTID:0000323,CHEMONTID:0000000;CHEMONTID:0004603;CHEMONTID:0000323;CHEMONTID:0001831,Organic compounds;Organic oxygen compounds;Organooxygen compounds;Carbonyl compounds
6433,Monoalkylamines,1,CHEMONTID:0000469,6,CHEMONTID:0002450,CHEMONTID:0000000;CHEMONTID:0004707;CHEMONTID:0000278;CHEMONTID:0002449;CHEMONTID:0002450;CHEMONTID:0000469,Organic compounds;Organic nitrogen compounds;Organonitrogen compounds;Amines;Primary amines;Monoalkylamines
15534,Carbonyl compounds,0.87,CHEMONTID:0001831,4,CHEMONTID:0000323,CHEMONTID:0000000;CHEMONTID:0004603;CHEMONTID:0000323;CHEMONTID:0001831,Organic compounds;Organic oxygen compounds;Organooxygen compounds;Carbonyl compounds
5816,Amines,0.84,CHEMONTID:0002449,4,CHEMONTID:0000278,CHEMONTID:0000000;CHEMONTID:0004707;CHEMONTID:0000278;CHEMONTID:0002449,Organic compounds;Organic nitrogen compounds;Organonitrogen compounds;Amines
19294,Carboxylic acid derivatives,0.89,CHEMONTID:0001093,4,CHEMONTID:0000265,CHEMONTID:0000000;CHEMONTID:0000264;CHEMONTID:0000265;CHEMONTID:0001093,Organic compounds;Organic acids and derivatives;Carboxylic acids and derivatives;Carboxylic acid derivatives
14488,Alcohols and polyols,0.99,CHEMONTID:0000129,4,CHEMONTID:0000323,CHEMONTID:0000000;CHEMONTID:0004603;CHEMONTID:0000323;CHEMONTID:0000129,Organic compounds;Organic oxygen compounds;Organooxygen compounds;Alcohols and polyols
1862,Alcohols and polyols,0.84,CHEMONTID:0000129,4,CHEMONTID:0000323,CHEMONTID:0000000;CHEMONTID:0004603;CHEMONTID:0000323;CHEMONTID:0000129,Organic compounds;Organic oxygen compounds;Organooxygen compounds;Alcohols and polyols
14336,Carboxylic acid derivatives,0.96,CHEMONTID:0001093,4,CHEMONTID:0000265,CHEMONTID:0000000;CHEMONTID:0000264;CHEMONTID:0000265;CHEMONTID:0001093,Organic compounds;Organic acids and derivatives;Carboxylic acids and derivatives;Carboxylic acid derivatives
8117,Carboxylic acid derivatives,0.96,CHEMONTID:0001093,4,CHEMONTID:0000265,CHEMONTID:0000000;CHEMONTID:0000264;CHEMONTID:0000265;CHEMONTID:0001093,Organic compounds;Organic acids and derivatives;Carboxylic acids and derivatives;Carboxylic acid derivatives
13019,Alcohols and polyols,0.8,CHEMONTID:0000129,4,CHEMONTID:0000323,CHEMONTID:0000000;CHEMONTID:0004603;CHEMONTID:0000323;CHEMONTID:0000129,Organic compounds;Organic oxygen compounds;Organooxygen compounds;Alcohols and polyols
2221,Carbonyl compounds,0.98,CHEMONTID:0001831,4,CHEMONTID:0000323,CHEMONTID:0000000;CHEMONTID:0004603;CHEMONTID:0000323;CHEMONTID:0001831,Organic compounds;Organic oxygen compounds;Organooxygen compounds;Carbonyl compounds
15915,Carbonyl compounds,0.96,CHEMONTID:0001831,4,CHEMONTID:0000323,CHEMONTID:0000000;CHEMONTID:0004603;CHEMONTID:0000323;CHEMONTID:0001831,Organic compounds;Organic oxygen compounds;Organooxygen compounds;Carbonyl compounds
3995,Carbonyl compounds,0.84,CHEMONTID:0001831,4,CHEMONTID:0000323,CHEMONTID:0000000;CHEMONTID:0004603;CHEMONTID:0000323;CHEMONTID:0001831,Organic compounds;Organic oxygen compounds;Organooxygen compounds;Carbonyl compounds
6422,Amines,0.98,CHEMONTID:0002449,4,CHEMONTID:0000278,CHEMONTID:0000000;CHEMONTID:0004707;CHEMONTID:0000278;CHEMONTID:0002449,Organic compounds;Organic nitrogen compounds;Organonitrogen compounds;Amines
9541,Indoles,0.95,CHEMONTID:0002497,4,CHEMONTID:0000211,CHEMONTID:0000000;CHEMONTID:0000002;CHEMONTID:0000211;CHEMONTID:0002497,Organic compounds;Organoheterocyclic compounds;Indoles and derivatives;Indoles
19202,Carbonyl compounds,0.96,CHEMONTID:0001831,4,CHEMONTID:0000323,CHEMONTID:0000000;CHEMONTID:0004603;CHEMONTID:0000323;CHEMONTID:0001831,Organic compounds;Organic oxygen compounds;Organooxygen compounds;Carbonyl compounds
18874,Alcohols and polyols,0.97,CHEMONTID:0000129,4,CHEMONTID:0000323,CHEMONTID:0000000;CHEMONTID:0004603;CHEMONTID:0000323;CHEMONTID:0000129,Organic compounds;Organic oxygen compounds;Organooxygen compounds;Alcohols and polyols
13925,Pyrimidines and pyrimidine derivatives,1,CHEMONTID:0000075,4,CHEMONTID:0001346,CHEMONTID:0000000;CHEMONTID:0000002;CHEMONTID:0001346;CHEMONTID:0000075,Organic compounds;Organoheterocyclic compounds;Diazines;Pyrimidines and pyrimidine derivatives
4617,Monoalkylamines,0.99,CHEMONTID:0000469,6,CHEMONTID:0002450,CHEMONTID:0000000;CHEMONTID:0004707;CHEMONTID:0000278;CHEMONTID:0002449;CHEMONTID:0002450;CHEMONTID:0000469,Organic compounds;Organic nitrogen compounds;Organonitrogen compounds;Amines;Primary amines;Monoalkylamines
6031,Alcohols and polyols,0.82,CHEMONTID:0000129,4,CHEMONTID:0000323,CHEMONTID:0000000;CHEMONTID:0004603;CHEMONTID:0000323;CHEMONTID:0000129,Organic compounds;Organic oxygen compounds;Organooxygen compounds;Alcohols and polyols
8218,Monoalkylamines,1,CHEMONTID:0000469,6,CHEMONTID:0002450,CHEMONTID:0000000;CHEMONTID:0004707;CHEMONTID:0000278;CHEMONTID:0002449;CHEMONTID:0002450;CHEMONTID:0000469,Organic compounds;Organic nitrogen compounds;Organonitrogen compounds;Amines;Primary amines;Monoalkylamines
18933,Carboxylic acid derivatives,0.9,CHEMONTID:0001093,4,CHEMONTID:0000265,CHEMONTID:0000000;CHEMONTID:0000264;CHEMONTID:0000265;CHEMONTID:0001093,Organic compounds;Organic acids and derivatives;Carboxylic acids and derivatives;Carboxylic acid derivatives
14182,Amines,1,CHEMONTID:0002449,4,CHEMONTID:0000278,CHEMONTID:0000000;CHEMONTID:0004707;CHEMONTID:0000278;CHEMONTID:0002449,Organic compounds;Organic nitrogen compounds;Organonitrogen compounds;Amines
16428,Primary amines,0.88,CHEMONTID:0002450,5,CHEMONTID:0002449,CHEMONTID:0000000;CHEMONTID:0004707;CHEMONTID:0000278;CHEMONTID:0002449;CHEMONTID:0002450,Organic compounds;Organic nitrogen compounds;Organonitrogen compounds;Amines;Primary amines
17976,N-acyl amines,0.91,CHEMONTID:0001096,5,CHEMONTID:0000331,CHEMONTID:0000000;CHEMONTID:0000012;CHEMONTID:0003909;CHEMONTID:0000331;CHEMONTID:0001096,Organic compounds;Lipids and lipid-like molecules;Fatty Acyls;Fatty amides;N-acyl amines
17029,"Amino acids, peptides, and analogues",0.86,CHEMONTID:0000013,4,CHEMONTID:0000265,CHEMONTID:0000000;CHEMONTID:0000264;CHEMONTID:0000265;CHEMONTID:0000013,"Organic compounds;Organic acids and derivatives;Carboxylic acids and derivatives;Amino acids, peptides, and analogues"
9373,Monoalkylamines,1,CHEMONTID:0000469,6,CHEMONTID:0002450,CHEMONTID:0000000;CHEMONTID:0004707;CHEMONTID:0000278;CHEMONTID:0002449;CHEMONTID:0002450;CHEMONTID:0000469,Organic compounds;Organic nitrogen compounds;Organonitrogen compounds;Amines;Primary amines;Monoalkylamines
15283,Secondary alcohols,0.8,CHEMONTID:0001661,5,CHEMONTID:0000129,CHEMONTID:0000000;CHEMONTID:0004603;CHEMONTID:0000323;CHEMONTID:0000129;CHEMONTID:0001661,Organic compounds;Organic oxygen compounds;Organooxygen compounds;Alcohols and polyols;Secondary alcohols
8295,Carbonyl compounds,0.98,CHEMONTID:0001831,4,CHEMONTID:0000323,CHEMONTID:0000000;CHEMONTID:0004603;CHEMONTID:0000323;CHEMONTID:0001831,Organic compounds;Organic oxygen compounds;Organooxygen compounds;Carbonyl compounds
16700,Ethers,0.96,CHEMONTID:0000254,4,CHEMONTID:0000323,CHEMONTID:0000000;CHEMONTID:0004603;CHEMONTID:0000323;CHEMONTID:0000254,Organic compounds;Organic oxygen compounds;Organooxygen compounds;Ethers
6187,Carbonyl compounds,0.97,CHEMONTID:0001831,4,CHEMONTID:0000323,CHEMONTID:0000000;CHEMONTID:0004603;CHEMONTID:0000323;CHEMONTID:0001831,Organic compounds;Organic oxygen compounds;Organooxygen compounds;Carbonyl compounds
17926,Carbonyl compounds,0.99,CHEMONTID:0001831,4,CHEMONTID:0000323,CHEMONTID:0000000;CHEMONTID:0004603;CHEMONTID:0000323;CHEMONTID:0001831,Organic compounds;Organic oxygen compounds;Organooxygen compounds;Carbonyl compounds
5145,N-acyl-alpha amino acids,1,CHEMONTID:0002402,8,CHEMONTID:0001189,CHEMONTID:0000000;CHEMONTID:0000264;CHEMONTID:0000265;CHEMONTID:0000013;CHEMONTID:0000347;CHEMONTID:0000060;CHEMONTID:0001189;CHEMONTID:0002402,"Organic compounds;Organic acids and derivatives;Carboxylic acids and derivatives;Amino acids, peptides, and analogues;Amino acids and derivatives;Alpha amino acids and derivatives;N-acyl-alpha amino acids and derivatives;N-acyl-alpha amino acids"
17351,Dialkyl ethers,0.91,CHEMONTID:0001167,5,CHEMONTID:0000254,CHEMONTID:0000000;CHEMONTID:0004603;CHEMONTID:0000323;CHEMONTID:0000254;CHEMONTID:0001167,Organic compounds;Organic oxygen compounds;Organooxygen compounds;Ethers;Dialkyl ethers
7797,Amines,0.91,CHEMONTID:0002449,4,CHEMONTID:0000278,CHEMONTID:0000000;CHEMONTID:0004707;CHEMONTID:0000278;CHEMONTID:0002449,Organic compounds;Organic nitrogen compounds;Organonitrogen compounds;Amines
8949,Carbonyl compounds,0.85,CHEMONTID:0001831,4,CHEMONTID:0000323,CHEMONTID:0000000;CHEMONTID:0004603;CHEMONTID:0000323;CHEMONTID:0001831,Organic compounds;Organic oxygen compounds;Organooxygen compounds;Carbonyl compounds
12849,Alcohols and polyols,0.87,CHEMONTID:0000129,4,CHEMONTID:0000323,CHEMONTID:0000000;CHEMONTID:0004603;CHEMONTID:0000323;CHEMONTID:0000129,Organic compounds;Organic oxygen compounds;Organooxygen compounds;Alcohols and polyols
19925,Alcohols and polyols,0.98,CHEMONTID:0000129,4,CHEMONTID:0000323,CHEMONTID:0000000;CHEMONTID:0004603;CHEMONTID:0000323;CHEMONTID:0000129,Organic compounds;Organic oxygen compounds;Organooxygen compounds;Alcohols and polyols
17801,Secondary alcohols,1,CHEMONTID:0001661,5,CHEMONTID:0000129,CHEMONTID:0000000;CHEMONTID:0004603;CHEMONTID:0000323;CHEMONTID:0000129;CHEMONTID:0001661,Organic compounds;Organic oxygen compounds;Organooxygen compounds;Alcohols and polyols;Secondary alcohols
18236,N-substituted imidazoles,0.98,CHEMONTID:0002311,6,CHEMONTID:0002310,CHEMONTID:0000000;CHEMONTID:0000002;CHEMONTID:0000436;CHEMONTID:0000078;CHEMONTID:0002310;CHEMONTID:0002311,Organic compounds;Organoheterocyclic compounds;Azoles;Imidazoles;Substituted imidazoles;N-substituted imidazoles
19563,Carbonyl compounds,0.99,CHEMONTID:0001831,4,CHEMONTID:0000323,CHEMONTID:0000000;CHEMONTID:0004603;CHEMONTID:0000323;CHEMONTID:0001831,Organic compounds;Organic oxygen compounds;Organooxygen compounds;Carbonyl compounds
2562,Monoalkylamines,0.97,CHEMONTID:0000469,6,CHEMONTID:0002450,CHEMONTID:0000000;CHEMONTID:0004707;CHEMONTID:0000278;CHEMONTID:0002449;CHEMONTID:0002450;CHEMONTID:0000469,Organic compounds;Organic nitrogen compounds;Organonitrogen compounds;Amines;Primary amines;Monoalkylamines
16990,Carbonyl compounds,0.98,CHEMONTID:0001831,4,CHEMONTID:0000323,CHEMONTID:0000000;CHEMONTID:0004603;CHEMONTID:0000323;CHEMONTID:0001831,Organic compounds;Organic oxygen compounds;Organooxygen compounds;Carbonyl compounds
8246,Monocarboxylic acids and derivatives,0.87,CHEMONTID:0001137,4,CHEMONTID:0000265,CHEMONTID:0000000;CHEMONTID:0000264;CHEMONTID:0000265;CHEMONTID:0001137,Organic compounds;Organic acids and derivatives;Carboxylic acids and derivatives;Monocarboxylic acids and derivatives
1279,Carbonyl compounds,0.93,CHEMONTID:0001831,4,CHEMONTID:0000323,CHEMONTID:0000000;CHEMONTID:0004603;CHEMONTID:0000323;CHEMONTID:0001831,Organic compounds;Organic oxygen compounds;Organooxygen compounds;Carbonyl compounds
2287,Carbonyl compounds,0.99,CHEMONTID:0001831,4,CHEMONTID:0000323,CHEMONTID:0000000;CHEMONTID:0004603;CHEMONTID:0000323;CHEMONTID:0001831,Organic compounds;Organic oxygen compounds;Organooxygen compounds;Carbonyl compounds
20570,Carboxylic acid derivatives,0.99,CHEMONTID:0001093,4,CHEMONTID:0000265,CHEMONTID:0000000;CHEMONTID:0000264;CHEMONTID:0000265;CHEMONTID:0001093,Organic compounds;Organic acids and derivatives;Carboxylic acids and derivatives;Carboxylic acid derivatives
12677,Carbonyl compounds,0.86,CHEMONTID:0001831,4,CHEMONTID:0000323,CHEMONTID:0000000;CHEMONTID:0004603;CHEMONTID:0000323;CHEMONTID:0001831,Organic compounds;Organic oxygen compounds;Organooxygen compounds;Carbonyl compounds
12481,Carbonyl compounds,0.95,CHEMONTID:0001831,4,CHEMONTID:0000323,CHEMONTID:0000000;CHEMONTID:0004603;CHEMONTID:0000323;CHEMONTID:0001831,Organic compounds;Organic oxygen compounds;Organooxygen compounds;Carbonyl compounds
10816,Carbonyl compounds,0.96,CHEMONTID:0001831,4,CHEMONTID:0000323,CHEMONTID:0000000;CHEMONTID:0004603;CHEMONTID:0000323;CHEMONTID:0001831,Organic compounds;Organic oxygen compounds;Organooxygen compounds;Carbonyl compounds
18563,Amines,0.92,CHEMONTID:0002449,4,CHEMONTID:0000278,CHEMONTID:0000000;CHEMONTID:0004707;CHEMONTID:0000278;CHEMONTID:0002449,Organic compounds;Organic nitrogen compounds;Organonitrogen compounds;Amines
18698,Primary amines,0.98,CHEMONTID:0002450,5,CHEMONTID:0002449,CHEMONTID:0000000;CHEMONTID:0004707;CHEMONTID:0000278;CHEMONTID:0002449;CHEMONTID:0002450,Organic compounds;Organic nitrogen compounds;Organonitrogen compounds;Amines;Primary amines
9037,Carbonyl compounds,0.9,CHEMONTID:0001831,4,CHEMONTID:0000323,CHEMONTID:0000000;CHEMONTID:0004603;CHEMONTID:0000323;CHEMONTID:0001831,Organic compounds;Organic oxygen compounds;Organooxygen compounds;Carbonyl compounds
5792,Monoalkylamines,1,CHEMONTID:0000469,6,CHEMONTID:0002450,CHEMONTID:0000000;CHEMONTID:0004707;CHEMONTID:0000278;CHEMONTID:0002449;CHEMONTID:0002450;CHEMONTID:0000469,Organic compounds;Organic nitrogen compounds;Organonitrogen compounds;Amines;Primary amines;Monoalkylamines
4425,Carbonyl compounds,0.9,CHEMONTID:0001831,4,CHEMONTID:0000323,CHEMONTID:0000000;CHEMONTID:0004603;CHEMONTID:0000323;CHEMONTID:0001831,Organic compounds;Organic oxygen compounds;Organooxygen compounds;Carbonyl compounds
3464,Monocarboxylic acids and derivatives,0.83,CHEMONTID:0001137,4,CHEMONTID:0000265,CHEMONTID:0000000;CHEMONTID:0000264;CHEMONTID:0000265;CHEMONTID:0001137,Organic compounds;Organic acids and derivatives;Carboxylic acids and derivatives;Monocarboxylic acids and derivatives
1687,Carbonyl compounds,0.98,CHEMONTID:0001831,4,CHEMONTID:0000323,CHEMONTID:0000000;CHEMONTID:0004603;CHEMONTID:0000323;CHEMONTID:0001831,Organic compounds;Organic oxygen compounds;Organooxygen compounds;Carbonyl compounds
9798,Amines,1,CHEMONTID:0002449,4,CHEMONTID:0000278,CHEMONTID:0000000;CHEMONTID:0004707;CHEMONTID:0000278;CHEMONTID:0002449,Organic compounds;Organic nitrogen compounds;Organonitrogen compounds;Amines
14671,Amines,0.98,CHEMONTID:0002449,4,CHEMONTID:0000278,CHEMONTID:0000000;CHEMONTID:0004707;CHEMONTID:0000278;CHEMONTID:0002449,Organic compounds;Organic nitrogen compounds;Organonitrogen compounds;Amines
13654,"1,2-diacylglycerols",0.93,CHEMONTID:0001644,6,CHEMONTID:0001129,CHEMONTID:0000000;CHEMONTID:0000012;CHEMONTID:0000175;CHEMONTID:0003809;CHEMONTID:0001129;CHEMONTID:0001644,"Organic compounds;Lipids and lipid-like molecules;Glycerolipids;Diradylglycerols;Diacylglycerols;1,2-diacylglycerols"
12346,Phosphate esters,0.95,CHEMONTID:0000408,4,CHEMONTID:0000402,CHEMONTID:0000000;CHEMONTID:0000264;CHEMONTID:0000402;CHEMONTID:0000408,Organic compounds;Organic acids and derivatives;Organic phosphoric acids and derivatives;Phosphate esters
8149,Carbonyl compounds,0.85,CHEMONTID:0001831,4,CHEMONTID:0000323,CHEMONTID:0000000;CHEMONTID:0004603;CHEMONTID:0000323;CHEMONTID:0001831,Organic compounds;Organic oxygen compounds;Organooxygen compounds;Carbonyl compounds
11539,Carbonyl compounds,0.97,CHEMONTID:0001831,4,CHEMONTID:0000323,CHEMONTID:0000000;CHEMONTID:0004603;CHEMONTID:0000323;CHEMONTID:0001831,Organic compounds;Organic oxygen compounds;Organooxygen compounds;Carbonyl compounds
9692,Amines,0.93,CHEMONTID:0002449,4,CHEMONTID:0000278,CHEMONTID:0000000;CHEMONTID:0004707;CHEMONTID:0000278;CHEMONTID:0002449,Organic compounds;Organic nitrogen compounds;Organonitrogen compounds;Amines
7898,Amines,0.97,CHEMONTID:0002449,4,CHEMONTID:0000278,CHEMONTID:0000000;CHEMONTID:0004707;CHEMONTID:0000278;CHEMONTID:0002449,Organic compounds;Organic nitrogen compounds;Organonitrogen compounds;Amines
139,Pyrimidines and pyrimidine derivatives,0.91,CHEMONTID:0000075,4,CHEMONTID:0001346,CHEMONTID:0000000;CHEMONTID:0000002;CHEMONTID:0001346;CHEMONTID:0000075,Organic compounds;Organoheterocyclic compounds;Diazines;Pyrimidines and pyrimidine derivatives
19065,Dialkyl ethers,0.91,CHEMONTID:0001167,5,CHEMONTID:0000254,CHEMONTID:0000000;CHEMONTID:0004603;CHEMONTID:0000323;CHEMONTID:0000254;CHEMONTID:0001167,Organic compounds;Organic oxygen compounds;Organooxygen compounds;Ethers;Dialkyl ethers
2175,Carbonyl compounds,0.82,CHEMONTID:0001831,4,CHEMONTID:0000323,CHEMONTID:0000000;CHEMONTID:0004603;CHEMONTID:0000323;CHEMONTID:0001831,Organic compounds;Organic oxygen compounds;Organooxygen compounds;Carbonyl compounds
8358,Carbonyl compounds,0.92,CHEMONTID:0001831,4,CHEMONTID:0000323,CHEMONTID:0000000;CHEMONTID:0004603;CHEMONTID:0000323;CHEMONTID:0001831,Organic compounds;Organic oxygen compounds;Organooxygen compounds;Carbonyl compounds
12786,Fatty acid esters,0.95,CHEMONTID:0000324,4,CHEMONTID:0003909,CHEMONTID:0000000;CHEMONTID:0000012;CHEMONTID:0003909;CHEMONTID:0000324,Organic compounds;Lipids and lipid-like molecules;Fatty Acyls;Fatty acid esters
16323,Amines,0.97,CHEMONTID:0002449,4,CHEMONTID:0000278,CHEMONTID:0000000;CHEMONTID:0004707;CHEMONTID:0000278;CHEMONTID:0002449,Organic compounds;Organic nitrogen compounds;Organonitrogen compounds;Amines
17213,Dialkyl ethers,0.96,CHEMONTID:0001167,5,CHEMONTID:0000254,CHEMONTID:0000000;CHEMONTID:0004603;CHEMONTID:0000323;CHEMONTID:0000254;CHEMONTID:0001167,Organic compounds;Organic oxygen compounds;Organooxygen compounds;Ethers;Dialkyl ethers
19030,Triazoles,0.87,CHEMONTID:0000099,4,CHEMONTID:0000436,CHEMONTID:0000000;CHEMONTID:0000002;CHEMONTID:0000436;CHEMONTID:0000099,Organic compounds;Organoheterocyclic compounds;Azoles;Triazoles
4022,Carbonyl compounds,0.88,CHEMONTID:0001831,4,CHEMONTID:0000323,CHEMONTID:0000000;CHEMONTID:0004603;CHEMONTID:0000323;CHEMONTID:0001831,Organic compounds;Organic oxygen compounds;Organooxygen compounds;Carbonyl compounds
3084,Carbonyl compounds,0.87,CHEMONTID:0001831,4,CHEMONTID:0000323,CHEMONTID:0000000;CHEMONTID:0004603;CHEMONTID:0000323;CHEMONTID:0001831,Organic compounds;Organic oxygen compounds;Organooxygen compounds;Carbonyl compounds
18938,Carbonyl compounds,0.82,CHEMONTID:0001831,4,CHEMONTID:0000323,CHEMONTID:0000000;CHEMONTID:0004603;CHEMONTID:0000323;CHEMONTID:0001831,Organic compounds;Organic oxygen compounds;Organooxygen compounds;Carbonyl compounds
16068,Carboxylic acid derivatives,0.99,CHEMONTID:0001093,4,CHEMONTID:0000265,CHEMONTID:0000000;CHEMONTID:0000264;CHEMONTID:0000265;CHEMONTID:0001093,Organic compounds;Organic acids and derivatives;Carboxylic acids and derivatives;Carboxylic acid derivatives
20525,Ethers,0.92,CHEMONTID:0000254,4,CHEMONTID:0000323,CHEMONTID:0000000;CHEMONTID:0004603;CHEMONTID:0000323;CHEMONTID:0000254,Organic compounds;Organic oxygen compounds;Organooxygen compounds;Ethers
13510,Monoalkylamines,0.86,CHEMONTID:0000469,6,CHEMONTID:0002450,CHEMONTID:0000000;CHEMONTID:0004707;CHEMONTID:0000278;CHEMONTID:0002449;CHEMONTID:0002450;CHEMONTID:0000469,Organic compounds;Organic nitrogen compounds;Organonitrogen compounds;Amines;Primary amines;Monoalkylamines
18102,Carbonyl compounds,0.9,CHEMONTID:0001831,4,CHEMONTID:0000323,CHEMONTID:0000000;CHEMONTID:0004603;CHEMONTID:0000323;CHEMONTID:0001831,Organic compounds;Organic oxygen compounds;Organooxygen compounds;Carbonyl compounds
7083,Carbonyl compounds,0.99,CHEMONTID:0001831,4,CHEMONTID:0000323,CHEMONTID:0000000;CHEMONTID:0004603;CHEMONTID:0000323;CHEMONTID:0001831,Organic compounds;Organic oxygen compounds;Organooxygen compounds;Carbonyl compounds
11136,Carbonyl compounds,1,CHEMONTID:0001831,4,CHEMONTID:0000323,CHEMONTID:0000000;CHEMONTID:0004603;CHEMONTID:0000323;CHEMONTID:0001831,Organic compounds;Organic oxygen compounds;Organooxygen compounds;Carbonyl compounds
17377,Ethers,0.97,CHEMONTID:0000254,4,CHEMONTID:0000323,CHEMONTID:0000000;CHEMONTID:0004603;CHEMONTID:0000323;CHEMONTID:0000254,Organic compounds;Organic oxygen compounds;Organooxygen compounds;Ethers
10779,Alcohols and polyols,0.91,CHEMONTID:0000129,4,CHEMONTID:0000323,CHEMONTID:0000000;CHEMONTID:0004603;CHEMONTID:0000323;CHEMONTID:0000129,Organic compounds;Organic oxygen compounds;Organooxygen compounds;Alcohols and polyols
1323,Carbonyl compounds,0.8,CHEMONTID:0001831,4,CHEMONTID:0000323,CHEMONTID:0000000;CHEMONTID:0004603;CHEMONTID:0000323;CHEMONTID:0001831,Organic compounds;Organic oxygen compounds;Organooxygen compounds;Carbonyl compounds
12450,Primary amines,0.99,CHEMONTID:0002450,5,CHEMONTID:0002449,CHEMONTID:0000000;CHEMONTID:0004707;CHEMONTID:0000278;CHEMONTID:0002449;CHEMONTID:0002450,Organic compounds;Organic nitrogen compounds;Organonitrogen compounds;Amines;Primary amines
16193,Monoalkylamines,0.99,CHEMONTID:0000469,6,CHEMONTID:0002450,CHEMONTID:0000000;CHEMONTID:0004707;CHEMONTID:0000278;CHEMONTID:0002449;CHEMONTID:0002450;CHEMONTID:0000469,Organic compounds;Organic nitrogen compounds;Organonitrogen compounds;Amines;Primary amines;Monoalkylamines
2912,Carboxylic acid derivatives,1,CHEMONTID:0001093,4,CHEMONTID:0000265,CHEMONTID:0000000;CHEMONTID:0000264;CHEMONTID:0000265;CHEMONTID:0001093,Organic compounds;Organic acids and derivatives;Carboxylic acids and derivatives;Carboxylic acid derivatives
13079,Carbonyl compounds,0.97,CHEMONTID:0001831,4,CHEMONTID:0000323,CHEMONTID:0000000;CHEMONTID:0004603;CHEMONTID:0000323;CHEMONTID:0001831,Organic compounds;Organic oxygen compounds;Organooxygen compounds;Carbonyl compounds
8870,Alcohols and polyols,0.97,CHEMONTID:0000129,4,CHEMONTID:0000323,CHEMONTID:0000000;CHEMONTID:0004603;CHEMONTID:0000323;CHEMONTID:0000129,Organic compounds;Organic oxygen compounds;Organooxygen compounds;Alcohols and polyols
20649,Carbohydrates and carbohydrate conjugates,0.98,CHEMONTID:0000011,4,CHEMONTID:0000323,CHEMONTID:0000000;CHEMONTID:0004603;CHEMONTID:0000323;CHEMONTID:0000011,Organic compounds;Organic oxygen compounds;Organooxygen compounds;Carbohydrates and carbohydrate conjugates
3948,N-substituted imidazoles,0.99,CHEMONTID:0002311,6,CHEMONTID:0002310,CHEMONTID:0000000;CHEMONTID:0000002;CHEMONTID:0000436;CHEMONTID:0000078;CHEMONTID:0002310;CHEMONTID:0002311,Organic compounds;Organoheterocyclic compounds;Azoles;Imidazoles;Substituted imidazoles;N-substituted imidazoles
11921,Triazoles,0.8,CHEMONTID:0000099,4,CHEMONTID:0000436,CHEMONTID:0000000;CHEMONTID:0000002;CHEMONTID:0000436;CHEMONTID:0000099,Organic compounds;Organoheterocyclic compounds;Azoles;Triazoles
5623,Carboxylic acid derivatives,0.97,CHEMONTID:0001093,4,CHEMONTID:0000265,CHEMONTID:0000000;CHEMONTID:0000264;CHEMONTID:0000265;CHEMONTID:0001093,Organic compounds;Organic acids and derivatives;Carboxylic acids and derivatives;Carboxylic acid derivatives
10654,Carboxylic acid derivatives,0.99,CHEMONTID:0001093,4,CHEMONTID:0000265,CHEMONTID:0000000;CHEMONTID:0000264;CHEMONTID:0000265;CHEMONTID:0001093,Organic compounds;Organic acids and derivatives;Carboxylic acids and derivatives;Carboxylic acid derivatives
8038,Carbonyl compounds,0.92,CHEMONTID:0001831,4,CHEMONTID:0000323,CHEMONTID:0000000;CHEMONTID:0004603;CHEMONTID:0000323;CHEMONTID:0001831,Organic compounds;Organic oxygen compounds;Organooxygen compounds;Carbonyl compounds
17856,Primary amines,0.97,CHEMONTID:0002450,5,CHEMONTID:0002449,CHEMONTID:0000000;CHEMONTID:0004707;CHEMONTID:0000278;CHEMONTID:0002449;CHEMONTID:0002450,Organic compounds;Organic nitrogen compounds;Organonitrogen compounds;Amines;Primary amines
3542,Carboxylic acid derivatives,1,CHEMONTID:0001093,4,CHEMONTID:0000265,CHEMONTID:0000000;CHEMONTID:0000264;CHEMONTID:0000265;CHEMONTID:0001093,Organic compounds;Organic acids and derivatives;Carboxylic acids and derivatives;Carboxylic acid derivatives
9744,Carbonyl compounds,0.99,CHEMONTID:0001831,4,CHEMONTID:0000323,CHEMONTID:0000000;CHEMONTID:0004603;CHEMONTID:0000323;CHEMONTID:0001831,Organic compounds;Organic oxygen compounds;Organooxygen compounds;Carbonyl compounds
10940,Alcohols and polyols,0.9,CHEMONTID:0000129,4,CHEMONTID:0000323,CHEMONTID:0000000;CHEMONTID:0004603;CHEMONTID:0000323;CHEMONTID:0000129,Organic compounds;Organic oxygen compounds;Organooxygen compounds;Alcohols and polyols
3796,Monocarboxylic acids and derivatives,0.93,CHEMONTID:0001137,4,CHEMONTID:0000265,CHEMONTID:0000000;CHEMONTID:0000264;CHEMONTID:0000265;CHEMONTID:0001137,Organic compounds;Organic acids and derivatives;Carboxylic acids and derivatives;Monocarboxylic acids and derivatives
12380,Monocarboxylic acids and derivatives,0.81,CHEMONTID:0001137,4,CHEMONTID:0000265,CHEMONTID:0000000;CHEMONTID:0000264;CHEMONTID:0000265;CHEMONTID:0001137,Organic compounds;Organic acids and derivatives;Carboxylic acids and derivatives;Monocarboxylic acids and derivatives
9430,Carbonyl compounds,0.9,CHEMONTID:0001831,4,CHEMONTID:0000323,CHEMONTID:0000000;CHEMONTID:0004603;CHEMONTID:0000323;CHEMONTID:0001831,Organic compounds;Organic oxygen compounds;Organooxygen compounds;Carbonyl compounds
14711,Monoalkylamines,1,CHEMONTID:0000469,6,CHEMONTID:0002450,CHEMONTID:0000000;CHEMONTID:0004707;CHEMONTID:0000278;CHEMONTID:0002449;CHEMONTID:0002450;CHEMONTID:0000469,Organic compounds;Organic nitrogen compounds;Organonitrogen compounds;Amines;Primary amines;Monoalkylamines
638,Monocarboxylic acids and derivatives,0.83,CHEMONTID:0001137,4,CHEMONTID:0000265,CHEMONTID:0000000;CHEMONTID:0000264;CHEMONTID:0000265;CHEMONTID:0001137,Organic compounds;Organic acids and derivatives;Carboxylic acids and derivatives;Monocarboxylic acids and derivatives
14524,Monoalkylamines,1,CHEMONTID:0000469,6,CHEMONTID:0002450,CHEMONTID:0000000;CHEMONTID:0004707;CHEMONTID:0000278;CHEMONTID:0002449;CHEMONTID:0002450;CHEMONTID:0000469,Organic compounds;Organic nitrogen compounds;Organonitrogen compounds;Amines;Primary amines;Monoalkylamines
5549,Ethers,0.98,CHEMONTID:0000254,4,CHEMONTID:0000323,CHEMONTID:0000000;CHEMONTID:0004603;CHEMONTID:0000323;CHEMONTID:0000254,Organic compounds;Organic oxygen compounds;Organooxygen compounds;Ethers
7680,Primary amines,0.98,CHEMONTID:0002450,5,CHEMONTID:0002449,CHEMONTID:0000000;CHEMONTID:0004707;CHEMONTID:0000278;CHEMONTID:0002449;CHEMONTID:0002450,Organic compounds;Organic nitrogen compounds;Organonitrogen compounds;Amines;Primary amines
15077,Amines,0.82,CHEMONTID:0002449,4,CHEMONTID:0000278,CHEMONTID:0000000;CHEMONTID:0004707;CHEMONTID:0000278;CHEMONTID:0002449,Organic compounds;Organic nitrogen compounds;Organonitrogen compounds;Amines
18720,Tertiary amines,1,CHEMONTID:0002452,5,CHEMONTID:0002449,CHEMONTID:0000000;CHEMONTID:0004707;CHEMONTID:0000278;CHEMONTID:0002449;CHEMONTID:0002452,Organic compounds;Organic nitrogen compounds;Organonitrogen compounds;Amines;Tertiary amines
8838,Carbonyl compounds,0.8,CHEMONTID:0001831,4,CHEMONTID:0000323,CHEMONTID:0000000;CHEMONTID:0004603;CHEMONTID:0000323;CHEMONTID:0001831,Organic compounds;Organic oxygen compounds;Organooxygen compounds;Carbonyl compounds
6577,Secondary alcohols,0.98,CHEMONTID:0001661,5,CHEMONTID:0000129,CHEMONTID:0000000;CHEMONTID:0004603;CHEMONTID:0000323;CHEMONTID:0000129;CHEMONTID:0001661,Organic compounds;Organic oxygen compounds;Organooxygen compounds;Alcohols and polyols;Secondary alcohols
11798,Amino fatty acids,0.94,CHEMONTID:0000489,5,CHEMONTID:0000262,CHEMONTID:0000000;CHEMONTID:0000012;CHEMONTID:0003909;CHEMONTID:0000262;CHEMONTID:0000489,Organic compounds;Lipids and lipid-like molecules;Fatty Acyls;Fatty acids and conjugates;Amino fatty acids
15569,Carbonyl compounds,0.94,CHEMONTID:0001831,4,CHEMONTID:0000323,CHEMONTID:0000000;CHEMONTID:0004603;CHEMONTID:0000323;CHEMONTID:0001831,Organic compounds;Organic oxygen compounds;Organooxygen compounds;Carbonyl compounds
15022,Amines,0.99,CHEMONTID:0002449,4,CHEMONTID:0000278,CHEMONTID:0000000;CHEMONTID:0004707;CHEMONTID:0000278;CHEMONTID:0002449,Organic compounds;Organic nitrogen compounds;Organonitrogen compounds;Amines
13649,Carbonyl compounds,0.98,CHEMONTID:0001831,4,CHEMONTID:0000323,CHEMONTID:0000000;CHEMONTID:0004603;CHEMONTID:0000323;CHEMONTID:0001831,Organic compounds;Organic oxygen compounds;Organooxygen compounds;Carbonyl compounds
16765,Carbonyl compounds,0.99,CHEMONTID:0001831,4,CHEMONTID:0000323,CHEMONTID:0000000;CHEMONTID:0004603;CHEMONTID:0000323;CHEMONTID:0001831,Organic compounds;Organic oxygen compounds;Organooxygen compounds;Carbonyl compounds
19532,Sulfones,0.85,CHEMONTID:0000505,4,CHEMONTID:0001157,CHEMONTID:0000000;CHEMONTID:0000004;CHEMONTID:0001157;CHEMONTID:0000505,Organic compounds;Organosulfur compounds;Sulfonyls;Sulfones
871,Carbonyl compounds,0.84,CHEMONTID:0001831,4,CHEMONTID:0000323,CHEMONTID:0000000;CHEMONTID:0004603;CHEMONTID:0000323;CHEMONTID:0001831,Organic compounds;Organic oxygen compounds;Organooxygen compounds;Carbonyl compounds
12447,Carboxylic acids,0.99,CHEMONTID:0001205,4,CHEMONTID:0000265,CHEMONTID:0000000;CHEMONTID:0000264;CHEMONTID:0000265;CHEMONTID:0001205,Organic compounds;Organic acids and derivatives;Carboxylic acids and derivatives;Carboxylic acids
3866,Carboxylic acid derivatives,0.95,CHEMONTID:0001093,4,CHEMONTID:0000265,CHEMONTID:0000000;CHEMONTID:0000264;CHEMONTID:0000265;CHEMONTID:0001093,Organic compounds;Organic acids and derivatives;Carboxylic acids and derivatives;Carboxylic acid derivatives
10287,Carbonyl compounds,0.97,CHEMONTID:0001831,4,CHEMONTID:0000323,CHEMONTID:0000000;CHEMONTID:0004603;CHEMONTID:0000323;CHEMONTID:0001831,Organic compounds;Organic oxygen compounds;Organooxygen compounds;Carbonyl compounds
9617,Carboxylic acid derivatives,0.92,CHEMONTID:0001093,4,CHEMONTID:0000265,CHEMONTID:0000000;CHEMONTID:0000264;CHEMONTID:0000265;CHEMONTID:0001093,Organic compounds;Organic acids and derivatives;Carboxylic acids and derivatives;Carboxylic acid derivatives
17811,Carbonyl compounds,0.88,CHEMONTID:0001831,4,CHEMONTID:0000323,CHEMONTID:0000000;CHEMONTID:0004603;CHEMONTID:0000323;CHEMONTID:0001831,Organic compounds;Organic oxygen compounds;Organooxygen compounds;Carbonyl compounds
6997,Monosaccharide phosphates,1,CHEMONTID:0001541,6,CHEMONTID:0001540,CHEMONTID:0000000;CHEMONTID:0004603;CHEMONTID:0000323;CHEMONTID:0000011;CHEMONTID:0001540;CHEMONTID:0001541,Organic compounds;Organic oxygen compounds;Organooxygen compounds;Carbohydrates and carbohydrate conjugates;Monosaccharides;Monosaccharide phosphates
1508,Alkyl phosphates,1,CHEMONTID:0003457,5,CHEMONTID:0000408,CHEMONTID:0000000;CHEMONTID:0000264;CHEMONTID:0000402;CHEMONTID:0000408;CHEMONTID:0003457,Organic compounds;Organic acids and derivatives;Organic phosphoric acids and derivatives;Phosphate esters;Alkyl phosphates
20706,Monoalkylamines,0.98,CHEMONTID:0000469,6,CHEMONTID:0002450,CHEMONTID:0000000;CHEMONTID:0004707;CHEMONTID:0000278;CHEMONTID:0002449;CHEMONTID:0002450;CHEMONTID:0000469,Organic compounds;Organic nitrogen compounds;Organonitrogen compounds;Amines;Primary amines;Monoalkylamines
1585,Carboxylic acid derivatives,0.81,CHEMONTID:0001093,4,CHEMONTID:0000265,CHEMONTID:0000000;CHEMONTID:0000264;CHEMONTID:0000265;CHEMONTID:0001093,Organic compounds;Organic acids and derivatives;Carboxylic acids and derivatives;Carboxylic acid derivatives
506,Purines and purine derivatives,1,CHEMONTID:0000245,4,CHEMONTID:0001797,CHEMONTID:0000000;CHEMONTID:0000002;CHEMONTID:0001797;CHEMONTID:0000245,Organic compounds;Organoheterocyclic compounds;Imidazopyrimidines;Purines and purine derivatives
16257,Amines,0.96,CHEMONTID:0002449,4,CHEMONTID:0000278,CHEMONTID:0000000;CHEMONTID:0004707;CHEMONTID:0000278;CHEMONTID:0002449,Organic compounds;Organic nitrogen compounds;Organonitrogen compounds;Amines
6566,Monosaccharide phosphates,1,CHEMONTID:0001541,6,CHEMONTID:0001540,CHEMONTID:0000000;CHEMONTID:0004603;CHEMONTID:0000323;CHEMONTID:0000011;CHEMONTID:0001540;CHEMONTID:0001541,Organic compounds;Organic oxygen compounds;Organooxygen compounds;Carbohydrates and carbohydrate conjugates;Monosaccharides;Monosaccharide phosphates
19490,Carbonyl compounds,0.82,CHEMONTID:0001831,4,CHEMONTID:0000323,CHEMONTID:0000000;CHEMONTID:0004603;CHEMONTID:0000323;CHEMONTID:0001831,Organic compounds;Organic oxygen compounds;Organooxygen compounds;Carbonyl compounds
19289,Monocarboxylic acids and derivatives,0.84,CHEMONTID:0001137,4,CHEMONTID:0000265,CHEMONTID:0000000;CHEMONTID:0000264;CHEMONTID:0000265;CHEMONTID:0001137,Organic compounds;Organic acids and derivatives;Carboxylic acids and derivatives;Monocarboxylic acids and derivatives
9946,Amines,0.83,CHEMONTID:0002449,4,CHEMONTID:0000278,CHEMONTID:0000000;CHEMONTID:0004707;CHEMONTID:0000278;CHEMONTID:0002449,Organic compounds;Organic nitrogen compounds;Organonitrogen compounds;Amines
6883,Carbonyl compounds,0.95,CHEMONTID:0001831,4,CHEMONTID:0000323,CHEMONTID:0000000;CHEMONTID:0004603;CHEMONTID:0000323;CHEMONTID:0001831,Organic compounds;Organic oxygen compounds;Organooxygen compounds;Carbonyl compounds
15063,Carbonyl compounds,0.94,CHEMONTID:0001831,4,CHEMONTID:0000323,CHEMONTID:0000000;CHEMONTID:0004603;CHEMONTID:0000323;CHEMONTID:0001831,Organic compounds;Organic oxygen compounds;Organooxygen compounds;Carbonyl compounds
18734,Dialkyl ethers,0.98,CHEMONTID:0001167,5,CHEMONTID:0000254,CHEMONTID:0000000;CHEMONTID:0004603;CHEMONTID:0000323;CHEMONTID:0000254;CHEMONTID:0001167,Organic compounds;Organic oxygen compounds;Organooxygen compounds;Ethers;Dialkyl ethers
13264,"Amino acids, peptides, and analogues",0.89,CHEMONTID:0000013,4,CHEMONTID:0000265,CHEMONTID:0000000;CHEMONTID:0000264;CHEMONTID:0000265;CHEMONTID:0000013,"Organic compounds;Organic acids and derivatives;Carboxylic acids and derivatives;Amino acids, peptides, and analogues"
10505,Ethers,1,CHEMONTID:0000254,4,CHEMONTID:0000323,CHEMONTID:0000000;CHEMONTID:0004603;CHEMONTID:0000323;CHEMONTID:0000254,Organic compounds;Organic oxygen compounds;Organooxygen compounds;Ethers
1378,Amino acids and derivatives,0.8,CHEMONTID:0000347,5,CHEMONTID:0000013,CHEMONTID:0000000;CHEMONTID:0000264;CHEMONTID:0000265;CHEMONTID:0000013;CHEMONTID:0000347,"Organic compounds;Organic acids and derivatives;Carboxylic acids and derivatives;Amino acids, peptides, and analogues;Amino acids and derivatives"
11899,Carbonyl compounds,0.84,CHEMONTID:0001831,4,CHEMONTID:0000323,CHEMONTID:0000000;CHEMONTID:0004603;CHEMONTID:0000323;CHEMONTID:0001831,Organic compounds;Organic oxygen compounds;Organooxygen compounds;Carbonyl compounds
10072,Alcohols and polyols,0.94,CHEMONTID:0000129,4,CHEMONTID:0000323,CHEMONTID:0000000;CHEMONTID:0004603;CHEMONTID:0000323;CHEMONTID:0000129,Organic compounds;Organic oxygen compounds;Organooxygen compounds;Alcohols and polyols
10385,Monoalkylamines,0.94,CHEMONTID:0000469,6,CHEMONTID:0002450,CHEMONTID:0000000;CHEMONTID:0004707;CHEMONTID:0000278;CHEMONTID:0002449;CHEMONTID:0002450;CHEMONTID:0000469,Organic compounds;Organic nitrogen compounds;Organonitrogen compounds;Amines;Primary amines;Monoalkylamines
17382,Purines and purine derivatives,1,CHEMONTID:0000245,4,CHEMONTID:0001797,CHEMONTID:0000000;CHEMONTID:0000002;CHEMONTID:0001797;CHEMONTID:0000245,Organic compounds;Organoheterocyclic compounds;Imidazopyrimidines;Purines and purine derivatives
17770,Amines,0.97,CHEMONTID:0002449,4,CHEMONTID:0000278,CHEMONTID:0000000;CHEMONTID:0004707;CHEMONTID:0000278;CHEMONTID:0002449,Organic compounds;Organic nitrogen compounds;Organonitrogen compounds;Amines
17484,Amino acids and derivatives,0.88,CHEMONTID:0000347,5,CHEMONTID:0000013,CHEMONTID:0000000;CHEMONTID:0000264;CHEMONTID:0000265;CHEMONTID:0000013;CHEMONTID:0000347,"Organic compounds;Organic acids and derivatives;Carboxylic acids and derivatives;Amino acids, peptides, and analogues;Amino acids and derivatives"
14565,Alcohols and polyols,0.92,CHEMONTID:0000129,4,CHEMONTID:0000323,CHEMONTID:0000000;CHEMONTID:0004603;CHEMONTID:0000323;CHEMONTID:0000129,Organic compounds;Organic oxygen compounds;Organooxygen compounds;Alcohols and polyols
4303,Amines,0.96,CHEMONTID:0002449,4,CHEMONTID:0000278,CHEMONTID:0000000;CHEMONTID:0004707;CHEMONTID:0000278;CHEMONTID:0002449,Organic compounds;Organic nitrogen compounds;Organonitrogen compounds;Amines
13132,Carbonyl compounds,0.92,CHEMONTID:0001831,4,CHEMONTID:0000323,CHEMONTID:0000000;CHEMONTID:0004603;CHEMONTID:0000323;CHEMONTID:0001831,Organic compounds;Organic oxygen compounds;Organooxygen compounds;Carbonyl compounds
13874,Phosphate esters,0.97,CHEMONTID:0000408,4,CHEMONTID:0000402,CHEMONTID:0000000;CHEMONTID:0000264;CHEMONTID:0000402;CHEMONTID:0000408,Organic compounds;Organic acids and derivatives;Organic phosphoric acids and derivatives;Phosphate esters
15413,Amines,0.94,CHEMONTID:0002449,4,CHEMONTID:0000278,CHEMONTID:0000000;CHEMONTID:0004707;CHEMONTID:0000278;CHEMONTID:0002449,Organic compounds;Organic nitrogen compounds;Organonitrogen compounds;Amines
19244,Carbonyl compounds,0.87,CHEMONTID:0001831,4,CHEMONTID:0000323,CHEMONTID:0000000;CHEMONTID:0004603;CHEMONTID:0000323;CHEMONTID:0001831,Organic compounds;Organic oxygen compounds;Organooxygen compounds;Carbonyl compounds
7738,Carbonyl compounds,0.87,CHEMONTID:0001831,4,CHEMONTID:0000323,CHEMONTID:0000000;CHEMONTID:0004603;CHEMONTID:0000323;CHEMONTID:0001831,Organic compounds;Organic oxygen compounds;Organooxygen compounds;Carbonyl compounds
17898,Pyrimidines and pyrimidine derivatives,1,CHEMONTID:0000075,4,CHEMONTID:0001346,CHEMONTID:0000000;CHEMONTID:0000002;CHEMONTID:0001346;CHEMONTID:0000075,Organic compounds;Organoheterocyclic compounds;Diazines;Pyrimidines and pyrimidine derivatives
16635,Carbonyl compounds,0.92,CHEMONTID:0001831,4,CHEMONTID:0000323,CHEMONTID:0000000;CHEMONTID:0004603;CHEMONTID:0000323;CHEMONTID:0001831,Organic compounds;Organic oxygen compounds;Organooxygen compounds;Carbonyl compounds
4285,Carbonyl compounds,0.88,CHEMONTID:0001831,4,CHEMONTID:0000323,CHEMONTID:0000000;CHEMONTID:0004603;CHEMONTID:0000323;CHEMONTID:0001831,Organic compounds;Organic oxygen compounds;Organooxygen compounds;Carbonyl compounds
8861,Carbonyl compounds,0.99,CHEMONTID:0001831,4,CHEMONTID:0000323,CHEMONTID:0000000;CHEMONTID:0004603;CHEMONTID:0000323;CHEMONTID:0001831,Organic compounds;Organic oxygen compounds;Organooxygen compounds;Carbonyl compounds
6108,Carbonyl compounds,0.96,CHEMONTID:0001831,4,CHEMONTID:0000323,CHEMONTID:0000000;CHEMONTID:0004603;CHEMONTID:0000323;CHEMONTID:0001831,Organic compounds;Organic oxygen compounds;Organooxygen compounds;Carbonyl compounds
20578,Pyrimidines and pyrimidine derivatives,0.9,CHEMONTID:0000075,4,CHEMONTID:0001346,CHEMONTID:0000000;CHEMONTID:0000002;CHEMONTID:0001346;CHEMONTID:0000075,Organic compounds;Organoheterocyclic compounds;Diazines;Pyrimidines and pyrimidine derivatives
15592,Ethers,0.99,CHEMONTID:0000254,4,CHEMONTID:0000323,CHEMONTID:0000000;CHEMONTID:0004603;CHEMONTID:0000323;CHEMONTID:0000254,Organic compounds;Organic oxygen compounds;Organooxygen compounds;Ethers
19232,Carbonyl compounds,0.9,CHEMONTID:0001831,4,CHEMONTID:0000323,CHEMONTID:0000000;CHEMONTID:0004603;CHEMONTID:0000323;CHEMONTID:0001831,Organic compounds;Organic oxygen compounds;Organooxygen compounds;Carbonyl compounds
7020,Carbonyl compounds,0.88,CHEMONTID:0001831,4,CHEMONTID:0000323,CHEMONTID:0000000;CHEMONTID:0004603;CHEMONTID:0000323;CHEMONTID:0001831,Organic compounds;Organic oxygen compounds;Organooxygen compounds;Carbonyl compounds
13038,Monocarboxylic acids and derivatives,0.83,CHEMONTID:0001137,4,CHEMONTID:0000265,CHEMONTID:0000000;CHEMONTID:0000264;CHEMONTID:0000265;CHEMONTID:0001137,Organic compounds;Organic acids and derivatives;Carboxylic acids and derivatives;Monocarboxylic acids and derivatives
3355,Amines,0.85,CHEMONTID:0002449,4,CHEMONTID:0000278,CHEMONTID:0000000;CHEMONTID:0004707;CHEMONTID:0000278;CHEMONTID:0002449,Organic compounds;Organic nitrogen compounds;Organonitrogen compounds;Amines
6363,Glycosyl compounds,1,CHEMONTID:0002105,5,CHEMONTID:0000011,CHEMONTID:0000000;CHEMONTID:0004603;CHEMONTID:0000323;CHEMONTID:0000011;CHEMONTID:0002105,Organic compounds;Organic oxygen compounds;Organooxygen compounds;Carbohydrates and carbohydrate conjugates;Glycosyl compounds
15386,Carboxylic acid derivatives,0.8,CHEMONTID:0001093,4,CHEMONTID:0000265,CHEMONTID:0000000;CHEMONTID:0000264;CHEMONTID:0000265;CHEMONTID:0001093,Organic compounds;Organic acids and derivatives;Carboxylic acids and derivatives;Carboxylic acid derivatives
16623,Amino acids and derivatives,1,CHEMONTID:0000347,5,CHEMONTID:0000013,CHEMONTID:0000000;CHEMONTID:0000264;CHEMONTID:0000265;CHEMONTID:0000013;CHEMONTID:0000347,"Organic compounds;Organic acids and derivatives;Carboxylic acids and derivatives;Amino acids, peptides, and analogues;Amino acids and derivatives"
1207,Carbonyl compounds,0.93,CHEMONTID:0001831,4,CHEMONTID:0000323,CHEMONTID:0000000;CHEMONTID:0004603;CHEMONTID:0000323;CHEMONTID:0001831,Organic compounds;Organic oxygen compounds;Organooxygen compounds;Carbonyl compounds
20673,N-acyl amines,0.94,CHEMONTID:0001096,5,CHEMONTID:0000331,CHEMONTID:0000000;CHEMONTID:0000012;CHEMONTID:0003909;CHEMONTID:0000331;CHEMONTID:0001096,Organic compounds;Lipids and lipid-like molecules;Fatty Acyls;Fatty amides;N-acyl amines
7373,Carbonyl compounds,0.88,CHEMONTID:0001831,4,CHEMONTID:0000323,CHEMONTID:0000000;CHEMONTID:0004603;CHEMONTID:0000323;CHEMONTID:0001831,Organic compounds;Organic oxygen compounds;Organooxygen compounds;Carbonyl compounds
20007,Primary amines,0.95,CHEMONTID:0002450,5,CHEMONTID:0002449,CHEMONTID:0000000;CHEMONTID:0004707;CHEMONTID:0000278;CHEMONTID:0002449;CHEMONTID:0002450,Organic compounds;Organic nitrogen compounds;Organonitrogen compounds;Amines;Primary amines
20336,Primary amines,0.93,CHEMONTID:0002450,5,CHEMONTID:0002449,CHEMONTID:0000000;CHEMONTID:0004707;CHEMONTID:0000278;CHEMONTID:0002449;CHEMONTID:0002450,Organic compounds;Organic nitrogen compounds;Organonitrogen compounds;Amines;Primary amines
13075,Carboxylic acid derivatives,0.93,CHEMONTID:0001093,4,CHEMONTID:0000265,CHEMONTID:0000000;CHEMONTID:0000264;CHEMONTID:0000265;CHEMONTID:0001093,Organic compounds;Organic acids and derivatives;Carboxylic acids and derivatives;Carboxylic acid derivatives
18979,Alcohols and polyols,0.97,CHEMONTID:0000129,4,CHEMONTID:0000323,CHEMONTID:0000000;CHEMONTID:0004603;CHEMONTID:0000323;CHEMONTID:0000129,Organic compounds;Organic oxygen compounds;Organooxygen compounds;Alcohols and polyols
2903,Amines,0.99,CHEMONTID:0002449,4,CHEMONTID:0000278,CHEMONTID:0000000;CHEMONTID:0004707;CHEMONTID:0000278;CHEMONTID:0002449,Organic compounds;Organic nitrogen compounds;Organonitrogen compounds;Amines
20010,N-acyl-alpha amino acids and derivatives,0.99,CHEMONTID:0001189,7,CHEMONTID:0000060,CHEMONTID:0000000;CHEMONTID:0000264;CHEMONTID:0000265;CHEMONTID:0000013;CHEMONTID:0000347;CHEMONTID:0000060;CHEMONTID:0001189,"Organic compounds;Organic acids and derivatives;Carboxylic acids and derivatives;Amino acids, peptides, and analogues;Amino acids and derivatives;Alpha amino acids and derivatives;N-acyl-alpha amino acids and derivatives"
19715,Carbonyl compounds,0.94,CHEMONTID:0001831,4,CHEMONTID:0000323,CHEMONTID:0000000;CHEMONTID:0004603;CHEMONTID:0000323;CHEMONTID:0001831,Organic compounds;Organic oxygen compounds;Organooxygen compounds;Carbonyl compounds
8120,Carbonyl compounds,0.86,CHEMONTID:0001831,4,CHEMONTID:0000323,CHEMONTID:0000000;CHEMONTID:0004603;CHEMONTID:0000323;CHEMONTID:0001831,Organic compounds;Organic oxygen compounds;Organooxygen compounds;Carbonyl compounds
208,Primary amines,0.91,CHEMONTID:0002450,5,CHEMONTID:0002449,CHEMONTID:0000000;CHEMONTID:0004707;CHEMONTID:0000278;CHEMONTID:0002449;CHEMONTID:0002450,Organic compounds;Organic nitrogen compounds;Organonitrogen compounds;Amines;Primary amines
2357,Ethers,0.85,CHEMONTID:0000254,4,CHEMONTID:0000323,CHEMONTID:0000000;CHEMONTID:0004603;CHEMONTID:0000323;CHEMONTID:0000254,Organic compounds;Organic oxygen compounds;Organooxygen compounds;Ethers
18895,Carboxylic acid derivatives,0.95,CHEMONTID:0001093,4,CHEMONTID:0000265,CHEMONTID:0000000;CHEMONTID:0000264;CHEMONTID:0000265;CHEMONTID:0001093,Organic compounds;Organic acids and derivatives;Carboxylic acids and derivatives;Carboxylic acid derivatives
14687,Secondary alcohols,0.82,CHEMONTID:0001661,5,CHEMONTID:0000129,CHEMONTID:0000000;CHEMONTID:0004603;CHEMONTID:0000323;CHEMONTID:0000129;CHEMONTID:0001661,Organic compounds;Organic oxygen compounds;Organooxygen compounds;Alcohols and polyols;Secondary alcohols
15109,Carboxylic acid derivatives,1,CHEMONTID:0001093,4,CHEMONTID:0000265,CHEMONTID:0000000;CHEMONTID:0000264;CHEMONTID:0000265;CHEMONTID:0001093,Organic compounds;Organic acids and derivatives;Carboxylic acids and derivatives;Carboxylic acid derivatives
4721,Alcohols and polyols,0.88,CHEMONTID:0000129,4,CHEMONTID:0000323,CHEMONTID:0000000;CHEMONTID:0004603;CHEMONTID:0000323;CHEMONTID:0000129,Organic compounds;Organic oxygen compounds;Organooxygen compounds;Alcohols and polyols
1051,Amines,0.93,CHEMONTID:0002449,4,CHEMONTID:0000278,CHEMONTID:0000000;CHEMONTID:0004707;CHEMONTID:0000278;CHEMONTID:0002449,Organic compounds;Organic nitrogen compounds;Organonitrogen compounds;Amines
1994,Alcohols and polyols,0.82,CHEMONTID:0000129,4,CHEMONTID:0000323,CHEMONTID:0000000;CHEMONTID:0004603;CHEMONTID:0000323;CHEMONTID:0000129,Organic compounds;Organic oxygen compounds;Organooxygen compounds;Alcohols and polyols
5058,Monocarboxylic acids and derivatives,0.94,CHEMONTID:0001137,4,CHEMONTID:0000265,CHEMONTID:0000000;CHEMONTID:0000264;CHEMONTID:0000265;CHEMONTID:0001137,Organic compounds;Organic acids and derivatives;Carboxylic acids and derivatives;Monocarboxylic acids and derivatives
4098,Carboxylic acid derivatives,0.81,CHEMONTID:0001093,4,CHEMONTID:0000265,CHEMONTID:0000000;CHEMONTID:0000264;CHEMONTID:0000265;CHEMONTID:0001093,Organic compounds;Organic acids and derivatives;Carboxylic acids and derivatives;Carboxylic acid derivatives
4347,Carbonyl compounds,0.89,CHEMONTID:0001831,4,CHEMONTID:0000323,CHEMONTID:0000000;CHEMONTID:0004603;CHEMONTID:0000323;CHEMONTID:0001831,Organic compounds;Organic oxygen compounds;Organooxygen compounds;Carbonyl compounds
8878,Carboxylic acid derivatives,0.93,CHEMONTID:0001093,4,CHEMONTID:0000265,CHEMONTID:0000000;CHEMONTID:0000264;CHEMONTID:0000265;CHEMONTID:0001093,Organic compounds;Organic acids and derivatives;Carboxylic acids and derivatives;Carboxylic acid derivatives
14163,Primary amines,0.9,CHEMONTID:0002450,5,CHEMONTID:0002449,CHEMONTID:0000000;CHEMONTID:0004707;CHEMONTID:0000278;CHEMONTID:0002449;CHEMONTID:0002450,Organic compounds;Organic nitrogen compounds;Organonitrogen compounds;Amines;Primary amines
12599,Carbonyl compounds,0.99,CHEMONTID:0001831,4,CHEMONTID:0000323,CHEMONTID:0000000;CHEMONTID:0004603;CHEMONTID:0000323;CHEMONTID:0001831,Organic compounds;Organic oxygen compounds;Organooxygen compounds;Carbonyl compounds
9091,Carboxylic acid derivatives,0.86,CHEMONTID:0001093,4,CHEMONTID:0000265,CHEMONTID:0000000;CHEMONTID:0000264;CHEMONTID:0000265;CHEMONTID:0001093,Organic compounds;Organic acids and derivatives;Carboxylic acids and derivatives;Carboxylic acid derivatives
12098,Fatty amides,0.89,CHEMONTID:0000331,4,CHEMONTID:0003909,CHEMONTID:0000000;CHEMONTID:0000012;CHEMONTID:0003909;CHEMONTID:0000331,Organic compounds;Lipids and lipid-like molecules;Fatty Acyls;Fatty amides
10217,Secondary alcohols,0.98,CHEMONTID:0001661,5,CHEMONTID:0000129,CHEMONTID:0000000;CHEMONTID:0004603;CHEMONTID:0000323;CHEMONTID:0000129;CHEMONTID:0001661,Organic compounds;Organic oxygen compounds;Organooxygen compounds;Alcohols and polyols;Secondary alcohols
5120,Carbonyl compounds,0.9,CHEMONTID:0001831,4,CHEMONTID:0000323,CHEMONTID:0000000;CHEMONTID:0004603;CHEMONTID:0000323;CHEMONTID:0001831,Organic compounds;Organic oxygen compounds;Organooxygen compounds;Carbonyl compounds
7611,Carbonyl compounds,0.84,CHEMONTID:0001831,4,CHEMONTID:0000323,CHEMONTID:0000000;CHEMONTID:0004603;CHEMONTID:0000323;CHEMONTID:0001831,Organic compounds;Organic oxygen compounds;Organooxygen compounds;Carbonyl compounds
11656,Amines,0.85,CHEMONTID:0002449,4,CHEMONTID:0000278,CHEMONTID:0000000;CHEMONTID:0004707;CHEMONTID:0000278;CHEMONTID:0002449,Organic compounds;Organic nitrogen compounds;Organonitrogen compounds;Amines
4205,Carboxylic acid derivatives,0.89,CHEMONTID:0001093,4,CHEMONTID:0000265,CHEMONTID:0000000;CHEMONTID:0000264;CHEMONTID:0000265;CHEMONTID:0001093,Organic compounds;Organic acids and derivatives;Carboxylic acids and derivatives;Carboxylic acid derivatives
19141,Carboxylic acid derivatives,0.82,CHEMONTID:0001093,4,CHEMONTID:0000265,CHEMONTID:0000000;CHEMONTID:0000264;CHEMONTID:0000265;CHEMONTID:0001093,Organic compounds;Organic acids and derivatives;Carboxylic acids and derivatives;Carboxylic acid derivatives
12607,Carbonyl compounds,0.95,CHEMONTID:0001831,4,CHEMONTID:0000323,CHEMONTID:0000000;CHEMONTID:0004603;CHEMONTID:0000323;CHEMONTID:0001831,Organic compounds;Organic oxygen compounds;Organooxygen compounds;Carbonyl compounds
10201,Amines,0.99,CHEMONTID:0002449,4,CHEMONTID:0000278,CHEMONTID:0000000;CHEMONTID:0004707;CHEMONTID:0000278;CHEMONTID:0002449,Organic compounds;Organic nitrogen compounds;Organonitrogen compounds;Amines
15177,Carboxylic acid derivatives,0.87,CHEMONTID:0001093,4,CHEMONTID:0000265,CHEMONTID:0000000;CHEMONTID:0000264;CHEMONTID:0000265;CHEMONTID:0001093,Organic compounds;Organic acids and derivatives;Carboxylic acids and derivatives;Carboxylic acid derivatives
639,Alcohols and polyols,0.86,CHEMONTID:0000129,4,CHEMONTID:0000323,CHEMONTID:0000000;CHEMONTID:0004603;CHEMONTID:0000323;CHEMONTID:0000129,Organic compounds;Organic oxygen compounds;Organooxygen compounds;Alcohols and polyols
9104,Ethers,0.85,CHEMONTID:0000254,4,CHEMONTID:0000323,CHEMONTID:0000000;CHEMONTID:0004603;CHEMONTID:0000323;CHEMONTID:0000254,Organic compounds;Organic oxygen compounds;Organooxygen compounds;Ethers
2824,Amines,0.95,CHEMONTID:0002449,4,CHEMONTID:0000278,CHEMONTID:0000000;CHEMONTID:0004707;CHEMONTID:0000278;CHEMONTID:0002449,Organic compounds;Organic nitrogen compounds;Organonitrogen compounds;Amines
1160,Amines,0.98,CHEMONTID:0002449,4,CHEMONTID:0000278,CHEMONTID:0000000;CHEMONTID:0004707;CHEMONTID:0000278;CHEMONTID:0002449,Organic compounds;Organic nitrogen compounds;Organonitrogen compounds;Amines
19893,Guanidines,0.95,CHEMONTID:0000375,4,CHEMONTID:0000278,CHEMONTID:0000000;CHEMONTID:0004707;CHEMONTID:0000278;CHEMONTID:0000375,Organic compounds;Organic nitrogen compounds;Organonitrogen compounds;Guanidines
12761,Amines,0.96,CHEMONTID:0002449,4,CHEMONTID:0000278,CHEMONTID:0000000;CHEMONTID:0004707;CHEMONTID:0000278;CHEMONTID:0002449,Organic compounds;Organic nitrogen compounds;Organonitrogen compounds;Amines
17413,Carboxylic acid derivatives,0.91,CHEMONTID:0001093,4,CHEMONTID:0000265,CHEMONTID:0000000;CHEMONTID:0000264;CHEMONTID:0000265;CHEMONTID:0001093,Organic compounds;Organic acids and derivatives;Carboxylic acids and derivatives;Carboxylic acid derivatives
10163,Amines,0.97,CHEMONTID:0002449,4,CHEMONTID:0000278,CHEMONTID:0000000;CHEMONTID:0004707;CHEMONTID:0000278;CHEMONTID:0002449,Organic compounds;Organic nitrogen compounds;Organonitrogen compounds;Amines
11070,Alkyl phosphates,0.98,CHEMONTID:0003457,5,CHEMONTID:0000408,CHEMONTID:0000000;CHEMONTID:0000264;CHEMONTID:0000402;CHEMONTID:0000408;CHEMONTID:0003457,Organic compounds;Organic acids and derivatives;Organic phosphoric acids and derivatives;Phosphate esters;Alkyl phosphates
4383,Carboxylic acid derivatives,0.89,CHEMONTID:0001093,4,CHEMONTID:0000265,CHEMONTID:0000000;CHEMONTID:0000264;CHEMONTID:0000265;CHEMONTID:0001093,Organic compounds;Organic acids and derivatives;Carboxylic acids and derivatives;Carboxylic acid derivatives
15792,Carbonyl compounds,0.98,CHEMONTID:0001831,4,CHEMONTID:0000323,CHEMONTID:0000000;CHEMONTID:0004603;CHEMONTID:0000323;CHEMONTID:0001831,Organic compounds;Organic oxygen compounds;Organooxygen compounds;Carbonyl compounds
11178,Carboxylic acid derivatives,0.99,CHEMONTID:0001093,4,CHEMONTID:0000265,CHEMONTID:0000000;CHEMONTID:0000264;CHEMONTID:0000265;CHEMONTID:0001093,Organic compounds;Organic acids and derivatives;Carboxylic acids and derivatives;Carboxylic acid derivatives
9928,Alcohols and polyols,0.86,CHEMONTID:0000129,4,CHEMONTID:0000323,CHEMONTID:0000000;CHEMONTID:0004603;CHEMONTID:0000323;CHEMONTID:0000129,Organic compounds;Organic oxygen compounds;Organooxygen compounds;Alcohols and polyols
10877,Amines,0.94,CHEMONTID:0002449,4,CHEMONTID:0000278,CHEMONTID:0000000;CHEMONTID:0004707;CHEMONTID:0000278;CHEMONTID:0002449,Organic compounds;Organic nitrogen compounds;Organonitrogen compounds;Amines
1485,Carbonyl compounds,0.96,CHEMONTID:0001831,4,CHEMONTID:0000323,CHEMONTID:0000000;CHEMONTID:0004603;CHEMONTID:0000323;CHEMONTID:0001831,Organic compounds;Organic oxygen compounds;Organooxygen compounds;Carbonyl compounds
12337,Carbonyl compounds,0.92,CHEMONTID:0001831,4,CHEMONTID:0000323,CHEMONTID:0000000;CHEMONTID:0004603;CHEMONTID:0000323;CHEMONTID:0001831,Organic compounds;Organic oxygen compounds;Organooxygen compounds;Carbonyl compounds
4928,Carbonyl compounds,0.94,CHEMONTID:0001831,4,CHEMONTID:0000323,CHEMONTID:0000000;CHEMONTID:0004603;CHEMONTID:0000323;CHEMONTID:0001831,Organic compounds;Organic oxygen compounds;Organooxygen compounds;Carbonyl compounds
16617,Carboxylic acid derivatives,0.89,CHEMONTID:0001093,4,CHEMONTID:0000265,CHEMONTID:0000000;CHEMONTID:0000264;CHEMONTID:0000265;CHEMONTID:0001093,Organic compounds;Organic acids and derivatives;Carboxylic acids and derivatives;Carboxylic acid derivatives
20470,Amines,1,CHEMONTID:0002449,4,CHEMONTID:0000278,CHEMONTID:0000000;CHEMONTID:0004707;CHEMONTID:0000278;CHEMONTID:0002449,Organic compounds;Organic nitrogen compounds;Organonitrogen compounds;Amines
15842,Carbonyl compounds,0.97,CHEMONTID:0001831,4,CHEMONTID:0000323,CHEMONTID:0000000;CHEMONTID:0004603;CHEMONTID:0000323;CHEMONTID:0001831,Organic compounds;Organic oxygen compounds;Organooxygen compounds;Carbonyl compounds
10039,Carbonyl compounds,0.84,CHEMONTID:0001831,4,CHEMONTID:0000323,CHEMONTID:0000000;CHEMONTID:0004603;CHEMONTID:0000323;CHEMONTID:0001831,Organic compounds;Organic oxygen compounds;Organooxygen compounds;Carbonyl compounds
8043,Carbonyl compounds,0.88,CHEMONTID:0001831,4,CHEMONTID:0000323,CHEMONTID:0000000;CHEMONTID:0004603;CHEMONTID:0000323;CHEMONTID:0001831,Organic compounds;Organic oxygen compounds;Organooxygen compounds;Carbonyl compounds
19729,Carboxylic acid derivatives,0.99,CHEMONTID:0001093,4,CHEMONTID:0000265,CHEMONTID:0000000;CHEMONTID:0000264;CHEMONTID:0000265;CHEMONTID:0001093,Organic compounds;Organic acids and derivatives;Carboxylic acids and derivatives;Carboxylic acid derivatives
8574,Primary amines,0.97,CHEMONTID:0002450,5,CHEMONTID:0002449,CHEMONTID:0000000;CHEMONTID:0004707;CHEMONTID:0000278;CHEMONTID:0002449;CHEMONTID:0002450,Organic compounds;Organic nitrogen compounds;Organonitrogen compounds;Amines;Primary amines
16988,6-alkylaminopurines,0.99,CHEMONTID:0003454,6,CHEMONTID:0002987,CHEMONTID:0000000;CHEMONTID:0000002;CHEMONTID:0001797;CHEMONTID:0000245;CHEMONTID:0002987;CHEMONTID:0003454,Organic compounds;Organoheterocyclic compounds;Imidazopyrimidines;Purines and purine derivatives;6-aminopurines;6-alkylaminopurines
11352,6-alkylaminopurines,0.89,CHEMONTID:0003454,6,CHEMONTID:0002987,CHEMONTID:0000000;CHEMONTID:0000002;CHEMONTID:0001797;CHEMONTID:0000245;CHEMONTID:0002987;CHEMONTID:0003454,Organic compounds;Organoheterocyclic compounds;Imidazopyrimidines;Purines and purine derivatives;6-aminopurines;6-alkylaminopurines
3933,Monoalkylamines,0.99,CHEMONTID:0000469,6,CHEMONTID:0002450,CHEMONTID:0000000;CHEMONTID:0004707;CHEMONTID:0000278;CHEMONTID:0002449;CHEMONTID:0002450;CHEMONTID:0000469,Organic compounds;Organic nitrogen compounds;Organonitrogen compounds;Amines;Primary amines;Monoalkylamines
8774,Carbonyl compounds,0.95,CHEMONTID:0001831,4,CHEMONTID:0000323,CHEMONTID:0000000;CHEMONTID:0004603;CHEMONTID:0000323;CHEMONTID:0001831,Organic compounds;Organic oxygen compounds;Organooxygen compounds;Carbonyl compounds
8682,Primary amines,0.85,CHEMONTID:0002450,5,CHEMONTID:0002449,CHEMONTID:0000000;CHEMONTID:0004707;CHEMONTID:0000278;CHEMONTID:0002449;CHEMONTID:0002450,Organic compounds;Organic nitrogen compounds;Organonitrogen compounds;Amines;Primary amines
11767,Carbonyl compounds,0.97,CHEMONTID:0001831,4,CHEMONTID:0000323,CHEMONTID:0000000;CHEMONTID:0004603;CHEMONTID:0000323;CHEMONTID:0001831,Organic compounds;Organic oxygen compounds;Organooxygen compounds;Carbonyl compounds
12759,Alcohols and polyols,0.86,CHEMONTID:0000129,4,CHEMONTID:0000323,CHEMONTID:0000000;CHEMONTID:0004603;CHEMONTID:0000323;CHEMONTID:0000129,Organic compounds;Organic oxygen compounds;Organooxygen compounds;Alcohols and polyols
18408,Carbonyl compounds,0.88,CHEMONTID:0001831,4,CHEMONTID:0000323,CHEMONTID:0000000;CHEMONTID:0004603;CHEMONTID:0000323;CHEMONTID:0001831,Organic compounds;Organic oxygen compounds;Organooxygen compounds;Carbonyl compounds
8765,Carbonyl compounds,0.97,CHEMONTID:0001831,4,CHEMONTID:0000323,CHEMONTID:0000000;CHEMONTID:0004603;CHEMONTID:0000323;CHEMONTID:0001831,Organic compounds;Organic oxygen compounds;Organooxygen compounds;Carbonyl compounds
16303,Carboxylic acids,0.87,CHEMONTID:0001205,4,CHEMONTID:0000265,CHEMONTID:0000000;CHEMONTID:0000264;CHEMONTID:0000265;CHEMONTID:0001205,Organic compounds;Organic acids and derivatives;Carboxylic acids and derivatives;Carboxylic acids
20464,Carbonyl compounds,0.99,CHEMONTID:0001831,4,CHEMONTID:0000323,CHEMONTID:0000000;CHEMONTID:0004603;CHEMONTID:0000323;CHEMONTID:0001831,Organic compounds;Organic oxygen compounds;Organooxygen compounds;Carbonyl compounds
20507,Primary amines,0.96,CHEMONTID:0002450,5,CHEMONTID:0002449,CHEMONTID:0000000;CHEMONTID:0004707;CHEMONTID:0000278;CHEMONTID:0002449;CHEMONTID:0002450,Organic compounds;Organic nitrogen compounds;Organonitrogen compounds;Amines;Primary amines
8475,Diterpenoids,0.92,CHEMONTID:0001551,4,CHEMONTID:0000259,CHEMONTID:0000000;CHEMONTID:0000012;CHEMONTID:0000259;CHEMONTID:0001551,Organic compounds;Lipids and lipid-like molecules;Prenol lipids;Diterpenoids
19043,Alcohols and polyols,0.89,CHEMONTID:0000129,4,CHEMONTID:0000323,CHEMONTID:0000000;CHEMONTID:0004603;CHEMONTID:0000323;CHEMONTID:0000129,Organic compounds;Organic oxygen compounds;Organooxygen compounds;Alcohols and polyols
13191,Fatty amides,0.87,CHEMONTID:0000331,4,CHEMONTID:0003909,CHEMONTID:0000000;CHEMONTID:0000012;CHEMONTID:0003909;CHEMONTID:0000331,Organic compounds;Lipids and lipid-like molecules;Fatty Acyls;Fatty amides
6150,Benzylamines,0.85,CHEMONTID:0002673,4,CHEMONTID:0002279,CHEMONTID:0000000;CHEMONTID:0002448;CHEMONTID:0002279;CHEMONTID:0002673,Organic compounds;Benzenoids;Benzene and substituted derivatives;Benzylamines
1234,"1,2-aminoalcohols",0.99,CHEMONTID:0001897,6,CHEMONTID:0002460,CHEMONTID:0000000;CHEMONTID:0004707;CHEMONTID:0000278;CHEMONTID:0002449;CHEMONTID:0002460;CHEMONTID:0001897,"Organic compounds;Organic nitrogen compounds;Organonitrogen compounds;Amines;Alkanolamines;1,2-aminoalcohols"
4664,Dialkyl phosphates,1,CHEMONTID:0003459,6,CHEMONTID:0003457,CHEMONTID:0000000;CHEMONTID:0000264;CHEMONTID:0000402;CHEMONTID:0000408;CHEMONTID:0003457;CHEMONTID:0003459,Organic compounds;Organic acids and derivatives;Organic phosphoric acids and derivatives;Phosphate esters;Alkyl phosphates;Dialkyl phosphates
7060,Monoalkylamines,0.81,CHEMONTID:0000469,6,CHEMONTID:0002450,CHEMONTID:0000000;CHEMONTID:0004707;CHEMONTID:0000278;CHEMONTID:0002449;CHEMONTID:0002450;CHEMONTID:0000469,Organic compounds;Organic nitrogen compounds;Organonitrogen compounds;Amines;Primary amines;Monoalkylamines
16458,Carbonyl compounds,0.96,CHEMONTID:0001831,4,CHEMONTID:0000323,CHEMONTID:0000000;CHEMONTID:0004603;CHEMONTID:0000323;CHEMONTID:0001831,Organic compounds;Organic oxygen compounds;Organooxygen compounds;Carbonyl compounds
12716,Carboxylic acid derivatives,0.85,CHEMONTID:0001093,4,CHEMONTID:0000265,CHEMONTID:0000000;CHEMONTID:0000264;CHEMONTID:0000265;CHEMONTID:0001093,Organic compounds;Organic acids and derivatives;Carboxylic acids and derivatives;Carboxylic acid derivatives
13289,Monoalkylamines,0.96,CHEMONTID:0000469,6,CHEMONTID:0002450,CHEMONTID:0000000;CHEMONTID:0004707;CHEMONTID:0000278;CHEMONTID:0002449;CHEMONTID:0002450;CHEMONTID:0000469,Organic compounds;Organic nitrogen compounds;Organonitrogen compounds;Amines;Primary amines;Monoalkylamines
20096,Carbonyl compounds,0.95,CHEMONTID:0001831,4,CHEMONTID:0000323,CHEMONTID:0000000;CHEMONTID:0004603;CHEMONTID:0000323;CHEMONTID:0001831,Organic compounds;Organic oxygen compounds;Organooxygen compounds;Carbonyl compounds
13186,"Amino acids, peptides, and analogues",0.91,CHEMONTID:0000013,4,CHEMONTID:0000265,CHEMONTID:0000000;CHEMONTID:0000264;CHEMONTID:0000265;CHEMONTID:0000013,"Organic compounds;Organic acids and derivatives;Carboxylic acids and derivatives;Amino acids, peptides, and analogues"
13360,Carbonyl compounds,1,CHEMONTID:0001831,4,CHEMONTID:0000323,CHEMONTID:0000000;CHEMONTID:0004603;CHEMONTID:0000323;CHEMONTID:0001831,Organic compounds;Organic oxygen compounds;Organooxygen compounds;Carbonyl compounds
6718,Carbohydrates and carbohydrate conjugates,0.99,CHEMONTID:0000011,4,CHEMONTID:0000323,CHEMONTID:0000000;CHEMONTID:0004603;CHEMONTID:0000323;CHEMONTID:0000011,Organic compounds;Organic oxygen compounds;Organooxygen compounds;Carbohydrates and carbohydrate conjugates
3822,Monocarboxylic acids and derivatives,0.9,CHEMONTID:0001137,4,CHEMONTID:0000265,CHEMONTID:0000000;CHEMONTID:0000264;CHEMONTID:0000265;CHEMONTID:0001137,Organic compounds;Organic acids and derivatives;Carboxylic acids and derivatives;Monocarboxylic acids and derivatives
3919,Carbonyl compounds,0.84,CHEMONTID:0001831,4,CHEMONTID:0000323,CHEMONTID:0000000;CHEMONTID:0004603;CHEMONTID:0000323;CHEMONTID:0001831,Organic compounds;Organic oxygen compounds;Organooxygen compounds;Carbonyl compounds
19516,Glycosyl compounds,0.99,CHEMONTID:0002105,5,CHEMONTID:0000011,CHEMONTID:0000000;CHEMONTID:0004603;CHEMONTID:0000323;CHEMONTID:0000011;CHEMONTID:0002105,Organic compounds;Organic oxygen compounds;Organooxygen compounds;Carbohydrates and carbohydrate conjugates;Glycosyl compounds
5123,Monoalkylamines,0.88,CHEMONTID:0000469,6,CHEMONTID:0002450,CHEMONTID:0000000;CHEMONTID:0004707;CHEMONTID:0000278;CHEMONTID:0002449;CHEMONTID:0002450;CHEMONTID:0000469,Organic compounds;Organic nitrogen compounds;Organonitrogen compounds;Amines;Primary amines;Monoalkylamines
7335,Carbonyl compounds,1,CHEMONTID:0001831,4,CHEMONTID:0000323,CHEMONTID:0000000;CHEMONTID:0004603;CHEMONTID:0000323;CHEMONTID:0001831,Organic compounds;Organic oxygen compounds;Organooxygen compounds;Carbonyl compounds
13836,Dialkyl ethers,0.98,CHEMONTID:0001167,5,CHEMONTID:0000254,CHEMONTID:0000000;CHEMONTID:0004603;CHEMONTID:0000323;CHEMONTID:0000254;CHEMONTID:0001167,Organic compounds;Organic oxygen compounds;Organooxygen compounds;Ethers;Dialkyl ethers
14399,Monocarboxylic acids and derivatives,0.83,CHEMONTID:0001137,4,CHEMONTID:0000265,CHEMONTID:0000000;CHEMONTID:0000264;CHEMONTID:0000265;CHEMONTID:0001137,Organic compounds;Organic acids and derivatives;Carboxylic acids and derivatives;Monocarboxylic acids and derivatives
9080,Monoalkylamines,1,CHEMONTID:0000469,6,CHEMONTID:0002450,CHEMONTID:0000000;CHEMONTID:0004707;CHEMONTID:0000278;CHEMONTID:0002449;CHEMONTID:0002450;CHEMONTID:0000469,Organic compounds;Organic nitrogen compounds;Organonitrogen compounds;Amines;Primary amines;Monoalkylamines
15163,Dialkyl phosphates,1,CHEMONTID:0003459,6,CHEMONTID:0003457,CHEMONTID:0000000;CHEMONTID:0000264;CHEMONTID:0000402;CHEMONTID:0000408;CHEMONTID:0003457;CHEMONTID:0003459,Organic compounds;Organic acids and derivatives;Organic phosphoric acids and derivatives;Phosphate esters;Alkyl phosphates;Dialkyl phosphates
12268,Methyl esters,0.93,CHEMONTID:0003416,6,CHEMONTID:0001238,CHEMONTID:0000000;CHEMONTID:0000264;CHEMONTID:0000265;CHEMONTID:0001093;CHEMONTID:0001238;CHEMONTID:0003416,Organic compounds;Organic acids and derivatives;Carboxylic acids and derivatives;Carboxylic acid derivatives;Carboxylic acid esters;Methyl esters
19905,Amino acids and derivatives,0.85,CHEMONTID:0000347,5,CHEMONTID:0000013,CHEMONTID:0000000;CHEMONTID:0000264;CHEMONTID:0000265;CHEMONTID:0000013;CHEMONTID:0000347,"Organic compounds;Organic acids and derivatives;Carboxylic acids and derivatives;Amino acids, peptides, and analogues;Amino acids and derivatives"
18039,Primary amines,0.97,CHEMONTID:0002450,5,CHEMONTID:0002449,CHEMONTID:0000000;CHEMONTID:0004707;CHEMONTID:0000278;CHEMONTID:0002449;CHEMONTID:0002450,Organic compounds;Organic nitrogen compounds;Organonitrogen compounds;Amines;Primary amines
15140,Dialkyl ethers,0.97,CHEMONTID:0001167,5,CHEMONTID:0000254,CHEMONTID:0000000;CHEMONTID:0004603;CHEMONTID:0000323;CHEMONTID:0000254;CHEMONTID:0001167,Organic compounds;Organic oxygen compounds;Organooxygen compounds;Ethers;Dialkyl ethers
11443,Carboxylic acid derivatives,0.92,CHEMONTID:0001093,4,CHEMONTID:0000265,CHEMONTID:0000000;CHEMONTID:0000264;CHEMONTID:0000265;CHEMONTID:0001093,Organic compounds;Organic acids and derivatives;Carboxylic acids and derivatives;Carboxylic acid derivatives
8312,Alcohols and polyols,0.86,CHEMONTID:0000129,4,CHEMONTID:0000323,CHEMONTID:0000000;CHEMONTID:0004603;CHEMONTID:0000323;CHEMONTID:0000129,Organic compounds;Organic oxygen compounds;Organooxygen compounds;Alcohols and polyols
4456,Monocarboxylic acids and derivatives,0.81,CHEMONTID:0001137,4,CHEMONTID:0000265,CHEMONTID:0000000;CHEMONTID:0000264;CHEMONTID:0000265;CHEMONTID:0001137,Organic compounds;Organic acids and derivatives;Carboxylic acids and derivatives;Monocarboxylic acids and derivatives
4487,Monocarboxylic acids and derivatives,0.88,CHEMONTID:0001137,4,CHEMONTID:0000265,CHEMONTID:0000000;CHEMONTID:0000264;CHEMONTID:0000265;CHEMONTID:0001137,Organic compounds;Organic acids and derivatives;Carboxylic acids and derivatives;Monocarboxylic acids and derivatives
1291,Carbonyl compounds,0.89,CHEMONTID:0001831,4,CHEMONTID:0000323,CHEMONTID:0000000;CHEMONTID:0004603;CHEMONTID:0000323;CHEMONTID:0001831,Organic compounds;Organic oxygen compounds;Organooxygen compounds;Carbonyl compounds
9700,Amines,0.96,CHEMONTID:0002449,4,CHEMONTID:0000278,CHEMONTID:0000000;CHEMONTID:0004707;CHEMONTID:0000278;CHEMONTID:0002449,Organic compounds;Organic nitrogen compounds;Organonitrogen compounds;Amines
17577,Amines,0.91,CHEMONTID:0002449,4,CHEMONTID:0000278,CHEMONTID:0000000;CHEMONTID:0004707;CHEMONTID:0000278;CHEMONTID:0002449,Organic compounds;Organic nitrogen compounds;Organonitrogen compounds;Amines
1359,Dialkyl ethers,0.86,CHEMONTID:0001167,5,CHEMONTID:0000254,CHEMONTID:0000000;CHEMONTID:0004603;CHEMONTID:0000323;CHEMONTID:0000254;CHEMONTID:0001167,Organic compounds;Organic oxygen compounds;Organooxygen compounds;Ethers;Dialkyl ethers
9686,Carbonyl compounds,0.9,CHEMONTID:0001831,4,CHEMONTID:0000323,CHEMONTID:0000000;CHEMONTID:0004603;CHEMONTID:0000323;CHEMONTID:0001831,Organic compounds;Organic oxygen compounds;Organooxygen compounds;Carbonyl compounds
16408,Monoalkylamines,0.99,CHEMONTID:0000469,6,CHEMONTID:0002450,CHEMONTID:0000000;CHEMONTID:0004707;CHEMONTID:0000278;CHEMONTID:0002449;CHEMONTID:0002450;CHEMONTID:0000469,Organic compounds;Organic nitrogen compounds;Organonitrogen compounds;Amines;Primary amines;Monoalkylamines
732,Alcohols and polyols,0.92,CHEMONTID:0000129,4,CHEMONTID:0000323,CHEMONTID:0000000;CHEMONTID:0004603;CHEMONTID:0000323;CHEMONTID:0000129,Organic compounds;Organic oxygen compounds;Organooxygen compounds;Alcohols and polyols
14218,Carbonyl compounds,0.81,CHEMONTID:0001831,4,CHEMONTID:0000323,CHEMONTID:0000000;CHEMONTID:0004603;CHEMONTID:0000323;CHEMONTID:0001831,Organic compounds;Organic oxygen compounds;Organooxygen compounds;Carbonyl compounds
16469,Alcohols and polyols,1,CHEMONTID:0000129,4,CHEMONTID:0000323,CHEMONTID:0000000;CHEMONTID:0004603;CHEMONTID:0000323;CHEMONTID:0000129,Organic compounds;Organic oxygen compounds;Organooxygen compounds;Alcohols and polyols
1892,Pyrimidines and pyrimidine derivatives,0.98,CHEMONTID:0000075,4,CHEMONTID:0001346,CHEMONTID:0000000;CHEMONTID:0000002;CHEMONTID:0001346;CHEMONTID:0000075,Organic compounds;Organoheterocyclic compounds;Diazines;Pyrimidines and pyrimidine derivatives
12068,Dialkyl ethers,0.86,CHEMONTID:0001167,5,CHEMONTID:0000254,CHEMONTID:0000000;CHEMONTID:0004603;CHEMONTID:0000323;CHEMONTID:0000254;CHEMONTID:0001167,Organic compounds;Organic oxygen compounds;Organooxygen compounds;Ethers;Dialkyl ethers
690,Carbonyl compounds,0.84,CHEMONTID:0001831,4,CHEMONTID:0000323,CHEMONTID:0000000;CHEMONTID:0004603;CHEMONTID:0000323;CHEMONTID:0001831,Organic compounds;Organic oxygen compounds;Organooxygen compounds;Carbonyl compounds
4511,Carboxylic acid derivatives,0.99,CHEMONTID:0001093,4,CHEMONTID:0000265,CHEMONTID:0000000;CHEMONTID:0000264;CHEMONTID:0000265;CHEMONTID:0001093,Organic compounds;Organic acids and derivatives;Carboxylic acids and derivatives;Carboxylic acid derivatives
5101,Carbonyl compounds,0.99,CHEMONTID:0001831,4,CHEMONTID:0000323,CHEMONTID:0000000;CHEMONTID:0004603;CHEMONTID:0000323;CHEMONTID:0001831,Organic compounds;Organic oxygen compounds;Organooxygen compounds;Carbonyl compounds
17195,Carbonyl compounds,0.99,CHEMONTID:0001831,4,CHEMONTID:0000323,CHEMONTID:0000000;CHEMONTID:0004603;CHEMONTID:0000323;CHEMONTID:0001831,Organic compounds;Organic oxygen compounds;Organooxygen compounds;Carbonyl compounds
4775,Secondary alcohols,0.99,CHEMONTID:0001661,5,CHEMONTID:0000129,CHEMONTID:0000000;CHEMONTID:0004603;CHEMONTID:0000323;CHEMONTID:0000129;CHEMONTID:0001661,Organic compounds;Organic oxygen compounds;Organooxygen compounds;Alcohols and polyols;Secondary alcohols
5905,Carbonyl compounds,0.83,CHEMONTID:0001831,4,CHEMONTID:0000323,CHEMONTID:0000000;CHEMONTID:0004603;CHEMONTID:0000323;CHEMONTID:0001831,Organic compounds;Organic oxygen compounds;Organooxygen compounds;Carbonyl compounds
17652,Alkoxy-S-triazines,0.99,CHEMONTID:0004638,5,CHEMONTID:0004105,CHEMONTID:0000000;CHEMONTID:0000002;CHEMONTID:0000098;CHEMONTID:0004105;CHEMONTID:0004638,"Organic compounds;Organoheterocyclic compounds;Triazines;1,3,5-triazines;Alkoxy-S-triazines"
7097,Dialkyl ethers,0.96,CHEMONTID:0001167,5,CHEMONTID:0000254,CHEMONTID:0000000;CHEMONTID:0004603;CHEMONTID:0000323;CHEMONTID:0000254;CHEMONTID:0001167,Organic compounds;Organic oxygen compounds;Organooxygen compounds;Ethers;Dialkyl ethers
1742,Carbonyl compounds,0.94,CHEMONTID:0001831,4,CHEMONTID:0000323,CHEMONTID:0000000;CHEMONTID:0004603;CHEMONTID:0000323;CHEMONTID:0001831,Organic compounds;Organic oxygen compounds;Organooxygen compounds;Carbonyl compounds
14988,Primary amines,0.96,CHEMONTID:0002450,5,CHEMONTID:0002449,CHEMONTID:0000000;CHEMONTID:0004707;CHEMONTID:0000278;CHEMONTID:0002449;CHEMONTID:0002450,Organic compounds;Organic nitrogen compounds;Organonitrogen compounds;Amines;Primary amines
5302,Carbonyl compounds,0.98,CHEMONTID:0001831,4,CHEMONTID:0000323,CHEMONTID:0000000;CHEMONTID:0004603;CHEMONTID:0000323;CHEMONTID:0001831,Organic compounds;Organic oxygen compounds;Organooxygen compounds;Carbonyl compounds
3435,Amines,1,CHEMONTID:0002449,4,CHEMONTID:0000278,CHEMONTID:0000000;CHEMONTID:0004707;CHEMONTID:0000278;CHEMONTID:0002449,Organic compounds;Organic nitrogen compounds;Organonitrogen compounds;Amines
14584,Monocarboxylic acids and derivatives,0.94,CHEMONTID:0001137,4,CHEMONTID:0000265,CHEMONTID:0000000;CHEMONTID:0000264;CHEMONTID:0000265;CHEMONTID:0001137,Organic compounds;Organic acids and derivatives;Carboxylic acids and derivatives;Monocarboxylic acids and derivatives
7467,Amines,1,CHEMONTID:0002449,4,CHEMONTID:0000278,CHEMONTID:0000000;CHEMONTID:0004707;CHEMONTID:0000278;CHEMONTID:0002449,Organic compounds;Organic nitrogen compounds;Organonitrogen compounds;Amines
17584,Alkyl phosphates,0.99,CHEMONTID:0003457,5,CHEMONTID:0000408,CHEMONTID:0000000;CHEMONTID:0000264;CHEMONTID:0000402;CHEMONTID:0000408;CHEMONTID:0003457,Organic compounds;Organic acids and derivatives;Organic phosphoric acids and derivatives;Phosphate esters;Alkyl phosphates
1672,Primary amines,0.99,CHEMONTID:0002450,5,CHEMONTID:0002449,CHEMONTID:0000000;CHEMONTID:0004707;CHEMONTID:0000278;CHEMONTID:0002449;CHEMONTID:0002450,Organic compounds;Organic nitrogen compounds;Organonitrogen compounds;Amines;Primary amines
9505,Dialkyl phosphates,1,CHEMONTID:0003459,6,CHEMONTID:0003457,CHEMONTID:0000000;CHEMONTID:0000264;CHEMONTID:0000402;CHEMONTID:0000408;CHEMONTID:0003457;CHEMONTID:0003459,Organic compounds;Organic acids and derivatives;Organic phosphoric acids and derivatives;Phosphate esters;Alkyl phosphates;Dialkyl phosphates
8596,Carbonyl compounds,0.8,CHEMONTID:0001831,4,CHEMONTID:0000323,CHEMONTID:0000000;CHEMONTID:0004603;CHEMONTID:0000323;CHEMONTID:0001831,Organic compounds;Organic oxygen compounds;Organooxygen compounds;Carbonyl compounds
3829,Alkyl phosphates,1,CHEMONTID:0003457,5,CHEMONTID:0000408,CHEMONTID:0000000;CHEMONTID:0000264;CHEMONTID:0000402;CHEMONTID:0000408;CHEMONTID:0003457,Organic compounds;Organic acids and derivatives;Organic phosphoric acids and derivatives;Phosphate esters;Alkyl phosphates
11562,Alcohols and polyols,0.87,CHEMONTID:0000129,4,CHEMONTID:0000323,CHEMONTID:0000000;CHEMONTID:0004603;CHEMONTID:0000323;CHEMONTID:0000129,Organic compounds;Organic oxygen compounds;Organooxygen compounds;Alcohols and polyols
13721,Carbonyl compounds,0.96,CHEMONTID:0001831,4,CHEMONTID:0000323,CHEMONTID:0000000;CHEMONTID:0004603;CHEMONTID:0000323;CHEMONTID:0001831,Organic compounds;Organic oxygen compounds;Organooxygen compounds;Carbonyl compounds
5284,Carbonyl compounds,0.96,CHEMONTID:0001831,4,CHEMONTID:0000323,CHEMONTID:0000000;CHEMONTID:0004603;CHEMONTID:0000323;CHEMONTID:0001831,Organic compounds;Organic oxygen compounds;Organooxygen compounds;Carbonyl compounds
16539,Carboxylic acid amides,0.93,CHEMONTID:0000475,5,CHEMONTID:0001093,CHEMONTID:0000000;CHEMONTID:0000264;CHEMONTID:0000265;CHEMONTID:0001093;CHEMONTID:0000475,Organic compounds;Organic acids and derivatives;Carboxylic acids and derivatives;Carboxylic acid derivatives;Carboxylic acid amides
20357,Carboxylic acid derivatives,0.99,CHEMONTID:0001093,4,CHEMONTID:0000265,CHEMONTID:0000000;CHEMONTID:0000264;CHEMONTID:0000265;CHEMONTID:0001093,Organic compounds;Organic acids and derivatives;Carboxylic acids and derivatives;Carboxylic acid derivatives
13737,Carbonyl compounds,0.99,CHEMONTID:0001831,4,CHEMONTID:0000323,CHEMONTID:0000000;CHEMONTID:0004603;CHEMONTID:0000323;CHEMONTID:0001831,Organic compounds;Organic oxygen compounds;Organooxygen compounds;Carbonyl compounds
7536,Monocarboxylic acids and derivatives,0.82,CHEMONTID:0001137,4,CHEMONTID:0000265,CHEMONTID:0000000;CHEMONTID:0000264;CHEMONTID:0000265;CHEMONTID:0001137,Organic compounds;Organic acids and derivatives;Carboxylic acids and derivatives;Monocarboxylic acids and derivatives
11017,Carbonyl compounds,0.82,CHEMONTID:0001831,4,CHEMONTID:0000323,CHEMONTID:0000000;CHEMONTID:0004603;CHEMONTID:0000323;CHEMONTID:0001831,Organic compounds;Organic oxygen compounds;Organooxygen compounds;Carbonyl compounds
16201,Amines,0.97,CHEMONTID:0002449,4,CHEMONTID:0000278,CHEMONTID:0000000;CHEMONTID:0004707;CHEMONTID:0000278;CHEMONTID:0002449,Organic compounds;Organic nitrogen compounds;Organonitrogen compounds;Amines
9496,Dialkyl ethers,0.96,CHEMONTID:0001167,5,CHEMONTID:0000254,CHEMONTID:0000000;CHEMONTID:0004603;CHEMONTID:0000323;CHEMONTID:0000254;CHEMONTID:0001167,Organic compounds;Organic oxygen compounds;Organooxygen compounds;Ethers;Dialkyl ethers
9794,Amines,0.94,CHEMONTID:0002449,4,CHEMONTID:0000278,CHEMONTID:0000000;CHEMONTID:0004707;CHEMONTID:0000278;CHEMONTID:0002449,Organic compounds;Organic nitrogen compounds;Organonitrogen compounds;Amines
14896,Carbonyl compounds,0.97,CHEMONTID:0001831,4,CHEMONTID:0000323,CHEMONTID:0000000;CHEMONTID:0004603;CHEMONTID:0000323;CHEMONTID:0001831,Organic compounds;Organic oxygen compounds;Organooxygen compounds;Carbonyl compounds
12771,Trialkylamines,0.9,CHEMONTID:0002239,6,CHEMONTID:0002452,CHEMONTID:0000000;CHEMONTID:0004707;CHEMONTID:0000278;CHEMONTID:0002449;CHEMONTID:0002452;CHEMONTID:0002239,Organic compounds;Organic nitrogen compounds;Organonitrogen compounds;Amines;Tertiary amines;Trialkylamines
432,Carbonyl compounds,0.91,CHEMONTID:0001831,4,CHEMONTID:0000323,CHEMONTID:0000000;CHEMONTID:0004603;CHEMONTID:0000323;CHEMONTID:0001831,Organic compounds;Organic oxygen compounds;Organooxygen compounds;Carbonyl compounds
7042,Peptides,0.99,CHEMONTID:0000348,5,CHEMONTID:0000013,CHEMONTID:0000000;CHEMONTID:0000264;CHEMONTID:0000265;CHEMONTID:0000013;CHEMONTID:0000348,"Organic compounds;Organic acids and derivatives;Carboxylic acids and derivatives;Amino acids, peptides, and analogues;Peptides"
20297,Ethers,0.8,CHEMONTID:0000254,4,CHEMONTID:0000323,CHEMONTID:0000000;CHEMONTID:0004603;CHEMONTID:0000323;CHEMONTID:0000254,Organic compounds;Organic oxygen compounds;Organooxygen compounds;Ethers
4646,Triazoles,0.95,CHEMONTID:0000099,4,CHEMONTID:0000436,CHEMONTID:0000000;CHEMONTID:0000002;CHEMONTID:0000436;CHEMONTID:0000099,Organic compounds;Organoheterocyclic compounds;Azoles;Triazoles
15633,Alcohols and polyols,0.98,CHEMONTID:0000129,4,CHEMONTID:0000323,CHEMONTID:0000000;CHEMONTID:0004603;CHEMONTID:0000323;CHEMONTID:0000129,Organic compounds;Organic oxygen compounds;Organooxygen compounds;Alcohols and polyols
10099,N-acyl amines,0.93,CHEMONTID:0001096,5,CHEMONTID:0000331,CHEMONTID:0000000;CHEMONTID:0000012;CHEMONTID:0003909;CHEMONTID:0000331;CHEMONTID:0001096,Organic compounds;Lipids and lipid-like molecules;Fatty Acyls;Fatty amides;N-acyl amines
13770,Carbonyl compounds,0.93,CHEMONTID:0001831,4,CHEMONTID:0000323,CHEMONTID:0000000;CHEMONTID:0004603;CHEMONTID:0000323;CHEMONTID:0001831,Organic compounds;Organic oxygen compounds;Organooxygen compounds;Carbonyl compounds
12730,Alcohols and polyols,0.98,CHEMONTID:0000129,4,CHEMONTID:0000323,CHEMONTID:0000000;CHEMONTID:0004603;CHEMONTID:0000323;CHEMONTID:0000129,Organic compounds;Organic oxygen compounds;Organooxygen compounds;Alcohols and polyols
7269,Amines,0.93,CHEMONTID:0002449,4,CHEMONTID:0000278,CHEMONTID:0000000;CHEMONTID:0004707;CHEMONTID:0000278;CHEMONTID:0002449,Organic compounds;Organic nitrogen compounds;Organonitrogen compounds;Amines
6002,6-aminopurines,1,CHEMONTID:0002987,5,CHEMONTID:0000245,CHEMONTID:0000000;CHEMONTID:0000002;CHEMONTID:0001797;CHEMONTID:0000245;CHEMONTID:0002987,Organic compounds;Organoheterocyclic compounds;Imidazopyrimidines;Purines and purine derivatives;6-aminopurines
20027,Monoalkylamines,0.99,CHEMONTID:0000469,6,CHEMONTID:0002450,CHEMONTID:0000000;CHEMONTID:0004707;CHEMONTID:0000278;CHEMONTID:0002449;CHEMONTID:0002450;CHEMONTID:0000469,Organic compounds;Organic nitrogen compounds;Organonitrogen compounds;Amines;Primary amines;Monoalkylamines
11041,Carbonyl compounds,0.82,CHEMONTID:0001831,4,CHEMONTID:0000323,CHEMONTID:0000000;CHEMONTID:0004603;CHEMONTID:0000323;CHEMONTID:0001831,Organic compounds;Organic oxygen compounds;Organooxygen compounds;Carbonyl compounds
11950,Ethers,0.95,CHEMONTID:0000254,4,CHEMONTID:0000323,CHEMONTID:0000000;CHEMONTID:0004603;CHEMONTID:0000323;CHEMONTID:0000254,Organic compounds;Organic oxygen compounds;Organooxygen compounds;Ethers
7527,Carbonyl compounds,0.99,CHEMONTID:0001831,4,CHEMONTID:0000323,CHEMONTID:0000000;CHEMONTID:0004603;CHEMONTID:0000323;CHEMONTID:0001831,Organic compounds;Organic oxygen compounds;Organooxygen compounds;Carbonyl compounds
10607,Fatty alcohols,0.81,CHEMONTID:0001334,4,CHEMONTID:0003909,CHEMONTID:0000000;CHEMONTID:0000012;CHEMONTID:0003909;CHEMONTID:0001334,Organic compounds;Lipids and lipid-like molecules;Fatty Acyls;Fatty alcohols
138,Alcohols and polyols,0.92,CHEMONTID:0000129,4,CHEMONTID:0000323,CHEMONTID:0000000;CHEMONTID:0004603;CHEMONTID:0000323;CHEMONTID:0000129,Organic compounds;Organic oxygen compounds;Organooxygen compounds;Alcohols and polyols
15923,Amines,0.97,CHEMONTID:0002449,4,CHEMONTID:0000278,CHEMONTID:0000000;CHEMONTID:0004707;CHEMONTID:0000278;CHEMONTID:0002449,Organic compounds;Organic nitrogen compounds;Organonitrogen compounds;Amines
20030,Dialkyl ethers,0.92,CHEMONTID:0001167,5,CHEMONTID:0000254,CHEMONTID:0000000;CHEMONTID:0004603;CHEMONTID:0000323;CHEMONTID:0000254;CHEMONTID:0001167,Organic compounds;Organic oxygen compounds;Organooxygen compounds;Ethers;Dialkyl ethers
4694,Amines,0.88,CHEMONTID:0002449,4,CHEMONTID:0000278,CHEMONTID:0000000;CHEMONTID:0004707;CHEMONTID:0000278;CHEMONTID:0002449,Organic compounds;Organic nitrogen compounds;Organonitrogen compounds;Amines
8966,Amines,0.99,CHEMONTID:0002449,4,CHEMONTID:0000278,CHEMONTID:0000000;CHEMONTID:0004707;CHEMONTID:0000278;CHEMONTID:0002449,Organic compounds;Organic nitrogen compounds;Organonitrogen compounds;Amines
4161,Carboxylic acid derivatives,0.97,CHEMONTID:0001093,4,CHEMONTID:0000265,CHEMONTID:0000000;CHEMONTID:0000264;CHEMONTID:0000265;CHEMONTID:0001093,Organic compounds;Organic acids and derivatives;Carboxylic acids and derivatives;Carboxylic acid derivatives
5035,Carboxylic acid derivatives,0.94,CHEMONTID:0001093,4,CHEMONTID:0000265,CHEMONTID:0000000;CHEMONTID:0000264;CHEMONTID:0000265;CHEMONTID:0001093,Organic compounds;Organic acids and derivatives;Carboxylic acids and derivatives;Carboxylic acid derivatives
18364,Alcohols and polyols,0.88,CHEMONTID:0000129,4,CHEMONTID:0000323,CHEMONTID:0000000;CHEMONTID:0004603;CHEMONTID:0000323;CHEMONTID:0000129,Organic compounds;Organic oxygen compounds;Organooxygen compounds;Alcohols and polyols
5295,Monoalkylamines,0.99,CHEMONTID:0000469,6,CHEMONTID:0002450,CHEMONTID:0000000;CHEMONTID:0004707;CHEMONTID:0000278;CHEMONTID:0002449;CHEMONTID:0002450;CHEMONTID:0000469,Organic compounds;Organic nitrogen compounds;Organonitrogen compounds;Amines;Primary amines;Monoalkylamines
1341,Amines,0.85,CHEMONTID:0002449,4,CHEMONTID:0000278,CHEMONTID:0000000;CHEMONTID:0004707;CHEMONTID:0000278;CHEMONTID:0002449,Organic compounds;Organic nitrogen compounds;Organonitrogen compounds;Amines
15798,Alkyl phosphates,0.99,CHEMONTID:0003457,5,CHEMONTID:0000408,CHEMONTID:0000000;CHEMONTID:0000264;CHEMONTID:0000402;CHEMONTID:0000408;CHEMONTID:0003457,Organic compounds;Organic acids and derivatives;Organic phosphoric acids and derivatives;Phosphate esters;Alkyl phosphates
16551,"Amino acids, peptides, and analogues",0.99,CHEMONTID:0000013,4,CHEMONTID:0000265,CHEMONTID:0000000;CHEMONTID:0000264;CHEMONTID:0000265;CHEMONTID:0000013,"Organic compounds;Organic acids and derivatives;Carboxylic acids and derivatives;Amino acids, peptides, and analogues"
6608,Carbonyl compounds,0.92,CHEMONTID:0001831,4,CHEMONTID:0000323,CHEMONTID:0000000;CHEMONTID:0004603;CHEMONTID:0000323;CHEMONTID:0001831,Organic compounds;Organic oxygen compounds;Organooxygen compounds;Carbonyl compounds
4981,Carboxylic acid derivatives,0.87,CHEMONTID:0001093,4,CHEMONTID:0000265,CHEMONTID:0000000;CHEMONTID:0000264;CHEMONTID:0000265;CHEMONTID:0001093,Organic compounds;Organic acids and derivatives;Carboxylic acids and derivatives;Carboxylic acid derivatives
2884,Carbonyl compounds,0.97,CHEMONTID:0001831,4,CHEMONTID:0000323,CHEMONTID:0000000;CHEMONTID:0004603;CHEMONTID:0000323;CHEMONTID:0001831,Organic compounds;Organic oxygen compounds;Organooxygen compounds;Carbonyl compounds
14144,Primary amines,0.89,CHEMONTID:0002450,5,CHEMONTID:0002449,CHEMONTID:0000000;CHEMONTID:0004707;CHEMONTID:0000278;CHEMONTID:0002449;CHEMONTID:0002450,Organic compounds;Organic nitrogen compounds;Organonitrogen compounds;Amines;Primary amines
11576,Primary amines,0.97,CHEMONTID:0002450,5,CHEMONTID:0002449,CHEMONTID:0000000;CHEMONTID:0004707;CHEMONTID:0000278;CHEMONTID:0002449;CHEMONTID:0002450,Organic compounds;Organic nitrogen compounds;Organonitrogen compounds;Amines;Primary amines
12003,Alcohols and polyols,0.94,CHEMONTID:0000129,4,CHEMONTID:0000323,CHEMONTID:0000000;CHEMONTID:0004603;CHEMONTID:0000323;CHEMONTID:0000129,Organic compounds;Organic oxygen compounds;Organooxygen compounds;Alcohols and polyols
6821,Fatty acid esters,0.99,CHEMONTID:0000324,4,CHEMONTID:0003909,CHEMONTID:0000000;CHEMONTID:0000012;CHEMONTID:0003909;CHEMONTID:0000324,Organic compounds;Lipids and lipid-like molecules;Fatty Acyls;Fatty acid esters
10229,Unsaturated fatty acids,0.88,CHEMONTID:0000339,5,CHEMONTID:0000262,CHEMONTID:0000000;CHEMONTID:0000012;CHEMONTID:0003909;CHEMONTID:0000262;CHEMONTID:0000339,Organic compounds;Lipids and lipid-like molecules;Fatty Acyls;Fatty acids and conjugates;Unsaturated fatty acids
9756,Carbonyl compounds,0.98,CHEMONTID:0001831,4,CHEMONTID:0000323,CHEMONTID:0000000;CHEMONTID:0004603;CHEMONTID:0000323;CHEMONTID:0001831,Organic compounds;Organic oxygen compounds;Organooxygen compounds;Carbonyl compounds
7476,Alcohols and polyols,0.94,CHEMONTID:0000129,4,CHEMONTID:0000323,CHEMONTID:0000000;CHEMONTID:0004603;CHEMONTID:0000323;CHEMONTID:0000129,Organic compounds;Organic oxygen compounds;Organooxygen compounds;Alcohols and polyols
5313,Monosaccharide phosphates,1,CHEMONTID:0001541,6,CHEMONTID:0001540,CHEMONTID:0000000;CHEMONTID:0004603;CHEMONTID:0000323;CHEMONTID:0000011;CHEMONTID:0001540;CHEMONTID:0001541,Organic compounds;Organic oxygen compounds;Organooxygen compounds;Carbohydrates and carbohydrate conjugates;Monosaccharides;Monosaccharide phosphates
4703,Carbonyl compounds,1,CHEMONTID:0001831,4,CHEMONTID:0000323,CHEMONTID:0000000;CHEMONTID:0004603;CHEMONTID:0000323;CHEMONTID:0001831,Organic compounds;Organic oxygen compounds;Organooxygen compounds;Carbonyl compounds
4548,Carboxylic acid derivatives,0.98,CHEMONTID:0001093,4,CHEMONTID:0000265,CHEMONTID:0000000;CHEMONTID:0000264;CHEMONTID:0000265;CHEMONTID:0001093,Organic compounds;Organic acids and derivatives;Carboxylic acids and derivatives;Carboxylic acid derivatives
9206,Carbonyl compounds,0.86,CHEMONTID:0001831,4,CHEMONTID:0000323,CHEMONTID:0000000;CHEMONTID:0004603;CHEMONTID:0000323;CHEMONTID:0001831,Organic compounds;Organic oxygen compounds;Organooxygen compounds;Carbonyl compounds
17955,Primary amines,0.99,CHEMONTID:0002450,5,CHEMONTID:0002449,CHEMONTID:0000000;CHEMONTID:0004707;CHEMONTID:0000278;CHEMONTID:0002449;CHEMONTID:0002450,Organic compounds;Organic nitrogen compounds;Organonitrogen compounds;Amines;Primary amines
8289,Methyl esters,0.86,CHEMONTID:0003416,6,CHEMONTID:0001238,CHEMONTID:0000000;CHEMONTID:0000264;CHEMONTID:0000265;CHEMONTID:0001093;CHEMONTID:0001238;CHEMONTID:0003416,Organic compounds;Organic acids and derivatives;Carboxylic acids and derivatives;Carboxylic acid derivatives;Carboxylic acid esters;Methyl esters
20738,Carbonyl compounds,0.96,CHEMONTID:0001831,4,CHEMONTID:0000323,CHEMONTID:0000000;CHEMONTID:0004603;CHEMONTID:0000323;CHEMONTID:0001831,Organic compounds;Organic oxygen compounds;Organooxygen compounds;Carbonyl compounds
1009,Alcohols and polyols,0.94,CHEMONTID:0000129,4,CHEMONTID:0000323,CHEMONTID:0000000;CHEMONTID:0004603;CHEMONTID:0000323;CHEMONTID:0000129,Organic compounds;Organic oxygen compounds;Organooxygen compounds;Alcohols and polyols
11453,Carbonyl compounds,1,CHEMONTID:0001831,4,CHEMONTID:0000323,CHEMONTID:0000000;CHEMONTID:0004603;CHEMONTID:0000323;CHEMONTID:0001831,Organic compounds;Organic oxygen compounds;Organooxygen compounds;Carbonyl compounds
6683,Secondary alcohols,0.88,CHEMONTID:0001661,5,CHEMONTID:0000129,CHEMONTID:0000000;CHEMONTID:0004603;CHEMONTID:0000323;CHEMONTID:0000129;CHEMONTID:0001661,Organic compounds;Organic oxygen compounds;Organooxygen compounds;Alcohols and polyols;Secondary alcohols
1916,Amines,0.97,CHEMONTID:0002449,4,CHEMONTID:0000278,CHEMONTID:0000000;CHEMONTID:0004707;CHEMONTID:0000278;CHEMONTID:0002449,Organic compounds;Organic nitrogen compounds;Organonitrogen compounds;Amines
12205,Amines,0.98,CHEMONTID:0002449,4,CHEMONTID:0000278,CHEMONTID:0000000;CHEMONTID:0004707;CHEMONTID:0000278;CHEMONTID:0002449,Organic compounds;Organic nitrogen compounds;Organonitrogen compounds;Amines
6835,Carbonyl compounds,0.84,CHEMONTID:0001831,4,CHEMONTID:0000323,CHEMONTID:0000000;CHEMONTID:0004603;CHEMONTID:0000323;CHEMONTID:0001831,Organic compounds;Organic oxygen compounds;Organooxygen compounds;Carbonyl compounds
3396,Amines,0.96,CHEMONTID:0002449,4,CHEMONTID:0000278,CHEMONTID:0000000;CHEMONTID:0004707;CHEMONTID:0000278;CHEMONTID:0002449,Organic compounds;Organic nitrogen compounds;Organonitrogen compounds;Amines
15108,Carboxylic acid derivatives,0.9,CHEMONTID:0001093,4,CHEMONTID:0000265,CHEMONTID:0000000;CHEMONTID:0000264;CHEMONTID:0000265;CHEMONTID:0001093,Organic compounds;Organic acids and derivatives;Carboxylic acids and derivatives;Carboxylic acid derivatives
13971,Amines,0.98,CHEMONTID:0002449,4,CHEMONTID:0000278,CHEMONTID:0000000;CHEMONTID:0004707;CHEMONTID:0000278;CHEMONTID:0002449,Organic compounds;Organic nitrogen compounds;Organonitrogen compounds;Amines
16503,Amines,0.95,CHEMONTID:0002449,4,CHEMONTID:0000278,CHEMONTID:0000000;CHEMONTID:0004707;CHEMONTID:0000278;CHEMONTID:0002449,Organic compounds;Organic nitrogen compounds;Organonitrogen compounds;Amines
502,Alcohols and polyols,0.94,CHEMONTID:0000129,4,CHEMONTID:0000323,CHEMONTID:0000000;CHEMONTID:0004603;CHEMONTID:0000323;CHEMONTID:0000129,Organic compounds;Organic oxygen compounds;Organooxygen compounds;Alcohols and polyols
14686,Ethers,0.96,CHEMONTID:0000254,4,CHEMONTID:0000323,CHEMONTID:0000000;CHEMONTID:0004603;CHEMONTID:0000323;CHEMONTID:0000254,Organic compounds;Organic oxygen compounds;Organooxygen compounds;Ethers
16461,Guanidines,1,CHEMONTID:0000375,4,CHEMONTID:0000278,CHEMONTID:0000000;CHEMONTID:0004707;CHEMONTID:0000278;CHEMONTID:0000375,Organic compounds;Organic nitrogen compounds;Organonitrogen compounds;Guanidines
8763,Carboxylic acid derivatives,1,CHEMONTID:0001093,4,CHEMONTID:0000265,CHEMONTID:0000000;CHEMONTID:0000264;CHEMONTID:0000265;CHEMONTID:0001093,Organic compounds;Organic acids and derivatives;Carboxylic acids and derivatives;Carboxylic acid derivatives
17249,Aralkylamines,0.88,CHEMONTID:0003899,5,CHEMONTID:0002449,CHEMONTID:0000000;CHEMONTID:0004707;CHEMONTID:0000278;CHEMONTID:0002449;CHEMONTID:0003899,Organic compounds;Organic nitrogen compounds;Organonitrogen compounds;Amines;Aralkylamines
8473,Carboxylic acid derivatives,0.96,CHEMONTID:0001093,4,CHEMONTID:0000265,CHEMONTID:0000000;CHEMONTID:0000264;CHEMONTID:0000265;CHEMONTID:0001093,Organic compounds;Organic acids and derivatives;Carboxylic acids and derivatives;Carboxylic acid derivatives
8711,Carbonyl compounds,0.83,CHEMONTID:0001831,4,CHEMONTID:0000323,CHEMONTID:0000000;CHEMONTID:0004603;CHEMONTID:0000323;CHEMONTID:0001831,Organic compounds;Organic oxygen compounds;Organooxygen compounds;Carbonyl compounds
9853,Monocarboxylic acids and derivatives,0.94,CHEMONTID:0001137,4,CHEMONTID:0000265,CHEMONTID:0000000;CHEMONTID:0000264;CHEMONTID:0000265;CHEMONTID:0001137,Organic compounds;Organic acids and derivatives;Carboxylic acids and derivatives;Monocarboxylic acids and derivatives
13486,Carboxylic acid derivatives,0.98,CHEMONTID:0001093,4,CHEMONTID:0000265,CHEMONTID:0000000;CHEMONTID:0000264;CHEMONTID:0000265;CHEMONTID:0001093,Organic compounds;Organic acids and derivatives;Carboxylic acids and derivatives;Carboxylic acid derivatives
14369,Amines,0.97,CHEMONTID:0002449,4,CHEMONTID:0000278,CHEMONTID:0000000;CHEMONTID:0004707;CHEMONTID:0000278;CHEMONTID:0002449,Organic compounds;Organic nitrogen compounds;Organonitrogen compounds;Amines
8684,Carbonyl compounds,0.82,CHEMONTID:0001831,4,CHEMONTID:0000323,CHEMONTID:0000000;CHEMONTID:0004603;CHEMONTID:0000323;CHEMONTID:0001831,Organic compounds;Organic oxygen compounds;Organooxygen compounds;Carbonyl compounds
6828,Alcohols and polyols,0.99,CHEMONTID:0000129,4,CHEMONTID:0000323,CHEMONTID:0000000;CHEMONTID:0004603;CHEMONTID:0000323;CHEMONTID:0000129,Organic compounds;Organic oxygen compounds;Organooxygen compounds;Alcohols and polyols
5520,Amines,0.92,CHEMONTID:0002449,4,CHEMONTID:0000278,CHEMONTID:0000000;CHEMONTID:0004707;CHEMONTID:0000278;CHEMONTID:0002449,Organic compounds;Organic nitrogen compounds;Organonitrogen compounds;Amines
12598,Carboxylic acid derivatives,0.95,CHEMONTID:0001093,4,CHEMONTID:0000265,CHEMONTID:0000000;CHEMONTID:0000264;CHEMONTID:0000265;CHEMONTID:0001093,Organic compounds;Organic acids and derivatives;Carboxylic acids and derivatives;Carboxylic acid derivatives
5067,Alcohols and polyols,0.81,CHEMONTID:0000129,4,CHEMONTID:0000323,CHEMONTID:0000000;CHEMONTID:0004603;CHEMONTID:0000323;CHEMONTID:0000129,Organic compounds;Organic oxygen compounds;Organooxygen compounds;Alcohols and polyols
6344,Methyl esters,0.97,CHEMONTID:0003416,6,CHEMONTID:0001238,CHEMONTID:0000000;CHEMONTID:0000264;CHEMONTID:0000265;CHEMONTID:0001093;CHEMONTID:0001238;CHEMONTID:0003416,Organic compounds;Organic acids and derivatives;Carboxylic acids and derivatives;Carboxylic acid derivatives;Carboxylic acid esters;Methyl esters
12099,Carbonyl compounds,0.91,CHEMONTID:0001831,4,CHEMONTID:0000323,CHEMONTID:0000000;CHEMONTID:0004603;CHEMONTID:0000323;CHEMONTID:0001831,Organic compounds;Organic oxygen compounds;Organooxygen compounds;Carbonyl compounds
11657,Monoalkylamines,0.96,CHEMONTID:0000469,6,CHEMONTID:0002450,CHEMONTID:0000000;CHEMONTID:0004707;CHEMONTID:0000278;CHEMONTID:0002449;CHEMONTID:0002450;CHEMONTID:0000469,Organic compounds;Organic nitrogen compounds;Organonitrogen compounds;Amines;Primary amines;Monoalkylamines
3105,Carbonyl compounds,0.98,CHEMONTID:0001831,4,CHEMONTID:0000323,CHEMONTID:0000000;CHEMONTID:0004603;CHEMONTID:0000323;CHEMONTID:0001831,Organic compounds;Organic oxygen compounds;Organooxygen compounds;Carbonyl compounds
15176,Carbonyl compounds,0.98,CHEMONTID:0001831,4,CHEMONTID:0000323,CHEMONTID:0000000;CHEMONTID:0004603;CHEMONTID:0000323;CHEMONTID:0001831,Organic compounds;Organic oxygen compounds;Organooxygen compounds;Carbonyl compounds
3529,"Amino acids, peptides, and analogues",0.95,CHEMONTID:0000013,4,CHEMONTID:0000265,CHEMONTID:0000000;CHEMONTID:0000264;CHEMONTID:0000265;CHEMONTID:0000013,"Organic compounds;Organic acids and derivatives;Carboxylic acids and derivatives;Amino acids, peptides, and analogues"
564,Dialkyl ethers,0.98,CHEMONTID:0001167,5,CHEMONTID:0000254,CHEMONTID:0000000;CHEMONTID:0004603;CHEMONTID:0000323;CHEMONTID:0000254;CHEMONTID:0001167,Organic compounds;Organic oxygen compounds;Organooxygen compounds;Ethers;Dialkyl ethers
12606,Dialkyl ethers,0.83,CHEMONTID:0001167,5,CHEMONTID:0000254,CHEMONTID:0000000;CHEMONTID:0004603;CHEMONTID:0000323;CHEMONTID:0000254;CHEMONTID:0001167,Organic compounds;Organic oxygen compounds;Organooxygen compounds;Ethers;Dialkyl ethers
19140,Monocarboxylic acids and derivatives,0.87,CHEMONTID:0001137,4,CHEMONTID:0000265,CHEMONTID:0000000;CHEMONTID:0000264;CHEMONTID:0000265;CHEMONTID:0001137,Organic compounds;Organic acids and derivatives;Carboxylic acids and derivatives;Monocarboxylic acids and derivatives
15785,Carbonyl compounds,0.97,CHEMONTID:0001831,4,CHEMONTID:0000323,CHEMONTID:0000000;CHEMONTID:0004603;CHEMONTID:0000323;CHEMONTID:0001831,Organic compounds;Organic oxygen compounds;Organooxygen compounds;Carbonyl compounds
8902,Carbonyl compounds,0.96,CHEMONTID:0001831,4,CHEMONTID:0000323,CHEMONTID:0000000;CHEMONTID:0004603;CHEMONTID:0000323;CHEMONTID:0001831,Organic compounds;Organic oxygen compounds;Organooxygen compounds;Carbonyl compounds
13375,"Amino acids, peptides, and analogues",0.99,CHEMONTID:0000013,4,CHEMONTID:0000265,CHEMONTID:0000000;CHEMONTID:0000264;CHEMONTID:0000265;CHEMONTID:0000013,"Organic compounds;Organic acids and derivatives;Carboxylic acids and derivatives;Amino acids, peptides, and analogues"
9113,Ethers,0.97,CHEMONTID:0000254,4,CHEMONTID:0000323,CHEMONTID:0000000;CHEMONTID:0004603;CHEMONTID:0000323;CHEMONTID:0000254,Organic compounds;Organic oxygen compounds;Organooxygen compounds;Ethers
12760,Primary amines,0.99,CHEMONTID:0002450,5,CHEMONTID:0002449,CHEMONTID:0000000;CHEMONTID:0004707;CHEMONTID:0000278;CHEMONTID:0002449;CHEMONTID:0002450,Organic compounds;Organic nitrogen compounds;Organonitrogen compounds;Amines;Primary amines
8314,Monoalkylamines,1,CHEMONTID:0000469,6,CHEMONTID:0002450,CHEMONTID:0000000;CHEMONTID:0004707;CHEMONTID:0000278;CHEMONTID:0002449;CHEMONTID:0002450;CHEMONTID:0000469,Organic compounds;Organic nitrogen compounds;Organonitrogen compounds;Amines;Primary amines;Monoalkylamines
17412,Carbonyl compounds,0.85,CHEMONTID:0001831,4,CHEMONTID:0000323,CHEMONTID:0000000;CHEMONTID:0004603;CHEMONTID:0000323;CHEMONTID:0001831,Organic compounds;Organic oxygen compounds;Organooxygen compounds;Carbonyl compounds
1696,Amines,0.97,CHEMONTID:0002449,4,CHEMONTID:0000278,CHEMONTID:0000000;CHEMONTID:0004707;CHEMONTID:0000278;CHEMONTID:0002449,Organic compounds;Organic nitrogen compounds;Organonitrogen compounds;Amines
17660,Carbonyl compounds,0.85,CHEMONTID:0001831,4,CHEMONTID:0000323,CHEMONTID:0000000;CHEMONTID:0004603;CHEMONTID:0000323;CHEMONTID:0001831,Organic compounds;Organic oxygen compounds;Organooxygen compounds;Carbonyl compounds
16169,Cyclic alcohols and derivatives,0.94,CHEMONTID:0001292,5,CHEMONTID:0000129,CHEMONTID:0000000;CHEMONTID:0004603;CHEMONTID:0000323;CHEMONTID:0000129;CHEMONTID:0001292,Organic compounds;Organic oxygen compounds;Organooxygen compounds;Alcohols and polyols;Cyclic alcohols and derivatives
12336,Carbonyl compounds,0.96,CHEMONTID:0001831,4,CHEMONTID:0000323,CHEMONTID:0000000;CHEMONTID:0004603;CHEMONTID:0000323;CHEMONTID:0001831,Organic compounds;Organic oxygen compounds;Organooxygen compounds;Carbonyl compounds
17404,Alcohols and polyols,0.9,CHEMONTID:0000129,4,CHEMONTID:0000323,CHEMONTID:0000000;CHEMONTID:0004603;CHEMONTID:0000323;CHEMONTID:0000129,Organic compounds;Organic oxygen compounds;Organooxygen compounds;Alcohols and polyols
16011,Carbonyl compounds,0.98,CHEMONTID:0001831,4,CHEMONTID:0000323,CHEMONTID:0000000;CHEMONTID:0004603;CHEMONTID:0000323;CHEMONTID:0001831,Organic compounds;Organic oxygen compounds;Organooxygen compounds;Carbonyl compounds
8830,Carbonyl compounds,0.92,CHEMONTID:0001831,4,CHEMONTID:0000323,CHEMONTID:0000000;CHEMONTID:0004603;CHEMONTID:0000323;CHEMONTID:0001831,Organic compounds;Organic oxygen compounds;Organooxygen compounds;Carbonyl compounds
10876,Carbonyl compounds,0.98,CHEMONTID:0001831,4,CHEMONTID:0000323,CHEMONTID:0000000;CHEMONTID:0004603;CHEMONTID:0000323;CHEMONTID:0001831,Organic compounds;Organic oxygen compounds;Organooxygen compounds;Carbonyl compounds
9546,Monoalkylamines,1,CHEMONTID:0000469,6,CHEMONTID:0002450,CHEMONTID:0000000;CHEMONTID:0004707;CHEMONTID:0000278;CHEMONTID:0002449;CHEMONTID:0002450;CHEMONTID:0000469,Organic compounds;Organic nitrogen compounds;Organonitrogen compounds;Amines;Primary amines;Monoalkylamines
6491,Carbonyl compounds,0.81,CHEMONTID:0001831,4,CHEMONTID:0000323,CHEMONTID:0000000;CHEMONTID:0004603;CHEMONTID:0000323;CHEMONTID:0001831,Organic compounds;Organic oxygen compounds;Organooxygen compounds;Carbonyl compounds
7333,Amines,0.98,CHEMONTID:0002449,4,CHEMONTID:0000278,CHEMONTID:0000000;CHEMONTID:0004707;CHEMONTID:0000278;CHEMONTID:0002449,Organic compounds;Organic nitrogen compounds;Organonitrogen compounds;Amines
4552,Carbonyl compounds,0.97,CHEMONTID:0001831,4,CHEMONTID:0000323,CHEMONTID:0000000;CHEMONTID:0004603;CHEMONTID:0000323;CHEMONTID:0001831,Organic compounds;Organic oxygen compounds;Organooxygen compounds;Carbonyl compounds
4917,Carboxylic acid derivatives,0.9,CHEMONTID:0001093,4,CHEMONTID:0000265,CHEMONTID:0000000;CHEMONTID:0000264;CHEMONTID:0000265;CHEMONTID:0001093,Organic compounds;Organic acids and derivatives;Carboxylic acids and derivatives;Carboxylic acid derivatives
20392,Carbonyl compounds,0.99,CHEMONTID:0001831,4,CHEMONTID:0000323,CHEMONTID:0000000;CHEMONTID:0004603;CHEMONTID:0000323;CHEMONTID:0001831,Organic compounds;Organic oxygen compounds;Organooxygen compounds;Carbonyl compounds
19728,Monoalkylamines,0.81,CHEMONTID:0000469,6,CHEMONTID:0002450,CHEMONTID:0000000;CHEMONTID:0004707;CHEMONTID:0000278;CHEMONTID:0002449;CHEMONTID:0002450;CHEMONTID:0000469,Organic compounds;Organic nitrogen compounds;Organonitrogen compounds;Amines;Primary amines;Monoalkylamines
20471,Carboxylic acid esters,1,CHEMONTID:0001238,5,CHEMONTID:0001093,CHEMONTID:0000000;CHEMONTID:0000264;CHEMONTID:0000265;CHEMONTID:0001093;CHEMONTID:0001238,Organic compounds;Organic acids and derivatives;Carboxylic acids and derivatives;Carboxylic acid derivatives;Carboxylic acid esters
17108,Fatty acid esters,0.84,CHEMONTID:0000324,4,CHEMONTID:0003909,CHEMONTID:0000000;CHEMONTID:0000012;CHEMONTID:0003909;CHEMONTID:0000324,Organic compounds;Lipids and lipid-like molecules;Fatty Acyls;Fatty acid esters
11142,Dialkylthioethers,0.84,CHEMONTID:0003862,4,CHEMONTID:0001202,CHEMONTID:0000000;CHEMONTID:0000004;CHEMONTID:0001202;CHEMONTID:0003862,Organic compounds;Organosulfur compounds;Thioethers;Dialkylthioethers
13491,Amino acids and derivatives,0.95,CHEMONTID:0000347,5,CHEMONTID:0000013,CHEMONTID:0000000;CHEMONTID:0000264;CHEMONTID:0000265;CHEMONTID:0000013;CHEMONTID:0000347,"Organic compounds;Organic acids and derivatives;Carboxylic acids and derivatives;Amino acids, peptides, and analogues;Amino acids and derivatives"
14815,Carbonyl compounds,0.86,CHEMONTID:0001831,4,CHEMONTID:0000323,CHEMONTID:0000000;CHEMONTID:0004603;CHEMONTID:0000323;CHEMONTID:0001831,Organic compounds;Organic oxygen compounds;Organooxygen compounds;Carbonyl compounds
1139,N-acyl amines,0.86,CHEMONTID:0001096,5,CHEMONTID:0000331,CHEMONTID:0000000;CHEMONTID:0000012;CHEMONTID:0003909;CHEMONTID:0000331;CHEMONTID:0001096,Organic compounds;Lipids and lipid-like molecules;Fatty Acyls;Fatty amides;N-acyl amines
17468,Carboxylic acid amides,0.81,CHEMONTID:0000475,5,CHEMONTID:0001093,CHEMONTID:0000000;CHEMONTID:0000264;CHEMONTID:0000265;CHEMONTID:0001093;CHEMONTID:0000475,Organic compounds;Organic acids and derivatives;Carboxylic acids and derivatives;Carboxylic acid derivatives;Carboxylic acid amides
12758,Carbonyl compounds,0.98,CHEMONTID:0001831,4,CHEMONTID:0000323,CHEMONTID:0000000;CHEMONTID:0004603;CHEMONTID:0000323;CHEMONTID:0001831,Organic compounds;Organic oxygen compounds;Organooxygen compounds;Carbonyl compounds
6118,Monosaccharide phosphates,1,CHEMONTID:0001541,6,CHEMONTID:0001540,CHEMONTID:0000000;CHEMONTID:0004603;CHEMONTID:0000323;CHEMONTID:0000011;CHEMONTID:0001540;CHEMONTID:0001541,Organic compounds;Organic oxygen compounds;Organooxygen compounds;Carbohydrates and carbohydrate conjugates;Monosaccharides;Monosaccharide phosphates
6674,Carbonyl compounds,0.95,CHEMONTID:0001831,4,CHEMONTID:0000323,CHEMONTID:0000000;CHEMONTID:0004603;CHEMONTID:0000323;CHEMONTID:0001831,Organic compounds;Organic oxygen compounds;Organooxygen compounds;Carbonyl compounds
4543,Guanidines,0.97,CHEMONTID:0000375,4,CHEMONTID:0000278,CHEMONTID:0000000;CHEMONTID:0004707;CHEMONTID:0000278;CHEMONTID:0000375,Organic compounds;Organic nitrogen compounds;Organonitrogen compounds;Guanidines
17054,Primary amines,0.99,CHEMONTID:0002450,5,CHEMONTID:0002449,CHEMONTID:0000000;CHEMONTID:0004707;CHEMONTID:0000278;CHEMONTID:0002449;CHEMONTID:0002450,Organic compounds;Organic nitrogen compounds;Organonitrogen compounds;Amines;Primary amines
20562,Phosphate esters,0.97,CHEMONTID:0000408,4,CHEMONTID:0000402,CHEMONTID:0000000;CHEMONTID:0000264;CHEMONTID:0000402;CHEMONTID:0000408,Organic compounds;Organic acids and derivatives;Organic phosphoric acids and derivatives;Phosphate esters
13533,Carboxylic acid derivatives,0.96,CHEMONTID:0001093,4,CHEMONTID:0000265,CHEMONTID:0000000;CHEMONTID:0000264;CHEMONTID:0000265;CHEMONTID:0001093,Organic compounds;Organic acids and derivatives;Carboxylic acids and derivatives;Carboxylic acid derivatives
10264,Alcohols and polyols,0.97,CHEMONTID:0000129,4,CHEMONTID:0000323,CHEMONTID:0000000;CHEMONTID:0004603;CHEMONTID:0000323;CHEMONTID:0000129,Organic compounds;Organic oxygen compounds;Organooxygen compounds;Alcohols and polyols
17334,Amines,0.94,CHEMONTID:0002449,4,CHEMONTID:0000278,CHEMONTID:0000000;CHEMONTID:0004707;CHEMONTID:0000278;CHEMONTID:0002449,Organic compounds;Organic nitrogen compounds;Organonitrogen compounds;Amines
4876,Carbonyl compounds,0.86,CHEMONTID:0001831,4,CHEMONTID:0000323,CHEMONTID:0000000;CHEMONTID:0004603;CHEMONTID:0000323;CHEMONTID:0001831,Organic compounds;Organic oxygen compounds;Organooxygen compounds;Carbonyl compounds
20465,Carbonyl compounds,1,CHEMONTID:0001831,4,CHEMONTID:0000323,CHEMONTID:0000000;CHEMONTID:0004603;CHEMONTID:0000323;CHEMONTID:0001831,Organic compounds;Organic oxygen compounds;Organooxygen compounds;Carbonyl compounds
17304,Glycosylamines,0.91,CHEMONTID:0002203,6,CHEMONTID:0002105,CHEMONTID:0000000;CHEMONTID:0004603;CHEMONTID:0000323;CHEMONTID:0000011;CHEMONTID:0002105;CHEMONTID:0002203,Organic compounds;Organic oxygen compounds;Organooxygen compounds;Carbohydrates and carbohydrate conjugates;Glycosyl compounds;Glycosylamines
13190,Carboximidamides,1,CHEMONTID:0003152,4,CHEMONTID:0000278,CHEMONTID:0000000;CHEMONTID:0004707;CHEMONTID:0000278;CHEMONTID:0003152,Organic compounds;Organic nitrogen compounds;Organonitrogen compounds;Carboximidamides
18962,Primary amines,0.93,CHEMONTID:0002450,5,CHEMONTID:0002449,CHEMONTID:0000000;CHEMONTID:0004707;CHEMONTID:0000278;CHEMONTID:0002449;CHEMONTID:0002450,Organic compounds;Organic nitrogen compounds;Organonitrogen compounds;Amines;Primary amines
9102,Carboxylic acid derivatives,0.86,CHEMONTID:0001093,4,CHEMONTID:0000265,CHEMONTID:0000000;CHEMONTID:0000264;CHEMONTID:0000265;CHEMONTID:0001093,Organic compounds;Organic acids and derivatives;Carboxylic acids and derivatives;Carboxylic acid derivatives
10668,Primary amines,0.99,CHEMONTID:0002450,5,CHEMONTID:0002449,CHEMONTID:0000000;CHEMONTID:0004707;CHEMONTID:0000278;CHEMONTID:0002449;CHEMONTID:0002450,Organic compounds;Organic nitrogen compounds;Organonitrogen compounds;Amines;Primary amines
8096,Carbonyl compounds,0.97,CHEMONTID:0001831,4,CHEMONTID:0000323,CHEMONTID:0000000;CHEMONTID:0004603;CHEMONTID:0000323;CHEMONTID:0001831,Organic compounds;Organic oxygen compounds;Organooxygen compounds;Carbonyl compounds
6480,Primary amines,0.92,CHEMONTID:0002450,5,CHEMONTID:0002449,CHEMONTID:0000000;CHEMONTID:0004707;CHEMONTID:0000278;CHEMONTID:0002449;CHEMONTID:0002450,Organic compounds;Organic nitrogen compounds;Organonitrogen compounds;Amines;Primary amines
2096,Carbonyl compounds,0.96,CHEMONTID:0001831,4,CHEMONTID:0000323,CHEMONTID:0000000;CHEMONTID:0004603;CHEMONTID:0000323;CHEMONTID:0001831,Organic compounds;Organic oxygen compounds;Organooxygen compounds;Carbonyl compounds
4203,Alkyl phosphates,1,CHEMONTID:0003457,5,CHEMONTID:0000408,CHEMONTID:0000000;CHEMONTID:0000264;CHEMONTID:0000402;CHEMONTID:0000408;CHEMONTID:0003457,Organic compounds;Organic acids and derivatives;Organic phosphoric acids and derivatives;Phosphate esters;Alkyl phosphates
13187,Primary amines,0.99,CHEMONTID:0002450,5,CHEMONTID:0002449,CHEMONTID:0000000;CHEMONTID:0004707;CHEMONTID:0000278;CHEMONTID:0002449;CHEMONTID:0002450,Organic compounds;Organic nitrogen compounds;Organonitrogen compounds;Amines;Primary amines
13288,Carbonyl compounds,0.88,CHEMONTID:0001831,4,CHEMONTID:0000323,CHEMONTID:0000000;CHEMONTID:0004603;CHEMONTID:0000323;CHEMONTID:0001831,Organic compounds;Organic oxygen compounds;Organooxygen compounds;Carbonyl compounds
7514,Proline and derivatives,1,CHEMONTID:0004322,7,CHEMONTID:0000060,CHEMONTID:0000000;CHEMONTID:0000264;CHEMONTID:0000265;CHEMONTID:0000013;CHEMONTID:0000347;CHEMONTID:0000060;CHEMONTID:0004322,"Organic compounds;Organic acids and derivatives;Carboxylic acids and derivatives;Amino acids, peptides, and analogues;Amino acids and derivatives;Alpha amino acids and derivatives;Proline and derivatives"
8821,Carbonyl compounds,0.9,CHEMONTID:0001831,4,CHEMONTID:0000323,CHEMONTID:0000000;CHEMONTID:0004603;CHEMONTID:0000323;CHEMONTID:0001831,Organic compounds;Organic oxygen compounds;Organooxygen compounds;Carbonyl compounds
3114,Carbonyl compounds,0.94,CHEMONTID:0001831,4,CHEMONTID:0000323,CHEMONTID:0000000;CHEMONTID:0004603;CHEMONTID:0000323;CHEMONTID:0001831,Organic compounds;Organic oxygen compounds;Organooxygen compounds;Carbonyl compounds
15162,Carbonyl compounds,0.82,CHEMONTID:0001831,4,CHEMONTID:0000323,CHEMONTID:0000000;CHEMONTID:0004603;CHEMONTID:0000323;CHEMONTID:0001831,Organic compounds;Organic oxygen compounds;Organooxygen compounds;Carbonyl compounds
14398,Carbonyl compounds,0.86,CHEMONTID:0001831,4,CHEMONTID:0000323,CHEMONTID:0000000;CHEMONTID:0004603;CHEMONTID:0000323;CHEMONTID:0001831,Organic compounds;Organic oxygen compounds;Organooxygen compounds;Carbonyl compounds
10963,Carbonyl compounds,0.99,CHEMONTID:0001831,4,CHEMONTID:0000323,CHEMONTID:0000000;CHEMONTID:0004603;CHEMONTID:0000323;CHEMONTID:0001831,Organic compounds;Organic oxygen compounds;Organooxygen compounds;Carbonyl compounds
15544,Carbonyl compounds,0.94,CHEMONTID:0001831,4,CHEMONTID:0000323,CHEMONTID:0000000;CHEMONTID:0004603;CHEMONTID:0000323;CHEMONTID:0001831,Organic compounds;Organic oxygen compounds;Organooxygen compounds;Carbonyl compounds
2822,Carbonyl compounds,0.97,CHEMONTID:0001831,4,CHEMONTID:0000323,CHEMONTID:0000000;CHEMONTID:0004603;CHEMONTID:0000323;CHEMONTID:0001831,Organic compounds;Organic oxygen compounds;Organooxygen compounds;Carbonyl compounds
11328,Carbonyl compounds,0.97,CHEMONTID:0001831,4,CHEMONTID:0000323,CHEMONTID:0000000;CHEMONTID:0004603;CHEMONTID:0000323;CHEMONTID:0001831,Organic compounds;Organic oxygen compounds;Organooxygen compounds;Carbonyl compounds
11442,Carbonyl compounds,0.95,CHEMONTID:0001831,4,CHEMONTID:0000323,CHEMONTID:0000000;CHEMONTID:0004603;CHEMONTID:0000323;CHEMONTID:0001831,Organic compounds;Organic oxygen compounds;Organooxygen compounds;Carbonyl compounds
13915,Amines,0.91,CHEMONTID:0002449,4,CHEMONTID:0000278,CHEMONTID:0000000;CHEMONTID:0004707;CHEMONTID:0000278;CHEMONTID:0002449,Organic compounds;Organic nitrogen compounds;Organonitrogen compounds;Amines
11616,Carboxylic acid derivatives,0.85,CHEMONTID:0001093,4,CHEMONTID:0000265,CHEMONTID:0000000;CHEMONTID:0000264;CHEMONTID:0000265;CHEMONTID:0001093,Organic compounds;Organic acids and derivatives;Carboxylic acids and derivatives;Carboxylic acid derivatives
18038,Amines,0.94,CHEMONTID:0002449,4,CHEMONTID:0000278,CHEMONTID:0000000;CHEMONTID:0004707;CHEMONTID:0000278;CHEMONTID:0002449,Organic compounds;Organic nitrogen compounds;Organonitrogen compounds;Amines
9818,Carboxylic acid derivatives,1,CHEMONTID:0001093,4,CHEMONTID:0000265,CHEMONTID:0000000;CHEMONTID:0000264;CHEMONTID:0000265;CHEMONTID:0001093,Organic compounds;Organic acids and derivatives;Carboxylic acids and derivatives;Carboxylic acid derivatives
3887,Pyrimidines and pyrimidine derivatives,0.98,CHEMONTID:0000075,4,CHEMONTID:0001346,CHEMONTID:0000000;CHEMONTID:0000002;CHEMONTID:0001346;CHEMONTID:0000075,Organic compounds;Organoheterocyclic compounds;Diazines;Pyrimidines and pyrimidine derivatives
2257,Amines,0.92,CHEMONTID:0002449,4,CHEMONTID:0000278,CHEMONTID:0000000;CHEMONTID:0004707;CHEMONTID:0000278;CHEMONTID:0002449,Organic compounds;Organic nitrogen compounds;Organonitrogen compounds;Amines
2935,Primary amines,0.82,CHEMONTID:0002450,5,CHEMONTID:0002449,CHEMONTID:0000000;CHEMONTID:0004707;CHEMONTID:0000278;CHEMONTID:0002449;CHEMONTID:0002450,Organic compounds;Organic nitrogen compounds;Organonitrogen compounds;Amines;Primary amines
2631,Carbohydrates and carbohydrate conjugates,0.99,CHEMONTID:0000011,4,CHEMONTID:0000323,CHEMONTID:0000000;CHEMONTID:0004603;CHEMONTID:0000323;CHEMONTID:0000011,Organic compounds;Organic oxygen compounds;Organooxygen compounds;Carbohydrates and carbohydrate conjugates
4498,Carboxylic acid derivatives,0.96,CHEMONTID:0001093,4,CHEMONTID:0000265,CHEMONTID:0000000;CHEMONTID:0000264;CHEMONTID:0000265;CHEMONTID:0001093,Organic compounds;Organic acids and derivatives;Carboxylic acids and derivatives;Carboxylic acid derivatives
8772,Carbonyl compounds,0.98,CHEMONTID:0001831,4,CHEMONTID:0000323,CHEMONTID:0000000;CHEMONTID:0004603;CHEMONTID:0000323;CHEMONTID:0001831,Organic compounds;Organic oxygen compounds;Organooxygen compounds;Carbonyl compounds
7769,Amines,0.95,CHEMONTID:0002449,4,CHEMONTID:0000278,CHEMONTID:0000000;CHEMONTID:0004707;CHEMONTID:0000278;CHEMONTID:0002449,Organic compounds;Organic nitrogen compounds;Organonitrogen compounds;Amines
13664,Fatty acid esters,0.91,CHEMONTID:0000324,4,CHEMONTID:0003909,CHEMONTID:0000000;CHEMONTID:0000012;CHEMONTID:0003909;CHEMONTID:0000324,Organic compounds;Lipids and lipid-like molecules;Fatty Acyls;Fatty acid esters
16746,"Amino acids, peptides, and analogues",1,CHEMONTID:0000013,4,CHEMONTID:0000265,CHEMONTID:0000000;CHEMONTID:0000264;CHEMONTID:0000265;CHEMONTID:0000013,"Organic compounds;Organic acids and derivatives;Carboxylic acids and derivatives;Amino acids, peptides, and analogues"
19104,Primary amines,0.99,CHEMONTID:0002450,5,CHEMONTID:0002449,CHEMONTID:0000000;CHEMONTID:0004707;CHEMONTID:0000278;CHEMONTID:0002449;CHEMONTID:0002450,Organic compounds;Organic nitrogen compounds;Organonitrogen compounds;Amines;Primary amines
12074,Alcohols and polyols,0.98,CHEMONTID:0000129,4,CHEMONTID:0000323,CHEMONTID:0000000;CHEMONTID:0004603;CHEMONTID:0000323;CHEMONTID:0000129,Organic compounds;Organic oxygen compounds;Organooxygen compounds;Alcohols and polyols
7189,Primary amines,0.85,CHEMONTID:0002450,5,CHEMONTID:0002449,CHEMONTID:0000000;CHEMONTID:0004707;CHEMONTID:0000278;CHEMONTID:0002449;CHEMONTID:0002450,Organic compounds;Organic nitrogen compounds;Organonitrogen compounds;Amines;Primary amines
1727,Primary amines,0.84,CHEMONTID:0002450,5,CHEMONTID:0002449,CHEMONTID:0000000;CHEMONTID:0004707;CHEMONTID:0000278;CHEMONTID:0002449;CHEMONTID:0002450,Organic compounds;Organic nitrogen compounds;Organonitrogen compounds;Amines;Primary amines
2611,Carbohydrates and carbohydrate conjugates,0.99,CHEMONTID:0000011,4,CHEMONTID:0000323,CHEMONTID:0000000;CHEMONTID:0004603;CHEMONTID:0000323;CHEMONTID:0000011,Organic compounds;Organic oxygen compounds;Organooxygen compounds;Carbohydrates and carbohydrate conjugates
6004,Carbonyl compounds,1,CHEMONTID:0001831,4,CHEMONTID:0000323,CHEMONTID:0000000;CHEMONTID:0004603;CHEMONTID:0000323;CHEMONTID:0001831,Organic compounds;Organic oxygen compounds;Organooxygen compounds;Carbonyl compounds
4890,Carboxylic acid derivatives,0.82,CHEMONTID:0001093,4,CHEMONTID:0000265,CHEMONTID:0000000;CHEMONTID:0000264;CHEMONTID:0000265;CHEMONTID:0001093,Organic compounds;Organic acids and derivatives;Carboxylic acids and derivatives;Carboxylic acid derivatives
6058,Carboxylic acid derivatives,0.99,CHEMONTID:0001093,4,CHEMONTID:0000265,CHEMONTID:0000000;CHEMONTID:0000264;CHEMONTID:0000265;CHEMONTID:0001093,Organic compounds;Organic acids and derivatives;Carboxylic acids and derivatives;Carboxylic acid derivatives
9689,Primary amines,0.82,CHEMONTID:0002450,5,CHEMONTID:0002449,CHEMONTID:0000000;CHEMONTID:0004707;CHEMONTID:0000278;CHEMONTID:0002449;CHEMONTID:0002450,Organic compounds;Organic nitrogen compounds;Organonitrogen compounds;Amines;Primary amines
8866,Alkyl phosphates,0.86,CHEMONTID:0003457,5,CHEMONTID:0000408,CHEMONTID:0000000;CHEMONTID:0000264;CHEMONTID:0000402;CHEMONTID:0000408;CHEMONTID:0003457,Organic compounds;Organic acids and derivatives;Organic phosphoric acids and derivatives;Phosphate esters;Alkyl phosphates
9012,Monocarboxylic acids and derivatives,0.91,CHEMONTID:0001137,4,CHEMONTID:0000265,CHEMONTID:0000000;CHEMONTID:0000264;CHEMONTID:0000265;CHEMONTID:0001137,Organic compounds;Organic acids and derivatives;Carboxylic acids and derivatives;Monocarboxylic acids and derivatives
12505,Amino acids and derivatives,0.91,CHEMONTID:0000347,5,CHEMONTID:0000013,CHEMONTID:0000000;CHEMONTID:0000264;CHEMONTID:0000265;CHEMONTID:0000013;CHEMONTID:0000347,"Organic compounds;Organic acids and derivatives;Carboxylic acids and derivatives;Amino acids, peptides, and analogues;Amino acids and derivatives"
17653,Alkyl phosphates,0.99,CHEMONTID:0003457,5,CHEMONTID:0000408,CHEMONTID:0000000;CHEMONTID:0000264;CHEMONTID:0000402;CHEMONTID:0000408;CHEMONTID:0003457,Organic compounds;Organic acids and derivatives;Organic phosphoric acids and derivatives;Phosphate esters;Alkyl phosphates
11647,Cyclic alcohols and derivatives,0.89,CHEMONTID:0001292,5,CHEMONTID:0000129,CHEMONTID:0000000;CHEMONTID:0004603;CHEMONTID:0000323;CHEMONTID:0000129;CHEMONTID:0001292,Organic compounds;Organic oxygen compounds;Organooxygen compounds;Alcohols and polyols;Cyclic alcohols and derivatives
2882,Alcohols and polyols,0.89,CHEMONTID:0000129,4,CHEMONTID:0000323,CHEMONTID:0000000;CHEMONTID:0004603;CHEMONTID:0000323;CHEMONTID:0000129,Organic compounds;Organic oxygen compounds;Organooxygen compounds;Alcohols and polyols
13496,Alcohols and polyols,0.99,CHEMONTID:0000129,4,CHEMONTID:0000323,CHEMONTID:0000000;CHEMONTID:0004603;CHEMONTID:0000323;CHEMONTID:0000129,Organic compounds;Organic oxygen compounds;Organooxygen compounds;Alcohols and polyols
674,Primary amines,0.98,CHEMONTID:0002450,5,CHEMONTID:0002449,CHEMONTID:0000000;CHEMONTID:0004707;CHEMONTID:0000278;CHEMONTID:0002449;CHEMONTID:0002450,Organic compounds;Organic nitrogen compounds;Organonitrogen compounds;Amines;Primary amines
2736,Primary amines,1,CHEMONTID:0002450,5,CHEMONTID:0002449,CHEMONTID:0000000;CHEMONTID:0004707;CHEMONTID:0000278;CHEMONTID:0002449;CHEMONTID:0002450,Organic compounds;Organic nitrogen compounds;Organonitrogen compounds;Amines;Primary amines
4148,Carbonyl compounds,0.88,CHEMONTID:0001831,4,CHEMONTID:0000323,CHEMONTID:0000000;CHEMONTID:0004603;CHEMONTID:0000323;CHEMONTID:0001831,Organic compounds;Organic oxygen compounds;Organooxygen compounds;Carbonyl compounds
6406,Pentose phosphates,1,CHEMONTID:0002259,7,CHEMONTID:0001497,CHEMONTID:0000000;CHEMONTID:0004603;CHEMONTID:0000323;CHEMONTID:0000011;CHEMONTID:0001540;CHEMONTID:0001497;CHEMONTID:0002259,Organic compounds;Organic oxygen compounds;Organooxygen compounds;Carbohydrates and carbohydrate conjugates;Monosaccharides;Pentoses;Pentose phosphates
11334,Primary amines,0.99,CHEMONTID:0002450,5,CHEMONTID:0002449,CHEMONTID:0000000;CHEMONTID:0004707;CHEMONTID:0000278;CHEMONTID:0002449;CHEMONTID:0002450,Organic compounds;Organic nitrogen compounds;Organonitrogen compounds;Amines;Primary amines
4789,Carbonyl compounds,0.81,CHEMONTID:0001831,4,CHEMONTID:0000323,CHEMONTID:0000000;CHEMONTID:0004603;CHEMONTID:0000323;CHEMONTID:0001831,Organic compounds;Organic oxygen compounds;Organooxygen compounds;Carbonyl compounds
6705,Carbonyl compounds,0.95,CHEMONTID:0001831,4,CHEMONTID:0000323,CHEMONTID:0000000;CHEMONTID:0004603;CHEMONTID:0000323;CHEMONTID:0001831,Organic compounds;Organic oxygen compounds;Organooxygen compounds;Carbonyl compounds
892,Carboximidamides,0.91,CHEMONTID:0003152,4,CHEMONTID:0000278,CHEMONTID:0000000;CHEMONTID:0004707;CHEMONTID:0000278;CHEMONTID:0003152,Organic compounds;Organic nitrogen compounds;Organonitrogen compounds;Carboximidamides
18514,Monocarboxylic acids and derivatives,0.83,CHEMONTID:0001137,4,CHEMONTID:0000265,CHEMONTID:0000000;CHEMONTID:0000264;CHEMONTID:0000265;CHEMONTID:0001137,Organic compounds;Organic acids and derivatives;Carboxylic acids and derivatives;Monocarboxylic acids and derivatives
5033,Carbonyl compounds,0.99,CHEMONTID:0001831,4,CHEMONTID:0000323,CHEMONTID:0000000;CHEMONTID:0004603;CHEMONTID:0000323;CHEMONTID:0001831,Organic compounds;Organic oxygen compounds;Organooxygen compounds;Carbonyl compounds
13568,Carboxylic acid derivatives,0.95,CHEMONTID:0001093,4,CHEMONTID:0000265,CHEMONTID:0000000;CHEMONTID:0000264;CHEMONTID:0000265;CHEMONTID:0001093,Organic compounds;Organic acids and derivatives;Carboxylic acids and derivatives;Carboxylic acid derivatives
12256,Carbonyl compounds,0.92,CHEMONTID:0001831,4,CHEMONTID:0000323,CHEMONTID:0000000;CHEMONTID:0004603;CHEMONTID:0000323;CHEMONTID:0001831,Organic compounds;Organic oxygen compounds;Organooxygen compounds;Carbonyl compounds
9048,Amines,0.99,CHEMONTID:0002449,4,CHEMONTID:0000278,CHEMONTID:0000000;CHEMONTID:0004707;CHEMONTID:0000278;CHEMONTID:0002449,Organic compounds;Organic nitrogen compounds;Organonitrogen compounds;Amines
16224,Dialkyl phosphates,0.98,CHEMONTID:0003459,6,CHEMONTID:0003457,CHEMONTID:0000000;CHEMONTID:0000264;CHEMONTID:0000402;CHEMONTID:0000408;CHEMONTID:0003457;CHEMONTID:0003459,Organic compounds;Organic acids and derivatives;Organic phosphoric acids and derivatives;Phosphate esters;Alkyl phosphates;Dialkyl phosphates
5293,Monoalkylamines,0.96,CHEMONTID:0000469,6,CHEMONTID:0002450,CHEMONTID:0000000;CHEMONTID:0004707;CHEMONTID:0000278;CHEMONTID:0002449;CHEMONTID:0002450;CHEMONTID:0000469,Organic compounds;Organic nitrogen compounds;Organonitrogen compounds;Amines;Primary amines;Monoalkylamines
8539,Alcohols and polyols,0.89,CHEMONTID:0000129,4,CHEMONTID:0000323,CHEMONTID:0000000;CHEMONTID:0004603;CHEMONTID:0000323;CHEMONTID:0000129,Organic compounds;Organic oxygen compounds;Organooxygen compounds;Alcohols and polyols
4474,Carbonyl compounds,0.9,CHEMONTID:0001831,4,CHEMONTID:0000323,CHEMONTID:0000000;CHEMONTID:0004603;CHEMONTID:0000323;CHEMONTID:0001831,Organic compounds;Organic oxygen compounds;Organooxygen compounds;Carbonyl compounds
11563,Guanidines,0.99,CHEMONTID:0000375,4,CHEMONTID:0000278,CHEMONTID:0000000;CHEMONTID:0004707;CHEMONTID:0000278;CHEMONTID:0000375,Organic compounds;Organic nitrogen compounds;Organonitrogen compounds;Guanidines
9066,Monocarboxylic acids and derivatives,0.85,CHEMONTID:0001137,4,CHEMONTID:0000265,CHEMONTID:0000000;CHEMONTID:0000264;CHEMONTID:0000265;CHEMONTID:0001137,Organic compounds;Organic acids and derivatives;Carboxylic acids and derivatives;Monocarboxylic acids and derivatives
18473,Carboxylic acid derivatives,0.81,CHEMONTID:0001093,4,CHEMONTID:0000265,CHEMONTID:0000000;CHEMONTID:0000264;CHEMONTID:0000265;CHEMONTID:0001093,Organic compounds;Organic acids and derivatives;Carboxylic acids and derivatives;Carboxylic acid derivatives
9610,Fatty amides,0.82,CHEMONTID:0000331,4,CHEMONTID:0003909,CHEMONTID:0000000;CHEMONTID:0000012;CHEMONTID:0003909;CHEMONTID:0000331,Organic compounds;Lipids and lipid-like molecules;Fatty Acyls;Fatty amides
10675,Alcohols and polyols,0.84,CHEMONTID:0000129,4,CHEMONTID:0000323,CHEMONTID:0000000;CHEMONTID:0004603;CHEMONTID:0000323;CHEMONTID:0000129,Organic compounds;Organic oxygen compounds;Organooxygen compounds;Alcohols and polyols
20382,Monoalkylamines,1,CHEMONTID:0000469,6,CHEMONTID:0002450,CHEMONTID:0000000;CHEMONTID:0004707;CHEMONTID:0000278;CHEMONTID:0002449;CHEMONTID:0002450;CHEMONTID:0000469,Organic compounds;Organic nitrogen compounds;Organonitrogen compounds;Amines;Primary amines;Monoalkylamines
7247,Primary amines,0.95,CHEMONTID:0002450,5,CHEMONTID:0002449,CHEMONTID:0000000;CHEMONTID:0004707;CHEMONTID:0000278;CHEMONTID:0002449;CHEMONTID:0002450,Organic compounds;Organic nitrogen compounds;Organonitrogen compounds;Amines;Primary amines
3193,Alcohols and polyols,1,CHEMONTID:0000129,4,CHEMONTID:0000323,CHEMONTID:0000000;CHEMONTID:0004603;CHEMONTID:0000323;CHEMONTID:0000129,Organic compounds;Organic oxygen compounds;Organooxygen compounds;Alcohols and polyols
9558,Carbonyl compounds,0.9,CHEMONTID:0001831,4,CHEMONTID:0000323,CHEMONTID:0000000;CHEMONTID:0004603;CHEMONTID:0000323;CHEMONTID:0001831,Organic compounds;Organic oxygen compounds;Organooxygen compounds;Carbonyl compounds
6561,Dialkyl ethers,0.99,CHEMONTID:0001167,5,CHEMONTID:0000254,CHEMONTID:0000000;CHEMONTID:0004603;CHEMONTID:0000323;CHEMONTID:0000254;CHEMONTID:0001167,Organic compounds;Organic oxygen compounds;Organooxygen compounds;Ethers;Dialkyl ethers
5315,Carbohydrates and carbohydrate conjugates,1,CHEMONTID:0000011,4,CHEMONTID:0000323,CHEMONTID:0000000;CHEMONTID:0004603;CHEMONTID:0000323;CHEMONTID:0000011,Organic compounds;Organic oxygen compounds;Organooxygen compounds;Carbohydrates and carbohydrate conjugates
2321,N-substituted imidazoles,0.98,CHEMONTID:0002311,6,CHEMONTID:0002310,CHEMONTID:0000000;CHEMONTID:0000002;CHEMONTID:0000436;CHEMONTID:0000078;CHEMONTID:0002310;CHEMONTID:0002311,Organic compounds;Organoheterocyclic compounds;Azoles;Imidazoles;Substituted imidazoles;N-substituted imidazoles
16200,Ethers,0.87,CHEMONTID:0000254,4,CHEMONTID:0000323,CHEMONTID:0000000;CHEMONTID:0004603;CHEMONTID:0000323;CHEMONTID:0000254,Organic compounds;Organic oxygen compounds;Organooxygen compounds;Ethers
13679,Carbonyl compounds,0.8,CHEMONTID:0001831,4,CHEMONTID:0000323,CHEMONTID:0000000;CHEMONTID:0004603;CHEMONTID:0000323;CHEMONTID:0001831,Organic compounds;Organic oxygen compounds;Organooxygen compounds;Carbonyl compounds
13811,Carbonyl compounds,0.99,CHEMONTID:0001831,4,CHEMONTID:0000323,CHEMONTID:0000000;CHEMONTID:0004603;CHEMONTID:0000323;CHEMONTID:0001831,Organic compounds;Organic oxygen compounds;Organooxygen compounds;Carbonyl compounds
10758,Carbonyl compounds,0.9,CHEMONTID:0001831,4,CHEMONTID:0000323,CHEMONTID:0000000;CHEMONTID:0004603;CHEMONTID:0000323;CHEMONTID:0001831,Organic compounds;Organic oxygen compounds;Organooxygen compounds;Carbonyl compounds
6339,Carboxylic acid derivatives,0.97,CHEMONTID:0001093,4,CHEMONTID:0000265,CHEMONTID:0000000;CHEMONTID:0000264;CHEMONTID:0000265;CHEMONTID:0001093,Organic compounds;Organic acids and derivatives;Carboxylic acids and derivatives;Carboxylic acid derivatives
20296,Carboxylic acid derivatives,0.81,CHEMONTID:0001093,4,CHEMONTID:0000265,CHEMONTID:0000000;CHEMONTID:0000264;CHEMONTID:0000265;CHEMONTID:0001093,Organic compounds;Organic acids and derivatives;Carboxylic acids and derivatives;Carboxylic acid derivatives
4943,Alkyl phosphates,0.99,CHEMONTID:0003457,5,CHEMONTID:0000408,CHEMONTID:0000000;CHEMONTID:0000264;CHEMONTID:0000402;CHEMONTID:0000408;CHEMONTID:0003457,Organic compounds;Organic acids and derivatives;Organic phosphoric acids and derivatives;Phosphate esters;Alkyl phosphates
16415,Pyrimidines and pyrimidine derivatives,0.85,CHEMONTID:0000075,4,CHEMONTID:0001346,CHEMONTID:0000000;CHEMONTID:0000002;CHEMONTID:0001346;CHEMONTID:0000075,Organic compounds;Organoheterocyclic compounds;Diazines;Pyrimidines and pyrimidine derivatives
12512,Carboxylic acid derivatives,0.88,CHEMONTID:0001093,4,CHEMONTID:0000265,CHEMONTID:0000000;CHEMONTID:0000264;CHEMONTID:0000265;CHEMONTID:0001093,Organic compounds;Organic acids and derivatives;Carboxylic acids and derivatives;Carboxylic acid derivatives
2089,Amines,0.97,CHEMONTID:0002449,4,CHEMONTID:0000278,CHEMONTID:0000000;CHEMONTID:0004707;CHEMONTID:0000278;CHEMONTID:0002449,Organic compounds;Organic nitrogen compounds;Organonitrogen compounds;Amines
6244,Fatty acids and conjugates,0.88,CHEMONTID:0000262,4,CHEMONTID:0003909,CHEMONTID:0000000;CHEMONTID:0000012;CHEMONTID:0003909;CHEMONTID:0000262,Organic compounds;Lipids and lipid-like molecules;Fatty Acyls;Fatty acids and conjugates
20026,Dialkyl ethers,0.9,CHEMONTID:0001167,5,CHEMONTID:0000254,CHEMONTID:0000000;CHEMONTID:0004603;CHEMONTID:0000323;CHEMONTID:0000254;CHEMONTID:0001167,Organic compounds;Organic oxygen compounds;Organooxygen compounds;Ethers;Dialkyl ethers
5246,Carboxylic acid derivatives,0.99,CHEMONTID:0001093,4,CHEMONTID:0000265,CHEMONTID:0000000;CHEMONTID:0000264;CHEMONTID:0000265;CHEMONTID:0001093,Organic compounds;Organic acids and derivatives;Carboxylic acids and derivatives;Carboxylic acid derivatives
8395,Carbonyl compounds,0.84,CHEMONTID:0001831,4,CHEMONTID:0000323,CHEMONTID:0000000;CHEMONTID:0004603;CHEMONTID:0000323;CHEMONTID:0001831,Organic compounds;Organic oxygen compounds;Organooxygen compounds;Carbonyl compounds
15184,Carbonyl compounds,0.89,CHEMONTID:0001831,4,CHEMONTID:0000323,CHEMONTID:0000000;CHEMONTID:0004603;CHEMONTID:0000323;CHEMONTID:0001831,Organic compounds;Organic oxygen compounds;Organooxygen compounds;Carbonyl compounds
9379,Amines,0.97,CHEMONTID:0002449,4,CHEMONTID:0000278,CHEMONTID:0000000;CHEMONTID:0004707;CHEMONTID:0000278;CHEMONTID:0002449,Organic compounds;Organic nitrogen compounds;Organonitrogen compounds;Amines
14613,Monoalkylamines,1,CHEMONTID:0000469,6,CHEMONTID:0002450,CHEMONTID:0000000;CHEMONTID:0004707;CHEMONTID:0000278;CHEMONTID:0002449;CHEMONTID:0002450;CHEMONTID:0000469,Organic compounds;Organic nitrogen compounds;Organonitrogen compounds;Amines;Primary amines;Monoalkylamines
19052,Amines,0.98,CHEMONTID:0002449,4,CHEMONTID:0000278,CHEMONTID:0000000;CHEMONTID:0004707;CHEMONTID:0000278;CHEMONTID:0002449,Organic compounds;Organic nitrogen compounds;Organonitrogen compounds;Amines
15922,Amines,0.97,CHEMONTID:0002449,4,CHEMONTID:0000278,CHEMONTID:0000000;CHEMONTID:0004707;CHEMONTID:0000278;CHEMONTID:0002449,Organic compounds;Organic nitrogen compounds;Organonitrogen compounds;Amines
6428,Carbonyl compounds,0.89,CHEMONTID:0001831,4,CHEMONTID:0000323,CHEMONTID:0000000;CHEMONTID:0004603;CHEMONTID:0000323;CHEMONTID:0001831,Organic compounds;Organic oxygen compounds;Organooxygen compounds;Carbonyl compounds
10606,Amines,1,CHEMONTID:0002449,4,CHEMONTID:0000278,CHEMONTID:0000000;CHEMONTID:0004707;CHEMONTID:0000278;CHEMONTID:0002449,Organic compounds;Organic nitrogen compounds;Organonitrogen compounds;Amines
16138,Carbonyl compounds,0.97,CHEMONTID:0001831,4,CHEMONTID:0000323,CHEMONTID:0000000;CHEMONTID:0004603;CHEMONTID:0000323;CHEMONTID:0001831,Organic compounds;Organic oxygen compounds;Organooxygen compounds;Carbonyl compounds
5952,Amines,0.97,CHEMONTID:0002449,4,CHEMONTID:0000278,CHEMONTID:0000000;CHEMONTID:0004707;CHEMONTID:0000278;CHEMONTID:0002449,Organic compounds;Organic nitrogen compounds;Organonitrogen compounds;Amines
19734,Carbonyl compounds,0.85,CHEMONTID:0001831,4,CHEMONTID:0000323,CHEMONTID:0000000;CHEMONTID:0004603;CHEMONTID:0000323;CHEMONTID:0001831,Organic compounds;Organic oxygen compounds;Organooxygen compounds;Carbonyl compounds
3791,Carbonyl compounds,0.93,CHEMONTID:0001831,4,CHEMONTID:0000323,CHEMONTID:0000000;CHEMONTID:0004603;CHEMONTID:0000323;CHEMONTID:0001831,Organic compounds;Organic oxygen compounds;Organooxygen compounds;Carbonyl compounds
17044,Carbonyl compounds,0.84,CHEMONTID:0001831,4,CHEMONTID:0000323,CHEMONTID:0000000;CHEMONTID:0004603;CHEMONTID:0000323;CHEMONTID:0001831,Organic compounds;Organic oxygen compounds;Organooxygen compounds;Carbonyl compounds
18365,Carbonyl compounds,0.98,CHEMONTID:0001831,4,CHEMONTID:0000323,CHEMONTID:0000000;CHEMONTID:0004603;CHEMONTID:0000323;CHEMONTID:0001831,Organic compounds;Organic oxygen compounds;Organooxygen compounds;Carbonyl compounds
13199,"Amino acids, peptides, and analogues",0.98,CHEMONTID:0000013,4,CHEMONTID:0000265,CHEMONTID:0000000;CHEMONTID:0000264;CHEMONTID:0000265;CHEMONTID:0000013,"Organic compounds;Organic acids and derivatives;Carboxylic acids and derivatives;Amino acids, peptides, and analogues"
13682,Carbonyl compounds,0.93,CHEMONTID:0001831,4,CHEMONTID:0000323,CHEMONTID:0000000;CHEMONTID:0004603;CHEMONTID:0000323;CHEMONTID:0001831,Organic compounds;Organic oxygen compounds;Organooxygen compounds;Carbonyl compounds
9503,Ethers,0.86,CHEMONTID:0000254,4,CHEMONTID:0000323,CHEMONTID:0000000;CHEMONTID:0004603;CHEMONTID:0000323;CHEMONTID:0000254,Organic compounds;Organic oxygen compounds;Organooxygen compounds;Ethers
16524,Carbonyl compounds,1,CHEMONTID:0001831,4,CHEMONTID:0000323,CHEMONTID:0000000;CHEMONTID:0004603;CHEMONTID:0000323;CHEMONTID:0001831,Organic compounds;Organic oxygen compounds;Organooxygen compounds;Carbonyl compounds
20443,N-acyl amines,0.95,CHEMONTID:0001096,5,CHEMONTID:0000331,CHEMONTID:0000000;CHEMONTID:0000012;CHEMONTID:0003909;CHEMONTID:0000331;CHEMONTID:0001096,Organic compounds;Lipids and lipid-like molecules;Fatty Acyls;Fatty amides;N-acyl amines
9077,Carbonyl compounds,0.84,CHEMONTID:0001831,4,CHEMONTID:0000323,CHEMONTID:0000000;CHEMONTID:0004603;CHEMONTID:0000323;CHEMONTID:0001831,Organic compounds;Organic oxygen compounds;Organooxygen compounds;Carbonyl compounds
8144,Carboxylic acid derivatives,0.97,CHEMONTID:0001093,4,CHEMONTID:0000265,CHEMONTID:0000000;CHEMONTID:0000264;CHEMONTID:0000265;CHEMONTID:0001093,Organic compounds;Organic acids and derivatives;Carboxylic acids and derivatives;Carboxylic acid derivatives
16585,"Amino acids, peptides, and analogues",1,CHEMONTID:0000013,4,CHEMONTID:0000265,CHEMONTID:0000000;CHEMONTID:0000264;CHEMONTID:0000265;CHEMONTID:0000013,"Organic compounds;Organic acids and derivatives;Carboxylic acids and derivatives;Amino acids, peptides, and analogues"
17390,Carbonyl compounds,0.97,CHEMONTID:0001831,4,CHEMONTID:0000323,CHEMONTID:0000000;CHEMONTID:0004603;CHEMONTID:0000323;CHEMONTID:0001831,Organic compounds;Organic oxygen compounds;Organooxygen compounds;Carbonyl compounds
19577,Carbonyl compounds,0.98,CHEMONTID:0001831,4,CHEMONTID:0000323,CHEMONTID:0000000;CHEMONTID:0004603;CHEMONTID:0000323;CHEMONTID:0001831,Organic compounds;Organic oxygen compounds;Organooxygen compounds;Carbonyl compounds
6570,Dicarboxylic acids and derivatives,0.84,CHEMONTID:0000346,4,CHEMONTID:0000265,CHEMONTID:0000000;CHEMONTID:0000264;CHEMONTID:0000265;CHEMONTID:0000346,Organic compounds;Organic acids and derivatives;Carboxylic acids and derivatives;Dicarboxylic acids and derivatives
12914,Phosphate esters,0.94,CHEMONTID:0000408,4,CHEMONTID:0000402,CHEMONTID:0000000;CHEMONTID:0000264;CHEMONTID:0000402;CHEMONTID:0000408,Organic compounds;Organic acids and derivatives;Organic phosphoric acids and derivatives;Phosphate esters
9549,Tetrazoles,0.81,CHEMONTID:0000111,4,CHEMONTID:0000436,CHEMONTID:0000000;CHEMONTID:0000002;CHEMONTID:0000436;CHEMONTID:0000111,Organic compounds;Organoheterocyclic compounds;Azoles;Tetrazoles
12002,Carbonyl compounds,0.81,CHEMONTID:0001831,4,CHEMONTID:0000323,CHEMONTID:0000000;CHEMONTID:0004603;CHEMONTID:0000323;CHEMONTID:0001831,Organic compounds;Organic oxygen compounds;Organooxygen compounds;Carbonyl compounds
8587,Monoalkylamines,0.99,CHEMONTID:0000469,6,CHEMONTID:0002450,CHEMONTID:0000000;CHEMONTID:0004707;CHEMONTID:0000278;CHEMONTID:0002449;CHEMONTID:0002450;CHEMONTID:0000469,Organic compounds;Organic nitrogen compounds;Organonitrogen compounds;Amines;Primary amines;Monoalkylamines
3433,Primary amines,1,CHEMONTID:0002450,5,CHEMONTID:0002449,CHEMONTID:0000000;CHEMONTID:0004707;CHEMONTID:0000278;CHEMONTID:0002449;CHEMONTID:0002450,Organic compounds;Organic nitrogen compounds;Organonitrogen compounds;Amines;Primary amines
570,Carbonyl compounds,0.98,CHEMONTID:0001831,4,CHEMONTID:0000323,CHEMONTID:0000000;CHEMONTID:0004603;CHEMONTID:0000323;CHEMONTID:0001831,Organic compounds;Organic oxygen compounds;Organooxygen compounds;Carbonyl compounds
7836,Carbohydrates and carbohydrate conjugates,1,CHEMONTID:0000011,4,CHEMONTID:0000323,CHEMONTID:0000000;CHEMONTID:0004603;CHEMONTID:0000323;CHEMONTID:0000011,Organic compounds;Organic oxygen compounds;Organooxygen compounds;Carbohydrates and carbohydrate conjugates
13368,Carbonyl compounds,0.93,CHEMONTID:0001831,4,CHEMONTID:0000323,CHEMONTID:0000000;CHEMONTID:0004603;CHEMONTID:0000323;CHEMONTID:0001831,Organic compounds;Organic oxygen compounds;Organooxygen compounds;Carbonyl compounds
17067,Alcohols and polyols,0.96,CHEMONTID:0000129,4,CHEMONTID:0000323,CHEMONTID:0000000;CHEMONTID:0004603;CHEMONTID:0000323;CHEMONTID:0000129,Organic compounds;Organic oxygen compounds;Organooxygen compounds;Alcohols and polyols
2727,Carbonyl compounds,0.88,CHEMONTID:0001831,4,CHEMONTID:0000323,CHEMONTID:0000000;CHEMONTID:0004603;CHEMONTID:0000323;CHEMONTID:0001831,Organic compounds;Organic oxygen compounds;Organooxygen compounds;Carbonyl compounds
18747,Peptides,0.89,CHEMONTID:0000348,5,CHEMONTID:0000013,CHEMONTID:0000000;CHEMONTID:0000264;CHEMONTID:0000265;CHEMONTID:0000013;CHEMONTID:0000348,"Organic compounds;Organic acids and derivatives;Carboxylic acids and derivatives;Amino acids, peptides, and analogues;Peptides"
2893,Carbonyl compounds,0.97,CHEMONTID:0001831,4,CHEMONTID:0000323,CHEMONTID:0000000;CHEMONTID:0004603;CHEMONTID:0000323;CHEMONTID:0001831,Organic compounds;Organic oxygen compounds;Organooxygen compounds;Carbonyl compounds
12437,Alcohols and polyols,0.85,CHEMONTID:0000129,4,CHEMONTID:0000323,CHEMONTID:0000000;CHEMONTID:0004603;CHEMONTID:0000323;CHEMONTID:0000129,Organic compounds;Organic oxygen compounds;Organooxygen compounds;Alcohols and polyols
7954,Primary amines,0.93,CHEMONTID:0002450,5,CHEMONTID:0002449,CHEMONTID:0000000;CHEMONTID:0004707;CHEMONTID:0000278;CHEMONTID:0002449;CHEMONTID:0002450,Organic compounds;Organic nitrogen compounds;Organonitrogen compounds;Amines;Primary amines
9059,Carbonyl compounds,0.86,CHEMONTID:0001831,4,CHEMONTID:0000323,CHEMONTID:0000000;CHEMONTID:0004603;CHEMONTID:0000323;CHEMONTID:0001831,Organic compounds;Organic oxygen compounds;Organooxygen compounds;Carbonyl compounds
6891,Dialkyl ethers,0.96,CHEMONTID:0001167,5,CHEMONTID:0000254,CHEMONTID:0000000;CHEMONTID:0004603;CHEMONTID:0000323;CHEMONTID:0000254;CHEMONTID:0001167,Organic compounds;Organic oxygen compounds;Organooxygen compounds;Ethers;Dialkyl ethers
15884,Trialkylamines,0.98,CHEMONTID:0002239,6,CHEMONTID:0002452,CHEMONTID:0000000;CHEMONTID:0004707;CHEMONTID:0000278;CHEMONTID:0002449;CHEMONTID:0002452;CHEMONTID:0002239,Organic compounds;Organic nitrogen compounds;Organonitrogen compounds;Amines;Tertiary amines;Trialkylamines
11815,Alkyl phosphates,1,CHEMONTID:0003457,5,CHEMONTID:0000408,CHEMONTID:0000000;CHEMONTID:0000264;CHEMONTID:0000402;CHEMONTID:0000408;CHEMONTID:0003457,Organic compounds;Organic acids and derivatives;Organic phosphoric acids and derivatives;Phosphate esters;Alkyl phosphates
2276,Monoalkylamines,0.95,CHEMONTID:0000469,6,CHEMONTID:0002450,CHEMONTID:0000000;CHEMONTID:0004707;CHEMONTID:0000278;CHEMONTID:0002449;CHEMONTID:0002450;CHEMONTID:0000469,Organic compounds;Organic nitrogen compounds;Organonitrogen compounds;Amines;Primary amines;Monoalkylamines
1961,Carbonyl compounds,0.96,CHEMONTID:0001831,4,CHEMONTID:0000323,CHEMONTID:0000000;CHEMONTID:0004603;CHEMONTID:0000323;CHEMONTID:0001831,Organic compounds;Organic oxygen compounds;Organooxygen compounds;Carbonyl compounds
2197,Alcohols and polyols,0.98,CHEMONTID:0000129,4,CHEMONTID:0000323,CHEMONTID:0000000;CHEMONTID:0004603;CHEMONTID:0000323;CHEMONTID:0000129,Organic compounds;Organic oxygen compounds;Organooxygen compounds;Alcohols and polyols
12212,Primary amines,0.96,CHEMONTID:0002450,5,CHEMONTID:0002449,CHEMONTID:0000000;CHEMONTID:0004707;CHEMONTID:0000278;CHEMONTID:0002449;CHEMONTID:0002450,Organic compounds;Organic nitrogen compounds;Organonitrogen compounds;Amines;Primary amines
9792,Carbonyl compounds,0.92,CHEMONTID:0001831,4,CHEMONTID:0000323,CHEMONTID:0000000;CHEMONTID:0004603;CHEMONTID:0000323;CHEMONTID:0001831,Organic compounds;Organic oxygen compounds;Organooxygen compounds;Carbonyl compounds
12028,Amines,0.99,CHEMONTID:0002449,4,CHEMONTID:0000278,CHEMONTID:0000000;CHEMONTID:0004707;CHEMONTID:0000278;CHEMONTID:0002449,Organic compounds;Organic nitrogen compounds;Organonitrogen compounds;Amines
10053,Dialkyl ethers,0.82,CHEMONTID:0001167,5,CHEMONTID:0000254,CHEMONTID:0000000;CHEMONTID:0004603;CHEMONTID:0000323;CHEMONTID:0000254;CHEMONTID:0001167,Organic compounds;Organic oxygen compounds;Organooxygen compounds;Ethers;Dialkyl ethers
18889,Alcohols and polyols,0.99,CHEMONTID:0000129,4,CHEMONTID:0000323,CHEMONTID:0000000;CHEMONTID:0004603;CHEMONTID:0000323;CHEMONTID:0000129,Organic compounds;Organic oxygen compounds;Organooxygen compounds;Alcohols and polyols
8877,Carbonyl compounds,0.82,CHEMONTID:0001831,4,CHEMONTID:0000323,CHEMONTID:0000000;CHEMONTID:0004603;CHEMONTID:0000323;CHEMONTID:0001831,Organic compounds;Organic oxygen compounds;Organooxygen compounds;Carbonyl compounds
6759,Carboxylic acid amides,0.95,CHEMONTID:0000475,5,CHEMONTID:0001093,CHEMONTID:0000000;CHEMONTID:0000264;CHEMONTID:0000265;CHEMONTID:0001093;CHEMONTID:0000475,Organic compounds;Organic acids and derivatives;Carboxylic acids and derivatives;Carboxylic acid derivatives;Carboxylic acid amides
16400,"Amino acids, peptides, and analogues",0.92,CHEMONTID:0000013,4,CHEMONTID:0000265,CHEMONTID:0000000;CHEMONTID:0000264;CHEMONTID:0000265;CHEMONTID:0000013,"Organic compounds;Organic acids and derivatives;Carboxylic acids and derivatives;Amino acids, peptides, and analogues"
18177,Carbonyl compounds,0.96,CHEMONTID:0001831,4,CHEMONTID:0000323,CHEMONTID:0000000;CHEMONTID:0004603;CHEMONTID:0000323;CHEMONTID:0001831,Organic compounds;Organic oxygen compounds;Organooxygen compounds;Carbonyl compounds
9698,Carbonyl compounds,0.99,CHEMONTID:0001831,4,CHEMONTID:0000323,CHEMONTID:0000000;CHEMONTID:0004603;CHEMONTID:0000323;CHEMONTID:0001831,Organic compounds;Organic oxygen compounds;Organooxygen compounds;Carbonyl compounds
7892,Carbonyl compounds,0.93,CHEMONTID:0001831,4,CHEMONTID:0000323,CHEMONTID:0000000;CHEMONTID:0004603;CHEMONTID:0000323;CHEMONTID:0001831,Organic compounds;Organic oxygen compounds;Organooxygen compounds;Carbonyl compounds
6204,Carbonyl compounds,0.98,CHEMONTID:0001831,4,CHEMONTID:0000323,CHEMONTID:0000000;CHEMONTID:0004603;CHEMONTID:0000323;CHEMONTID:0001831,Organic compounds;Organic oxygen compounds;Organooxygen compounds;Carbonyl compounds
6258,Dialkyl ethers,0.99,CHEMONTID:0001167,5,CHEMONTID:0000254,CHEMONTID:0000000;CHEMONTID:0004603;CHEMONTID:0000323;CHEMONTID:0000254;CHEMONTID:0001167,Organic compounds;Organic oxygen compounds;Organooxygen compounds;Ethers;Dialkyl ethers
11608,Primary amines,0.91,CHEMONTID:0002450,5,CHEMONTID:0002449,CHEMONTID:0000000;CHEMONTID:0004707;CHEMONTID:0000278;CHEMONTID:0002449;CHEMONTID:0002450,Organic compounds;Organic nitrogen compounds;Organonitrogen compounds;Amines;Primary amines
8293,Carbonyl compounds,0.82,CHEMONTID:0001831,4,CHEMONTID:0000323,CHEMONTID:0000000;CHEMONTID:0004603;CHEMONTID:0000323;CHEMONTID:0001831,Organic compounds;Organic oxygen compounds;Organooxygen compounds;Carbonyl compounds
20070,Monocarboxylic acids and derivatives,0.8,CHEMONTID:0001137,4,CHEMONTID:0000265,CHEMONTID:0000000;CHEMONTID:0000264;CHEMONTID:0000265;CHEMONTID:0001137,Organic compounds;Organic acids and derivatives;Carboxylic acids and derivatives;Monocarboxylic acids and derivatives
19708,Primary amines,0.92,CHEMONTID:0002450,5,CHEMONTID:0002449,CHEMONTID:0000000;CHEMONTID:0004707;CHEMONTID:0000278;CHEMONTID:0002449;CHEMONTID:0002450,Organic compounds;Organic nitrogen compounds;Organonitrogen compounds;Amines;Primary amines
18089,Carbonyl compounds,0.84,CHEMONTID:0001831,4,CHEMONTID:0000323,CHEMONTID:0000000;CHEMONTID:0004603;CHEMONTID:0000323;CHEMONTID:0001831,Organic compounds;Organic oxygen compounds;Organooxygen compounds;Carbonyl compounds
13279,Carboxylic acid derivatives,0.87,CHEMONTID:0001093,4,CHEMONTID:0000265,CHEMONTID:0000000;CHEMONTID:0000264;CHEMONTID:0000265;CHEMONTID:0001093,Organic compounds;Organic acids and derivatives;Carboxylic acids and derivatives;Carboxylic acid derivatives
3898,Carbonyl compounds,0.84,CHEMONTID:0001831,4,CHEMONTID:0000323,CHEMONTID:0000000;CHEMONTID:0004603;CHEMONTID:0000323;CHEMONTID:0001831,Organic compounds;Organic oxygen compounds;Organooxygen compounds;Carbonyl compounds
11910,Carbonyl compounds,0.93,CHEMONTID:0001831,4,CHEMONTID:0000323,CHEMONTID:0000000;CHEMONTID:0004603;CHEMONTID:0000323;CHEMONTID:0001831,Organic compounds;Organic oxygen compounds;Organooxygen compounds;Carbonyl compounds
17520,Trialkylamines,0.95,CHEMONTID:0002239,6,CHEMONTID:0002452,CHEMONTID:0000000;CHEMONTID:0004707;CHEMONTID:0000278;CHEMONTID:0002449;CHEMONTID:0002452;CHEMONTID:0002239,Organic compounds;Organic nitrogen compounds;Organonitrogen compounds;Amines;Tertiary amines;Trialkylamines
5877,Carboxylic acid derivatives,0.98,CHEMONTID:0001093,4,CHEMONTID:0000265,CHEMONTID:0000000;CHEMONTID:0000264;CHEMONTID:0000265;CHEMONTID:0001093,Organic compounds;Organic acids and derivatives;Carboxylic acids and derivatives;Carboxylic acid derivatives
9707,Carbohydrates and carbohydrate conjugates,0.99,CHEMONTID:0000011,4,CHEMONTID:0000323,CHEMONTID:0000000;CHEMONTID:0004603;CHEMONTID:0000323;CHEMONTID:0000011,Organic compounds;Organic oxygen compounds;Organooxygen compounds;Carbohydrates and carbohydrate conjugates
20206,Pyrimidines and pyrimidine derivatives,0.96,CHEMONTID:0000075,4,CHEMONTID:0001346,CHEMONTID:0000000;CHEMONTID:0000002;CHEMONTID:0001346;CHEMONTID:0000075,Organic compounds;Organoheterocyclic compounds;Diazines;Pyrimidines and pyrimidine derivatives
708,Carbonyl compounds,0.96,CHEMONTID:0001831,4,CHEMONTID:0000323,CHEMONTID:0000000;CHEMONTID:0004603;CHEMONTID:0000323;CHEMONTID:0001831,Organic compounds;Organic oxygen compounds;Organooxygen compounds;Carbonyl compounds
9681,Carboxylic acid derivatives,1,CHEMONTID:0001093,4,CHEMONTID:0000265,CHEMONTID:0000000;CHEMONTID:0000264;CHEMONTID:0000265;CHEMONTID:0001093,Organic compounds;Organic acids and derivatives;Carboxylic acids and derivatives;Carboxylic acid derivatives
9316,Pyrimidines and pyrimidine derivatives,1,CHEMONTID:0000075,4,CHEMONTID:0001346,CHEMONTID:0000000;CHEMONTID:0000002;CHEMONTID:0001346;CHEMONTID:0000075,Organic compounds;Organoheterocyclic compounds;Diazines;Pyrimidines and pyrimidine derivatives
14847,Primary amines,0.97,CHEMONTID:0002450,5,CHEMONTID:0002449,CHEMONTID:0000000;CHEMONTID:0004707;CHEMONTID:0000278;CHEMONTID:0002449;CHEMONTID:0002450,Organic compounds;Organic nitrogen compounds;Organonitrogen compounds;Amines;Primary amines
16141,Carbonyl compounds,0.97,CHEMONTID:0001831,4,CHEMONTID:0000323,CHEMONTID:0000000;CHEMONTID:0004603;CHEMONTID:0000323;CHEMONTID:0001831,Organic compounds;Organic oxygen compounds;Organooxygen compounds;Carbonyl compounds
14578,Carboxylic acid derivatives,0.98,CHEMONTID:0001093,4,CHEMONTID:0000265,CHEMONTID:0000000;CHEMONTID:0000264;CHEMONTID:0000265;CHEMONTID:0001093,Organic compounds;Organic acids and derivatives;Carboxylic acids and derivatives;Carboxylic acid derivatives
2564,Carbonyl compounds,0.97,CHEMONTID:0001831,4,CHEMONTID:0000323,CHEMONTID:0000000;CHEMONTID:0004603;CHEMONTID:0000323;CHEMONTID:0001831,Organic compounds;Organic oxygen compounds;Organooxygen compounds;Carbonyl compounds
6537,Carbonyl compounds,0.98,CHEMONTID:0001831,4,CHEMONTID:0000323,CHEMONTID:0000000;CHEMONTID:0004603;CHEMONTID:0000323;CHEMONTID:0001831,Organic compounds;Organic oxygen compounds;Organooxygen compounds;Carbonyl compounds
3032,Carbonyl compounds,0.85,CHEMONTID:0001831,4,CHEMONTID:0000323,CHEMONTID:0000000;CHEMONTID:0004603;CHEMONTID:0000323;CHEMONTID:0001831,Organic compounds;Organic oxygen compounds;Organooxygen compounds;Carbonyl compounds
13604,Carboxylic acid derivatives,0.94,CHEMONTID:0001093,4,CHEMONTID:0000265,CHEMONTID:0000000;CHEMONTID:0000264;CHEMONTID:0000265;CHEMONTID:0001093,Organic compounds;Organic acids and derivatives;Carboxylic acids and derivatives;Carboxylic acid derivatives
10856,Pyrimidines and pyrimidine derivatives,0.98,CHEMONTID:0000075,4,CHEMONTID:0001346,CHEMONTID:0000000;CHEMONTID:0000002;CHEMONTID:0001346;CHEMONTID:0000075,Organic compounds;Organoheterocyclic compounds;Diazines;Pyrimidines and pyrimidine derivatives
5202,Carbonyl compounds,0.94,CHEMONTID:0001831,4,CHEMONTID:0000323,CHEMONTID:0000000;CHEMONTID:0004603;CHEMONTID:0000323;CHEMONTID:0001831,Organic compounds;Organic oxygen compounds;Organooxygen compounds;Carbonyl compounds
716,Carbonyl compounds,0.91,CHEMONTID:0001831,4,CHEMONTID:0000323,CHEMONTID:0000000;CHEMONTID:0004603;CHEMONTID:0000323;CHEMONTID:0001831,Organic compounds;Organic oxygen compounds;Organooxygen compounds;Carbonyl compounds
17424,Amino acids and derivatives,0.91,CHEMONTID:0000347,5,CHEMONTID:0000013,CHEMONTID:0000000;CHEMONTID:0000264;CHEMONTID:0000265;CHEMONTID:0000013;CHEMONTID:0000347,"Organic compounds;Organic acids and derivatives;Carboxylic acids and derivatives;Amino acids, peptides, and analogues;Amino acids and derivatives"
543,Carbonyl compounds,0.99,CHEMONTID:0001831,4,CHEMONTID:0000323,CHEMONTID:0000000;CHEMONTID:0004603;CHEMONTID:0000323;CHEMONTID:0001831,Organic compounds;Organic oxygen compounds;Organooxygen compounds;Carbonyl compounds
19376,Secondary alcohols,0.91,CHEMONTID:0001661,5,CHEMONTID:0000129,CHEMONTID:0000000;CHEMONTID:0004603;CHEMONTID:0000323;CHEMONTID:0000129;CHEMONTID:0001661,Organic compounds;Organic oxygen compounds;Organooxygen compounds;Alcohols and polyols;Secondary alcohols
5862,Carbonyl compounds,0.97,CHEMONTID:0001831,4,CHEMONTID:0000323,CHEMONTID:0000000;CHEMONTID:0004603;CHEMONTID:0000323;CHEMONTID:0001831,Organic compounds;Organic oxygen compounds;Organooxygen compounds;Carbonyl compounds
6870,Carbonyl compounds,0.85,CHEMONTID:0001831,4,CHEMONTID:0000323,CHEMONTID:0000000;CHEMONTID:0004603;CHEMONTID:0000323;CHEMONTID:0001831,Organic compounds;Organic oxygen compounds;Organooxygen compounds;Carbonyl compounds
15512,Carbonyl compounds,0.94,CHEMONTID:0001831,4,CHEMONTID:0000323,CHEMONTID:0000000;CHEMONTID:0004603;CHEMONTID:0000323;CHEMONTID:0001831,Organic compounds;Organic oxygen compounds;Organooxygen compounds;Carbonyl compounds
675,Monoalkylamines,0.92,CHEMONTID:0000469,6,CHEMONTID:0002450,CHEMONTID:0000000;CHEMONTID:0004707;CHEMONTID:0000278;CHEMONTID:0002449;CHEMONTID:0002450;CHEMONTID:0000469,Organic compounds;Organic nitrogen compounds;Organonitrogen compounds;Amines;Primary amines;Monoalkylamines
10193,Amines,0.88,CHEMONTID:0002449,4,CHEMONTID:0000278,CHEMONTID:0000000;CHEMONTID:0004707;CHEMONTID:0000278;CHEMONTID:0002449,Organic compounds;Organic nitrogen compounds;Organonitrogen compounds;Amines
12388,Carbonyl compounds,0.95,CHEMONTID:0001831,4,CHEMONTID:0000323,CHEMONTID:0000000;CHEMONTID:0004603;CHEMONTID:0000323;CHEMONTID:0001831,Organic compounds;Organic oxygen compounds;Organooxygen compounds;Carbonyl compounds
10185,Carbonyl compounds,0.85,CHEMONTID:0001831,4,CHEMONTID:0000323,CHEMONTID:0000000;CHEMONTID:0004603;CHEMONTID:0000323;CHEMONTID:0001831,Organic compounds;Organic oxygen compounds;Organooxygen compounds;Carbonyl compounds
5384,Carbonyl compounds,0.95,CHEMONTID:0001831,4,CHEMONTID:0000323,CHEMONTID:0000000;CHEMONTID:0004603;CHEMONTID:0000323;CHEMONTID:0001831,Organic compounds;Organic oxygen compounds;Organooxygen compounds;Carbonyl compounds
12408,Amines,0.86,CHEMONTID:0002449,4,CHEMONTID:0000278,CHEMONTID:0000000;CHEMONTID:0004707;CHEMONTID:0000278;CHEMONTID:0002449,Organic compounds;Organic nitrogen compounds;Organonitrogen compounds;Amines
6976,N-acyl amines,0.85,CHEMONTID:0001096,5,CHEMONTID:0000331,CHEMONTID:0000000;CHEMONTID:0000012;CHEMONTID:0003909;CHEMONTID:0000331;CHEMONTID:0001096,Organic compounds;Lipids and lipid-like molecules;Fatty Acyls;Fatty amides;N-acyl amines
17837,Alcohols and polyols,0.85,CHEMONTID:0000129,4,CHEMONTID:0000323,CHEMONTID:0000000;CHEMONTID:0004603;CHEMONTID:0000323;CHEMONTID:0000129,Organic compounds;Organic oxygen compounds;Organooxygen compounds;Alcohols and polyols
10982,Carbonyl compounds,0.81,CHEMONTID:0001831,4,CHEMONTID:0000323,CHEMONTID:0000000;CHEMONTID:0004603;CHEMONTID:0000323;CHEMONTID:0001831,Organic compounds;Organic oxygen compounds;Organooxygen compounds;Carbonyl compounds
17710,Alcohols and polyols,1,CHEMONTID:0000129,4,CHEMONTID:0000323,CHEMONTID:0000000;CHEMONTID:0004603;CHEMONTID:0000323;CHEMONTID:0000129,Organic compounds;Organic oxygen compounds;Organooxygen compounds;Alcohols and polyols
18728,"Amino acids, peptides, and analogues",0.91,CHEMONTID:0000013,4,CHEMONTID:0000265,CHEMONTID:0000000;CHEMONTID:0000264;CHEMONTID:0000265;CHEMONTID:0000013,"Organic compounds;Organic acids and derivatives;Carboxylic acids and derivatives;Amino acids, peptides, and analogues"
15130,Monoalkylamines,0.96,CHEMONTID:0000469,6,CHEMONTID:0002450,CHEMONTID:0000000;CHEMONTID:0004707;CHEMONTID:0000278;CHEMONTID:0002449;CHEMONTID:0002450;CHEMONTID:0000469,Organic compounds;Organic nitrogen compounds;Organonitrogen compounds;Amines;Primary amines;Monoalkylamines
12890,Carbonyl compounds,0.91,CHEMONTID:0001831,4,CHEMONTID:0000323,CHEMONTID:0000000;CHEMONTID:0004603;CHEMONTID:0000323;CHEMONTID:0001831,Organic compounds;Organic oxygen compounds;Organooxygen compounds;Carbonyl compounds
19295,Guanidines,0.97,CHEMONTID:0000375,4,CHEMONTID:0000278,CHEMONTID:0000000;CHEMONTID:0004707;CHEMONTID:0000278;CHEMONTID:0000375,Organic compounds;Organic nitrogen compounds;Organonitrogen compounds;Guanidines
6044,Amino acids and derivatives,0.98,CHEMONTID:0000347,5,CHEMONTID:0000013,CHEMONTID:0000000;CHEMONTID:0000264;CHEMONTID:0000265;CHEMONTID:0000013;CHEMONTID:0000347,"Organic compounds;Organic acids and derivatives;Carboxylic acids and derivatives;Amino acids, peptides, and analogues;Amino acids and derivatives"
14489,Carbonyl compounds,0.93,CHEMONTID:0001831,4,CHEMONTID:0000323,CHEMONTID:0000000;CHEMONTID:0004603;CHEMONTID:0000323;CHEMONTID:0001831,Organic compounds;Organic oxygen compounds;Organooxygen compounds;Carbonyl compounds
4024,Carbonyl compounds,0.87,CHEMONTID:0001831,4,CHEMONTID:0000323,CHEMONTID:0000000;CHEMONTID:0004603;CHEMONTID:0000323;CHEMONTID:0001831,Organic compounds;Organic oxygen compounds;Organooxygen compounds;Carbonyl compounds
20186,Carbonyl compounds,0.95,CHEMONTID:0001831,4,CHEMONTID:0000323,CHEMONTID:0000000;CHEMONTID:0004603;CHEMONTID:0000323;CHEMONTID:0001831,Organic compounds;Organic oxygen compounds;Organooxygen compounds;Carbonyl compounds
9694,Monocarboxylic acids and derivatives,0.89,CHEMONTID:0001137,4,CHEMONTID:0000265,CHEMONTID:0000000;CHEMONTID:0000264;CHEMONTID:0000265;CHEMONTID:0001137,Organic compounds;Organic acids and derivatives;Carboxylic acids and derivatives;Monocarboxylic acids and derivatives
6578,Carbonyl compounds,0.96,CHEMONTID:0001831,4,CHEMONTID:0000323,CHEMONTID:0000000;CHEMONTID:0004603;CHEMONTID:0000323;CHEMONTID:0001831,Organic compounds;Organic oxygen compounds;Organooxygen compounds;Carbonyl compounds
19131,Ethers,0.91,CHEMONTID:0000254,4,CHEMONTID:0000323,CHEMONTID:0000000;CHEMONTID:0004603;CHEMONTID:0000323;CHEMONTID:0000254,Organic compounds;Organic oxygen compounds;Organooxygen compounds;Ethers
12907,Amines,0.98,CHEMONTID:0002449,4,CHEMONTID:0000278,CHEMONTID:0000000;CHEMONTID:0004707;CHEMONTID:0000278;CHEMONTID:0002449,Organic compounds;Organic nitrogen compounds;Organonitrogen compounds;Amines
6510,Monocarboxylic acids and derivatives,0.82,CHEMONTID:0001137,4,CHEMONTID:0000265,CHEMONTID:0000000;CHEMONTID:0000264;CHEMONTID:0000265;CHEMONTID:0001137,Organic compounds;Organic acids and derivatives;Carboxylic acids and derivatives;Monocarboxylic acids and derivatives
11225,Carbonyl compounds,0.91,CHEMONTID:0001831,4,CHEMONTID:0000323,CHEMONTID:0000000;CHEMONTID:0004603;CHEMONTID:0000323;CHEMONTID:0001831,Organic compounds;Organic oxygen compounds;Organooxygen compounds;Carbonyl compounds
13012,Monocarboxylic acids and derivatives,0.8,CHEMONTID:0001137,4,CHEMONTID:0000265,CHEMONTID:0000000;CHEMONTID:0000264;CHEMONTID:0000265;CHEMONTID:0001137,Organic compounds;Organic acids and derivatives;Carboxylic acids and derivatives;Monocarboxylic acids and derivatives
4262,Amines,0.95,CHEMONTID:0002449,4,CHEMONTID:0000278,CHEMONTID:0000000;CHEMONTID:0004707;CHEMONTID:0000278;CHEMONTID:0002449,Organic compounds;Organic nitrogen compounds;Organonitrogen compounds;Amines
694,Carboxylic acid derivatives,0.91,CHEMONTID:0001093,4,CHEMONTID:0000265,CHEMONTID:0000000;CHEMONTID:0000264;CHEMONTID:0000265;CHEMONTID:0001093,Organic compounds;Organic acids and derivatives;Carboxylic acids and derivatives;Carboxylic acid derivatives
13845,Carbonyl compounds,0.97,CHEMONTID:0001831,4,CHEMONTID:0000323,CHEMONTID:0000000;CHEMONTID:0004603;CHEMONTID:0000323;CHEMONTID:0001831,Organic compounds;Organic oxygen compounds;Organooxygen compounds;Carbonyl compounds
14741,Cyclic alcohols and derivatives,0.84,CHEMONTID:0001292,5,CHEMONTID:0000129,CHEMONTID:0000000;CHEMONTID:0004603;CHEMONTID:0000323;CHEMONTID:0000129;CHEMONTID:0001292,Organic compounds;Organic oxygen compounds;Organooxygen compounds;Alcohols and polyols;Cyclic alcohols and derivatives
19991,Alcohols and polyols,0.99,CHEMONTID:0000129,4,CHEMONTID:0000323,CHEMONTID:0000000;CHEMONTID:0004603;CHEMONTID:0000323;CHEMONTID:0000129,Organic compounds;Organic oxygen compounds;Organooxygen compounds;Alcohols and polyols
15574,Secondary alcohols,0.88,CHEMONTID:0001661,5,CHEMONTID:0000129,CHEMONTID:0000000;CHEMONTID:0004603;CHEMONTID:0000323;CHEMONTID:0000129;CHEMONTID:0001661,Organic compounds;Organic oxygen compounds;Organooxygen compounds;Alcohols and polyols;Secondary alcohols
17604,Amines,0.88,CHEMONTID:0002449,4,CHEMONTID:0000278,CHEMONTID:0000000;CHEMONTID:0004707;CHEMONTID:0000278;CHEMONTID:0002449,Organic compounds;Organic nitrogen compounds;Organonitrogen compounds;Amines
7603,Carbonyl compounds,0.94,CHEMONTID:0001831,4,CHEMONTID:0000323,CHEMONTID:0000000;CHEMONTID:0004603;CHEMONTID:0000323;CHEMONTID:0001831,Organic compounds;Organic oxygen compounds;Organooxygen compounds;Carbonyl compounds
17350,Alkyl phosphates,1,CHEMONTID:0003457,5,CHEMONTID:0000408,CHEMONTID:0000000;CHEMONTID:0000264;CHEMONTID:0000402;CHEMONTID:0000408;CHEMONTID:0003457,Organic compounds;Organic acids and derivatives;Organic phosphoric acids and derivatives;Phosphate esters;Alkyl phosphates
1004,Alcohols and polyols,0.82,CHEMONTID:0000129,4,CHEMONTID:0000323,CHEMONTID:0000000;CHEMONTID:0004603;CHEMONTID:0000323;CHEMONTID:0000129,Organic compounds;Organic oxygen compounds;Organooxygen compounds;Alcohols and polyols
16265,Amines,0.94,CHEMONTID:0002449,4,CHEMONTID:0000278,CHEMONTID:0000000;CHEMONTID:0004707;CHEMONTID:0000278;CHEMONTID:0002449,Organic compounds;Organic nitrogen compounds;Organonitrogen compounds;Amines
18237,Phosphocholines,1,CHEMONTID:0001250,6,CHEMONTID:0001012,CHEMONTID:0000000;CHEMONTID:0004707;CHEMONTID:0000278;CHEMONTID:0000503;CHEMONTID:0001012;CHEMONTID:0001250,Organic compounds;Organic nitrogen compounds;Organonitrogen compounds;Quaternary ammonium salts;Cholines;Phosphocholines
12044,Carboxylic acid derivatives,0.99,CHEMONTID:0001093,4,CHEMONTID:0000265,CHEMONTID:0000000;CHEMONTID:0000264;CHEMONTID:0000265;CHEMONTID:0001093,Organic compounds;Organic acids and derivatives;Carboxylic acids and derivatives;Carboxylic acid derivatives
5747,Carbonyl compounds,0.99,CHEMONTID:0001831,4,CHEMONTID:0000323,CHEMONTID:0000000;CHEMONTID:0004603;CHEMONTID:0000323;CHEMONTID:0001831,Organic compounds;Organic oxygen compounds;Organooxygen compounds;Carbonyl compounds
3023,Carbonyl compounds,0.99,CHEMONTID:0001831,4,CHEMONTID:0000323,CHEMONTID:0000000;CHEMONTID:0004603;CHEMONTID:0000323;CHEMONTID:0001831,Organic compounds;Organic oxygen compounds;Organooxygen compounds;Carbonyl compounds
10648,Trialkylamines,0.92,CHEMONTID:0002239,6,CHEMONTID:0002452,CHEMONTID:0000000;CHEMONTID:0004707;CHEMONTID:0000278;CHEMONTID:0002449;CHEMONTID:0002452;CHEMONTID:0002239,Organic compounds;Organic nitrogen compounds;Organonitrogen compounds;Amines;Tertiary amines;Trialkylamines
16991,"1,3,5-triazines",0.81,CHEMONTID:0004105,4,CHEMONTID:0000098,CHEMONTID:0000000;CHEMONTID:0000002;CHEMONTID:0000098;CHEMONTID:0004105,"Organic compounds;Organoheterocyclic compounds;Triazines;1,3,5-triazines"
4709,Carbonyl compounds,0.99,CHEMONTID:0001831,4,CHEMONTID:0000323,CHEMONTID:0000000;CHEMONTID:0004603;CHEMONTID:0000323;CHEMONTID:0001831,Organic compounds;Organic oxygen compounds;Organooxygen compounds;Carbonyl compounds
1669,Monoalkylamines,0.99,CHEMONTID:0000469,6,CHEMONTID:0002450,CHEMONTID:0000000;CHEMONTID:0004707;CHEMONTID:0000278;CHEMONTID:0002449;CHEMONTID:0002450;CHEMONTID:0000469,Organic compounds;Organic nitrogen compounds;Organonitrogen compounds;Amines;Primary amines;Monoalkylamines
2158,Alcohols and polyols,0.9,CHEMONTID:0000129,4,CHEMONTID:0000323,CHEMONTID:0000000;CHEMONTID:0004603;CHEMONTID:0000323;CHEMONTID:0000129,Organic compounds;Organic oxygen compounds;Organooxygen compounds;Alcohols and polyols
18562,Imidazoles,0.93,CHEMONTID:0000078,4,CHEMONTID:0000436,CHEMONTID:0000000;CHEMONTID:0000002;CHEMONTID:0000436;CHEMONTID:0000078,Organic compounds;Organoheterocyclic compounds;Azoles;Imidazoles
20571,1-hydroxy-2-unsubstituted benzenoids,0.86,CHEMONTID:0004646,4,CHEMONTID:0000134,CHEMONTID:0000000;CHEMONTID:0002448;CHEMONTID:0000134;CHEMONTID:0004646,Organic compounds;Benzenoids;Phenols;1-hydroxy-2-unsubstituted benzenoids
17324,N-acyl amines,0.85,CHEMONTID:0001096,5,CHEMONTID:0000331,CHEMONTID:0000000;CHEMONTID:0000012;CHEMONTID:0003909;CHEMONTID:0000331;CHEMONTID:0001096,Organic compounds;Lipids and lipid-like molecules;Fatty Acyls;Fatty amides;N-acyl amines
4056,Monoalkylamines,0.98,CHEMONTID:0000469,6,CHEMONTID:0002450,CHEMONTID:0000000;CHEMONTID:0004707;CHEMONTID:0000278;CHEMONTID:0002449;CHEMONTID:0002450;CHEMONTID:0000469,Organic compounds;Organic nitrogen compounds;Organonitrogen compounds;Amines;Primary amines;Monoalkylamines
11303,"1,2-diacylglycerols",0.89,CHEMONTID:0001644,6,CHEMONTID:0001129,CHEMONTID:0000000;CHEMONTID:0000012;CHEMONTID:0000175;CHEMONTID:0003809;CHEMONTID:0001129;CHEMONTID:0001644,"Organic compounds;Lipids and lipid-like molecules;Glycerolipids;Diradylglycerols;Diacylglycerols;1,2-diacylglycerols"
4191,Carbonyl compounds,0.86,CHEMONTID:0001831,4,CHEMONTID:0000323,CHEMONTID:0000000;CHEMONTID:0004603;CHEMONTID:0000323;CHEMONTID:0001831,Organic compounds;Organic oxygen compounds;Organooxygen compounds;Carbonyl compounds
15084,Carboxylic acid derivatives,0.99,CHEMONTID:0001093,4,CHEMONTID:0000265,CHEMONTID:0000000;CHEMONTID:0000264;CHEMONTID:0000265;CHEMONTID:0001093,Organic compounds;Organic acids and derivatives;Carboxylic acids and derivatives;Carboxylic acid derivatives
1301,Dialkyl phosphates,1,CHEMONTID:0003459,6,CHEMONTID:0003457,CHEMONTID:0000000;CHEMONTID:0000264;CHEMONTID:0000402;CHEMONTID:0000408;CHEMONTID:0003457;CHEMONTID:0003459,Organic compounds;Organic acids and derivatives;Organic phosphoric acids and derivatives;Phosphate esters;Alkyl phosphates;Dialkyl phosphates
11514,Guanidines,0.96,CHEMONTID:0000375,4,CHEMONTID:0000278,CHEMONTID:0000000;CHEMONTID:0004707;CHEMONTID:0000278;CHEMONTID:0000375,Organic compounds;Organic nitrogen compounds;Organonitrogen compounds;Guanidines
11199,Carbonyl compounds,0.91,CHEMONTID:0001831,4,CHEMONTID:0000323,CHEMONTID:0000000;CHEMONTID:0004603;CHEMONTID:0000323;CHEMONTID:0001831,Organic compounds;Organic oxygen compounds;Organooxygen compounds;Carbonyl compounds
11110,Monoalkylamines,0.8,CHEMONTID:0000469,6,CHEMONTID:0002450,CHEMONTID:0000000;CHEMONTID:0004707;CHEMONTID:0000278;CHEMONTID:0002449;CHEMONTID:0002450;CHEMONTID:0000469,Organic compounds;Organic nitrogen compounds;Organonitrogen compounds;Amines;Primary amines;Monoalkylamines
571,Dialkyl ethers,0.98,CHEMONTID:0001167,5,CHEMONTID:0000254,CHEMONTID:0000000;CHEMONTID:0004603;CHEMONTID:0000323;CHEMONTID:0000254;CHEMONTID:0001167,Organic compounds;Organic oxygen compounds;Organooxygen compounds;Ethers;Dialkyl ethers
9554,Carboxylic acid derivatives,0.91,CHEMONTID:0001093,4,CHEMONTID:0000265,CHEMONTID:0000000;CHEMONTID:0000264;CHEMONTID:0000265;CHEMONTID:0001093,Organic compounds;Organic acids and derivatives;Carboxylic acids and derivatives;Carboxylic acid derivatives
16100,Carbonyl compounds,0.96,CHEMONTID:0001831,4,CHEMONTID:0000323,CHEMONTID:0000000;CHEMONTID:0004603;CHEMONTID:0000323;CHEMONTID:0001831,Organic compounds;Organic oxygen compounds;Organooxygen compounds;Carbonyl compounds
20320,Primary amines,0.99,CHEMONTID:0002450,5,CHEMONTID:0002449,CHEMONTID:0000000;CHEMONTID:0004707;CHEMONTID:0000278;CHEMONTID:0002449;CHEMONTID:0002450,Organic compounds;Organic nitrogen compounds;Organonitrogen compounds;Amines;Primary amines
7442,Amines,0.96,CHEMONTID:0002449,4,CHEMONTID:0000278,CHEMONTID:0000000;CHEMONTID:0004707;CHEMONTID:0000278;CHEMONTID:0002449,Organic compounds;Organic nitrogen compounds;Organonitrogen compounds;Amines
1864,Imidazoles,0.93,CHEMONTID:0000078,4,CHEMONTID:0000436,CHEMONTID:0000000;CHEMONTID:0000002;CHEMONTID:0000436;CHEMONTID:0000078,Organic compounds;Organoheterocyclic compounds;Azoles;Imidazoles
15474,Alcohols and polyols,0.87,CHEMONTID:0000129,4,CHEMONTID:0000323,CHEMONTID:0000000;CHEMONTID:0004603;CHEMONTID:0000323;CHEMONTID:0000129,Organic compounds;Organic oxygen compounds;Organooxygen compounds;Alcohols and polyols
12347,"Amino acids, peptides, and analogues",1,CHEMONTID:0000013,4,CHEMONTID:0000265,CHEMONTID:0000000;CHEMONTID:0000264;CHEMONTID:0000265;CHEMONTID:0000013,"Organic compounds;Organic acids and derivatives;Carboxylic acids and derivatives;Amino acids, peptides, and analogues"
18421,Monoalkylamines,0.95,CHEMONTID:0000469,6,CHEMONTID:0002450,CHEMONTID:0000000;CHEMONTID:0004707;CHEMONTID:0000278;CHEMONTID:0002449;CHEMONTID:0002450;CHEMONTID:0000469,Organic compounds;Organic nitrogen compounds;Organonitrogen compounds;Amines;Primary amines;Monoalkylamines
16322,Primary alcohols,0.99,CHEMONTID:0000286,5,CHEMONTID:0000129,CHEMONTID:0000000;CHEMONTID:0004603;CHEMONTID:0000323;CHEMONTID:0000129;CHEMONTID:0000286,Organic compounds;Organic oxygen compounds;Organooxygen compounds;Alcohols and polyols;Primary alcohols
10244,Trialkylamines,0.8,CHEMONTID:0002239,6,CHEMONTID:0002452,CHEMONTID:0000000;CHEMONTID:0004707;CHEMONTID:0000278;CHEMONTID:0002449;CHEMONTID:0002452;CHEMONTID:0002239,Organic compounds;Organic nitrogen compounds;Organonitrogen compounds;Amines;Tertiary amines;Trialkylamines
8389,Primary amines,0.94,CHEMONTID:0002450,5,CHEMONTID:0002449,CHEMONTID:0000000;CHEMONTID:0004707;CHEMONTID:0000278;CHEMONTID:0002449;CHEMONTID:0002450,Organic compounds;Organic nitrogen compounds;Organonitrogen compounds;Amines;Primary amines
20426,Carboxylic acid derivatives,0.96,CHEMONTID:0001093,4,CHEMONTID:0000265,CHEMONTID:0000000;CHEMONTID:0000264;CHEMONTID:0000265;CHEMONTID:0001093,Organic compounds;Organic acids and derivatives;Carboxylic acids and derivatives;Carboxylic acid derivatives
2982,Carbonyl compounds,0.92,CHEMONTID:0001831,4,CHEMONTID:0000323,CHEMONTID:0000000;CHEMONTID:0004603;CHEMONTID:0000323;CHEMONTID:0001831,Organic compounds;Organic oxygen compounds;Organooxygen compounds;Carbonyl compounds
17212,Amines,0.95,CHEMONTID:0002449,4,CHEMONTID:0000278,CHEMONTID:0000000;CHEMONTID:0004707;CHEMONTID:0000278;CHEMONTID:0002449,Organic compounds;Organic nitrogen compounds;Organonitrogen compounds;Amines
11035,Amines,0.97,CHEMONTID:0002449,4,CHEMONTID:0000278,CHEMONTID:0000000;CHEMONTID:0004707;CHEMONTID:0000278;CHEMONTID:0002449,Organic compounds;Organic nitrogen compounds;Organonitrogen compounds;Amines
19031,Carboxylic acid derivatives,0.99,CHEMONTID:0001093,4,CHEMONTID:0000265,CHEMONTID:0000000;CHEMONTID:0000264;CHEMONTID:0000265;CHEMONTID:0001093,Organic compounds;Organic acids and derivatives;Carboxylic acids and derivatives;Carboxylic acid derivatives
17376,Primary amines,0.97,CHEMONTID:0002450,5,CHEMONTID:0002449,CHEMONTID:0000000;CHEMONTID:0004707;CHEMONTID:0000278;CHEMONTID:0002449;CHEMONTID:0002450,Organic compounds;Organic nitrogen compounds;Organonitrogen compounds;Amines;Primary amines
4247,Carbonyl compounds,1,CHEMONTID:0001831,4,CHEMONTID:0000323,CHEMONTID:0000000;CHEMONTID:0004603;CHEMONTID:0000323;CHEMONTID:0001831,Organic compounds;Organic oxygen compounds;Organooxygen compounds;Carbonyl compounds
15908,Monoalkylamines,1,CHEMONTID:0000469,6,CHEMONTID:0002450,CHEMONTID:0000000;CHEMONTID:0004707;CHEMONTID:0000278;CHEMONTID:0002449;CHEMONTID:0002450;CHEMONTID:0000469,Organic compounds;Organic nitrogen compounds;Organonitrogen compounds;Amines;Primary amines;Monoalkylamines
218,Carbonyl compounds,0.8,CHEMONTID:0001831,4,CHEMONTID:0000323,CHEMONTID:0000000;CHEMONTID:0004603;CHEMONTID:0000323;CHEMONTID:0001831,Organic compounds;Organic oxygen compounds;Organooxygen compounds;Carbonyl compounds
6695,Methyl esters,0.95,CHEMONTID:0003416,6,CHEMONTID:0001238,CHEMONTID:0000000;CHEMONTID:0000264;CHEMONTID:0000265;CHEMONTID:0001093;CHEMONTID:0001238;CHEMONTID:0003416,Organic compounds;Organic acids and derivatives;Carboxylic acids and derivatives;Carboxylic acid derivatives;Carboxylic acid esters;Methyl esters
18120,Alcohols and polyols,0.99,CHEMONTID:0000129,4,CHEMONTID:0000323,CHEMONTID:0000000;CHEMONTID:0004603;CHEMONTID:0000323;CHEMONTID:0000129,Organic compounds;Organic oxygen compounds;Organooxygen compounds;Alcohols and polyols
16435,Monoalkylamines,0.99,CHEMONTID:0000469,6,CHEMONTID:0002450,CHEMONTID:0000000;CHEMONTID:0004707;CHEMONTID:0000278;CHEMONTID:0002449;CHEMONTID:0002450;CHEMONTID:0000469,Organic compounds;Organic nitrogen compounds;Organonitrogen compounds;Amines;Primary amines;Monoalkylamines
1583,Dialkyl ethers,0.94,CHEMONTID:0001167,5,CHEMONTID:0000254,CHEMONTID:0000000;CHEMONTID:0004603;CHEMONTID:0000323;CHEMONTID:0000254;CHEMONTID:0001167,Organic compounds;Organic oxygen compounds;Organooxygen compounds;Ethers;Dialkyl ethers
19957,Carbonyl compounds,0.87,CHEMONTID:0001831,4,CHEMONTID:0000323,CHEMONTID:0000000;CHEMONTID:0004603;CHEMONTID:0000323;CHEMONTID:0001831,Organic compounds;Organic oxygen compounds;Organooxygen compounds;Carbonyl compounds
6943,Carbonyl compounds,0.98,CHEMONTID:0001831,4,CHEMONTID:0000323,CHEMONTID:0000000;CHEMONTID:0004603;CHEMONTID:0000323;CHEMONTID:0001831,Organic compounds;Organic oxygen compounds;Organooxygen compounds;Carbonyl compounds
4305,Carbonyl compounds,0.96,CHEMONTID:0001831,4,CHEMONTID:0000323,CHEMONTID:0000000;CHEMONTID:0004603;CHEMONTID:0000323;CHEMONTID:0001831,Organic compounds;Organic oxygen compounds;Organooxygen compounds;Carbonyl compounds
19003,Amino acids and derivatives,0.98,CHEMONTID:0000347,5,CHEMONTID:0000013,CHEMONTID:0000000;CHEMONTID:0000264;CHEMONTID:0000265;CHEMONTID:0000013;CHEMONTID:0000347,"Organic compounds;Organic acids and derivatives;Carboxylic acids and derivatives;Amino acids, peptides, and analogues;Amino acids and derivatives"
11920,Carbonyl compounds,0.82,CHEMONTID:0001831,4,CHEMONTID:0000323,CHEMONTID:0000000;CHEMONTID:0004603;CHEMONTID:0000323;CHEMONTID:0001831,Organic compounds;Organic oxygen compounds;Organooxygen compounds;Carbonyl compounds
17682,Amines,0.99,CHEMONTID:0002449,4,CHEMONTID:0000278,CHEMONTID:0000000;CHEMONTID:0004707;CHEMONTID:0000278;CHEMONTID:0002449,Organic compounds;Organic nitrogen compounds;Organonitrogen compounds;Amines
8677,Carboxylic acid derivatives,0.97,CHEMONTID:0001093,4,CHEMONTID:0000265,CHEMONTID:0000000;CHEMONTID:0000264;CHEMONTID:0000265;CHEMONTID:0001093,Organic compounds;Organic acids and derivatives;Carboxylic acids and derivatives;Carboxylic acid derivatives
14959,Alcohols and polyols,0.97,CHEMONTID:0000129,4,CHEMONTID:0000323,CHEMONTID:0000000;CHEMONTID:0004603;CHEMONTID:0000323;CHEMONTID:0000129,Organic compounds;Organic oxygen compounds;Organooxygen compounds;Alcohols and polyols
1157,Dialkyl ethers,0.91,CHEMONTID:0001167,5,CHEMONTID:0000254,CHEMONTID:0000000;CHEMONTID:0004603;CHEMONTID:0000323;CHEMONTID:0000254;CHEMONTID:0001167,Organic compounds;Organic oxygen compounds;Organooxygen compounds;Ethers;Dialkyl ethers
5158,Monocarboxylic acids and derivatives,0.86,CHEMONTID:0001137,4,CHEMONTID:0000265,CHEMONTID:0000000;CHEMONTID:0000264;CHEMONTID:0000265;CHEMONTID:0001137,Organic compounds;Organic acids and derivatives;Carboxylic acids and derivatives;Monocarboxylic acids and derivatives
3353,Amines,0.98,CHEMONTID:0002449,4,CHEMONTID:0000278,CHEMONTID:0000000;CHEMONTID:0004707;CHEMONTID:0000278;CHEMONTID:0002449,Organic compounds;Organic nitrogen compounds;Organonitrogen compounds;Amines
12303,Carbonyl compounds,0.9,CHEMONTID:0001831,4,CHEMONTID:0000323,CHEMONTID:0000000;CHEMONTID:0004603;CHEMONTID:0000323;CHEMONTID:0001831,Organic compounds;Organic oxygen compounds;Organooxygen compounds;Carbonyl compounds
10941,Monoalkylamines,0.95,CHEMONTID:0000469,6,CHEMONTID:0002450,CHEMONTID:0000000;CHEMONTID:0004707;CHEMONTID:0000278;CHEMONTID:0002449;CHEMONTID:0002450;CHEMONTID:0000469,Organic compounds;Organic nitrogen compounds;Organonitrogen compounds;Amines;Primary amines;Monoalkylamines
18065,Carbonyl compounds,0.99,CHEMONTID:0001831,4,CHEMONTID:0000323,CHEMONTID:0000000;CHEMONTID:0004603;CHEMONTID:0000323;CHEMONTID:0001831,Organic compounds;Organic oxygen compounds;Organooxygen compounds;Carbonyl compounds
4283,Amines,0.83,CHEMONTID:0002449,4,CHEMONTID:0000278,CHEMONTID:0000000;CHEMONTID:0004707;CHEMONTID:0000278;CHEMONTID:0002449,Organic compounds;Organic nitrogen compounds;Organonitrogen compounds;Amines
4899,Carbonyl compounds,0.97,CHEMONTID:0001831,4,CHEMONTID:0000323,CHEMONTID:0000000;CHEMONTID:0004603;CHEMONTID:0000323;CHEMONTID:0001831,Organic compounds;Organic oxygen compounds;Organooxygen compounds;Carbonyl compounds
14525,Amines,0.96,CHEMONTID:0002449,4,CHEMONTID:0000278,CHEMONTID:0000000;CHEMONTID:0004707;CHEMONTID:0000278;CHEMONTID:0002449,Organic compounds;Organic nitrogen compounds;Organonitrogen compounds;Amines
7651,Alcohols and polyols,0.96,CHEMONTID:0000129,4,CHEMONTID:0000323,CHEMONTID:0000000;CHEMONTID:0004603;CHEMONTID:0000323;CHEMONTID:0000129,Organic compounds;Organic oxygen compounds;Organooxygen compounds;Alcohols and polyols
12381,Monocarboxylic acids and derivatives,0.96,CHEMONTID:0001137,4,CHEMONTID:0000265,CHEMONTID:0000000;CHEMONTID:0000264;CHEMONTID:0000265;CHEMONTID:0001137,Organic compounds;Organic acids and derivatives;Carboxylic acids and derivatives;Monocarboxylic acids and derivatives
11184,Dialkyl ethers,0.97,CHEMONTID:0001167,5,CHEMONTID:0000254,CHEMONTID:0000000;CHEMONTID:0004603;CHEMONTID:0000323;CHEMONTID:0000254;CHEMONTID:0001167,Organic compounds;Organic oxygen compounds;Organooxygen compounds;Ethers;Dialkyl ethers
11799,Amines,0.92,CHEMONTID:0002449,4,CHEMONTID:0000278,CHEMONTID:0000000;CHEMONTID:0004707;CHEMONTID:0000278;CHEMONTID:0002449,Organic compounds;Organic nitrogen compounds;Organonitrogen compounds;Amines
15568,Carbonyl compounds,0.92,CHEMONTID:0001831,4,CHEMONTID:0000323,CHEMONTID:0000000;CHEMONTID:0004603;CHEMONTID:0000323;CHEMONTID:0001831,Organic compounds;Organic oxygen compounds;Organooxygen compounds;Carbonyl compounds
12898,Carbonyl compounds,0.81,CHEMONTID:0001831,4,CHEMONTID:0000323,CHEMONTID:0000000;CHEMONTID:0004603;CHEMONTID:0000323;CHEMONTID:0001831,Organic compounds;Organic oxygen compounds;Organooxygen compounds;Carbonyl compounds
743,Amines,1,CHEMONTID:0002449,4,CHEMONTID:0000278,CHEMONTID:0000000;CHEMONTID:0004707;CHEMONTID:0000278;CHEMONTID:0002449,Organic compounds;Organic nitrogen compounds;Organonitrogen compounds;Amines
15076,Carbonyl compounds,0.84,CHEMONTID:0001831,4,CHEMONTID:0000323,CHEMONTID:0000000;CHEMONTID:0004603;CHEMONTID:0000323;CHEMONTID:0001831,Organic compounds;Organic oxygen compounds;Organooxygen compounds;Carbonyl compounds
16764,Carbonyl compounds,0.84,CHEMONTID:0001831,4,CHEMONTID:0000323,CHEMONTID:0000000;CHEMONTID:0004603;CHEMONTID:0000323;CHEMONTID:0001831,Organic compounds;Organic oxygen compounds;Organooxygen compounds;Carbonyl compounds
13465,Carbonyl compounds,0.86,CHEMONTID:0001831,4,CHEMONTID:0000323,CHEMONTID:0000000;CHEMONTID:0004603;CHEMONTID:0000323;CHEMONTID:0001831,Organic compounds;Organic oxygen compounds;Organooxygen compounds;Carbonyl compounds
13081,Monoalkylamines,1,CHEMONTID:0000469,6,CHEMONTID:0002450,CHEMONTID:0000000;CHEMONTID:0004707;CHEMONTID:0000278;CHEMONTID:0002449;CHEMONTID:0002450;CHEMONTID:0000469,Organic compounds;Organic nitrogen compounds;Organonitrogen compounds;Amines;Primary amines;Monoalkylamines
8433,Alcohols and polyols,0.96,CHEMONTID:0000129,4,CHEMONTID:0000323,CHEMONTID:0000000;CHEMONTID:0004603;CHEMONTID:0000323;CHEMONTID:0000129,Organic compounds;Organic oxygen compounds;Organooxygen compounds;Alcohols and polyols
5640,Fatty amides,0.8,CHEMONTID:0000331,4,CHEMONTID:0003909,CHEMONTID:0000000;CHEMONTID:0000012;CHEMONTID:0003909;CHEMONTID:0000331,Organic compounds;Lipids and lipid-like molecules;Fatty Acyls;Fatty amides
19533,Alcohols and polyols,0.99,CHEMONTID:0000129,4,CHEMONTID:0000323,CHEMONTID:0000000;CHEMONTID:0004603;CHEMONTID:0000323;CHEMONTID:0000129,Organic compounds;Organic oxygen compounds;Organooxygen compounds;Alcohols and polyols
6174,Glycosyl compounds,1,CHEMONTID:0002105,5,CHEMONTID:0000011,CHEMONTID:0000000;CHEMONTID:0004603;CHEMONTID:0000323;CHEMONTID:0000011;CHEMONTID:0002105,Organic compounds;Organic oxygen compounds;Organooxygen compounds;Carbohydrates and carbohydrate conjugates;Glycosyl compounds
10286,Carbonyl compounds,0.9,CHEMONTID:0001831,4,CHEMONTID:0000323,CHEMONTID:0000000;CHEMONTID:0004603;CHEMONTID:0000323;CHEMONTID:0001831,Organic compounds;Organic oxygen compounds;Organooxygen compounds;Carbonyl compounds
10259,Guanidines,0.86,CHEMONTID:0000375,4,CHEMONTID:0000278,CHEMONTID:0000000;CHEMONTID:0004707;CHEMONTID:0000278;CHEMONTID:0000375,Organic compounds;Organic nitrogen compounds;Organonitrogen compounds;Guanidines
1660,Ethers,0.96,CHEMONTID:0000254,4,CHEMONTID:0000323,CHEMONTID:0000000;CHEMONTID:0004603;CHEMONTID:0000323;CHEMONTID:0000254,Organic compounds;Organic oxygen compounds;Organooxygen compounds;Ethers
3150,Carbonyl compounds,0.95,CHEMONTID:0001831,4,CHEMONTID:0000323,CHEMONTID:0000000;CHEMONTID:0004603;CHEMONTID:0000323;CHEMONTID:0001831,Organic compounds;Organic oxygen compounds;Organooxygen compounds;Carbonyl compounds
18022,Guanidines,0.94,CHEMONTID:0000375,4,CHEMONTID:0000278,CHEMONTID:0000000;CHEMONTID:0004707;CHEMONTID:0000278;CHEMONTID:0000375,Organic compounds;Organic nitrogen compounds;Organonitrogen compounds;Guanidines
3580,Carbonyl compounds,0.85,CHEMONTID:0001831,4,CHEMONTID:0000323,CHEMONTID:0000000;CHEMONTID:0004603;CHEMONTID:0000323;CHEMONTID:0001831,Organic compounds;Organic oxygen compounds;Organooxygen compounds;Carbonyl compounds
4997,Alkyl phosphates,0.9,CHEMONTID:0003457,5,CHEMONTID:0000408,CHEMONTID:0000000;CHEMONTID:0000264;CHEMONTID:0000402;CHEMONTID:0000408;CHEMONTID:0003457,Organic compounds;Organic acids and derivatives;Organic phosphoric acids and derivatives;Phosphate esters;Alkyl phosphates
19491,Primary amines,0.97,CHEMONTID:0002450,5,CHEMONTID:0002449,CHEMONTID:0000000;CHEMONTID:0004707;CHEMONTID:0000278;CHEMONTID:0002449;CHEMONTID:0002450,Organic compounds;Organic nitrogen compounds;Organonitrogen compounds;Amines;Primary amines
2914,Imidazoles,0.99,CHEMONTID:0000078,4,CHEMONTID:0000436,CHEMONTID:0000000;CHEMONTID:0000002;CHEMONTID:0000436;CHEMONTID:0000078,Organic compounds;Organoheterocyclic compounds;Azoles;Imidazoles
8688,Cyclic olefins,1,CHEMONTID:0002840,5,CHEMONTID:0002838,CHEMONTID:0000000;CHEMONTID:0002837;CHEMONTID:0004475;CHEMONTID:0002838;CHEMONTID:0002840,Organic compounds;Hydrocarbons;Unsaturated hydrocarbons;Olefins;Cyclic olefins
7085,Monoalkylamines,0.95,CHEMONTID:0000469,6,CHEMONTID:0002450,CHEMONTID:0000000;CHEMONTID:0004707;CHEMONTID:0000278;CHEMONTID:0002449;CHEMONTID:0002450;CHEMONTID:0000469,Organic compounds;Organic nitrogen compounds;Organonitrogen compounds;Amines;Primary amines;Monoalkylamines
19917,Carboxylic acid derivatives,0.99,CHEMONTID:0001093,4,CHEMONTID:0000265,CHEMONTID:0000000;CHEMONTID:0000264;CHEMONTID:0000265;CHEMONTID:0001093,Organic compounds;Organic acids and derivatives;Carboxylic acids and derivatives;Carboxylic acid derivatives
19288,Monoalkylamines,1,CHEMONTID:0000469,6,CHEMONTID:0002450,CHEMONTID:0000000;CHEMONTID:0004707;CHEMONTID:0000278;CHEMONTID:0002449;CHEMONTID:0002450;CHEMONTID:0000469,Organic compounds;Organic nitrogen compounds;Organonitrogen compounds;Amines;Primary amines;Monoalkylamines
17383,Carbonyl compounds,1,CHEMONTID:0001831,4,CHEMONTID:0000323,CHEMONTID:0000000;CHEMONTID:0004603;CHEMONTID:0000323;CHEMONTID:0001831,Organic compounds;Organic oxygen compounds;Organooxygen compounds;Carbonyl compounds
10073,Secondary ketimines,0.81,CHEMONTID:0002375,6,CHEMONTID:0001673,CHEMONTID:0000000;CHEMONTID:0004707;CHEMONTID:0000278;CHEMONTID:0000117;CHEMONTID:0001673;CHEMONTID:0002375,Organic compounds;Organic nitrogen compounds;Organonitrogen compounds;Imines;Ketimines;Secondary ketimines
11898,Dialkyl ethers,0.85,CHEMONTID:0001167,5,CHEMONTID:0000254,CHEMONTID:0000000;CHEMONTID:0004603;CHEMONTID:0000323;CHEMONTID:0000254;CHEMONTID:0001167,Organic compounds;Organic oxygen compounds;Organooxygen compounds;Ethers;Dialkyl ethers
13623,Cyclic olefins,0.97,CHEMONTID:0002840,5,CHEMONTID:0002838,CHEMONTID:0000000;CHEMONTID:0002837;CHEMONTID:0004475;CHEMONTID:0002838;CHEMONTID:0002840,Organic compounds;Hydrocarbons;Unsaturated hydrocarbons;Olefins;Cyclic olefins
10384,Carbonyl compounds,0.94,CHEMONTID:0001831,4,CHEMONTID:0000323,CHEMONTID:0000000;CHEMONTID:0004603;CHEMONTID:0000323;CHEMONTID:0001831,Organic compounds;Organic oxygen compounds;Organooxygen compounds;Carbonyl compounds
17317,Carbonyl compounds,1,CHEMONTID:0001831,4,CHEMONTID:0000323,CHEMONTID:0000000;CHEMONTID:0004603;CHEMONTID:0000323;CHEMONTID:0001831,Organic compounds;Organic oxygen compounds;Organooxygen compounds;Carbonyl compounds
14278,Carbonyl compounds,0.85,CHEMONTID:0001831,4,CHEMONTID:0000323,CHEMONTID:0000000;CHEMONTID:0004603;CHEMONTID:0000323;CHEMONTID:0001831,Organic compounds;Organic oxygen compounds;Organooxygen compounds;Carbonyl compounds
15062,Carboxylic acid derivatives,0.99,CHEMONTID:0001093,4,CHEMONTID:0000265,CHEMONTID:0000000;CHEMONTID:0000264;CHEMONTID:0000265;CHEMONTID:0001093,Organic compounds;Organic acids and derivatives;Carboxylic acids and derivatives;Carboxylic acid derivatives
17485,Alcohols and polyols,0.96,CHEMONTID:0000129,4,CHEMONTID:0000323,CHEMONTID:0000000;CHEMONTID:0004603;CHEMONTID:0000323;CHEMONTID:0000129,Organic compounds;Organic oxygen compounds;Organooxygen compounds;Alcohols and polyols
14751,Methyl esters,0.92,CHEMONTID:0003416,6,CHEMONTID:0001238,CHEMONTID:0000000;CHEMONTID:0000264;CHEMONTID:0000265;CHEMONTID:0001093;CHEMONTID:0001238;CHEMONTID:0003416,Organic compounds;Organic acids and derivatives;Carboxylic acids and derivatives;Carboxylic acid derivatives;Carboxylic acid esters;Methyl esters
10809,Alcohols and polyols,0.93,CHEMONTID:0000129,4,CHEMONTID:0000323,CHEMONTID:0000000;CHEMONTID:0004603;CHEMONTID:0000323;CHEMONTID:0000129,Organic compounds;Organic oxygen compounds;Organooxygen compounds;Alcohols and polyols
9261,"Amino acids, peptides, and analogues",0.89,CHEMONTID:0000013,4,CHEMONTID:0000265,CHEMONTID:0000000;CHEMONTID:0000264;CHEMONTID:0000265;CHEMONTID:0000013,"Organic compounds;Organic acids and derivatives;Carboxylic acids and derivatives;Amino acids, peptides, and analogues"
14918,Monoalkylamines,0.99,CHEMONTID:0000469,6,CHEMONTID:0002450,CHEMONTID:0000000;CHEMONTID:0004707;CHEMONTID:0000278;CHEMONTID:0002449;CHEMONTID:0002450;CHEMONTID:0000469,Organic compounds;Organic nitrogen compounds;Organonitrogen compounds;Amines;Primary amines;Monoalkylamines
14991,6-aminopurines,1,CHEMONTID:0002987,5,CHEMONTID:0000245,CHEMONTID:0000000;CHEMONTID:0000002;CHEMONTID:0001797;CHEMONTID:0000245;CHEMONTID:0002987,Organic compounds;Organoheterocyclic compounds;Imidazopyrimidines;Purines and purine derivatives;6-aminopurines
13133,Ethers,0.92,CHEMONTID:0000254,4,CHEMONTID:0000323,CHEMONTID:0000000;CHEMONTID:0004603;CHEMONTID:0000323;CHEMONTID:0000254,Organic compounds;Organic oxygen compounds;Organooxygen compounds;Ethers
15391,Carboxylic acid derivatives,0.95,CHEMONTID:0001093,4,CHEMONTID:0000265,CHEMONTID:0000000;CHEMONTID:0000264;CHEMONTID:0000265;CHEMONTID:0001093,Organic compounds;Organic acids and derivatives;Carboxylic acids and derivatives;Carboxylic acid derivatives
19245,Carbonyl compounds,0.95,CHEMONTID:0001831,4,CHEMONTID:0000323,CHEMONTID:0000000;CHEMONTID:0004603;CHEMONTID:0000323;CHEMONTID:0001831,Organic compounds;Organic oxygen compounds;Organooxygen compounds;Carbonyl compounds
19225,Alcohols and polyols,0.9,CHEMONTID:0000129,4,CHEMONTID:0000323,CHEMONTID:0000000;CHEMONTID:0004603;CHEMONTID:0000323;CHEMONTID:0000129,Organic compounds;Organic oxygen compounds;Organooxygen compounds;Alcohols and polyols
13619,Carboxylic acid derivatives,0.99,CHEMONTID:0001093,4,CHEMONTID:0000265,CHEMONTID:0000000;CHEMONTID:0000264;CHEMONTID:0000265;CHEMONTID:0001093,Organic compounds;Organic acids and derivatives;Carboxylic acids and derivatives;Carboxylic acid derivatives
5539,Carboxylic acid amides,0.91,CHEMONTID:0000475,5,CHEMONTID:0001093,CHEMONTID:0000000;CHEMONTID:0000264;CHEMONTID:0000265;CHEMONTID:0001093;CHEMONTID:0000475,Organic compounds;Organic acids and derivatives;Carboxylic acids and derivatives;Carboxylic acid derivatives;Carboxylic acid amides
5855,Amines,0.87,CHEMONTID:0002449,4,CHEMONTID:0000278,CHEMONTID:0000000;CHEMONTID:0004707;CHEMONTID:0000278;CHEMONTID:0002449,Organic compounds;Organic nitrogen compounds;Organonitrogen compounds;Amines
10641,Carbonyl compounds,0.98,CHEMONTID:0001831,4,CHEMONTID:0000323,CHEMONTID:0000000;CHEMONTID:0004603;CHEMONTID:0000323;CHEMONTID:0001831,Organic compounds;Organic oxygen compounds;Organooxygen compounds;Carbonyl compounds
20579,Tertiary amines,0.97,CHEMONTID:0002452,5,CHEMONTID:0002449,CHEMONTID:0000000;CHEMONTID:0004707;CHEMONTID:0000278;CHEMONTID:0002449;CHEMONTID:0002452,Organic compounds;Organic nitrogen compounds;Organonitrogen compounds;Amines;Tertiary amines
7982,Alcohols and polyols,0.82,CHEMONTID:0000129,4,CHEMONTID:0000323,CHEMONTID:0000000;CHEMONTID:0004603;CHEMONTID:0000323;CHEMONTID:0000129,Organic compounds;Organic oxygen compounds;Organooxygen compounds;Alcohols and polyols
14572,Primary amines,0.87,CHEMONTID:0002450,5,CHEMONTID:0002449,CHEMONTID:0000000;CHEMONTID:0004707;CHEMONTID:0000278;CHEMONTID:0002449;CHEMONTID:0002450,Organic compounds;Organic nitrogen compounds;Organonitrogen compounds;Amines;Primary amines
15643,Monoalkylamines,0.95,CHEMONTID:0000469,6,CHEMONTID:0002450,CHEMONTID:0000000;CHEMONTID:0004707;CHEMONTID:0000278;CHEMONTID:0002449;CHEMONTID:0002450;CHEMONTID:0000469,Organic compounds;Organic nitrogen compounds;Organonitrogen compounds;Amines;Primary amines;Monoalkylamines
12489,Amines,0.96,CHEMONTID:0002449,4,CHEMONTID:0000278,CHEMONTID:0000000;CHEMONTID:0004707;CHEMONTID:0000278;CHEMONTID:0002449,Organic compounds;Organic nitrogen compounds;Organonitrogen compounds;Amines
3331,Carbonyl compounds,0.85,CHEMONTID:0001831,4,CHEMONTID:0000323,CHEMONTID:0000000;CHEMONTID:0004603;CHEMONTID:0000323;CHEMONTID:0001831,Organic compounds;Organic oxygen compounds;Organooxygen compounds;Carbonyl compounds
18813,Amines,0.99,CHEMONTID:0002449,4,CHEMONTID:0000278,CHEMONTID:0000000;CHEMONTID:0004707;CHEMONTID:0000278;CHEMONTID:0002449,Organic compounds;Organic nitrogen compounds;Organonitrogen compounds;Amines
2639,Carbonyl compounds,0.91,CHEMONTID:0001831,4,CHEMONTID:0000323,CHEMONTID:0000000;CHEMONTID:0004603;CHEMONTID:0000323;CHEMONTID:0001831,Organic compounds;Organic oxygen compounds;Organooxygen compounds;Carbonyl compounds
3544,Carboxylic acid derivatives,0.9,CHEMONTID:0001093,4,CHEMONTID:0000265,CHEMONTID:0000000;CHEMONTID:0000264;CHEMONTID:0000265;CHEMONTID:0001093,Organic compounds;Organic acids and derivatives;Carboxylic acids and derivatives;Carboxylic acid derivatives
15264,Carbonyl compounds,0.82,CHEMONTID:0001831,4,CHEMONTID:0000323,CHEMONTID:0000000;CHEMONTID:0004603;CHEMONTID:0000323;CHEMONTID:0001831,Organic compounds;Organic oxygen compounds;Organooxygen compounds;Carbonyl compounds
15593,Carbonyl compounds,0.89,CHEMONTID:0001831,4,CHEMONTID:0000323,CHEMONTID:0000000;CHEMONTID:0004603;CHEMONTID:0000323;CHEMONTID:0001831,Organic compounds;Organic oxygen compounds;Organooxygen compounds;Carbonyl compounds
18447,Phosphate esters,0.83,CHEMONTID:0000408,4,CHEMONTID:0000402,CHEMONTID:0000000;CHEMONTID:0000264;CHEMONTID:0000402;CHEMONTID:0000408,Organic compounds;Organic acids and derivatives;Organic phosphoric acids and derivatives;Phosphate esters
7761,Carboxylic acid derivatives,0.95,CHEMONTID:0001093,4,CHEMONTID:0000265,CHEMONTID:0000000;CHEMONTID:0000264;CHEMONTID:0000265;CHEMONTID:0001093,Organic compounds;Organic acids and derivatives;Carboxylic acids and derivatives;Carboxylic acid derivatives
9742,Carboxylic acid derivatives,0.99,CHEMONTID:0001093,4,CHEMONTID:0000265,CHEMONTID:0000000;CHEMONTID:0000264;CHEMONTID:0000265;CHEMONTID:0001093,Organic compounds;Organic acids and derivatives;Carboxylic acids and derivatives;Carboxylic acid derivatives
12742,Carbonyl compounds,0.88,CHEMONTID:0001831,4,CHEMONTID:0000323,CHEMONTID:0000000;CHEMONTID:0004603;CHEMONTID:0000323;CHEMONTID:0001831,Organic compounds;Organic oxygen compounds;Organooxygen compounds;Carbonyl compounds
20267,6-aminopurines,1,CHEMONTID:0002987,5,CHEMONTID:0000245,CHEMONTID:0000000;CHEMONTID:0000002;CHEMONTID:0001797;CHEMONTID:0000245;CHEMONTID:0002987,Organic compounds;Organoheterocyclic compounds;Imidazopyrimidines;Purines and purine derivatives;6-aminopurines
10595,Carbonyl compounds,1,CHEMONTID:0001831,4,CHEMONTID:0000323,CHEMONTID:0000000;CHEMONTID:0004603;CHEMONTID:0000323;CHEMONTID:0001831,Organic compounds;Organic oxygen compounds;Organooxygen compounds;Carbonyl compounds
3457,Carbonyl compounds,0.87,CHEMONTID:0001831,4,CHEMONTID:0000323,CHEMONTID:0000000;CHEMONTID:0004603;CHEMONTID:0000323;CHEMONTID:0001831,Organic compounds;Organic oxygen compounds;Organooxygen compounds;Carbonyl compounds
20337,Carboxylic acid derivatives,0.99,CHEMONTID:0001093,4,CHEMONTID:0000265,CHEMONTID:0000000;CHEMONTID:0000264;CHEMONTID:0000265;CHEMONTID:0001093,Organic compounds;Organic acids and derivatives;Carboxylic acids and derivatives;Carboxylic acid derivatives
20011,Amines,0.92,CHEMONTID:0002449,4,CHEMONTID:0000278,CHEMONTID:0000000;CHEMONTID:0004707;CHEMONTID:0000278;CHEMONTID:0002449,Organic compounds;Organic nitrogen compounds;Organonitrogen compounds;Amines
19714,Dialkyl ethers,0.99,CHEMONTID:0001167,5,CHEMONTID:0000254,CHEMONTID:0000000;CHEMONTID:0004603;CHEMONTID:0000323;CHEMONTID:0000254;CHEMONTID:0001167,Organic compounds;Organic oxygen compounds;Organooxygen compounds;Ethers;Dialkyl ethers
381,Carbonyl compounds,0.97,CHEMONTID:0001831,4,CHEMONTID:0000323,CHEMONTID:0000000;CHEMONTID:0004603;CHEMONTID:0000323;CHEMONTID:0001831,Organic compounds;Organic oxygen compounds;Organooxygen compounds;Carbonyl compounds
12593,Carbonyl compounds,0.88,CHEMONTID:0001831,4,CHEMONTID:0000323,CHEMONTID:0000000;CHEMONTID:0004603;CHEMONTID:0000323;CHEMONTID:0001831,Organic compounds;Organic oxygen compounds;Organooxygen compounds;Carbonyl compounds
9921,Carbonyl compounds,0.84,CHEMONTID:0001831,4,CHEMONTID:0000323,CHEMONTID:0000000;CHEMONTID:0004603;CHEMONTID:0000323;CHEMONTID:0001831,Organic compounds;Organic oxygen compounds;Organooxygen compounds;Carbonyl compounds
3127,Carboxylic acid derivatives,0.88,CHEMONTID:0001093,4,CHEMONTID:0000265,CHEMONTID:0000000;CHEMONTID:0000264;CHEMONTID:0000265;CHEMONTID:0001093,Organic compounds;Organic acids and derivatives;Carboxylic acids and derivatives;Carboxylic acid derivatives
16055,Amines,0.97,CHEMONTID:0002449,4,CHEMONTID:0000278,CHEMONTID:0000000;CHEMONTID:0004707;CHEMONTID:0000278;CHEMONTID:0002449,Organic compounds;Organic nitrogen compounds;Organonitrogen compounds;Amines
2127,Carboxylic acid derivatives,0.99,CHEMONTID:0001093,4,CHEMONTID:0000265,CHEMONTID:0000000;CHEMONTID:0000264;CHEMONTID:0000265;CHEMONTID:0001093,Organic compounds;Organic acids and derivatives;Carboxylic acids and derivatives;Carboxylic acid derivatives
975,Monocarboxylic acids and derivatives,0.94,CHEMONTID:0001137,4,CHEMONTID:0000265,CHEMONTID:0000000;CHEMONTID:0000264;CHEMONTID:0000265;CHEMONTID:0001137,Organic compounds;Organic acids and derivatives;Carboxylic acids and derivatives;Monocarboxylic acids and derivatives
18649,Primary amines,0.95,CHEMONTID:0002450,5,CHEMONTID:0002449,CHEMONTID:0000000;CHEMONTID:0004707;CHEMONTID:0000278;CHEMONTID:0002449;CHEMONTID:0002450,Organic compounds;Organic nitrogen compounds;Organonitrogen compounds;Amines;Primary amines
20627,Carbonyl compounds,0.98,CHEMONTID:0001831,4,CHEMONTID:0000323,CHEMONTID:0000000;CHEMONTID:0004603;CHEMONTID:0000323;CHEMONTID:0001831,Organic compounds;Organic oxygen compounds;Organooxygen compounds;Carbonyl compounds
18417,Amines,0.97,CHEMONTID:0002449,4,CHEMONTID:0000278,CHEMONTID:0000000;CHEMONTID:0004707;CHEMONTID:0000278;CHEMONTID:0002449,Organic compounds;Organic nitrogen compounds;Organonitrogen compounds;Amines
10884,Monoalkylamines,1,CHEMONTID:0000469,6,CHEMONTID:0002450,CHEMONTID:0000000;CHEMONTID:0004707;CHEMONTID:0000278;CHEMONTID:0002449;CHEMONTID:0002450;CHEMONTID:0000469,Organic compounds;Organic nitrogen compounds;Organonitrogen compounds;Amines;Primary amines;Monoalkylamines
16785,Ethers,0.89,CHEMONTID:0000254,4,CHEMONTID:0000323,CHEMONTID:0000000;CHEMONTID:0004603;CHEMONTID:0000323;CHEMONTID:0000254,Organic compounds;Organic oxygen compounds;Organooxygen compounds;Ethers
7174,Ethers,0.99,CHEMONTID:0000254,4,CHEMONTID:0000323,CHEMONTID:0000000;CHEMONTID:0004603;CHEMONTID:0000323;CHEMONTID:0000254,Organic compounds;Organic oxygen compounds;Organooxygen compounds;Ethers
5978,Indoles,0.93,CHEMONTID:0002497,4,CHEMONTID:0000211,CHEMONTID:0000000;CHEMONTID:0000002;CHEMONTID:0000211;CHEMONTID:0002497,Organic compounds;Organoheterocyclic compounds;Indoles and derivatives;Indoles
16957,Monoalkylamines,0.91,CHEMONTID:0000469,6,CHEMONTID:0002450,CHEMONTID:0000000;CHEMONTID:0004707;CHEMONTID:0000278;CHEMONTID:0002449;CHEMONTID:0002450;CHEMONTID:0000469,Organic compounds;Organic nitrogen compounds;Organonitrogen compounds;Amines;Primary amines;Monoalkylamines
3811,Carboxylic acid derivatives,0.9,CHEMONTID:0001093,4,CHEMONTID:0000265,CHEMONTID:0000000;CHEMONTID:0000264;CHEMONTID:0000265;CHEMONTID:0001093,Organic compounds;Organic acids and derivatives;Carboxylic acids and derivatives;Carboxylic acid derivatives
11149,Carbonyl compounds,0.85,CHEMONTID:0001831,4,CHEMONTID:0000323,CHEMONTID:0000000;CHEMONTID:0004603;CHEMONTID:0000323;CHEMONTID:0001831,Organic compounds;Organic oxygen compounds;Organooxygen compounds;Carbonyl compounds
10168,Carbonyl compounds,0.9,CHEMONTID:0001831,4,CHEMONTID:0000323,CHEMONTID:0000000;CHEMONTID:0004603;CHEMONTID:0000323;CHEMONTID:0001831,Organic compounds;Organic oxygen compounds;Organooxygen compounds;Carbonyl compounds
3708,Carboxylic acid derivatives,0.84,CHEMONTID:0001093,4,CHEMONTID:0000265,CHEMONTID:0000000;CHEMONTID:0000264;CHEMONTID:0000265;CHEMONTID:0001093,Organic compounds;Organic acids and derivatives;Carboxylic acids and derivatives;Carboxylic acid derivatives
11165,Secondary alcohols,0.98,CHEMONTID:0001661,5,CHEMONTID:0000129,CHEMONTID:0000000;CHEMONTID:0004603;CHEMONTID:0000323;CHEMONTID:0000129;CHEMONTID:0001661,Organic compounds;Organic oxygen compounds;Organooxygen compounds;Alcohols and polyols;Secondary alcohols
20483,Carboxylic acid derivatives,0.99,CHEMONTID:0001093,4,CHEMONTID:0000265,CHEMONTID:0000000;CHEMONTID:0000264;CHEMONTID:0000265;CHEMONTID:0001093,Organic compounds;Organic acids and derivatives;Carboxylic acids and derivatives;Carboxylic acid derivatives
2543,Carboxylic acid derivatives,0.86,CHEMONTID:0001093,4,CHEMONTID:0000265,CHEMONTID:0000000;CHEMONTID:0000264;CHEMONTID:0000265;CHEMONTID:0001093,Organic compounds;Organic acids and derivatives;Carboxylic acids and derivatives;Carboxylic acid derivatives
14826,Carbonyl compounds,0.98,CHEMONTID:0001831,4,CHEMONTID:0000323,CHEMONTID:0000000;CHEMONTID:0004603;CHEMONTID:0000323;CHEMONTID:0001831,Organic compounds;Organic oxygen compounds;Organooxygen compounds;Carbonyl compounds
11321,Carbonyl compounds,0.91,CHEMONTID:0001831,4,CHEMONTID:0000323,CHEMONTID:0000000;CHEMONTID:0004603;CHEMONTID:0000323;CHEMONTID:0001831,Organic compounds;Organic oxygen compounds;Organooxygen compounds;Carbonyl compounds
7417,Carboxylic acid derivatives,0.89,CHEMONTID:0001093,4,CHEMONTID:0000265,CHEMONTID:0000000;CHEMONTID:0000264;CHEMONTID:0000265;CHEMONTID:0001093,Organic compounds;Organic acids and derivatives;Carboxylic acids and derivatives;Carboxylic acid derivatives
7692,Dialkyl ethers,0.95,CHEMONTID:0001167,5,CHEMONTID:0000254,CHEMONTID:0000000;CHEMONTID:0004603;CHEMONTID:0000323;CHEMONTID:0000254;CHEMONTID:0001167,Organic compounds;Organic oxygen compounds;Organooxygen compounds;Ethers;Dialkyl ethers
15044,Guanidines,0.91,CHEMONTID:0000375,4,CHEMONTID:0000278,CHEMONTID:0000000;CHEMONTID:0004707;CHEMONTID:0000278;CHEMONTID:0000375,Organic compounds;Organic nitrogen compounds;Organonitrogen compounds;Guanidines
7916,Alcohols and polyols,0.98,CHEMONTID:0000129,4,CHEMONTID:0000323,CHEMONTID:0000000;CHEMONTID:0004603;CHEMONTID:0000323;CHEMONTID:0000129,Organic compounds;Organic oxygen compounds;Organooxygen compounds;Alcohols and polyols
20435,Carbonyl compounds,0.96,CHEMONTID:0001831,4,CHEMONTID:0000323,CHEMONTID:0000000;CHEMONTID:0004603;CHEMONTID:0000323;CHEMONTID:0001831,Organic compounds;Organic oxygen compounds;Organooxygen compounds;Carbonyl compounds
11173,Carbonyl compounds,0.99,CHEMONTID:0001831,4,CHEMONTID:0000323,CHEMONTID:0000000;CHEMONTID:0004603;CHEMONTID:0000323;CHEMONTID:0001831,Organic compounds;Organic oxygen compounds;Organooxygen compounds;Carbonyl compounds
5358,Carbonyl compounds,0.99,CHEMONTID:0001831,4,CHEMONTID:0000323,CHEMONTID:0000000;CHEMONTID:0004603;CHEMONTID:0000323;CHEMONTID:0001831,Organic compounds;Organic oxygen compounds;Organooxygen compounds;Carbonyl compounds
6290,Carbonyl compounds,0.95,CHEMONTID:0001831,4,CHEMONTID:0000323,CHEMONTID:0000000;CHEMONTID:0004603;CHEMONTID:0000323;CHEMONTID:0001831,Organic compounds;Organic oxygen compounds;Organooxygen compounds;Carbonyl compounds
10929,Alcohols and polyols,0.97,CHEMONTID:0000129,4,CHEMONTID:0000323,CHEMONTID:0000000;CHEMONTID:0004603;CHEMONTID:0000323;CHEMONTID:0000129,Organic compounds;Organic oxygen compounds;Organooxygen compounds;Alcohols and polyols
9810,Primary amines,0.99,CHEMONTID:0002450,5,CHEMONTID:0002449,CHEMONTID:0000000;CHEMONTID:0004707;CHEMONTID:0000278;CHEMONTID:0002449;CHEMONTID:0002450,Organic compounds;Organic nitrogen compounds;Organonitrogen compounds;Amines;Primary amines
3804,Ethers,0.94,CHEMONTID:0000254,4,CHEMONTID:0000323,CHEMONTID:0000000;CHEMONTID:0004603;CHEMONTID:0000323;CHEMONTID:0000254,Organic compounds;Organic oxygen compounds;Organooxygen compounds;Ethers
7627,Monocarboxylic acids and derivatives,0.84,CHEMONTID:0001137,4,CHEMONTID:0000265,CHEMONTID:0000000;CHEMONTID:0000264;CHEMONTID:0000265;CHEMONTID:0001137,Organic compounds;Organic acids and derivatives;Carboxylic acids and derivatives;Monocarboxylic acids and derivatives
1746,Primary amines,0.88,CHEMONTID:0002450,5,CHEMONTID:0002449,CHEMONTID:0000000;CHEMONTID:0004707;CHEMONTID:0000278;CHEMONTID:0002449;CHEMONTID:0002450,Organic compounds;Organic nitrogen compounds;Organonitrogen compounds;Amines;Primary amines
13694,Carbonyl compounds,0.84,CHEMONTID:0001831,4,CHEMONTID:0000323,CHEMONTID:0000000;CHEMONTID:0004603;CHEMONTID:0000323;CHEMONTID:0001831,Organic compounds;Organic oxygen compounds;Organooxygen compounds;Carbonyl compounds
265,1-benzopyrans,0.91,CHEMONTID:0003410,4,CHEMONTID:0000123,CHEMONTID:0000000;CHEMONTID:0000002;CHEMONTID:0000123;CHEMONTID:0003410,Organic compounds;Organoheterocyclic compounds;Benzopyrans;1-benzopyrans
7886,Carbonyl compounds,0.94,CHEMONTID:0001831,4,CHEMONTID:0000323,CHEMONTID:0000000;CHEMONTID:0004603;CHEMONTID:0000323;CHEMONTID:0001831,Organic compounds;Organic oxygen compounds;Organooxygen compounds;Carbonyl compounds
5220,Alcohols and polyols,1,CHEMONTID:0000129,4,CHEMONTID:0000323,CHEMONTID:0000000;CHEMONTID:0004603;CHEMONTID:0000323;CHEMONTID:0000129,Organic compounds;Organic oxygen compounds;Organooxygen compounds;Alcohols and polyols
4728,Carboxylic acid derivatives,0.92,CHEMONTID:0001093,4,CHEMONTID:0000265,CHEMONTID:0000000;CHEMONTID:0000264;CHEMONTID:0000265;CHEMONTID:0001093,Organic compounds;Organic acids and derivatives;Carboxylic acids and derivatives;Carboxylic acid derivatives
6696,Carboxylic acid derivatives,0.88,CHEMONTID:0001093,4,CHEMONTID:0000265,CHEMONTID:0000000;CHEMONTID:0000264;CHEMONTID:0000265;CHEMONTID:0001093,Organic compounds;Organic acids and derivatives;Carboxylic acids and derivatives;Carboxylic acid derivatives
15700,Amino acids and derivatives,0.9,CHEMONTID:0000347,5,CHEMONTID:0000013,CHEMONTID:0000000;CHEMONTID:0000264;CHEMONTID:0000265;CHEMONTID:0000013;CHEMONTID:0000347,"Organic compounds;Organic acids and derivatives;Carboxylic acids and derivatives;Amino acids, peptides, and analogues;Amino acids and derivatives"
14418,Carbonyl compounds,0.96,CHEMONTID:0001831,4,CHEMONTID:0000323,CHEMONTID:0000000;CHEMONTID:0004603;CHEMONTID:0000323;CHEMONTID:0001831,Organic compounds;Organic oxygen compounds;Organooxygen compounds;Carbonyl compounds
10632,Carboxylic acid derivatives,0.98,CHEMONTID:0001093,4,CHEMONTID:0000265,CHEMONTID:0000000;CHEMONTID:0000264;CHEMONTID:0000265;CHEMONTID:0001093,Organic compounds;Organic acids and derivatives;Carboxylic acids and derivatives;Carboxylic acid derivatives
8727,Alcohols and polyols,0.94,CHEMONTID:0000129,4,CHEMONTID:0000323,CHEMONTID:0000000;CHEMONTID:0004603;CHEMONTID:0000323;CHEMONTID:0000129,Organic compounds;Organic oxygen compounds;Organooxygen compounds;Alcohols and polyols
14434,"Amino acids, peptides, and analogues",0.99,CHEMONTID:0000013,4,CHEMONTID:0000265,CHEMONTID:0000000;CHEMONTID:0000264;CHEMONTID:0000265;CHEMONTID:0000013,"Organic compounds;Organic acids and derivatives;Carboxylic acids and derivatives;Amino acids, peptides, and analogues"
19236,O-glycosyl compounds,0.98,CHEMONTID:0002207,6,CHEMONTID:0002105,CHEMONTID:0000000;CHEMONTID:0004603;CHEMONTID:0000323;CHEMONTID:0000011;CHEMONTID:0002105;CHEMONTID:0002207,Organic compounds;Organic oxygen compounds;Organooxygen compounds;Carbohydrates and carbohydrate conjugates;Glycosyl compounds;O-glycosyl compounds
17954,Amino acids and derivatives,0.96,CHEMONTID:0000347,5,CHEMONTID:0000013,CHEMONTID:0000000;CHEMONTID:0000264;CHEMONTID:0000265;CHEMONTID:0000013;CHEMONTID:0000347,"Organic compounds;Organic acids and derivatives;Carboxylic acids and derivatives;Amino acids, peptides, and analogues;Amino acids and derivatives"
4760,Monoalkylamines,0.99,CHEMONTID:0000469,6,CHEMONTID:0002450,CHEMONTID:0000000;CHEMONTID:0004707;CHEMONTID:0000278;CHEMONTID:0002449;CHEMONTID:0002450;CHEMONTID:0000469,Organic compounds;Organic nitrogen compounds;Organonitrogen compounds;Amines;Primary amines;Monoalkylamines
2069,Carboxylic acid derivatives,0.95,CHEMONTID:0001093,4,CHEMONTID:0000265,CHEMONTID:0000000;CHEMONTID:0000264;CHEMONTID:0000265;CHEMONTID:0001093,Organic compounds;Organic acids and derivatives;Carboxylic acids and derivatives;Carboxylic acid derivatives
4633,Carbonyl compounds,0.98,CHEMONTID:0001831,4,CHEMONTID:0000323,CHEMONTID:0000000;CHEMONTID:0004603;CHEMONTID:0000323;CHEMONTID:0001831,Organic compounds;Organic oxygen compounds;Organooxygen compounds;Carbonyl compounds
13386,Alcohols and polyols,0.87,CHEMONTID:0000129,4,CHEMONTID:0000323,CHEMONTID:0000000;CHEMONTID:0004603;CHEMONTID:0000323;CHEMONTID:0000129,Organic compounds;Organic oxygen compounds;Organooxygen compounds;Alcohols and polyols
6015,Carboxylic acid derivatives,0.95,CHEMONTID:0001093,4,CHEMONTID:0000265,CHEMONTID:0000000;CHEMONTID:0000264;CHEMONTID:0000265;CHEMONTID:0001093,Organic compounds;Organic acids and derivatives;Carboxylic acids and derivatives;Carboxylic acid derivatives
11625,Carboxylic acid derivatives,0.96,CHEMONTID:0001093,4,CHEMONTID:0000265,CHEMONTID:0000000;CHEMONTID:0000264;CHEMONTID:0000265;CHEMONTID:0001093,Organic compounds;Organic acids and derivatives;Carboxylic acids and derivatives;Carboxylic acid derivatives
7701,Carbonyl compounds,0.89,CHEMONTID:0001831,4,CHEMONTID:0000323,CHEMONTID:0000000;CHEMONTID:0004603;CHEMONTID:0000323;CHEMONTID:0001831,Organic compounds;Organic oxygen compounds;Organooxygen compounds;Carbonyl compounds
14027,Dialkyl ethers,0.98,CHEMONTID:0001167,5,CHEMONTID:0000254,CHEMONTID:0000000;CHEMONTID:0004603;CHEMONTID:0000323;CHEMONTID:0000254;CHEMONTID:0001167,Organic compounds;Organic oxygen compounds;Organooxygen compounds;Ethers;Dialkyl ethers
5991,Pentose phosphates,1,CHEMONTID:0002259,7,CHEMONTID:0001497,CHEMONTID:0000000;CHEMONTID:0004603;CHEMONTID:0000323;CHEMONTID:0000011;CHEMONTID:0001540;CHEMONTID:0001497;CHEMONTID:0002259,Organic compounds;Organic oxygen compounds;Organooxygen compounds;Carbohydrates and carbohydrate conjugates;Monosaccharides;Pentoses;Pentose phosphates
14168,Carbohydrates and carbohydrate conjugates,0.97,CHEMONTID:0000011,4,CHEMONTID:0000323,CHEMONTID:0000000;CHEMONTID:0004603;CHEMONTID:0000323;CHEMONTID:0000011,Organic compounds;Organic oxygen compounds;Organooxygen compounds;Carbohydrates and carbohydrate conjugates
16793,Carbonyl compounds,0.83,CHEMONTID:0001831,4,CHEMONTID:0000323,CHEMONTID:0000000;CHEMONTID:0004603;CHEMONTID:0000323;CHEMONTID:0001831,Organic compounds;Organic oxygen compounds;Organooxygen compounds;Carbonyl compounds
12564,Carboxylic acids,0.9,CHEMONTID:0001205,4,CHEMONTID:0000265,CHEMONTID:0000000;CHEMONTID:0000264;CHEMONTID:0000265;CHEMONTID:0001205,Organic compounds;Organic acids and derivatives;Carboxylic acids and derivatives;Carboxylic acids
4306,Primary amines,1,CHEMONTID:0002450,5,CHEMONTID:0002449,CHEMONTID:0000000;CHEMONTID:0004707;CHEMONTID:0000278;CHEMONTID:0002449;CHEMONTID:0002450,Organic compounds;Organic nitrogen compounds;Organonitrogen compounds;Amines;Primary amines
12299,Carboxylic acid derivatives,0.96,CHEMONTID:0001093,4,CHEMONTID:0000265,CHEMONTID:0000000;CHEMONTID:0000264;CHEMONTID:0000265;CHEMONTID:0001093,Organic compounds;Organic acids and derivatives;Carboxylic acids and derivatives;Carboxylic acid derivatives
14422,Monoalkylamines,0.96,CHEMONTID:0000469,6,CHEMONTID:0002450,CHEMONTID:0000000;CHEMONTID:0004707;CHEMONTID:0000278;CHEMONTID:0002449;CHEMONTID:0002450;CHEMONTID:0000469,Organic compounds;Organic nitrogen compounds;Organonitrogen compounds;Amines;Primary amines;Monoalkylamines
19111,Amines,0.97,CHEMONTID:0002449,4,CHEMONTID:0000278,CHEMONTID:0000000;CHEMONTID:0004707;CHEMONTID:0000278;CHEMONTID:0002449,Organic compounds;Organic nitrogen compounds;Organonitrogen compounds;Amines
3520,Guanidines,0.84,CHEMONTID:0000375,4,CHEMONTID:0000278,CHEMONTID:0000000;CHEMONTID:0004707;CHEMONTID:0000278;CHEMONTID:0000375,Organic compounds;Organic nitrogen compounds;Organonitrogen compounds;Guanidines
16368,Amines,0.99,CHEMONTID:0002449,4,CHEMONTID:0000278,CHEMONTID:0000000;CHEMONTID:0004707;CHEMONTID:0000278;CHEMONTID:0002449,Organic compounds;Organic nitrogen compounds;Organonitrogen compounds;Amines
4686,Trialkylamines,0.83,CHEMONTID:0002239,6,CHEMONTID:0002452,CHEMONTID:0000000;CHEMONTID:0004707;CHEMONTID:0000278;CHEMONTID:0002449;CHEMONTID:0002452;CHEMONTID:0002239,Organic compounds;Organic nitrogen compounds;Organonitrogen compounds;Amines;Tertiary amines;Trialkylamines
8202,Amines,0.92,CHEMONTID:0002449,4,CHEMONTID:0000278,CHEMONTID:0000000;CHEMONTID:0004707;CHEMONTID:0000278;CHEMONTID:0002449,Organic compounds;Organic nitrogen compounds;Organonitrogen compounds;Amines
8988,Monoalkylamines,0.86,CHEMONTID:0000469,6,CHEMONTID:0002450,CHEMONTID:0000000;CHEMONTID:0004707;CHEMONTID:0000278;CHEMONTID:0002449;CHEMONTID:0002450;CHEMONTID:0000469,Organic compounds;Organic nitrogen compounds;Organonitrogen compounds;Amines;Primary amines;Monoalkylamines
14463,Amines,0.88,CHEMONTID:0002449,4,CHEMONTID:0000278,CHEMONTID:0000000;CHEMONTID:0004707;CHEMONTID:0000278;CHEMONTID:0002449,Organic compounds;Organic nitrogen compounds;Organonitrogen compounds;Amines
933,Carbonyl compounds,0.87,CHEMONTID:0001831,4,CHEMONTID:0000323,CHEMONTID:0000000;CHEMONTID:0004603;CHEMONTID:0000323;CHEMONTID:0001831,Organic compounds;Organic oxygen compounds;Organooxygen compounds;Carbonyl compounds
11631,Carbonyl compounds,0.91,CHEMONTID:0001831,4,CHEMONTID:0000323,CHEMONTID:0000000;CHEMONTID:0004603;CHEMONTID:0000323;CHEMONTID:0001831,Organic compounds;Organic oxygen compounds;Organooxygen compounds;Carbonyl compounds
18334,Carbonyl compounds,0.8,CHEMONTID:0001831,4,CHEMONTID:0000323,CHEMONTID:0000000;CHEMONTID:0004603;CHEMONTID:0000323;CHEMONTID:0001831,Organic compounds;Organic oxygen compounds;Organooxygen compounds;Carbonyl compounds
8249,Ethers,0.94,CHEMONTID:0000254,4,CHEMONTID:0000323,CHEMONTID:0000000;CHEMONTID:0004603;CHEMONTID:0000323;CHEMONTID:0000254,Organic compounds;Organic oxygen compounds;Organooxygen compounds;Ethers
7762,Ethers,0.96,CHEMONTID:0000254,4,CHEMONTID:0000323,CHEMONTID:0000000;CHEMONTID:0004603;CHEMONTID:0000323;CHEMONTID:0000254,Organic compounds;Organic oxygen compounds;Organooxygen compounds;Ethers
17194,Primary amines,0.89,CHEMONTID:0002450,5,CHEMONTID:0002449,CHEMONTID:0000000;CHEMONTID:0004707;CHEMONTID:0000278;CHEMONTID:0002449;CHEMONTID:0002450,Organic compounds;Organic nitrogen compounds;Organonitrogen compounds;Amines;Primary amines
20146,Monoalkylamines,1,CHEMONTID:0000469,6,CHEMONTID:0002450,CHEMONTID:0000000;CHEMONTID:0004707;CHEMONTID:0000278;CHEMONTID:0002449;CHEMONTID:0002450;CHEMONTID:0000469,Organic compounds;Organic nitrogen compounds;Organonitrogen compounds;Amines;Primary amines;Monoalkylamines
14475,"1,3,5-triazines",0.96,CHEMONTID:0004105,4,CHEMONTID:0000098,CHEMONTID:0000000;CHEMONTID:0000002;CHEMONTID:0000098;CHEMONTID:0004105,"Organic compounds;Organoheterocyclic compounds;Triazines;1,3,5-triazines"
10952,Amines,0.99,CHEMONTID:0002449,4,CHEMONTID:0000278,CHEMONTID:0000000;CHEMONTID:0004707;CHEMONTID:0000278;CHEMONTID:0002449,Organic compounds;Organic nitrogen compounds;Organonitrogen compounds;Amines
12155,Monocarboxylic acids and derivatives,0.96,CHEMONTID:0001137,4,CHEMONTID:0000265,CHEMONTID:0000000;CHEMONTID:0000264;CHEMONTID:0000265;CHEMONTID:0001137,Organic compounds;Organic acids and derivatives;Carboxylic acids and derivatives;Monocarboxylic acids and derivatives
5980,Carboxylic acid derivatives,0.88,CHEMONTID:0001093,4,CHEMONTID:0000265,CHEMONTID:0000000;CHEMONTID:0000264;CHEMONTID:0000265;CHEMONTID:0001093,Organic compounds;Organic acids and derivatives;Carboxylic acids and derivatives;Carboxylic acid derivatives
19339,Monoalkylamines,0.99,CHEMONTID:0000469,6,CHEMONTID:0002450,CHEMONTID:0000000;CHEMONTID:0004707;CHEMONTID:0000278;CHEMONTID:0002449;CHEMONTID:0002450;CHEMONTID:0000469,Organic compounds;Organic nitrogen compounds;Organonitrogen compounds;Amines;Primary amines;Monoalkylamines
10031,Carbonyl compounds,0.95,CHEMONTID:0001831,4,CHEMONTID:0000323,CHEMONTID:0000000;CHEMONTID:0004603;CHEMONTID:0000323;CHEMONTID:0001831,Organic compounds;Organic oxygen compounds;Organooxygen compounds;Carbonyl compounds
15220,Primary amines,0.98,CHEMONTID:0002450,5,CHEMONTID:0002449,CHEMONTID:0000000;CHEMONTID:0004707;CHEMONTID:0000278;CHEMONTID:0002449;CHEMONTID:0002450,Organic compounds;Organic nitrogen compounds;Organonitrogen compounds;Amines;Primary amines
7561,Dialkyl ethers,0.99,CHEMONTID:0001167,5,CHEMONTID:0000254,CHEMONTID:0000000;CHEMONTID:0004603;CHEMONTID:0000323;CHEMONTID:0000254;CHEMONTID:0001167,Organic compounds;Organic oxygen compounds;Organooxygen compounds;Ethers;Dialkyl ethers
3863,Carbonyl compounds,0.98,CHEMONTID:0001831,4,CHEMONTID:0000323,CHEMONTID:0000000;CHEMONTID:0004603;CHEMONTID:0000323;CHEMONTID:0001831,Organic compounds;Organic oxygen compounds;Organooxygen compounds;Carbonyl compounds
7897,Carboxylic acid derivatives,0.97,CHEMONTID:0001093,4,CHEMONTID:0000265,CHEMONTID:0000000;CHEMONTID:0000264;CHEMONTID:0000265;CHEMONTID:0001093,Organic compounds;Organic acids and derivatives;Carboxylic acids and derivatives;Carboxylic acid derivatives
12275,Alcohols and polyols,0.89,CHEMONTID:0000129,4,CHEMONTID:0000323,CHEMONTID:0000000;CHEMONTID:0004603;CHEMONTID:0000323;CHEMONTID:0000129,Organic compounds;Organic oxygen compounds;Organooxygen compounds;Alcohols and polyols
18125,Ethers,0.96,CHEMONTID:0000254,4,CHEMONTID:0000323,CHEMONTID:0000000;CHEMONTID:0004603;CHEMONTID:0000323;CHEMONTID:0000254,Organic compounds;Organic oxygen compounds;Organooxygen compounds;Ethers
3744,Carbonyl compounds,0.95,CHEMONTID:0001831,4,CHEMONTID:0000323,CHEMONTID:0000000;CHEMONTID:0004603;CHEMONTID:0000323;CHEMONTID:0001831,Organic compounds;Organic oxygen compounds;Organooxygen compounds;Carbonyl compounds
7636,Carboxylic acid derivatives,0.93,CHEMONTID:0001093,4,CHEMONTID:0000265,CHEMONTID:0000000;CHEMONTID:0000264;CHEMONTID:0000265;CHEMONTID:0001093,Organic compounds;Organic acids and derivatives;Carboxylic acids and derivatives;Carboxylic acid derivatives
14459,Primary amines,0.91,CHEMONTID:0002450,5,CHEMONTID:0002449,CHEMONTID:0000000;CHEMONTID:0004707;CHEMONTID:0000278;CHEMONTID:0002449;CHEMONTID:0002450,Organic compounds;Organic nitrogen compounds;Organonitrogen compounds;Amines;Primary amines
12568,Carbonyl compounds,0.89,CHEMONTID:0001831,4,CHEMONTID:0000323,CHEMONTID:0000000;CHEMONTID:0004603;CHEMONTID:0000323;CHEMONTID:0001831,Organic compounds;Organic oxygen compounds;Organooxygen compounds;Carbonyl compounds
8357,Pyrimidines and pyrimidine derivatives,0.98,CHEMONTID:0000075,4,CHEMONTID:0001346,CHEMONTID:0000000;CHEMONTID:0000002;CHEMONTID:0001346;CHEMONTID:0000075,Organic compounds;Organoheterocyclic compounds;Diazines;Pyrimidines and pyrimidine derivatives
10556,Carboxylic acid derivatives,0.99,CHEMONTID:0001093,4,CHEMONTID:0000265,CHEMONTID:0000000;CHEMONTID:0000264;CHEMONTID:0000265;CHEMONTID:0001093,Organic compounds;Organic acids and derivatives;Carboxylic acids and derivatives;Carboxylic acid derivatives
12263,Monoalkylamines,0.97,CHEMONTID:0000469,6,CHEMONTID:0002450,CHEMONTID:0000000;CHEMONTID:0004707;CHEMONTID:0000278;CHEMONTID:0002449;CHEMONTID:0002450;CHEMONTID:0000469,Organic compounds;Organic nitrogen compounds;Organonitrogen compounds;Amines;Primary amines;Monoalkylamines
13300,Amines,0.99,CHEMONTID:0002449,4,CHEMONTID:0000278,CHEMONTID:0000000;CHEMONTID:0004707;CHEMONTID:0000278;CHEMONTID:0002449,Organic compounds;Organic nitrogen compounds;Organonitrogen compounds;Amines
3613,Carbonyl compounds,0.96,CHEMONTID:0001831,4,CHEMONTID:0000323,CHEMONTID:0000000;CHEMONTID:0004603;CHEMONTID:0000323;CHEMONTID:0001831,Organic compounds;Organic oxygen compounds;Organooxygen compounds;Carbonyl compounds
7242,Alkyl phosphates,0.94,CHEMONTID:0003457,5,CHEMONTID:0000408,CHEMONTID:0000000;CHEMONTID:0000264;CHEMONTID:0000402;CHEMONTID:0000408;CHEMONTID:0003457,Organic compounds;Organic acids and derivatives;Organic phosphoric acids and derivatives;Phosphate esters;Alkyl phosphates
16181,Carboxylic acid derivatives,0.94,CHEMONTID:0001093,4,CHEMONTID:0000265,CHEMONTID:0000000;CHEMONTID:0000264;CHEMONTID:0000265;CHEMONTID:0001093,Organic compounds;Organic acids and derivatives;Carboxylic acids and derivatives;Carboxylic acid derivatives
17459,Dialkyl ethers,0.99,CHEMONTID:0001167,5,CHEMONTID:0000254,CHEMONTID:0000000;CHEMONTID:0004603;CHEMONTID:0000323;CHEMONTID:0000254;CHEMONTID:0001167,Organic compounds;Organic oxygen compounds;Organooxygen compounds;Ethers;Dialkyl ethers
1736,"1,2-diacylglycerols",0.83,CHEMONTID:0001644,6,CHEMONTID:0001129,CHEMONTID:0000000;CHEMONTID:0000012;CHEMONTID:0000175;CHEMONTID:0003809;CHEMONTID:0001129;CHEMONTID:0001644,"Organic compounds;Lipids and lipid-like molecules;Glycerolipids;Diradylglycerols;Diacylglycerols;1,2-diacylglycerols"
28,N-acyl amines,0.88,CHEMONTID:0001096,5,CHEMONTID:0000331,CHEMONTID:0000000;CHEMONTID:0000012;CHEMONTID:0003909;CHEMONTID:0000331;CHEMONTID:0001096,Organic compounds;Lipids and lipid-like molecules;Fatty Acyls;Fatty amides;N-acyl amines
6250,Alcohols and polyols,0.94,CHEMONTID:0000129,4,CHEMONTID:0000323,CHEMONTID:0000000;CHEMONTID:0004603;CHEMONTID:0000323;CHEMONTID:0000129,Organic compounds;Organic oxygen compounds;Organooxygen compounds;Alcohols and polyols
14739,Monocarboxylic acids and derivatives,0.89,CHEMONTID:0001137,4,CHEMONTID:0000265,CHEMONTID:0000000;CHEMONTID:0000264;CHEMONTID:0000265;CHEMONTID:0001137,Organic compounds;Organic acids and derivatives;Carboxylic acids and derivatives;Monocarboxylic acids and derivatives
16250,Dialkyl ethers,0.95,CHEMONTID:0001167,5,CHEMONTID:0000254,CHEMONTID:0000000;CHEMONTID:0004603;CHEMONTID:0000323;CHEMONTID:0000254;CHEMONTID:0001167,Organic compounds;Organic oxygen compounds;Organooxygen compounds;Ethers;Dialkyl ethers
5349,Carboxylic acid derivatives,0.98,CHEMONTID:0001093,4,CHEMONTID:0000265,CHEMONTID:0000000;CHEMONTID:0000264;CHEMONTID:0000265;CHEMONTID:0001093,Organic compounds;Organic acids and derivatives;Carboxylic acids and derivatives;Carboxylic acid derivatives
17365,Carboxylic acid derivatives,0.99,CHEMONTID:0001093,4,CHEMONTID:0000265,CHEMONTID:0000000;CHEMONTID:0000264;CHEMONTID:0000265;CHEMONTID:0001093,Organic compounds;Organic acids and derivatives;Carboxylic acids and derivatives;Carboxylic acid derivatives
1062,Amines,0.97,CHEMONTID:0002449,4,CHEMONTID:0000278,CHEMONTID:0000000;CHEMONTID:0004707;CHEMONTID:0000278;CHEMONTID:0002449,Organic compounds;Organic nitrogen compounds;Organonitrogen compounds;Amines
9276,Carboxylic acid derivatives,0.85,CHEMONTID:0001093,4,CHEMONTID:0000265,CHEMONTID:0000000;CHEMONTID:0000264;CHEMONTID:0000265;CHEMONTID:0001093,Organic compounds;Organic acids and derivatives;Carboxylic acids and derivatives;Carboxylic acid derivatives
2442,Carboxylic acid derivatives,0.9,CHEMONTID:0001093,4,CHEMONTID:0000265,CHEMONTID:0000000;CHEMONTID:0000264;CHEMONTID:0000265;CHEMONTID:0001093,Organic compounds;Organic acids and derivatives;Carboxylic acids and derivatives;Carboxylic acid derivatives
9262,Carbonyl compounds,0.99,CHEMONTID:0001831,4,CHEMONTID:0000323,CHEMONTID:0000000;CHEMONTID:0004603;CHEMONTID:0000323;CHEMONTID:0001831,Organic compounds;Organic oxygen compounds;Organooxygen compounds;Carbonyl compounds
3136,Carbonyl compounds,0.89,CHEMONTID:0001831,4,CHEMONTID:0000323,CHEMONTID:0000000;CHEMONTID:0004603;CHEMONTID:0000323;CHEMONTID:0001831,Organic compounds;Organic oxygen compounds;Organooxygen compounds;Carbonyl compounds
7938,Carbonyl compounds,0.92,CHEMONTID:0001831,4,CHEMONTID:0000323,CHEMONTID:0000000;CHEMONTID:0004603;CHEMONTID:0000323;CHEMONTID:0001831,Organic compounds;Organic oxygen compounds;Organooxygen compounds;Carbonyl compounds
16916,Primary amines,0.99,CHEMONTID:0002450,5,CHEMONTID:0002449,CHEMONTID:0000000;CHEMONTID:0004707;CHEMONTID:0000278;CHEMONTID:0002449;CHEMONTID:0002450,Organic compounds;Organic nitrogen compounds;Organonitrogen compounds;Amines;Primary amines
9605,Carbonyl compounds,0.94,CHEMONTID:0001831,4,CHEMONTID:0000323,CHEMONTID:0000000;CHEMONTID:0004603;CHEMONTID:0000323;CHEMONTID:0001831,Organic compounds;Organic oxygen compounds;Organooxygen compounds;Carbonyl compounds
12622,Carbonyl compounds,0.85,CHEMONTID:0001831,4,CHEMONTID:0000323,CHEMONTID:0000000;CHEMONTID:0004603;CHEMONTID:0000323;CHEMONTID:0001831,Organic compounds;Organic oxygen compounds;Organooxygen compounds;Carbonyl compounds
16041,Methyl esters,0.99,CHEMONTID:0003416,6,CHEMONTID:0001238,CHEMONTID:0000000;CHEMONTID:0000264;CHEMONTID:0000265;CHEMONTID:0001093;CHEMONTID:0001238;CHEMONTID:0003416,Organic compounds;Organic acids and derivatives;Carboxylic acids and derivatives;Carboxylic acid derivatives;Carboxylic acid esters;Methyl esters
3780,Carbonyl compounds,0.94,CHEMONTID:0001831,4,CHEMONTID:0000323,CHEMONTID:0000000;CHEMONTID:0004603;CHEMONTID:0000323;CHEMONTID:0001831,Organic compounds;Organic oxygen compounds;Organooxygen compounds;Carbonyl compounds
10707,Monoalkylamines,1,CHEMONTID:0000469,6,CHEMONTID:0002450,CHEMONTID:0000000;CHEMONTID:0004707;CHEMONTID:0000278;CHEMONTID:0002449;CHEMONTID:0002450;CHEMONTID:0000469,Organic compounds;Organic nitrogen compounds;Organonitrogen compounds;Amines;Primary amines;Monoalkylamines
10467,Imidazoles,0.94,CHEMONTID:0000078,4,CHEMONTID:0000436,CHEMONTID:0000000;CHEMONTID:0000002;CHEMONTID:0000436;CHEMONTID:0000078,Organic compounds;Organoheterocyclic compounds;Azoles;Imidazoles
10939,Amines,0.85,CHEMONTID:0002449,4,CHEMONTID:0000278,CHEMONTID:0000000;CHEMONTID:0004707;CHEMONTID:0000278;CHEMONTID:0002449,Organic compounds;Organic nitrogen compounds;Organonitrogen compounds;Amines
8163,Carbonyl compounds,0.98,CHEMONTID:0001831,4,CHEMONTID:0000323,CHEMONTID:0000000;CHEMONTID:0004603;CHEMONTID:0000323;CHEMONTID:0001831,Organic compounds;Organic oxygen compounds;Organooxygen compounds;Carbonyl compounds
13210,Carboxylic acid derivatives,0.87,CHEMONTID:0001093,4,CHEMONTID:0000265,CHEMONTID:0000000;CHEMONTID:0000264;CHEMONTID:0000265;CHEMONTID:0001093,Organic compounds;Organic acids and derivatives;Carboxylic acids and derivatives;Carboxylic acid derivatives
8083,Alcohols and polyols,0.99,CHEMONTID:0000129,4,CHEMONTID:0000323,CHEMONTID:0000000;CHEMONTID:0004603;CHEMONTID:0000323;CHEMONTID:0000129,Organic compounds;Organic oxygen compounds;Organooxygen compounds;Alcohols and polyols
13672,Carbonyl compounds,0.97,CHEMONTID:0001831,4,CHEMONTID:0000323,CHEMONTID:0000000;CHEMONTID:0004603;CHEMONTID:0000323;CHEMONTID:0001831,Organic compounds;Organic oxygen compounds;Organooxygen compounds;Carbonyl compounds
15857,Carboxylic acid derivatives,1,CHEMONTID:0001093,4,CHEMONTID:0000265,CHEMONTID:0000000;CHEMONTID:0000264;CHEMONTID:0000265;CHEMONTID:0001093,Organic compounds;Organic acids and derivatives;Carboxylic acids and derivatives;Carboxylic acid derivatives
6332,Carboxylic acid derivatives,0.82,CHEMONTID:0001093,4,CHEMONTID:0000265,CHEMONTID:0000000;CHEMONTID:0000264;CHEMONTID:0000265;CHEMONTID:0001093,Organic compounds;Organic acids and derivatives;Carboxylic acids and derivatives;Carboxylic acid derivatives
6975,Carbonyl compounds,0.92,CHEMONTID:0001831,4,CHEMONTID:0000323,CHEMONTID:0000000;CHEMONTID:0004603;CHEMONTID:0000323;CHEMONTID:0001831,Organic compounds;Organic oxygen compounds;Organooxygen compounds;Carbonyl compounds
16908,Alcohols and polyols,0.98,CHEMONTID:0000129,4,CHEMONTID:0000323,CHEMONTID:0000000;CHEMONTID:0004603;CHEMONTID:0000323;CHEMONTID:0000129,Organic compounds;Organic oxygen compounds;Organooxygen compounds;Alcohols and polyols
10107,Carbonyl compounds,0.92,CHEMONTID:0001831,4,CHEMONTID:0000323,CHEMONTID:0000000;CHEMONTID:0004603;CHEMONTID:0000323;CHEMONTID:0001831,Organic compounds;Organic oxygen compounds;Organooxygen compounds;Carbonyl compounds
10686,Amino acids and derivatives,0.99,CHEMONTID:0000347,5,CHEMONTID:0000013,CHEMONTID:0000000;CHEMONTID:0000264;CHEMONTID:0000265;CHEMONTID:0000013;CHEMONTID:0000347,"Organic compounds;Organic acids and derivatives;Carboxylic acids and derivatives;Amino acids, peptides, and analogues;Amino acids and derivatives"
12062,Carbonyl compounds,0.96,CHEMONTID:0001831,4,CHEMONTID:0000323,CHEMONTID:0000000;CHEMONTID:0004603;CHEMONTID:0000323;CHEMONTID:0001831,Organic compounds;Organic oxygen compounds;Organooxygen compounds;Carbonyl compounds
11831,Primary amines,0.99,CHEMONTID:0002450,5,CHEMONTID:0002449,CHEMONTID:0000000;CHEMONTID:0004707;CHEMONTID:0000278;CHEMONTID:0002449;CHEMONTID:0002450,Organic compounds;Organic nitrogen compounds;Organonitrogen compounds;Amines;Primary amines
88,Alkyl phosphates,1,CHEMONTID:0003457,5,CHEMONTID:0000408,CHEMONTID:0000000;CHEMONTID:0000264;CHEMONTID:0000402;CHEMONTID:0000408;CHEMONTID:0003457,Organic compounds;Organic acids and derivatives;Organic phosphoric acids and derivatives;Phosphate esters;Alkyl phosphates
1516,Primary amines,0.89,CHEMONTID:0002450,5,CHEMONTID:0002449,CHEMONTID:0000000;CHEMONTID:0004707;CHEMONTID:0000278;CHEMONTID:0002449;CHEMONTID:0002450,Organic compounds;Organic nitrogen compounds;Organonitrogen compounds;Amines;Primary amines
19177,Carbonyl compounds,0.95,CHEMONTID:0001831,4,CHEMONTID:0000323,CHEMONTID:0000000;CHEMONTID:0004603;CHEMONTID:0000323;CHEMONTID:0001831,Organic compounds;Organic oxygen compounds;Organooxygen compounds;Carbonyl compounds
163,Carbonyl compounds,0.94,CHEMONTID:0001831,4,CHEMONTID:0000323,CHEMONTID:0000000;CHEMONTID:0004603;CHEMONTID:0000323;CHEMONTID:0001831,Organic compounds;Organic oxygen compounds;Organooxygen compounds;Carbonyl compounds
6989,Carbonyl compounds,0.89,CHEMONTID:0001831,4,CHEMONTID:0000323,CHEMONTID:0000000;CHEMONTID:0004603;CHEMONTID:0000323;CHEMONTID:0001831,Organic compounds;Organic oxygen compounds;Organooxygen compounds;Carbonyl compounds
18941,Carbonyl compounds,0.85,CHEMONTID:0001831,4,CHEMONTID:0000323,CHEMONTID:0000000;CHEMONTID:0004603;CHEMONTID:0000323;CHEMONTID:0001831,Organic compounds;Organic oxygen compounds;Organooxygen compounds;Carbonyl compounds
3687,Primary amines,1,CHEMONTID:0002450,5,CHEMONTID:0002449,CHEMONTID:0000000;CHEMONTID:0004707;CHEMONTID:0000278;CHEMONTID:0002449;CHEMONTID:0002450,Organic compounds;Organic nitrogen compounds;Organonitrogen compounds;Amines;Primary amines
10401,Alcohols and polyols,0.95,CHEMONTID:0000129,4,CHEMONTID:0000323,CHEMONTID:0000000;CHEMONTID:0004603;CHEMONTID:0000323;CHEMONTID:0000129,Organic compounds;Organic oxygen compounds;Organooxygen compounds;Alcohols and polyols
383,Fatty acids and conjugates,0.96,CHEMONTID:0000262,4,CHEMONTID:0003909,CHEMONTID:0000000;CHEMONTID:0000012;CHEMONTID:0003909;CHEMONTID:0000262,Organic compounds;Lipids and lipid-like molecules;Fatty Acyls;Fatty acids and conjugates
12782,Amines,0.99,CHEMONTID:0002449,4,CHEMONTID:0000278,CHEMONTID:0000000;CHEMONTID:0004707;CHEMONTID:0000278;CHEMONTID:0002449,Organic compounds;Organic nitrogen compounds;Organonitrogen compounds;Amines
3656,Alcohols and polyols,0.92,CHEMONTID:0000129,4,CHEMONTID:0000323,CHEMONTID:0000000;CHEMONTID:0004603;CHEMONTID:0000323;CHEMONTID:0000129,Organic compounds;Organic oxygen compounds;Organooxygen compounds;Alcohols and polyols
2063,Ethers,0.87,CHEMONTID:0000254,4,CHEMONTID:0000323,CHEMONTID:0000000;CHEMONTID:0004603;CHEMONTID:0000323;CHEMONTID:0000254,Organic compounds;Organic oxygen compounds;Organooxygen compounds;Ethers
18870,Carbonyl compounds,0.94,CHEMONTID:0001831,4,CHEMONTID:0000323,CHEMONTID:0000000;CHEMONTID:0004603;CHEMONTID:0000323;CHEMONTID:0001831,Organic compounds;Organic oxygen compounds;Organooxygen compounds;Carbonyl compounds
14037,Amines,0.93,CHEMONTID:0002449,4,CHEMONTID:0000278,CHEMONTID:0000000;CHEMONTID:0004707;CHEMONTID:0000278;CHEMONTID:0002449,Organic compounds;Organic nitrogen compounds;Organonitrogen compounds;Amines
15432,Monoalkylamines,0.83,CHEMONTID:0000469,6,CHEMONTID:0002450,CHEMONTID:0000000;CHEMONTID:0004707;CHEMONTID:0000278;CHEMONTID:0002449;CHEMONTID:0002450;CHEMONTID:0000469,Organic compounds;Organic nitrogen compounds;Organonitrogen compounds;Amines;Primary amines;Monoalkylamines
13837,Amines,0.99,CHEMONTID:0002449,4,CHEMONTID:0000278,CHEMONTID:0000000;CHEMONTID:0004707;CHEMONTID:0000278;CHEMONTID:0002449,Organic compounds;Organic nitrogen compounds;Organonitrogen compounds;Amines
9051,Alcohols and polyols,0.95,CHEMONTID:0000129,4,CHEMONTID:0000323,CHEMONTID:0000000;CHEMONTID:0004603;CHEMONTID:0000323;CHEMONTID:0000129,Organic compounds;Organic oxygen compounds;Organooxygen compounds;Alcohols and polyols
12574,Alcohols and polyols,0.97,CHEMONTID:0000129,4,CHEMONTID:0000323,CHEMONTID:0000000;CHEMONTID:0004603;CHEMONTID:0000323;CHEMONTID:0000129,Organic compounds;Organic oxygen compounds;Organooxygen compounds;Alcohols and polyols
10349,Carbonyl compounds,0.9,CHEMONTID:0001831,4,CHEMONTID:0000323,CHEMONTID:0000000;CHEMONTID:0004603;CHEMONTID:0000323;CHEMONTID:0001831,Organic compounds;Organic oxygen compounds;Organooxygen compounds;Carbonyl compounds
15351,Primary amines,1,CHEMONTID:0002450,5,CHEMONTID:0002449,CHEMONTID:0000000;CHEMONTID:0004707;CHEMONTID:0000278;CHEMONTID:0002449;CHEMONTID:0002450,Organic compounds;Organic nitrogen compounds;Organonitrogen compounds;Amines;Primary amines
3250,Alcohols and polyols,0.97,CHEMONTID:0000129,4,CHEMONTID:0000323,CHEMONTID:0000000;CHEMONTID:0004603;CHEMONTID:0000323;CHEMONTID:0000129,Organic compounds;Organic oxygen compounds;Organooxygen compounds;Alcohols and polyols
6783,Carbonyl compounds,0.99,CHEMONTID:0001831,4,CHEMONTID:0000323,CHEMONTID:0000000;CHEMONTID:0004603;CHEMONTID:0000323;CHEMONTID:0001831,Organic compounds;Organic oxygen compounds;Organooxygen compounds;Carbonyl compounds
11236,Tertiary amines,0.81,CHEMONTID:0002452,5,CHEMONTID:0002449,CHEMONTID:0000000;CHEMONTID:0004707;CHEMONTID:0000278;CHEMONTID:0002449;CHEMONTID:0002452,Organic compounds;Organic nitrogen compounds;Organonitrogen compounds;Amines;Tertiary amines
5753,Carbonyl compounds,0.9,CHEMONTID:0001831,4,CHEMONTID:0000323,CHEMONTID:0000000;CHEMONTID:0004603;CHEMONTID:0000323;CHEMONTID:0001831,Organic compounds;Organic oxygen compounds;Organooxygen compounds;Carbonyl compounds
12557,Carbonyl compounds,0.91,CHEMONTID:0001831,4,CHEMONTID:0000323,CHEMONTID:0000000;CHEMONTID:0004603;CHEMONTID:0000323;CHEMONTID:0001831,Organic compounds;Organic oxygen compounds;Organooxygen compounds;Carbonyl compounds
6266,Carbonyl compounds,0.88,CHEMONTID:0001831,4,CHEMONTID:0000323,CHEMONTID:0000000;CHEMONTID:0004603;CHEMONTID:0000323;CHEMONTID:0001831,Organic compounds;Organic oxygen compounds;Organooxygen compounds;Carbonyl compounds
778,Carboxylic acid derivatives,0.95,CHEMONTID:0001093,4,CHEMONTID:0000265,CHEMONTID:0000000;CHEMONTID:0000264;CHEMONTID:0000265;CHEMONTID:0001093,Organic compounds;Organic acids and derivatives;Carboxylic acids and derivatives;Carboxylic acid derivatives
13921,Carbonyl compounds,0.97,CHEMONTID:0001831,4,CHEMONTID:0000323,CHEMONTID:0000000;CHEMONTID:0004603;CHEMONTID:0000323;CHEMONTID:0001831,Organic compounds;Organic oxygen compounds;Organooxygen compounds;Carbonyl compounds
16533,Secondary alcohols,1,CHEMONTID:0001661,5,CHEMONTID:0000129,CHEMONTID:0000000;CHEMONTID:0004603;CHEMONTID:0000323;CHEMONTID:0000129;CHEMONTID:0001661,Organic compounds;Organic oxygen compounds;Organooxygen compounds;Alcohols and polyols;Secondary alcohols
6127,Alcohols and polyols,1,CHEMONTID:0000129,4,CHEMONTID:0000323,CHEMONTID:0000000;CHEMONTID:0004603;CHEMONTID:0000323;CHEMONTID:0000129,Organic compounds;Organic oxygen compounds;Organooxygen compounds;Alcohols and polyols
9315,Carbonyl compounds,0.91,CHEMONTID:0001831,4,CHEMONTID:0000323,CHEMONTID:0000000;CHEMONTID:0004603;CHEMONTID:0000323;CHEMONTID:0001831,Organic compounds;Organic oxygen compounds;Organooxygen compounds;Carbonyl compounds
8429,Alkanolamines,0.82,CHEMONTID:0002460,5,CHEMONTID:0002449,CHEMONTID:0000000;CHEMONTID:0004707;CHEMONTID:0000278;CHEMONTID:0002449;CHEMONTID:0002460,Organic compounds;Organic nitrogen compounds;Organonitrogen compounds;Amines;Alkanolamines
9019,Monoalkylamines,0.87,CHEMONTID:0000469,6,CHEMONTID:0002450,CHEMONTID:0000000;CHEMONTID:0004707;CHEMONTID:0000278;CHEMONTID:0002449;CHEMONTID:0002450;CHEMONTID:0000469,Organic compounds;Organic nitrogen compounds;Organonitrogen compounds;Amines;Primary amines;Monoalkylamines
17188,Amines,0.86,CHEMONTID:0002449,4,CHEMONTID:0000278,CHEMONTID:0000000;CHEMONTID:0004707;CHEMONTID:0000278;CHEMONTID:0002449,Organic compounds;Organic nitrogen compounds;Organonitrogen compounds;Amines
14213,6-aminopurines,0.96,CHEMONTID:0002987,5,CHEMONTID:0000245,CHEMONTID:0000000;CHEMONTID:0000002;CHEMONTID:0001797;CHEMONTID:0000245;CHEMONTID:0002987,Organic compounds;Organoheterocyclic compounds;Imidazopyrimidines;Purines and purine derivatives;6-aminopurines
11826,Alkyl phosphates,0.96,CHEMONTID:0003457,5,CHEMONTID:0000408,CHEMONTID:0000000;CHEMONTID:0000264;CHEMONTID:0000402;CHEMONTID:0000408;CHEMONTID:0003457,Organic compounds;Organic acids and derivatives;Organic phosphoric acids and derivatives;Phosphate esters;Alkyl phosphates
15874,Amines,0.99,CHEMONTID:0002449,4,CHEMONTID:0000278,CHEMONTID:0000000;CHEMONTID:0004707;CHEMONTID:0000278;CHEMONTID:0002449,Organic compounds;Organic nitrogen compounds;Organonitrogen compounds;Amines
16647,Monoalkylamines,0.97,CHEMONTID:0000469,6,CHEMONTID:0002450,CHEMONTID:0000000;CHEMONTID:0004707;CHEMONTID:0000278;CHEMONTID:0002449;CHEMONTID:0002450;CHEMONTID:0000469,Organic compounds;Organic nitrogen compounds;Organonitrogen compounds;Amines;Primary amines;Monoalkylamines
19737,Carbonyl compounds,0.93,CHEMONTID:0001831,4,CHEMONTID:0000323,CHEMONTID:0000000;CHEMONTID:0004603;CHEMONTID:0000323;CHEMONTID:0001831,Organic compounds;Organic oxygen compounds;Organooxygen compounds;Carbonyl compounds
15597,Carbonyl compounds,0.94,CHEMONTID:0001831,4,CHEMONTID:0000323,CHEMONTID:0000000;CHEMONTID:0004603;CHEMONTID:0000323;CHEMONTID:0001831,Organic compounds;Organic oxygen compounds;Organooxygen compounds;Carbonyl compounds
1338,Alcohols and polyols,0.97,CHEMONTID:0000129,4,CHEMONTID:0000323,CHEMONTID:0000000;CHEMONTID:0004603;CHEMONTID:0000323;CHEMONTID:0000129,Organic compounds;Organic oxygen compounds;Organooxygen compounds;Alcohols and polyols
17576,Amines,0.97,CHEMONTID:0002449,4,CHEMONTID:0000278,CHEMONTID:0000000;CHEMONTID:0004707;CHEMONTID:0000278;CHEMONTID:0002449,Organic compounds;Organic nitrogen compounds;Organonitrogen compounds;Amines
11867,Carbonyl compounds,0.81,CHEMONTID:0001831,4,CHEMONTID:0000323,CHEMONTID:0000000;CHEMONTID:0004603;CHEMONTID:0000323;CHEMONTID:0001831,Organic compounds;Organic oxygen compounds;Organooxygen compounds;Carbonyl compounds
18901,Carbonyl compounds,0.96,CHEMONTID:0001831,4,CHEMONTID:0000323,CHEMONTID:0000000;CHEMONTID:0004603;CHEMONTID:0000323;CHEMONTID:0001831,Organic compounds;Organic oxygen compounds;Organooxygen compounds;Carbonyl compounds
6107,Carboxylic acid derivatives,0.87,CHEMONTID:0001093,4,CHEMONTID:0000265,CHEMONTID:0000000;CHEMONTID:0000264;CHEMONTID:0000265;CHEMONTID:0001093,Organic compounds;Organic acids and derivatives;Carboxylic acids and derivatives;Carboxylic acid derivatives
14071,Carbonyl compounds,0.94,CHEMONTID:0001831,4,CHEMONTID:0000323,CHEMONTID:0000000;CHEMONTID:0004603;CHEMONTID:0000323;CHEMONTID:0001831,Organic compounds;Organic oxygen compounds;Organooxygen compounds;Carbonyl compounds
11154,Alcohols and polyols,0.89,CHEMONTID:0000129,4,CHEMONTID:0000323,CHEMONTID:0000000;CHEMONTID:0004603;CHEMONTID:0000323;CHEMONTID:0000129,Organic compounds;Organic oxygen compounds;Organooxygen compounds;Alcohols and polyols
14207,Amines,0.99,CHEMONTID:0002449,4,CHEMONTID:0000278,CHEMONTID:0000000;CHEMONTID:0004707;CHEMONTID:0000278;CHEMONTID:0002449,Organic compounds;Organic nitrogen compounds;Organonitrogen compounds;Amines
4192,Carbonyl compounds,1,CHEMONTID:0001831,4,CHEMONTID:0000323,CHEMONTID:0000000;CHEMONTID:0004603;CHEMONTID:0000323;CHEMONTID:0001831,Organic compounds;Organic oxygen compounds;Organooxygen compounds;Carbonyl compounds
9832,Carbonyl compounds,0.84,CHEMONTID:0001831,4,CHEMONTID:0000323,CHEMONTID:0000000;CHEMONTID:0004603;CHEMONTID:0000323;CHEMONTID:0001831,Organic compounds;Organic oxygen compounds;Organooxygen compounds;Carbonyl compounds
984,Carboxylic acid derivatives,0.9,CHEMONTID:0001093,4,CHEMONTID:0000265,CHEMONTID:0000000;CHEMONTID:0000264;CHEMONTID:0000265;CHEMONTID:0001093,Organic compounds;Organic acids and derivatives;Carboxylic acids and derivatives;Carboxylic acid derivatives
741,Monocarboxylic acids and derivatives,0.89,CHEMONTID:0001137,4,CHEMONTID:0000265,CHEMONTID:0000000;CHEMONTID:0000264;CHEMONTID:0000265;CHEMONTID:0001137,Organic compounds;Organic acids and derivatives;Carboxylic acids and derivatives;Monocarboxylic acids and derivatives
2224,Carbonyl compounds,0.91,CHEMONTID:0001831,4,CHEMONTID:0000323,CHEMONTID:0000000;CHEMONTID:0004603;CHEMONTID:0000323;CHEMONTID:0001831,Organic compounds;Organic oxygen compounds;Organooxygen compounds;Carbonyl compounds
3502,Carbonyl compounds,0.88,CHEMONTID:0001831,4,CHEMONTID:0000323,CHEMONTID:0000000;CHEMONTID:0004603;CHEMONTID:0000323;CHEMONTID:0001831,Organic compounds;Organic oxygen compounds;Organooxygen compounds;Carbonyl compounds
4324,Carbonyl compounds,0.95,CHEMONTID:0001831,4,CHEMONTID:0000323,CHEMONTID:0000000;CHEMONTID:0004603;CHEMONTID:0000323;CHEMONTID:0001831,Organic compounds;Organic oxygen compounds;Organooxygen compounds;Carbonyl compounds
12009,Amines,0.97,CHEMONTID:0002449,4,CHEMONTID:0000278,CHEMONTID:0000000;CHEMONTID:0004707;CHEMONTID:0000278;CHEMONTID:0002449,Organic compounds;Organic nitrogen compounds;Organonitrogen compounds;Amines
7141,Carbonyl compounds,0.84,CHEMONTID:0001831,4,CHEMONTID:0000323,CHEMONTID:0000000;CHEMONTID:0004603;CHEMONTID:0000323;CHEMONTID:0001831,Organic compounds;Organic oxygen compounds;Organooxygen compounds;Carbonyl compounds
7441,Monoalkylamines,1,CHEMONTID:0000469,6,CHEMONTID:0002450,CHEMONTID:0000000;CHEMONTID:0004707;CHEMONTID:0000278;CHEMONTID:0002449;CHEMONTID:0002450;CHEMONTID:0000469,Organic compounds;Organic nitrogen compounds;Organonitrogen compounds;Amines;Primary amines;Monoalkylamines
19163,Amines,0.9,CHEMONTID:0002449,4,CHEMONTID:0000278,CHEMONTID:0000000;CHEMONTID:0004707;CHEMONTID:0000278;CHEMONTID:0002449,Organic compounds;Organic nitrogen compounds;Organonitrogen compounds;Amines
17164,Carbonyl compounds,0.88,CHEMONTID:0001831,4,CHEMONTID:0000323,CHEMONTID:0000000;CHEMONTID:0004603;CHEMONTID:0000323;CHEMONTID:0001831,Organic compounds;Organic oxygen compounds;Organooxygen compounds;Carbonyl compounds
4319,Alcohols and polyols,0.91,CHEMONTID:0000129,4,CHEMONTID:0000323,CHEMONTID:0000000;CHEMONTID:0004603;CHEMONTID:0000323;CHEMONTID:0000129,Organic compounds;Organic oxygen compounds;Organooxygen compounds;Alcohols and polyols
5483,Ethers,1,CHEMONTID:0000254,4,CHEMONTID:0000323,CHEMONTID:0000000;CHEMONTID:0004603;CHEMONTID:0000323;CHEMONTID:0000254,Organic compounds;Organic oxygen compounds;Organooxygen compounds;Ethers
15210,Carbonyl compounds,0.99,CHEMONTID:0001831,4,CHEMONTID:0000323,CHEMONTID:0000000;CHEMONTID:0004603;CHEMONTID:0000323;CHEMONTID:0001831,Organic compounds;Organic oxygen compounds;Organooxygen compounds;Carbonyl compounds
1627,Ethers,0.92,CHEMONTID:0000254,4,CHEMONTID:0000323,CHEMONTID:0000000;CHEMONTID:0004603;CHEMONTID:0000323;CHEMONTID:0000254,Organic compounds;Organic oxygen compounds;Organooxygen compounds;Ethers
12323,Monocarboxylic acids and derivatives,0.81,CHEMONTID:0001137,4,CHEMONTID:0000265,CHEMONTID:0000000;CHEMONTID:0000264;CHEMONTID:0000265;CHEMONTID:0001137,Organic compounds;Organic acids and derivatives;Carboxylic acids and derivatives;Monocarboxylic acids and derivatives
7932,Pyrimidines and pyrimidine derivatives,0.91,CHEMONTID:0000075,4,CHEMONTID:0001346,CHEMONTID:0000000;CHEMONTID:0000002;CHEMONTID:0001346;CHEMONTID:0000075,Organic compounds;Organoheterocyclic compounds;Diazines;Pyrimidines and pyrimidine derivatives
5648,Glycosylamines,1,CHEMONTID:0002203,6,CHEMONTID:0002105,CHEMONTID:0000000;CHEMONTID:0004603;CHEMONTID:0000323;CHEMONTID:0000011;CHEMONTID:0002105;CHEMONTID:0002203,Organic compounds;Organic oxygen compounds;Organooxygen compounds;Carbohydrates and carbohydrate conjugates;Glycosyl compounds;Glycosylamines
6962,Carbohydrates and carbohydrate conjugates,1,CHEMONTID:0000011,4,CHEMONTID:0000323,CHEMONTID:0000000;CHEMONTID:0004603;CHEMONTID:0000323;CHEMONTID:0000011,Organic compounds;Organic oxygen compounds;Organooxygen compounds;Carbohydrates and carbohydrate conjugates
2775,"1,2-aminoalcohols",0.97,CHEMONTID:0001897,6,CHEMONTID:0002460,CHEMONTID:0000000;CHEMONTID:0004707;CHEMONTID:0000278;CHEMONTID:0002449;CHEMONTID:0002460;CHEMONTID:0001897,"Organic compounds;Organic nitrogen compounds;Organonitrogen compounds;Amines;Alkanolamines;1,2-aminoalcohols"
15213,Carbonyl compounds,0.83,CHEMONTID:0001831,4,CHEMONTID:0000323,CHEMONTID:0000000;CHEMONTID:0004603;CHEMONTID:0000323;CHEMONTID:0001831,Organic compounds;Organic oxygen compounds;Organooxygen compounds;Carbonyl compounds
13164,Amines,0.92,CHEMONTID:0002449,4,CHEMONTID:0000278,CHEMONTID:0000000;CHEMONTID:0004707;CHEMONTID:0000278;CHEMONTID:0002449,Organic compounds;Organic nitrogen compounds;Organonitrogen compounds;Amines
10935,Carbonyl compounds,0.92,CHEMONTID:0001831,4,CHEMONTID:0000323,CHEMONTID:0000000;CHEMONTID:0004603;CHEMONTID:0000323;CHEMONTID:0001831,Organic compounds;Organic oxygen compounds;Organooxygen compounds;Carbonyl compounds
9713,Primary amines,0.83,CHEMONTID:0002450,5,CHEMONTID:0002449,CHEMONTID:0000000;CHEMONTID:0004707;CHEMONTID:0000278;CHEMONTID:0002449;CHEMONTID:0002450,Organic compounds;Organic nitrogen compounds;Organonitrogen compounds;Amines;Primary amines
11071,Amines,1,CHEMONTID:0002449,4,CHEMONTID:0000278,CHEMONTID:0000000;CHEMONTID:0004707;CHEMONTID:0000278;CHEMONTID:0002449,Organic compounds;Organic nitrogen compounds;Organonitrogen compounds;Amines
2416,Carboxylic acid derivatives,0.9,CHEMONTID:0001093,4,CHEMONTID:0000265,CHEMONTID:0000000;CHEMONTID:0000264;CHEMONTID:0000265;CHEMONTID:0001093,Organic compounds;Organic acids and derivatives;Carboxylic acids and derivatives;Carboxylic acid derivatives
20600,Straight chain fatty acids,0.87,CHEMONTID:0000333,5,CHEMONTID:0000262,CHEMONTID:0000000;CHEMONTID:0000012;CHEMONTID:0003909;CHEMONTID:0000262;CHEMONTID:0000333,Organic compounds;Lipids and lipid-like molecules;Fatty Acyls;Fatty acids and conjugates;Straight chain fatty acids
13822,Carbonyl compounds,0.97,CHEMONTID:0001831,4,CHEMONTID:0000323,CHEMONTID:0000000;CHEMONTID:0004603;CHEMONTID:0000323;CHEMONTID:0001831,Organic compounds;Organic oxygen compounds;Organooxygen compounds;Carbonyl compounds
9348,Secondary alcohols,0.9,CHEMONTID:0001661,5,CHEMONTID:0000129,CHEMONTID:0000000;CHEMONTID:0004603;CHEMONTID:0000323;CHEMONTID:0000129;CHEMONTID:0001661,Organic compounds;Organic oxygen compounds;Organooxygen compounds;Alcohols and polyols;Secondary alcohols
3279,Carbonyl compounds,0.92,CHEMONTID:0001831,4,CHEMONTID:0000323,CHEMONTID:0000000;CHEMONTID:0004603;CHEMONTID:0000323;CHEMONTID:0001831,Organic compounds;Organic oxygen compounds;Organooxygen compounds;Carbonyl compounds
10436,Dialkyl ethers,0.97,CHEMONTID:0001167,5,CHEMONTID:0000254,CHEMONTID:0000000;CHEMONTID:0004603;CHEMONTID:0000323;CHEMONTID:0000254;CHEMONTID:0001167,Organic compounds;Organic oxygen compounds;Organooxygen compounds;Ethers;Dialkyl ethers
20100,Guanidines,0.98,CHEMONTID:0000375,4,CHEMONTID:0000278,CHEMONTID:0000000;CHEMONTID:0004707;CHEMONTID:0000278;CHEMONTID:0000375,Organic compounds;Organic nitrogen compounds;Organonitrogen compounds;Guanidines
9949,Carbonyl compounds,0.96,CHEMONTID:0001831,4,CHEMONTID:0000323,CHEMONTID:0000000;CHEMONTID:0004603;CHEMONTID:0000323;CHEMONTID:0001831,Organic compounds;Organic oxygen compounds;Organooxygen compounds;Carbonyl compounds
18192,Organic phosphonic acids,0.9,CHEMONTID:0001302,4,CHEMONTID:0000419,CHEMONTID:0000000;CHEMONTID:0000264;CHEMONTID:0000419;CHEMONTID:0001302,Organic compounds;Organic acids and derivatives;Organic phosphonic acids and derivatives;Organic phosphonic acids
5098,Carbonyl compounds,0.9,CHEMONTID:0001831,4,CHEMONTID:0000323,CHEMONTID:0000000;CHEMONTID:0004603;CHEMONTID:0000323;CHEMONTID:0001831,Organic compounds;Organic oxygen compounds;Organooxygen compounds;Carbonyl compounds
20364,Dialkyl ethers,0.99,CHEMONTID:0001167,5,CHEMONTID:0000254,CHEMONTID:0000000;CHEMONTID:0004603;CHEMONTID:0000323;CHEMONTID:0000254;CHEMONTID:0001167,Organic compounds;Organic oxygen compounds;Organooxygen compounds;Ethers;Dialkyl ethers
2107,Carbonyl compounds,0.92,CHEMONTID:0001831,4,CHEMONTID:0000323,CHEMONTID:0000000;CHEMONTID:0004603;CHEMONTID:0000323;CHEMONTID:0001831,Organic compounds;Organic oxygen compounds;Organooxygen compounds;Carbonyl compounds
18395,Carboxylic acid derivatives,0.99,CHEMONTID:0001093,4,CHEMONTID:0000265,CHEMONTID:0000000;CHEMONTID:0000264;CHEMONTID:0000265;CHEMONTID:0001093,Organic compounds;Organic acids and derivatives;Carboxylic acids and derivatives;Carboxylic acid derivatives
7511,Guanidines,0.98,CHEMONTID:0000375,4,CHEMONTID:0000278,CHEMONTID:0000000;CHEMONTID:0004707;CHEMONTID:0000278;CHEMONTID:0000375,Organic compounds;Organic nitrogen compounds;Organonitrogen compounds;Guanidines
16363,Carbonyl compounds,0.82,CHEMONTID:0001831,4,CHEMONTID:0000323,CHEMONTID:0000000;CHEMONTID:0004603;CHEMONTID:0000323;CHEMONTID:0001831,Organic compounds;Organic oxygen compounds;Organooxygen compounds;Carbonyl compounds
6168,Carboxylic acid derivatives,0.91,CHEMONTID:0001093,4,CHEMONTID:0000265,CHEMONTID:0000000;CHEMONTID:0000264;CHEMONTID:0000265;CHEMONTID:0001093,Organic compounds;Organic acids and derivatives;Carboxylic acids and derivatives;Carboxylic acid derivatives
18168,"Amino acids, peptides, and analogues",0.94,CHEMONTID:0000013,4,CHEMONTID:0000265,CHEMONTID:0000000;CHEMONTID:0000264;CHEMONTID:0000265;CHEMONTID:0000013,"Organic compounds;Organic acids and derivatives;Carboxylic acids and derivatives;Amino acids, peptides, and analogues"
11585,Amines,0.96,CHEMONTID:0002449,4,CHEMONTID:0000278,CHEMONTID:0000000;CHEMONTID:0004707;CHEMONTID:0000278;CHEMONTID:0002449,Organic compounds;Organic nitrogen compounds;Organonitrogen compounds;Amines
16496,Amines,0.8,CHEMONTID:0002449,4,CHEMONTID:0000278,CHEMONTID:0000000;CHEMONTID:0004707;CHEMONTID:0000278;CHEMONTID:0002449,Organic compounds;Organic nitrogen compounds;Organonitrogen compounds;Amines
9219,Methyl esters,1,CHEMONTID:0003416,6,CHEMONTID:0001238,CHEMONTID:0000000;CHEMONTID:0000264;CHEMONTID:0000265;CHEMONTID:0001093;CHEMONTID:0001238;CHEMONTID:0003416,Organic compounds;Organic acids and derivatives;Carboxylic acids and derivatives;Carboxylic acid derivatives;Carboxylic acid esters;Methyl esters
6300,Carbonyl compounds,0.96,CHEMONTID:0001831,4,CHEMONTID:0000323,CHEMONTID:0000000;CHEMONTID:0004603;CHEMONTID:0000323;CHEMONTID:0001831,Organic compounds;Organic oxygen compounds;Organooxygen compounds;Carbonyl compounds
4472,Amines,0.96,CHEMONTID:0002449,4,CHEMONTID:0000278,CHEMONTID:0000000;CHEMONTID:0004707;CHEMONTID:0000278;CHEMONTID:0002449,Organic compounds;Organic nitrogen compounds;Organonitrogen compounds;Amines
10832,Carbonyl compounds,0.9,CHEMONTID:0001831,4,CHEMONTID:0000323,CHEMONTID:0000000;CHEMONTID:0004603;CHEMONTID:0000323;CHEMONTID:0001831,Organic compounds;Organic oxygen compounds;Organooxygen compounds;Carbonyl compounds
13063,Amines,0.99,CHEMONTID:0002449,4,CHEMONTID:0000278,CHEMONTID:0000000;CHEMONTID:0004707;CHEMONTID:0000278;CHEMONTID:0002449,Organic compounds;Organic nitrogen compounds;Organonitrogen compounds;Amines
2499,Monocarboxylic acids and derivatives,0.86,CHEMONTID:0001137,4,CHEMONTID:0000265,CHEMONTID:0000000;CHEMONTID:0000264;CHEMONTID:0000265;CHEMONTID:0001137,Organic compounds;Organic acids and derivatives;Carboxylic acids and derivatives;Monocarboxylic acids and derivatives
19384,Carbonyl compounds,0.9,CHEMONTID:0001831,4,CHEMONTID:0000323,CHEMONTID:0000000;CHEMONTID:0004603;CHEMONTID:0000323;CHEMONTID:0001831,Organic compounds;Organic oxygen compounds;Organooxygen compounds;Carbonyl compounds
3010,Dialkyl ethers,0.85,CHEMONTID:0001167,5,CHEMONTID:0000254,CHEMONTID:0000000;CHEMONTID:0004603;CHEMONTID:0000323;CHEMONTID:0000254;CHEMONTID:0001167,Organic compounds;Organic oxygen compounds;Organooxygen compounds;Ethers;Dialkyl ethers
11371,Primary alcohols,0.97,CHEMONTID:0000286,5,CHEMONTID:0000129,CHEMONTID:0000000;CHEMONTID:0004603;CHEMONTID:0000323;CHEMONTID:0000129;CHEMONTID:0000286,Organic compounds;Organic oxygen compounds;Organooxygen compounds;Alcohols and polyols;Primary alcohols
19703,Amines,0.87,CHEMONTID:0002449,4,CHEMONTID:0000278,CHEMONTID:0000000;CHEMONTID:0004707;CHEMONTID:0000278;CHEMONTID:0002449,Organic compounds;Organic nitrogen compounds;Organonitrogen compounds;Amines
14136,"1,3,5-triazines",0.99,CHEMONTID:0004105,4,CHEMONTID:0000098,CHEMONTID:0000000;CHEMONTID:0000002;CHEMONTID:0000098;CHEMONTID:0004105,"Organic compounds;Organoheterocyclic compounds;Triazines;1,3,5-triazines"
19660,Alpha amino acids and derivatives,1,CHEMONTID:0000060,6,CHEMONTID:0000347,CHEMONTID:0000000;CHEMONTID:0000264;CHEMONTID:0000265;CHEMONTID:0000013;CHEMONTID:0000347;CHEMONTID:0000060,"Organic compounds;Organic acids and derivatives;Carboxylic acids and derivatives;Amino acids, peptides, and analogues;Amino acids and derivatives;Alpha amino acids and derivatives"
6278,Benzodiazines,1,CHEMONTID:0004789,4,CHEMONTID:0004788,CHEMONTID:0000000;CHEMONTID:0000002;CHEMONTID:0004788;CHEMONTID:0004789,Organic compounds;Organoheterocyclic compounds;Diazanaphthalenes;Benzodiazines
12444,Carbonyl compounds,0.98,CHEMONTID:0001831,4,CHEMONTID:0000323,CHEMONTID:0000000;CHEMONTID:0004603;CHEMONTID:0000323;CHEMONTID:0001831,Organic compounds;Organic oxygen compounds;Organooxygen compounds;Carbonyl compounds
15449,Carbonyl compounds,0.83,CHEMONTID:0001831,4,CHEMONTID:0000323,CHEMONTID:0000000;CHEMONTID:0004603;CHEMONTID:0000323;CHEMONTID:0001831,Organic compounds;Organic oxygen compounds;Organooxygen compounds;Carbonyl compounds
13799,Carbonyl compounds,0.93,CHEMONTID:0001831,4,CHEMONTID:0000323,CHEMONTID:0000000;CHEMONTID:0004603;CHEMONTID:0000323;CHEMONTID:0001831,Organic compounds;Organic oxygen compounds;Organooxygen compounds;Carbonyl compounds
3393,Dialkyl ethers,0.86,CHEMONTID:0001167,5,CHEMONTID:0000254,CHEMONTID:0000000;CHEMONTID:0004603;CHEMONTID:0000323;CHEMONTID:0000254;CHEMONTID:0001167,Organic compounds;Organic oxygen compounds;Organooxygen compounds;Ethers;Dialkyl ethers
15251,Amines,0.99,CHEMONTID:0002449,4,CHEMONTID:0000278,CHEMONTID:0000000;CHEMONTID:0004707;CHEMONTID:0000278;CHEMONTID:0002449,Organic compounds;Organic nitrogen compounds;Organonitrogen compounds;Amines
2228,Alcohols and polyols,0.99,CHEMONTID:0000129,4,CHEMONTID:0000323,CHEMONTID:0000000;CHEMONTID:0004603;CHEMONTID:0000323;CHEMONTID:0000129,Organic compounds;Organic oxygen compounds;Organooxygen compounds;Alcohols and polyols
17990,Amines,0.92,CHEMONTID:0002449,4,CHEMONTID:0000278,CHEMONTID:0000000;CHEMONTID:0004707;CHEMONTID:0000278;CHEMONTID:0002449,Organic compounds;Organic nitrogen compounds;Organonitrogen compounds;Amines
5082,Alcohols and polyols,0.97,CHEMONTID:0000129,4,CHEMONTID:0000323,CHEMONTID:0000000;CHEMONTID:0004603;CHEMONTID:0000323;CHEMONTID:0000129,Organic compounds;Organic oxygen compounds;Organooxygen compounds;Alcohols and polyols
8007,Monoalkylamines,0.85,CHEMONTID:0000469,6,CHEMONTID:0002450,CHEMONTID:0000000;CHEMONTID:0004707;CHEMONTID:0000278;CHEMONTID:0002449;CHEMONTID:0002450;CHEMONTID:0000469,Organic compounds;Organic nitrogen compounds;Organonitrogen compounds;Amines;Primary amines;Monoalkylamines
12124,Carbonyl compounds,0.9,CHEMONTID:0001831,4,CHEMONTID:0000323,CHEMONTID:0000000;CHEMONTID:0004603;CHEMONTID:0000323;CHEMONTID:0001831,Organic compounds;Organic oxygen compounds;Organooxygen compounds;Carbonyl compounds
4846,Carboxylic acid derivatives,0.96,CHEMONTID:0001093,4,CHEMONTID:0000265,CHEMONTID:0000000;CHEMONTID:0000264;CHEMONTID:0000265;CHEMONTID:0001093,Organic compounds;Organic acids and derivatives;Carboxylic acids and derivatives;Carboxylic acid derivatives
18790,Amines,0.94,CHEMONTID:0002449,4,CHEMONTID:0000278,CHEMONTID:0000000;CHEMONTID:0004707;CHEMONTID:0000278;CHEMONTID:0002449,Organic compounds;Organic nitrogen compounds;Organonitrogen compounds;Amines
2673,Carbonyl compounds,0.86,CHEMONTID:0001831,4,CHEMONTID:0000323,CHEMONTID:0000000;CHEMONTID:0004603;CHEMONTID:0000323;CHEMONTID:0001831,Organic compounds;Organic oxygen compounds;Organooxygen compounds;Carbonyl compounds
7640,Monoalkylamines,0.97,CHEMONTID:0000469,6,CHEMONTID:0002450,CHEMONTID:0000000;CHEMONTID:0004707;CHEMONTID:0000278;CHEMONTID:0002449;CHEMONTID:0002450;CHEMONTID:0000469,Organic compounds;Organic nitrogen compounds;Organonitrogen compounds;Amines;Primary amines;Monoalkylamines
13537,Carbonyl compounds,0.92,CHEMONTID:0001831,4,CHEMONTID:0000323,CHEMONTID:0000000;CHEMONTID:0004603;CHEMONTID:0000323;CHEMONTID:0001831,Organic compounds;Organic oxygen compounds;Organooxygen compounds;Carbonyl compounds
3977,Alcohols and polyols,0.91,CHEMONTID:0000129,4,CHEMONTID:0000323,CHEMONTID:0000000;CHEMONTID:0004603;CHEMONTID:0000323;CHEMONTID:0000129,Organic compounds;Organic oxygen compounds;Organooxygen compounds;Alcohols and polyols
11255,Carboxylic acids,0.97,CHEMONTID:0001205,4,CHEMONTID:0000265,CHEMONTID:0000000;CHEMONTID:0000264;CHEMONTID:0000265;CHEMONTID:0001205,Organic compounds;Organic acids and derivatives;Carboxylic acids and derivatives;Carboxylic acids
19428,Alcohols and polyols,0.87,CHEMONTID:0000129,4,CHEMONTID:0000323,CHEMONTID:0000000;CHEMONTID:0004603;CHEMONTID:0000323;CHEMONTID:0000129,Organic compounds;Organic oxygen compounds;Organooxygen compounds;Alcohols and polyols
12132,Alcohols and polyols,0.84,CHEMONTID:0000129,4,CHEMONTID:0000323,CHEMONTID:0000000;CHEMONTID:0004603;CHEMONTID:0000323;CHEMONTID:0000129,Organic compounds;Organic oxygen compounds;Organooxygen compounds;Alcohols and polyols
2612,Carboxylic acid derivatives,0.86,CHEMONTID:0001093,4,CHEMONTID:0000265,CHEMONTID:0000000;CHEMONTID:0000264;CHEMONTID:0000265;CHEMONTID:0001093,Organic compounds;Organic acids and derivatives;Carboxylic acids and derivatives;Carboxylic acid derivatives
8963,Carboxylic acid derivatives,0.99,CHEMONTID:0001093,4,CHEMONTID:0000265,CHEMONTID:0000000;CHEMONTID:0000264;CHEMONTID:0000265;CHEMONTID:0001093,Organic compounds;Organic acids and derivatives;Carboxylic acids and derivatives;Carboxylic acid derivatives
17736,Alcohols and polyols,1,CHEMONTID:0000129,4,CHEMONTID:0000323,CHEMONTID:0000000;CHEMONTID:0004603;CHEMONTID:0000323;CHEMONTID:0000129,Organic compounds;Organic oxygen compounds;Organooxygen compounds;Alcohols and polyols
14784,Amines,0.99,CHEMONTID:0002449,4,CHEMONTID:0000278,CHEMONTID:0000000;CHEMONTID:0004707;CHEMONTID:0000278;CHEMONTID:0002449,Organic compounds;Organic nitrogen compounds;Organonitrogen compounds;Amines
19954,Amino acids and derivatives,0.96,CHEMONTID:0000347,5,CHEMONTID:0000013,CHEMONTID:0000000;CHEMONTID:0000264;CHEMONTID:0000265;CHEMONTID:0000013;CHEMONTID:0000347,"Organic compounds;Organic acids and derivatives;Carboxylic acids and derivatives;Amino acids, peptides, and analogues;Amino acids and derivatives"
18450,Primary amines,0.89,CHEMONTID:0002450,5,CHEMONTID:0002449,CHEMONTID:0000000;CHEMONTID:0004707;CHEMONTID:0000278;CHEMONTID:0002449;CHEMONTID:0002450,Organic compounds;Organic nitrogen compounds;Organonitrogen compounds;Amines;Primary amines
5682,Amino acids and derivatives,1,CHEMONTID:0000347,5,CHEMONTID:0000013,CHEMONTID:0000000;CHEMONTID:0000264;CHEMONTID:0000265;CHEMONTID:0000013;CHEMONTID:0000347,"Organic compounds;Organic acids and derivatives;Carboxylic acids and derivatives;Amino acids, peptides, and analogues;Amino acids and derivatives"
10148,Guanidines,0.86,CHEMONTID:0000375,4,CHEMONTID:0000278,CHEMONTID:0000000;CHEMONTID:0004707;CHEMONTID:0000278;CHEMONTID:0000375,Organic compounds;Organic nitrogen compounds;Organonitrogen compounds;Guanidines
9517,Alcohols and polyols,0.9,CHEMONTID:0000129,4,CHEMONTID:0000323,CHEMONTID:0000000;CHEMONTID:0004603;CHEMONTID:0000323;CHEMONTID:0000129,Organic compounds;Organic oxygen compounds;Organooxygen compounds;Alcohols and polyols
2536,6-alkylaminopurines,0.99,CHEMONTID:0003454,6,CHEMONTID:0002987,CHEMONTID:0000000;CHEMONTID:0000002;CHEMONTID:0001797;CHEMONTID:0000245;CHEMONTID:0002987;CHEMONTID:0003454,Organic compounds;Organoheterocyclic compounds;Imidazopyrimidines;Purines and purine derivatives;6-aminopurines;6-alkylaminopurines
9011,Primary amines,0.99,CHEMONTID:0002450,5,CHEMONTID:0002449,CHEMONTID:0000000;CHEMONTID:0004707;CHEMONTID:0000278;CHEMONTID:0002449;CHEMONTID:0002450,Organic compounds;Organic nitrogen compounds;Organonitrogen compounds;Amines;Primary amines
20415,Pyranones and derivatives,0.97,CHEMONTID:0000481,4,CHEMONTID:0000086,CHEMONTID:0000000;CHEMONTID:0000002;CHEMONTID:0000086;CHEMONTID:0000481,Organic compounds;Organoheterocyclic compounds;Pyrans;Pyranones and derivatives
4097,Carbohydrates and carbohydrate conjugates,1,CHEMONTID:0000011,4,CHEMONTID:0000323,CHEMONTID:0000000;CHEMONTID:0004603;CHEMONTID:0000323;CHEMONTID:0000011,Organic compounds;Organic oxygen compounds;Organooxygen compounds;Carbohydrates and carbohydrate conjugates
382,Dialkyl ethers,0.91,CHEMONTID:0001167,5,CHEMONTID:0000254,CHEMONTID:0000000;CHEMONTID:0004603;CHEMONTID:0000323;CHEMONTID:0000254;CHEMONTID:0001167,Organic compounds;Organic oxygen compounds;Organooxygen compounds;Ethers;Dialkyl ethers
19233,Carboxylic acid derivatives,0.97,CHEMONTID:0001093,4,CHEMONTID:0000265,CHEMONTID:0000000;CHEMONTID:0000264;CHEMONTID:0000265;CHEMONTID:0001093,Organic compounds;Organic acids and derivatives;Carboxylic acids and derivatives;Carboxylic acid derivatives
16073,Amines,0.99,CHEMONTID:0002449,4,CHEMONTID:0000278,CHEMONTID:0000000;CHEMONTID:0004707;CHEMONTID:0000278;CHEMONTID:0002449,Organic compounds;Organic nitrogen compounds;Organonitrogen compounds;Amines
6405,Carbonyl compounds,0.86,CHEMONTID:0001831,4,CHEMONTID:0000323,CHEMONTID:0000000;CHEMONTID:0004603;CHEMONTID:0000323;CHEMONTID:0001831,Organic compounds;Organic oxygen compounds;Organooxygen compounds;Carbonyl compounds
20581,Carbonyl compounds,0.96,CHEMONTID:0001831,4,CHEMONTID:0000323,CHEMONTID:0000000;CHEMONTID:0004603;CHEMONTID:0000323;CHEMONTID:0001831,Organic compounds;Organic oxygen compounds;Organooxygen compounds;Carbonyl compounds
14549,Ethers,0.99,CHEMONTID:0000254,4,CHEMONTID:0000323,CHEMONTID:0000000;CHEMONTID:0004603;CHEMONTID:0000323;CHEMONTID:0000254,Organic compounds;Organic oxygen compounds;Organooxygen compounds;Ethers
6706,Carboxylic acid derivatives,0.96,CHEMONTID:0001093,4,CHEMONTID:0000265,CHEMONTID:0000000;CHEMONTID:0000264;CHEMONTID:0000265;CHEMONTID:0001093,Organic compounds;Organic acids and derivatives;Carboxylic acids and derivatives;Carboxylic acid derivatives
7997,Carboxylic acid derivatives,1,CHEMONTID:0001093,4,CHEMONTID:0000265,CHEMONTID:0000000;CHEMONTID:0000264;CHEMONTID:0000265;CHEMONTID:0001093,Organic compounds;Organic acids and derivatives;Carboxylic acids and derivatives;Carboxylic acid derivatives
9806,Carbonyl compounds,0.99,CHEMONTID:0001831,4,CHEMONTID:0000323,CHEMONTID:0000000;CHEMONTID:0004603;CHEMONTID:0000323;CHEMONTID:0001831,Organic compounds;Organic oxygen compounds;Organooxygen compounds;Carbonyl compounds
8553,Carbonyl compounds,0.97,CHEMONTID:0001831,4,CHEMONTID:0000323,CHEMONTID:0000000;CHEMONTID:0004603;CHEMONTID:0000323;CHEMONTID:0001831,Organic compounds;Organic oxygen compounds;Organooxygen compounds;Carbonyl compounds
10531,Primary amines,0.89,CHEMONTID:0002450,5,CHEMONTID:0002449,CHEMONTID:0000000;CHEMONTID:0004707;CHEMONTID:0000278;CHEMONTID:0002449;CHEMONTID:0002450,Organic compounds;Organic nitrogen compounds;Organonitrogen compounds;Amines;Primary amines
19780,Carbonyl compounds,0.98,CHEMONTID:0001831,4,CHEMONTID:0000323,CHEMONTID:0000000;CHEMONTID:0004603;CHEMONTID:0000323;CHEMONTID:0001831,Organic compounds;Organic oxygen compounds;Organooxygen compounds;Carbonyl compounds
3452,Fatty acids and conjugates,0.86,CHEMONTID:0000262,4,CHEMONTID:0003909,CHEMONTID:0000000;CHEMONTID:0000012;CHEMONTID:0003909;CHEMONTID:0000262,Organic compounds;Lipids and lipid-like molecules;Fatty Acyls;Fatty acids and conjugates
8012,Monoalkylamines,0.99,CHEMONTID:0000469,6,CHEMONTID:0002450,CHEMONTID:0000000;CHEMONTID:0004707;CHEMONTID:0000278;CHEMONTID:0002449;CHEMONTID:0002450;CHEMONTID:0000469,Organic compounds;Organic nitrogen compounds;Organonitrogen compounds;Amines;Primary amines;Monoalkylamines
18082,Carboxylic acid derivatives,0.98,CHEMONTID:0001093,4,CHEMONTID:0000265,CHEMONTID:0000000;CHEMONTID:0000264;CHEMONTID:0000265;CHEMONTID:0001093,Organic compounds;Organic acids and derivatives;Carboxylic acids and derivatives;Carboxylic acid derivatives
20340,Carboxylic acid derivatives,0.89,CHEMONTID:0001093,4,CHEMONTID:0000265,CHEMONTID:0000000;CHEMONTID:0000264;CHEMONTID:0000265;CHEMONTID:0001093,Organic compounds;Organic acids and derivatives;Carboxylic acids and derivatives;Carboxylic acid derivatives
18096,Dialkyl ethers,0.97,CHEMONTID:0001167,5,CHEMONTID:0000254,CHEMONTID:0000000;CHEMONTID:0004603;CHEMONTID:0000323;CHEMONTID:0000254;CHEMONTID:0001167,Organic compounds;Organic oxygen compounds;Organooxygen compounds;Ethers;Dialkyl ethers
18636,Carboxylic acid derivatives,0.89,CHEMONTID:0001093,4,CHEMONTID:0000265,CHEMONTID:0000000;CHEMONTID:0000264;CHEMONTID:0000265;CHEMONTID:0001093,Organic compounds;Organic acids and derivatives;Carboxylic acids and derivatives;Carboxylic acid derivatives
1578,Monoalkylamines,0.95,CHEMONTID:0000469,6,CHEMONTID:0002450,CHEMONTID:0000000;CHEMONTID:0004707;CHEMONTID:0000278;CHEMONTID:0002449;CHEMONTID:0002450;CHEMONTID:0000469,Organic compounds;Organic nitrogen compounds;Organonitrogen compounds;Amines;Primary amines;Monoalkylamines
9444,Amines,1,CHEMONTID:0002449,4,CHEMONTID:0000278,CHEMONTID:0000000;CHEMONTID:0004707;CHEMONTID:0000278;CHEMONTID:0002449,Organic compounds;Organic nitrogen compounds;Organonitrogen compounds;Amines
12473,Carbonyl compounds,0.97,CHEMONTID:0001831,4,CHEMONTID:0000323,CHEMONTID:0000000;CHEMONTID:0004603;CHEMONTID:0000323;CHEMONTID:0001831,Organic compounds;Organic oxygen compounds;Organooxygen compounds;Carbonyl compounds
14840,Carbonyl compounds,0.9,CHEMONTID:0001831,4,CHEMONTID:0000323,CHEMONTID:0000000;CHEMONTID:0004603;CHEMONTID:0000323;CHEMONTID:0001831,Organic compounds;Organic oxygen compounds;Organooxygen compounds;Carbonyl compounds
12966,Carbonyl compounds,0.94,CHEMONTID:0001831,4,CHEMONTID:0000323,CHEMONTID:0000000;CHEMONTID:0004603;CHEMONTID:0000323;CHEMONTID:0001831,Organic compounds;Organic oxygen compounds;Organooxygen compounds;Carbonyl compounds
19695,Alcohols and polyols,0.92,CHEMONTID:0000129,4,CHEMONTID:0000323,CHEMONTID:0000000;CHEMONTID:0004603;CHEMONTID:0000323;CHEMONTID:0000129,Organic compounds;Organic oxygen compounds;Organooxygen compounds;Alcohols and polyols
6892,Carbohydrates and carbohydrate conjugates,1,CHEMONTID:0000011,4,CHEMONTID:0000323,CHEMONTID:0000000;CHEMONTID:0004603;CHEMONTID:0000323;CHEMONTID:0000011,Organic compounds;Organic oxygen compounds;Organooxygen compounds;Carbohydrates and carbohydrate conjugates
2397,Carbonyl compounds,0.97,CHEMONTID:0001831,4,CHEMONTID:0000323,CHEMONTID:0000000;CHEMONTID:0004603;CHEMONTID:0000323;CHEMONTID:0001831,Organic compounds;Organic oxygen compounds;Organooxygen compounds;Carbonyl compounds
13899,Alkyl phosphates,1,CHEMONTID:0003457,5,CHEMONTID:0000408,CHEMONTID:0000000;CHEMONTID:0000264;CHEMONTID:0000402;CHEMONTID:0000408;CHEMONTID:0003457,Organic compounds;Organic acids and derivatives;Organic phosphoric acids and derivatives;Phosphate esters;Alkyl phosphates
2275,Amines,0.91,CHEMONTID:0002449,4,CHEMONTID:0000278,CHEMONTID:0000000;CHEMONTID:0004707;CHEMONTID:0000278;CHEMONTID:0002449,Organic compounds;Organic nitrogen compounds;Organonitrogen compounds;Amines
15994,Carbonyl compounds,0.85,CHEMONTID:0001831,4,CHEMONTID:0000323,CHEMONTID:0000000;CHEMONTID:0004603;CHEMONTID:0000323;CHEMONTID:0001831,Organic compounds;Organic oxygen compounds;Organooxygen compounds;Carbonyl compounds
1976,Olefins,0.9,CHEMONTID:0002838,4,CHEMONTID:0004475,CHEMONTID:0000000;CHEMONTID:0002837;CHEMONTID:0004475;CHEMONTID:0002838,Organic compounds;Hydrocarbons;Unsaturated hydrocarbons;Olefins
12602,Monoalkylamines,0.92,CHEMONTID:0000469,6,CHEMONTID:0002450,CHEMONTID:0000000;CHEMONTID:0004707;CHEMONTID:0000278;CHEMONTID:0002449;CHEMONTID:0002450;CHEMONTID:0000469,Organic compounds;Organic nitrogen compounds;Organonitrogen compounds;Amines;Primary amines;Monoalkylamines
15115,Carbonyl compounds,0.96,CHEMONTID:0001831,4,CHEMONTID:0000323,CHEMONTID:0000000;CHEMONTID:0004603;CHEMONTID:0000323;CHEMONTID:0001831,Organic compounds;Organic oxygen compounds;Organooxygen compounds;Carbonyl compounds
7220,Pyrimidines and pyrimidine derivatives,0.95,CHEMONTID:0000075,4,CHEMONTID:0001346,CHEMONTID:0000000;CHEMONTID:0000002;CHEMONTID:0001346;CHEMONTID:0000075,Organic compounds;Organoheterocyclic compounds;Diazines;Pyrimidines and pyrimidine derivatives
9323,Primary amines,0.99,CHEMONTID:0002450,5,CHEMONTID:0002449,CHEMONTID:0000000;CHEMONTID:0004707;CHEMONTID:0000278;CHEMONTID:0002449;CHEMONTID:0002450,Organic compounds;Organic nitrogen compounds;Organonitrogen compounds;Amines;Primary amines
20285,Triazoles,0.89,CHEMONTID:0000099,4,CHEMONTID:0000436,CHEMONTID:0000000;CHEMONTID:0000002;CHEMONTID:0000436;CHEMONTID:0000099,Organic compounds;Organoheterocyclic compounds;Azoles;Triazoles
16032,Methyl esters,0.93,CHEMONTID:0003416,6,CHEMONTID:0001238,CHEMONTID:0000000;CHEMONTID:0000264;CHEMONTID:0000265;CHEMONTID:0001093;CHEMONTID:0001238;CHEMONTID:0003416,Organic compounds;Organic acids and derivatives;Carboxylic acids and derivatives;Carboxylic acid derivatives;Carboxylic acid esters;Methyl esters
18706,Organic phosphonic acids,0.94,CHEMONTID:0001302,4,CHEMONTID:0000419,CHEMONTID:0000000;CHEMONTID:0000264;CHEMONTID:0000419;CHEMONTID:0001302,Organic compounds;Organic acids and derivatives;Organic phosphonic acids and derivatives;Organic phosphonic acids
16620,Dialkyl ethers,0.94,CHEMONTID:0001167,5,CHEMONTID:0000254,CHEMONTID:0000000;CHEMONTID:0004603;CHEMONTID:0000323;CHEMONTID:0000254;CHEMONTID:0001167,Organic compounds;Organic oxygen compounds;Organooxygen compounds;Ethers;Dialkyl ethers
14533,Carbohydrates and carbohydrate conjugates,1,CHEMONTID:0000011,4,CHEMONTID:0000323,CHEMONTID:0000000;CHEMONTID:0004603;CHEMONTID:0000323;CHEMONTID:0000011,Organic compounds;Organic oxygen compounds;Organooxygen compounds;Carbohydrates and carbohydrate conjugates
6237,Carbonyl compounds,0.9,CHEMONTID:0001831,4,CHEMONTID:0000323,CHEMONTID:0000000;CHEMONTID:0004603;CHEMONTID:0000323;CHEMONTID:0001831,Organic compounds;Organic oxygen compounds;Organooxygen compounds;Carbonyl compounds
3201,Carboxylic acid derivatives,0.92,CHEMONTID:0001093,4,CHEMONTID:0000265,CHEMONTID:0000000;CHEMONTID:0000264;CHEMONTID:0000265;CHEMONTID:0001093,Organic compounds;Organic acids and derivatives;Carboxylic acids and derivatives;Carboxylic acid derivatives
993,Carbonyl compounds,0.89,CHEMONTID:0001831,4,CHEMONTID:0000323,CHEMONTID:0000000;CHEMONTID:0004603;CHEMONTID:0000323;CHEMONTID:0001831,Organic compounds;Organic oxygen compounds;Organooxygen compounds;Carbonyl compounds
8343,Monocarboxylic acids and derivatives,0.91,CHEMONTID:0001137,4,CHEMONTID:0000265,CHEMONTID:0000000;CHEMONTID:0000264;CHEMONTID:0000265;CHEMONTID:0001137,Organic compounds;Organic acids and derivatives;Carboxylic acids and derivatives;Monocarboxylic acids and derivatives
1902,Carboxylic acid derivatives,0.95,CHEMONTID:0001093,4,CHEMONTID:0000265,CHEMONTID:0000000;CHEMONTID:0000264;CHEMONTID:0000265;CHEMONTID:0001093,Organic compounds;Organic acids and derivatives;Carboxylic acids and derivatives;Carboxylic acid derivatives
6287,Amines,0.93,CHEMONTID:0002449,4,CHEMONTID:0000278,CHEMONTID:0000000;CHEMONTID:0004707;CHEMONTID:0000278;CHEMONTID:0002449,Organic compounds;Organic nitrogen compounds;Organonitrogen compounds;Amines
5172,Phosphate esters,1,CHEMONTID:0000408,4,CHEMONTID:0000402,CHEMONTID:0000000;CHEMONTID:0000264;CHEMONTID:0000402;CHEMONTID:0000408,Organic compounds;Organic acids and derivatives;Organic phosphoric acids and derivatives;Phosphate esters
5104,Carbonyl compounds,0.89,CHEMONTID:0001831,4,CHEMONTID:0000323,CHEMONTID:0000000;CHEMONTID:0004603;CHEMONTID:0000323;CHEMONTID:0001831,Organic compounds;Organic oxygen compounds;Organooxygen compounds;Carbonyl compounds
9308,Carbonyl compounds,0.99,CHEMONTID:0001831,4,CHEMONTID:0000323,CHEMONTID:0000000;CHEMONTID:0004603;CHEMONTID:0000323;CHEMONTID:0001831,Organic compounds;Organic oxygen compounds;Organooxygen compounds;Carbonyl compounds
18692,Alcohols and polyols,0.82,CHEMONTID:0000129,4,CHEMONTID:0000323,CHEMONTID:0000000;CHEMONTID:0004603;CHEMONTID:0000323;CHEMONTID:0000129,Organic compounds;Organic oxygen compounds;Organooxygen compounds;Alcohols and polyols
8308,Carboxylic acid derivatives,0.99,CHEMONTID:0001093,4,CHEMONTID:0000265,CHEMONTID:0000000;CHEMONTID:0000264;CHEMONTID:0000265;CHEMONTID:0001093,Organic compounds;Organic acids and derivatives;Carboxylic acids and derivatives;Carboxylic acid derivatives
10576,Carbonyl compounds,0.8,CHEMONTID:0001831,4,CHEMONTID:0000323,CHEMONTID:0000000;CHEMONTID:0004603;CHEMONTID:0000323;CHEMONTID:0001831,Organic compounds;Organic oxygen compounds;Organooxygen compounds;Carbonyl compounds
18569,Carboxylic acid derivatives,0.91,CHEMONTID:0001093,4,CHEMONTID:0000265,CHEMONTID:0000000;CHEMONTID:0000264;CHEMONTID:0000265;CHEMONTID:0001093,Organic compounds;Organic acids and derivatives;Carboxylic acids and derivatives;Carboxylic acid derivatives
3607,Carboxylic acid derivatives,0.92,CHEMONTID:0001093,4,CHEMONTID:0000265,CHEMONTID:0000000;CHEMONTID:0000264;CHEMONTID:0000265;CHEMONTID:0001093,Organic compounds;Organic acids and derivatives;Carboxylic acids and derivatives;Carboxylic acid derivatives
9120,Monocarboxylic acids and derivatives,0.8,CHEMONTID:0001137,4,CHEMONTID:0000265,CHEMONTID:0000000;CHEMONTID:0000264;CHEMONTID:0000265;CHEMONTID:0001137,Organic compounds;Organic acids and derivatives;Carboxylic acids and derivatives;Monocarboxylic acids and derivatives
17504,Carbonyl compounds,0.85,CHEMONTID:0001831,4,CHEMONTID:0000323,CHEMONTID:0000000;CHEMONTID:0004603;CHEMONTID:0000323;CHEMONTID:0001831,Organic compounds;Organic oxygen compounds;Organooxygen compounds;Carbonyl compounds
4338,Carbonyl compounds,0.96,CHEMONTID:0001831,4,CHEMONTID:0000323,CHEMONTID:0000000;CHEMONTID:0004603;CHEMONTID:0000323;CHEMONTID:0001831,Organic compounds;Organic oxygen compounds;Organooxygen compounds;Carbonyl compounds
17984,Carboxylic acid derivatives,0.99,CHEMONTID:0001093,4,CHEMONTID:0000265,CHEMONTID:0000000;CHEMONTID:0000264;CHEMONTID:0000265;CHEMONTID:0001093,Organic compounds;Organic acids and derivatives;Carboxylic acids and derivatives;Carboxylic acid derivatives
19317,Guanidines,1,CHEMONTID:0000375,4,CHEMONTID:0000278,CHEMONTID:0000000;CHEMONTID:0004707;CHEMONTID:0000278;CHEMONTID:0000375,Organic compounds;Organic nitrogen compounds;Organonitrogen compounds;Guanidines
6163,Alcohols and polyols,0.8,CHEMONTID:0000129,4,CHEMONTID:0000323,CHEMONTID:0000000;CHEMONTID:0004603;CHEMONTID:0000323;CHEMONTID:0000129,Organic compounds;Organic oxygen compounds;Organooxygen compounds;Alcohols and polyols
7645,Alcohols and polyols,0.9,CHEMONTID:0000129,4,CHEMONTID:0000323,CHEMONTID:0000000;CHEMONTID:0004603;CHEMONTID:0000323;CHEMONTID:0000129,Organic compounds;Organic oxygen compounds;Organooxygen compounds;Alcohols and polyols
19775,Amines,0.89,CHEMONTID:0002449,4,CHEMONTID:0000278,CHEMONTID:0000000;CHEMONTID:0004707;CHEMONTID:0000278;CHEMONTID:0002449,Organic compounds;Organic nitrogen compounds;Organonitrogen compounds;Amines
14863,Monocarboxylic acids and derivatives,0.82,CHEMONTID:0001137,4,CHEMONTID:0000265,CHEMONTID:0000000;CHEMONTID:0000264;CHEMONTID:0000265;CHEMONTID:0001137,Organic compounds;Organic acids and derivatives;Carboxylic acids and derivatives;Monocarboxylic acids and derivatives
11365,Amines,0.84,CHEMONTID:0002449,4,CHEMONTID:0000278,CHEMONTID:0000000;CHEMONTID:0004707;CHEMONTID:0000278;CHEMONTID:0002449,Organic compounds;Organic nitrogen compounds;Organonitrogen compounds;Amines
16329,Dialkyl ethers,0.96,CHEMONTID:0001167,5,CHEMONTID:0000254,CHEMONTID:0000000;CHEMONTID:0004603;CHEMONTID:0000323;CHEMONTID:0000254;CHEMONTID:0001167,Organic compounds;Organic oxygen compounds;Organooxygen compounds;Ethers;Dialkyl ethers
7835,Carbonyl compounds,0.94,CHEMONTID:0001831,4,CHEMONTID:0000323,CHEMONTID:0000000;CHEMONTID:0004603;CHEMONTID:0000323;CHEMONTID:0001831,Organic compounds;Organic oxygen compounds;Organooxygen compounds;Carbonyl compounds
19410,Pyrimidines and pyrimidine derivatives,0.98,CHEMONTID:0000075,4,CHEMONTID:0001346,CHEMONTID:0000000;CHEMONTID:0000002;CHEMONTID:0001346;CHEMONTID:0000075,Organic compounds;Organoheterocyclic compounds;Diazines;Pyrimidines and pyrimidine derivatives
14596,Amines,0.99,CHEMONTID:0002449,4,CHEMONTID:0000278,CHEMONTID:0000000;CHEMONTID:0004707;CHEMONTID:0000278;CHEMONTID:0002449,Organic compounds;Organic nitrogen compounds;Organonitrogen compounds;Amines
3181,Carbonyl compounds,0.98,CHEMONTID:0001831,4,CHEMONTID:0000323,CHEMONTID:0000000;CHEMONTID:0004603;CHEMONTID:0000323;CHEMONTID:0001831,Organic compounds;Organic oxygen compounds;Organooxygen compounds;Carbonyl compounds
15537,Guanidines,0.82,CHEMONTID:0000375,4,CHEMONTID:0000278,CHEMONTID:0000000;CHEMONTID:0004707;CHEMONTID:0000278;CHEMONTID:0000375,Organic compounds;Organic nitrogen compounds;Organonitrogen compounds;Guanidines
3149,Carbonyl compounds,0.94,CHEMONTID:0001831,4,CHEMONTID:0000323,CHEMONTID:0000000;CHEMONTID:0004603;CHEMONTID:0000323;CHEMONTID:0001831,Organic compounds;Organic oxygen compounds;Organooxygen compounds;Carbonyl compounds
14762,Amines,0.96,CHEMONTID:0002449,4,CHEMONTID:0000278,CHEMONTID:0000000;CHEMONTID:0004707;CHEMONTID:0000278;CHEMONTID:0002449,Organic compounds;Organic nitrogen compounds;Organonitrogen compounds;Amines
12114,Carbonyl compounds,0.95,CHEMONTID:0001831,4,CHEMONTID:0000323,CHEMONTID:0000000;CHEMONTID:0004603;CHEMONTID:0000323;CHEMONTID:0001831,Organic compounds;Organic oxygen compounds;Organooxygen compounds;Carbonyl compounds
12102,Pyrimidines and pyrimidine derivatives,0.95,CHEMONTID:0000075,4,CHEMONTID:0001346,CHEMONTID:0000000;CHEMONTID:0000002;CHEMONTID:0001346;CHEMONTID:0000075,Organic compounds;Organoheterocyclic compounds;Diazines;Pyrimidines and pyrimidine derivatives
9961,Carboxylic acid derivatives,0.95,CHEMONTID:0001093,4,CHEMONTID:0000265,CHEMONTID:0000000;CHEMONTID:0000264;CHEMONTID:0000265;CHEMONTID:0001093,Organic compounds;Organic acids and derivatives;Carboxylic acids and derivatives;Carboxylic acid derivatives
16334,Amino acids and derivatives,0.93,CHEMONTID:0000347,5,CHEMONTID:0000013,CHEMONTID:0000000;CHEMONTID:0000264;CHEMONTID:0000265;CHEMONTID:0000013;CHEMONTID:0000347,"Organic compounds;Organic acids and derivatives;Carboxylic acids and derivatives;Amino acids, peptides, and analogues;Amino acids and derivatives"
12372,Carboxylic acid derivatives,0.88,CHEMONTID:0001093,4,CHEMONTID:0000265,CHEMONTID:0000000;CHEMONTID:0000264;CHEMONTID:0000265;CHEMONTID:0001093,Organic compounds;Organic acids and derivatives;Carboxylic acids and derivatives;Carboxylic acid derivatives
20719,Primary amines,0.84,CHEMONTID:0002450,5,CHEMONTID:0002449,CHEMONTID:0000000;CHEMONTID:0004707;CHEMONTID:0000278;CHEMONTID:0002449;CHEMONTID:0002450,Organic compounds;Organic nitrogen compounds;Organonitrogen compounds;Amines;Primary amines
14045,Alcohols and polyols,0.87,CHEMONTID:0000129,4,CHEMONTID:0000323,CHEMONTID:0000000;CHEMONTID:0004603;CHEMONTID:0000323;CHEMONTID:0000129,Organic compounds;Organic oxygen compounds;Organooxygen compounds;Alcohols and polyols
15687,Carbonyl compounds,0.97,CHEMONTID:0001831,4,CHEMONTID:0000323,CHEMONTID:0000000;CHEMONTID:0004603;CHEMONTID:0000323;CHEMONTID:0001831,Organic compounds;Organic oxygen compounds;Organooxygen compounds;Carbonyl compounds
19341,N-acyl amines,0.97,CHEMONTID:0001096,5,CHEMONTID:0000331,CHEMONTID:0000000;CHEMONTID:0000012;CHEMONTID:0003909;CHEMONTID:0000331;CHEMONTID:0001096,Organic compounds;Lipids and lipid-like molecules;Fatty Acyls;Fatty amides;N-acyl amines
14126,Amines,0.86,CHEMONTID:0002449,4,CHEMONTID:0000278,CHEMONTID:0000000;CHEMONTID:0004707;CHEMONTID:0000278;CHEMONTID:0002449,Organic compounds;Organic nitrogen compounds;Organonitrogen compounds;Amines
9254,Amines,0.86,CHEMONTID:0002449,4,CHEMONTID:0000278,CHEMONTID:0000000;CHEMONTID:0004707;CHEMONTID:0000278;CHEMONTID:0002449,Organic compounds;Organic nitrogen compounds;Organonitrogen compounds;Amines
20657,"1,3,5-triazines",0.88,CHEMONTID:0004105,4,CHEMONTID:0000098,CHEMONTID:0000000;CHEMONTID:0000002;CHEMONTID:0000098;CHEMONTID:0004105,"Organic compounds;Organoheterocyclic compounds;Triazines;1,3,5-triazines"
11296,Monoalkylamines,1,CHEMONTID:0000469,6,CHEMONTID:0002450,CHEMONTID:0000000;CHEMONTID:0004707;CHEMONTID:0000278;CHEMONTID:0002449;CHEMONTID:0002450;CHEMONTID:0000469,Organic compounds;Organic nitrogen compounds;Organonitrogen compounds;Amines;Primary amines;Monoalkylamines
3642,Carboxylic acid derivatives,0.97,CHEMONTID:0001093,4,CHEMONTID:0000265,CHEMONTID:0000000;CHEMONTID:0000264;CHEMONTID:0000265;CHEMONTID:0001093,Organic compounds;Organic acids and derivatives;Carboxylic acids and derivatives;Carboxylic acid derivatives
13449,Guanidines,0.99,CHEMONTID:0000375,4,CHEMONTID:0000278,CHEMONTID:0000000;CHEMONTID:0004707;CHEMONTID:0000278;CHEMONTID:0000375,Organic compounds;Organic nitrogen compounds;Organonitrogen compounds;Guanidines
18575,Carbonyl compounds,0.85,CHEMONTID:0001831,4,CHEMONTID:0000323,CHEMONTID:0000000;CHEMONTID:0004603;CHEMONTID:0000323;CHEMONTID:0001831,Organic compounds;Organic oxygen compounds;Organooxygen compounds;Carbonyl compounds
17689,Alkyl phosphates,0.98,CHEMONTID:0003457,5,CHEMONTID:0000408,CHEMONTID:0000000;CHEMONTID:0000264;CHEMONTID:0000402;CHEMONTID:0000408;CHEMONTID:0003457,Organic compounds;Organic acids and derivatives;Organic phosphoric acids and derivatives;Phosphate esters;Alkyl phosphates
16566,Purines and purine derivatives,0.99,CHEMONTID:0000245,4,CHEMONTID:0001797,CHEMONTID:0000000;CHEMONTID:0000002;CHEMONTID:0001797;CHEMONTID:0000245,Organic compounds;Organoheterocyclic compounds;Imidazopyrimidines;Purines and purine derivatives
13020,Carbonyl compounds,0.87,CHEMONTID:0001831,4,CHEMONTID:0000323,CHEMONTID:0000000;CHEMONTID:0004603;CHEMONTID:0000323;CHEMONTID:0001831,Organic compounds;Organic oxygen compounds;Organooxygen compounds;Carbonyl compounds
16125,Methyl esters,0.99,CHEMONTID:0003416,6,CHEMONTID:0001238,CHEMONTID:0000000;CHEMONTID:0000264;CHEMONTID:0000265;CHEMONTID:0001093;CHEMONTID:0001238;CHEMONTID:0003416,Organic compounds;Organic acids and derivatives;Carboxylic acids and derivatives;Carboxylic acid derivatives;Carboxylic acid esters;Methyl esters
18484,"1,2-diacylglycerols",0.88,CHEMONTID:0001644,6,CHEMONTID:0001129,CHEMONTID:0000000;CHEMONTID:0000012;CHEMONTID:0000175;CHEMONTID:0003809;CHEMONTID:0001129;CHEMONTID:0001644,"Organic compounds;Lipids and lipid-like molecules;Glycerolipids;Diradylglycerols;Diacylglycerols;1,2-diacylglycerols"
4812,Amines,0.98,CHEMONTID:0002449,4,CHEMONTID:0000278,CHEMONTID:0000000;CHEMONTID:0004707;CHEMONTID:0000278;CHEMONTID:0002449,Organic compounds;Organic nitrogen compounds;Organonitrogen compounds;Amines
7667,Carbonyl compounds,0.83,CHEMONTID:0001831,4,CHEMONTID:0000323,CHEMONTID:0000000;CHEMONTID:0004603;CHEMONTID:0000323;CHEMONTID:0001831,Organic compounds;Organic oxygen compounds;Organooxygen compounds;Carbonyl compounds
19562,Carbonyl compounds,0.94,CHEMONTID:0001831,4,CHEMONTID:0000323,CHEMONTID:0000000;CHEMONTID:0004603;CHEMONTID:0000323;CHEMONTID:0001831,Organic compounds;Organic oxygen compounds;Organooxygen compounds;Carbonyl compounds
10369,Primary amines,0.99,CHEMONTID:0002450,5,CHEMONTID:0002449,CHEMONTID:0000000;CHEMONTID:0004707;CHEMONTID:0000278;CHEMONTID:0002449;CHEMONTID:0002450,Organic compounds;Organic nitrogen compounds;Organonitrogen compounds;Amines;Primary amines
7709,Carbonyl compounds,0.99,CHEMONTID:0001831,4,CHEMONTID:0000323,CHEMONTID:0000000;CHEMONTID:0004603;CHEMONTID:0000323;CHEMONTID:0001831,Organic compounds;Organic oxygen compounds;Organooxygen compounds;Carbonyl compounds
9297,Alcohols and polyols,0.9,CHEMONTID:0000129,4,CHEMONTID:0000323,CHEMONTID:0000000;CHEMONTID:0004603;CHEMONTID:0000323;CHEMONTID:0000129,Organic compounds;Organic oxygen compounds;Organooxygen compounds;Alcohols and polyols
12676,Alcohols and polyols,0.92,CHEMONTID:0000129,4,CHEMONTID:0000323,CHEMONTID:0000000;CHEMONTID:0004603;CHEMONTID:0000323;CHEMONTID:0000129,Organic compounds;Organic oxygen compounds;Organooxygen compounds;Alcohols and polyols
5075,Fatty acid methyl esters,0.98,CHEMONTID:0003417,5,CHEMONTID:0000324,CHEMONTID:0000000;CHEMONTID:0000012;CHEMONTID:0003909;CHEMONTID:0000324;CHEMONTID:0003417,Organic compounds;Lipids and lipid-like molecules;Fatty Acyls;Fatty acid esters;Fatty acid methyl esters
8712,Carbonyl compounds,0.9,CHEMONTID:0001831,4,CHEMONTID:0000323,CHEMONTID:0000000;CHEMONTID:0004603;CHEMONTID:0000323;CHEMONTID:0001831,Organic compounds;Organic oxygen compounds;Organooxygen compounds;Carbonyl compounds
3715,Alcohols and polyols,0.97,CHEMONTID:0000129,4,CHEMONTID:0000323,CHEMONTID:0000000;CHEMONTID:0004603;CHEMONTID:0000323;CHEMONTID:0000129,Organic compounds;Organic oxygen compounds;Organooxygen compounds;Alcohols and polyols
9641,Monocarboxylic acids and derivatives,0.8,CHEMONTID:0001137,4,CHEMONTID:0000265,CHEMONTID:0000000;CHEMONTID:0000264;CHEMONTID:0000265;CHEMONTID:0001137,Organic compounds;Organic acids and derivatives;Carboxylic acids and derivatives;Monocarboxylic acids and derivatives
16695,"1,3,5-triazines",1,CHEMONTID:0004105,4,CHEMONTID:0000098,CHEMONTID:0000000;CHEMONTID:0000002;CHEMONTID:0000098;CHEMONTID:0004105,"Organic compounds;Organoheterocyclic compounds;Triazines;1,3,5-triazines"
6800,Carboxylic acid derivatives,0.98,CHEMONTID:0001093,4,CHEMONTID:0000265,CHEMONTID:0000000;CHEMONTID:0000264;CHEMONTID:0000265;CHEMONTID:0001093,Organic compounds;Organic acids and derivatives;Carboxylic acids and derivatives;Carboxylic acid derivatives
8572,Alcohols and polyols,0.94,CHEMONTID:0000129,4,CHEMONTID:0000323,CHEMONTID:0000000;CHEMONTID:0004603;CHEMONTID:0000323;CHEMONTID:0000129,Organic compounds;Organic oxygen compounds;Organooxygen compounds;Alcohols and polyols
12052,Trialkylamines,0.86,CHEMONTID:0002239,6,CHEMONTID:0002452,CHEMONTID:0000000;CHEMONTID:0004707;CHEMONTID:0000278;CHEMONTID:0002449;CHEMONTID:0002452;CHEMONTID:0002239,Organic compounds;Organic nitrogen compounds;Organonitrogen compounds;Amines;Tertiary amines;Trialkylamines
11086,Carboxylic acid derivatives,0.98,CHEMONTID:0001093,4,CHEMONTID:0000265,CHEMONTID:0000000;CHEMONTID:0000264;CHEMONTID:0000265;CHEMONTID:0001093,Organic compounds;Organic acids and derivatives;Carboxylic acids and derivatives;Carboxylic acid derivatives
6086,Primary amines,0.96,CHEMONTID:0002450,5,CHEMONTID:0002449,CHEMONTID:0000000;CHEMONTID:0004707;CHEMONTID:0000278;CHEMONTID:0002449;CHEMONTID:0002450,Organic compounds;Organic nitrogen compounds;Organonitrogen compounds;Amines;Primary amines
7754,Ethers,0.94,CHEMONTID:0000254,4,CHEMONTID:0000323,CHEMONTID:0000000;CHEMONTID:0004603;CHEMONTID:0000323;CHEMONTID:0000254,Organic compounds;Organic oxygen compounds;Organooxygen compounds;Ethers
10521,Carboxylic acid derivatives,0.94,CHEMONTID:0001093,4,CHEMONTID:0000265,CHEMONTID:0000000;CHEMONTID:0000264;CHEMONTID:0000265;CHEMONTID:0001093,Organic compounds;Organic acids and derivatives;Carboxylic acids and derivatives;Carboxylic acid derivatives
16384,Carbonyl compounds,0.91,CHEMONTID:0001831,4,CHEMONTID:0000323,CHEMONTID:0000000;CHEMONTID:0004603;CHEMONTID:0000323;CHEMONTID:0001831,Organic compounds;Organic oxygen compounds;Organooxygen compounds;Carbonyl compounds
12479,Monoalkylamines,1,CHEMONTID:0000469,6,CHEMONTID:0002450,CHEMONTID:0000000;CHEMONTID:0004707;CHEMONTID:0000278;CHEMONTID:0002449;CHEMONTID:0002450;CHEMONTID:0000469,Organic compounds;Organic nitrogen compounds;Organonitrogen compounds;Amines;Primary amines;Monoalkylamines
7468,"Amino acids, peptides, and analogues",0.96,CHEMONTID:0000013,4,CHEMONTID:0000265,CHEMONTID:0000000;CHEMONTID:0000264;CHEMONTID:0000265;CHEMONTID:0000013,"Organic compounds;Organic acids and derivatives;Carboxylic acids and derivatives;Amino acids, peptides, and analogues"
16063,Monoalkylamines,0.94,CHEMONTID:0000469,6,CHEMONTID:0002450,CHEMONTID:0000000;CHEMONTID:0004707;CHEMONTID:0000278;CHEMONTID:0002449;CHEMONTID:0002450;CHEMONTID:0000469,Organic compounds;Organic nitrogen compounds;Organonitrogen compounds;Amines;Primary amines;Monoalkylamines
10447,Carbonyl compounds,0.9,CHEMONTID:0001831,4,CHEMONTID:0000323,CHEMONTID:0000000;CHEMONTID:0004603;CHEMONTID:0000323;CHEMONTID:0001831,Organic compounds;Organic oxygen compounds;Organooxygen compounds;Carbonyl compounds
1366,Tertiary amines,0.93,CHEMONTID:0002452,5,CHEMONTID:0002449,CHEMONTID:0000000;CHEMONTID:0004707;CHEMONTID:0000278;CHEMONTID:0002449;CHEMONTID:0002452,Organic compounds;Organic nitrogen compounds;Organonitrogen compounds;Amines;Tertiary amines
20084,Carbonyl compounds,0.92,CHEMONTID:0001831,4,CHEMONTID:0000323,CHEMONTID:0000000;CHEMONTID:0004603;CHEMONTID:0000323;CHEMONTID:0001831,Organic compounds;Organic oxygen compounds;Organooxygen compounds;Carbonyl compounds
17869,Phosphate esters,1,CHEMONTID:0000408,4,CHEMONTID:0000402,CHEMONTID:0000000;CHEMONTID:0000264;CHEMONTID:0000402;CHEMONTID:0000408,Organic compounds;Organic acids and derivatives;Organic phosphoric acids and derivatives;Phosphate esters
2517,Carbonyl compounds,0.89,CHEMONTID:0001831,4,CHEMONTID:0000323,CHEMONTID:0000000;CHEMONTID:0004603;CHEMONTID:0000323;CHEMONTID:0001831,Organic compounds;Organic oxygen compounds;Organooxygen compounds;Carbonyl compounds
16934,Peptides,0.96,CHEMONTID:0000348,5,CHEMONTID:0000013,CHEMONTID:0000000;CHEMONTID:0000264;CHEMONTID:0000265;CHEMONTID:0000013;CHEMONTID:0000348,"Organic compounds;Organic acids and derivatives;Carboxylic acids and derivatives;Amino acids, peptides, and analogues;Peptides"
19689,Carbonyl compounds,0.94,CHEMONTID:0001831,4,CHEMONTID:0000323,CHEMONTID:0000000;CHEMONTID:0004603;CHEMONTID:0000323;CHEMONTID:0001831,Organic compounds;Organic oxygen compounds;Organooxygen compounds;Carbonyl compounds
7578,Carbonyl compounds,0.85,CHEMONTID:0001831,4,CHEMONTID:0000323,CHEMONTID:0000000;CHEMONTID:0004603;CHEMONTID:0000323;CHEMONTID:0001831,Organic compounds;Organic oxygen compounds;Organooxygen compounds;Carbonyl compounds
7384,Monoalkylamines,1,CHEMONTID:0000469,6,CHEMONTID:0002450,CHEMONTID:0000000;CHEMONTID:0004707;CHEMONTID:0000278;CHEMONTID:0002449;CHEMONTID:0002450;CHEMONTID:0000469,Organic compounds;Organic nitrogen compounds;Organonitrogen compounds;Amines;Primary amines;Monoalkylamines
11431,Carbonyl compounds,0.87,CHEMONTID:0001831,4,CHEMONTID:0000323,CHEMONTID:0000000;CHEMONTID:0004603;CHEMONTID:0000323;CHEMONTID:0001831,Organic compounds;Organic oxygen compounds;Organooxygen compounds;Carbonyl compounds
2927,Ethers,0.93,CHEMONTID:0000254,4,CHEMONTID:0000323,CHEMONTID:0000000;CHEMONTID:0004603;CHEMONTID:0000323;CHEMONTID:0000254,Organic compounds;Organic oxygen compounds;Organooxygen compounds;Ethers
11425,Monoalkylamines,0.96,CHEMONTID:0000469,6,CHEMONTID:0002450,CHEMONTID:0000000;CHEMONTID:0004707;CHEMONTID:0000278;CHEMONTID:0002449;CHEMONTID:0002450;CHEMONTID:0000469,Organic compounds;Organic nitrogen compounds;Organonitrogen compounds;Amines;Primary amines;Monoalkylamines
9652,Amines,0.92,CHEMONTID:0002449,4,CHEMONTID:0000278,CHEMONTID:0000000;CHEMONTID:0004707;CHEMONTID:0000278;CHEMONTID:0002449,Organic compounds;Organic nitrogen compounds;Organonitrogen compounds;Amines
7479,"1,3,5-triazines",0.91,CHEMONTID:0004105,4,CHEMONTID:0000098,CHEMONTID:0000000;CHEMONTID:0000002;CHEMONTID:0000098;CHEMONTID:0004105,"Organic compounds;Organoheterocyclic compounds;Triazines;1,3,5-triazines"
15522,Carbonyl compounds,0.94,CHEMONTID:0001831,4,CHEMONTID:0000323,CHEMONTID:0000000;CHEMONTID:0004603;CHEMONTID:0000323;CHEMONTID:0001831,Organic compounds;Organic oxygen compounds;Organooxygen compounds;Carbonyl compounds
4386,Carbonyl compounds,0.92,CHEMONTID:0001831,4,CHEMONTID:0000323,CHEMONTID:0000000;CHEMONTID:0004603;CHEMONTID:0000323;CHEMONTID:0001831,Organic compounds;Organic oxygen compounds;Organooxygen compounds;Carbonyl compounds
2942,Carbonyl compounds,0.92,CHEMONTID:0001831,4,CHEMONTID:0000323,CHEMONTID:0000000;CHEMONTID:0004603;CHEMONTID:0000323;CHEMONTID:0001831,Organic compounds;Organic oxygen compounds;Organooxygen compounds;Carbonyl compounds
18927,Carbonyl compounds,0.97,CHEMONTID:0001831,4,CHEMONTID:0000323,CHEMONTID:0000000;CHEMONTID:0004603;CHEMONTID:0000323;CHEMONTID:0001831,Organic compounds;Organic oxygen compounds;Organooxygen compounds;Carbonyl compounds
7395,Ethers,0.88,CHEMONTID:0000254,4,CHEMONTID:0000323,CHEMONTID:0000000;CHEMONTID:0004603;CHEMONTID:0000323;CHEMONTID:0000254,Organic compounds;Organic oxygen compounds;Organooxygen compounds;Ethers
20256,Carbonyl compounds,0.96,CHEMONTID:0001831,4,CHEMONTID:0000323,CHEMONTID:0000000;CHEMONTID:0004603;CHEMONTID:0000323;CHEMONTID:0001831,Organic compounds;Organic oxygen compounds;Organooxygen compounds;Carbonyl compounds
12805,Carbonyl compounds,0.81,CHEMONTID:0001831,4,CHEMONTID:0000323,CHEMONTID:0000000;CHEMONTID:0004603;CHEMONTID:0000323;CHEMONTID:0001831,Organic compounds;Organic oxygen compounds;Organooxygen compounds;Carbonyl compounds
11383,Carboxylic acid derivatives,1,CHEMONTID:0001093,4,CHEMONTID:0000265,CHEMONTID:0000000;CHEMONTID:0000264;CHEMONTID:0000265;CHEMONTID:0001093,Organic compounds;Organic acids and derivatives;Carboxylic acids and derivatives;Carboxylic acid derivatives
14913,Carbonyl compounds,0.93,CHEMONTID:0001831,4,CHEMONTID:0000323,CHEMONTID:0000000;CHEMONTID:0004603;CHEMONTID:0000323;CHEMONTID:0001831,Organic compounds;Organic oxygen compounds;Organooxygen compounds;Carbonyl compounds
13329,Carbonyl compounds,0.98,CHEMONTID:0001831,4,CHEMONTID:0000323,CHEMONTID:0000000;CHEMONTID:0004603;CHEMONTID:0000323;CHEMONTID:0001831,Organic compounds;Organic oxygen compounds;Organooxygen compounds;Carbonyl compounds
10735,Carboxylic acid derivatives,0.98,CHEMONTID:0001093,4,CHEMONTID:0000265,CHEMONTID:0000000;CHEMONTID:0000264;CHEMONTID:0000265;CHEMONTID:0001093,Organic compounds;Organic acids and derivatives;Carboxylic acids and derivatives;Carboxylic acid derivatives
8286,Carbonyl compounds,0.96,CHEMONTID:0001831,4,CHEMONTID:0000323,CHEMONTID:0000000;CHEMONTID:0004603;CHEMONTID:0000323;CHEMONTID:0001831,Organic compounds;Organic oxygen compounds;Organooxygen compounds;Carbonyl compounds
10795,Ethers,0.96,CHEMONTID:0000254,4,CHEMONTID:0000323,CHEMONTID:0000000;CHEMONTID:0004603;CHEMONTID:0000323;CHEMONTID:0000254,Organic compounds;Organic oxygen compounds;Organooxygen compounds;Ethers
7718,Carbonyl compounds,0.84,CHEMONTID:0001831,4,CHEMONTID:0000323,CHEMONTID:0000000;CHEMONTID:0004603;CHEMONTID:0000323;CHEMONTID:0001831,Organic compounds;Organic oxygen compounds;Organooxygen compounds;Carbonyl compounds
11403,N-acyl-alpha amino acids and derivatives,1,CHEMONTID:0001189,7,CHEMONTID:0000060,CHEMONTID:0000000;CHEMONTID:0000264;CHEMONTID:0000265;CHEMONTID:0000013;CHEMONTID:0000347;CHEMONTID:0000060;CHEMONTID:0001189,"Organic compounds;Organic acids and derivatives;Carboxylic acids and derivatives;Amino acids, peptides, and analogues;Amino acids and derivatives;Alpha amino acids and derivatives;N-acyl-alpha amino acids and derivatives"
4154,Carbonyl compounds,0.97,CHEMONTID:0001831,4,CHEMONTID:0000323,CHEMONTID:0000000;CHEMONTID:0004603;CHEMONTID:0000323;CHEMONTID:0001831,Organic compounds;Organic oxygen compounds;Organooxygen compounds;Carbonyl compounds
16628,Ethers,0.99,CHEMONTID:0000254,4,CHEMONTID:0000323,CHEMONTID:0000000;CHEMONTID:0004603;CHEMONTID:0000323;CHEMONTID:0000254,Organic compounds;Organic oxygen compounds;Organooxygen compounds;Ethers
12976,Methyl esters,0.83,CHEMONTID:0003416,6,CHEMONTID:0001238,CHEMONTID:0000000;CHEMONTID:0000264;CHEMONTID:0000265;CHEMONTID:0001093;CHEMONTID:0001238;CHEMONTID:0003416,Organic compounds;Organic acids and derivatives;Carboxylic acids and derivatives;Carboxylic acid derivatives;Carboxylic acid esters;Methyl esters
10994,Pyrimidines and pyrimidine derivatives,0.98,CHEMONTID:0000075,4,CHEMONTID:0001346,CHEMONTID:0000000;CHEMONTID:0000002;CHEMONTID:0001346;CHEMONTID:0000075,Organic compounds;Organoheterocyclic compounds;Diazines;Pyrimidines and pyrimidine derivatives
10609,N-acyl-alpha amino acids,0.84,CHEMONTID:0002402,8,CHEMONTID:0001189,CHEMONTID:0000000;CHEMONTID:0000264;CHEMONTID:0000265;CHEMONTID:0000013;CHEMONTID:0000347;CHEMONTID:0000060;CHEMONTID:0001189;CHEMONTID:0002402,"Organic compounds;Organic acids and derivatives;Carboxylic acids and derivatives;Amino acids, peptides, and analogues;Amino acids and derivatives;Alpha amino acids and derivatives;N-acyl-alpha amino acids and derivatives;N-acyl-alpha amino acids"
19436,Carbonyl compounds,0.85,CHEMONTID:0001831,4,CHEMONTID:0000323,CHEMONTID:0000000;CHEMONTID:0004603;CHEMONTID:0000323;CHEMONTID:0001831,Organic compounds;Organic oxygen compounds;Organooxygen compounds;Carbonyl compounds
11722,Carbonyl compounds,0.95,CHEMONTID:0001831,4,CHEMONTID:0000323,CHEMONTID:0000000;CHEMONTID:0004603;CHEMONTID:0000323;CHEMONTID:0001831,Organic compounds;Organic oxygen compounds;Organooxygen compounds;Carbonyl compounds
13612,Carbonyl compounds,0.87,CHEMONTID:0001831,4,CHEMONTID:0000323,CHEMONTID:0000000;CHEMONTID:0004603;CHEMONTID:0000323;CHEMONTID:0001831,Organic compounds;Organic oxygen compounds;Organooxygen compounds;Carbonyl compounds
1054,Alcohols and polyols,0.97,CHEMONTID:0000129,4,CHEMONTID:0000323,CHEMONTID:0000000;CHEMONTID:0004603;CHEMONTID:0000323;CHEMONTID:0000129,Organic compounds;Organic oxygen compounds;Organooxygen compounds;Alcohols and polyols
7676,Carbonyl compounds,0.81,CHEMONTID:0001831,4,CHEMONTID:0000323,CHEMONTID:0000000;CHEMONTID:0004603;CHEMONTID:0000323;CHEMONTID:0001831,Organic compounds;Organic oxygen compounds;Organooxygen compounds;Carbonyl compounds
17782,Trialkylamines,0.94,CHEMONTID:0002239,6,CHEMONTID:0002452,CHEMONTID:0000000;CHEMONTID:0004707;CHEMONTID:0000278;CHEMONTID:0002449;CHEMONTID:0002452;CHEMONTID:0002239,Organic compounds;Organic nitrogen compounds;Organonitrogen compounds;Amines;Tertiary amines;Trialkylamines
16572,Monoalkylamines,1,CHEMONTID:0000469,6,CHEMONTID:0002450,CHEMONTID:0000000;CHEMONTID:0004707;CHEMONTID:0000278;CHEMONTID:0002449;CHEMONTID:0002450;CHEMONTID:0000469,Organic compounds;Organic nitrogen compounds;Organonitrogen compounds;Amines;Primary amines;Monoalkylamines
4724,Carbonyl compounds,0.83,CHEMONTID:0001831,4,CHEMONTID:0000323,CHEMONTID:0000000;CHEMONTID:0004603;CHEMONTID:0000323;CHEMONTID:0001831,Organic compounds;Organic oxygen compounds;Organooxygen compounds;Carbonyl compounds
4875,Guanidines,0.93,CHEMONTID:0000375,4,CHEMONTID:0000278,CHEMONTID:0000000;CHEMONTID:0004707;CHEMONTID:0000278;CHEMONTID:0000375,Organic compounds;Organic nitrogen compounds;Organonitrogen compounds;Guanidines
19355,Ethers,0.85,CHEMONTID:0000254,4,CHEMONTID:0000323,CHEMONTID:0000000;CHEMONTID:0004603;CHEMONTID:0000323;CHEMONTID:0000254,Organic compounds;Organic oxygen compounds;Organooxygen compounds;Ethers
13423,Monoalkylamines,0.95,CHEMONTID:0000469,6,CHEMONTID:0002450,CHEMONTID:0000000;CHEMONTID:0004707;CHEMONTID:0000278;CHEMONTID:0002449;CHEMONTID:0002450;CHEMONTID:0000469,Organic compounds;Organic nitrogen compounds;Organonitrogen compounds;Amines;Primary amines;Monoalkylamines
318,Carbonyl compounds,0.93,CHEMONTID:0001831,4,CHEMONTID:0000323,CHEMONTID:0000000;CHEMONTID:0004603;CHEMONTID:0000323;CHEMONTID:0001831,Organic compounds;Organic oxygen compounds;Organooxygen compounds;Carbonyl compounds
14051,Monoalkylamines,0.99,CHEMONTID:0000469,6,CHEMONTID:0002450,CHEMONTID:0000000;CHEMONTID:0004707;CHEMONTID:0000278;CHEMONTID:0002449;CHEMONTID:0002450;CHEMONTID:0000469,Organic compounds;Organic nitrogen compounds;Organonitrogen compounds;Amines;Primary amines;Monoalkylamines
19973,Amines,0.87,CHEMONTID:0002449,4,CHEMONTID:0000278,CHEMONTID:0000000;CHEMONTID:0004707;CHEMONTID:0000278;CHEMONTID:0002449,Organic compounds;Organic nitrogen compounds;Organonitrogen compounds;Amines
18056,Primary amines,0.95,CHEMONTID:0002450,5,CHEMONTID:0002449,CHEMONTID:0000000;CHEMONTID:0004707;CHEMONTID:0000278;CHEMONTID:0002449;CHEMONTID:0002450,Organic compounds;Organic nitrogen compounds;Organonitrogen compounds;Amines;Primary amines
6325,Amines,0.99,CHEMONTID:0002449,4,CHEMONTID:0000278,CHEMONTID:0000000;CHEMONTID:0004707;CHEMONTID:0000278;CHEMONTID:0002449,Organic compounds;Organic nitrogen compounds;Organonitrogen compounds;Amines
17707,Alcohols and polyols,1,CHEMONTID:0000129,4,CHEMONTID:0000323,CHEMONTID:0000000;CHEMONTID:0004603;CHEMONTID:0000323;CHEMONTID:0000129,Organic compounds;Organic oxygen compounds;Organooxygen compounds;Alcohols and polyols
17607,Carbonyl compounds,0.95,CHEMONTID:0001831,4,CHEMONTID:0000323,CHEMONTID:0000000;CHEMONTID:0004603;CHEMONTID:0000323;CHEMONTID:0001831,Organic compounds;Organic oxygen compounds;Organooxygen compounds;Carbonyl compounds
15443,Amines,0.98,CHEMONTID:0002449,4,CHEMONTID:0000278,CHEMONTID:0000000;CHEMONTID:0004707;CHEMONTID:0000278;CHEMONTID:0002449,Organic compounds;Organic nitrogen compounds;Organonitrogen compounds;Amines
8025,Monoalkylamines,1,CHEMONTID:0000469,6,CHEMONTID:0002450,CHEMONTID:0000000;CHEMONTID:0004707;CHEMONTID:0000278;CHEMONTID:0002449;CHEMONTID:0002450;CHEMONTID:0000469,Organic compounds;Organic nitrogen compounds;Organonitrogen compounds;Amines;Primary amines;Monoalkylamines
9970,Monoalkylamines,0.82,CHEMONTID:0000469,6,CHEMONTID:0002450,CHEMONTID:0000000;CHEMONTID:0004707;CHEMONTID:0000278;CHEMONTID:0002449;CHEMONTID:0002450;CHEMONTID:0000469,Organic compounds;Organic nitrogen compounds;Organonitrogen compounds;Amines;Primary amines;Monoalkylamines
20282,Amines,0.98,CHEMONTID:0002449,4,CHEMONTID:0000278,CHEMONTID:0000000;CHEMONTID:0004707;CHEMONTID:0000278;CHEMONTID:0002449,Organic compounds;Organic nitrogen compounds;Organonitrogen compounds;Amines
16057,Carbonyl compounds,0.94,CHEMONTID:0001831,4,CHEMONTID:0000323,CHEMONTID:0000000;CHEMONTID:0004603;CHEMONTID:0000323;CHEMONTID:0001831,Organic compounds;Organic oxygen compounds;Organooxygen compounds;Carbonyl compounds
12591,Carboxylic acid derivatives,0.94,CHEMONTID:0001093,4,CHEMONTID:0000265,CHEMONTID:0000000;CHEMONTID:0000264;CHEMONTID:0000265;CHEMONTID:0001093,Organic compounds;Organic acids and derivatives;Carboxylic acids and derivatives;Carboxylic acid derivatives
1812,Carbonyl compounds,0.94,CHEMONTID:0001831,4,CHEMONTID:0000323,CHEMONTID:0000000;CHEMONTID:0004603;CHEMONTID:0000323;CHEMONTID:0001831,Organic compounds;Organic oxygen compounds;Organooxygen compounds;Carbonyl compounds
7389,Primary amines,0.82,CHEMONTID:0002450,5,CHEMONTID:0002449,CHEMONTID:0000000;CHEMONTID:0004707;CHEMONTID:0000278;CHEMONTID:0002449;CHEMONTID:0002450,Organic compounds;Organic nitrogen compounds;Organonitrogen compounds;Amines;Primary amines
10886,Fatty acids and conjugates,0.89,CHEMONTID:0000262,4,CHEMONTID:0003909,CHEMONTID:0000000;CHEMONTID:0000012;CHEMONTID:0003909;CHEMONTID:0000262,Organic compounds;Lipids and lipid-like molecules;Fatty Acyls;Fatty acids and conjugates
18415,Dialkyl ethers,0.99,CHEMONTID:0001167,5,CHEMONTID:0000254,CHEMONTID:0000000;CHEMONTID:0004603;CHEMONTID:0000323;CHEMONTID:0000254;CHEMONTID:0001167,Organic compounds;Organic oxygen compounds;Organooxygen compounds;Ethers;Dialkyl ethers
3264,Amines,0.97,CHEMONTID:0002449,4,CHEMONTID:0000278,CHEMONTID:0000000;CHEMONTID:0004707;CHEMONTID:0000278;CHEMONTID:0002449,Organic compounds;Organic nitrogen compounds;Organonitrogen compounds;Amines
12727,Glycosyl compounds,1,CHEMONTID:0002105,5,CHEMONTID:0000011,CHEMONTID:0000000;CHEMONTID:0004603;CHEMONTID:0000323;CHEMONTID:0000011;CHEMONTID:0002105,Organic compounds;Organic oxygen compounds;Organooxygen compounds;Carbohydrates and carbohydrate conjugates;Glycosyl compounds
8947,Carbonyl compounds,0.94,CHEMONTID:0001831,4,CHEMONTID:0000323,CHEMONTID:0000000;CHEMONTID:0004603;CHEMONTID:0000323;CHEMONTID:0001831,Organic compounds;Organic oxygen compounds;Organooxygen compounds;Carbonyl compounds
16955,Alkyl phosphates,1,CHEMONTID:0003457,5,CHEMONTID:0000408,CHEMONTID:0000000;CHEMONTID:0000264;CHEMONTID:0000402;CHEMONTID:0000408;CHEMONTID:0003457,Organic compounds;Organic acids and derivatives;Organic phosphoric acids and derivatives;Phosphate esters;Alkyl phosphates
9481,Primary amines,0.94,CHEMONTID:0002450,5,CHEMONTID:0002449,CHEMONTID:0000000;CHEMONTID:0004707;CHEMONTID:0000278;CHEMONTID:0002449;CHEMONTID:0002450,Organic compounds;Organic nitrogen compounds;Organonitrogen compounds;Amines;Primary amines
9507,Monocarboxylic acids and derivatives,0.88,CHEMONTID:0001137,4,CHEMONTID:0000265,CHEMONTID:0000000;CHEMONTID:0000264;CHEMONTID:0000265;CHEMONTID:0001137,Organic compounds;Organic acids and derivatives;Carboxylic acids and derivatives;Monocarboxylic acids and derivatives
10098,Carboxylic acid derivatives,0.92,CHEMONTID:0001093,4,CHEMONTID:0000265,CHEMONTID:0000000;CHEMONTID:0000264;CHEMONTID:0000265;CHEMONTID:0001093,Organic compounds;Organic acids and derivatives;Carboxylic acids and derivatives;Carboxylic acid derivatives
18161,Carbonyl compounds,0.86,CHEMONTID:0001831,4,CHEMONTID:0000323,CHEMONTID:0000000;CHEMONTID:0004603;CHEMONTID:0000323;CHEMONTID:0001831,Organic compounds;Organic oxygen compounds;Organooxygen compounds;Carbonyl compounds
20608,Carbonyl compounds,0.81,CHEMONTID:0001831,4,CHEMONTID:0000323,CHEMONTID:0000000;CHEMONTID:0004603;CHEMONTID:0000323;CHEMONTID:0001831,Organic compounds;Organic oxygen compounds;Organooxygen compounds;Carbonyl compounds
13720,Carboxylic acid derivatives,0.88,CHEMONTID:0001093,4,CHEMONTID:0000265,CHEMONTID:0000000;CHEMONTID:0000264;CHEMONTID:0000265;CHEMONTID:0001093,Organic compounds;Organic acids and derivatives;Carboxylic acids and derivatives;Carboxylic acid derivatives
11323,Carbohydrates and carbohydrate conjugates,1,CHEMONTID:0000011,4,CHEMONTID:0000323,CHEMONTID:0000000;CHEMONTID:0004603;CHEMONTID:0000323;CHEMONTID:0000011,Organic compounds;Organic oxygen compounds;Organooxygen compounds;Carbohydrates and carbohydrate conjugates
4513,Carbonyl compounds,0.88,CHEMONTID:0001831,4,CHEMONTID:0000323,CHEMONTID:0000000;CHEMONTID:0004603;CHEMONTID:0000323;CHEMONTID:0001831,Organic compounds;Organic oxygen compounds;Organooxygen compounds;Carbonyl compounds
5078,Monoalkylamines,0.99,CHEMONTID:0000469,6,CHEMONTID:0002450,CHEMONTID:0000000;CHEMONTID:0004707;CHEMONTID:0000278;CHEMONTID:0002449;CHEMONTID:0002450;CHEMONTID:0000469,Organic compounds;Organic nitrogen compounds;Organonitrogen compounds;Amines;Primary amines;Monoalkylamines
11167,Amines,0.93,CHEMONTID:0002449,4,CHEMONTID:0000278,CHEMONTID:0000000;CHEMONTID:0004707;CHEMONTID:0000278;CHEMONTID:0002449,Organic compounds;Organic nitrogen compounds;Organonitrogen compounds;Amines
8152,"Amino acids, peptides, and analogues",0.93,CHEMONTID:0000013,4,CHEMONTID:0000265,CHEMONTID:0000000;CHEMONTID:0000264;CHEMONTID:0000265;CHEMONTID:0000013,"Organic compounds;Organic acids and derivatives;Carboxylic acids and derivatives;Amino acids, peptides, and analogues"
7987,Primary amines,0.99,CHEMONTID:0002450,5,CHEMONTID:0002449,CHEMONTID:0000000;CHEMONTID:0004707;CHEMONTID:0000278;CHEMONTID:0002449;CHEMONTID:0002450,Organic compounds;Organic nitrogen compounds;Organonitrogen compounds;Amines;Primary amines
7095,Amines,0.98,CHEMONTID:0002449,4,CHEMONTID:0000278,CHEMONTID:0000000;CHEMONTID:0004707;CHEMONTID:0000278;CHEMONTID:0002449,Organic compounds;Organic nitrogen compounds;Organonitrogen compounds;Amines
9956,Fatty acid methyl esters,0.98,CHEMONTID:0003417,5,CHEMONTID:0000324,CHEMONTID:0000000;CHEMONTID:0000012;CHEMONTID:0003909;CHEMONTID:0000324;CHEMONTID:0003417,Organic compounds;Lipids and lipid-like molecules;Fatty Acyls;Fatty acid esters;Fatty acid methyl esters
14933,Carbonyl compounds,0.88,CHEMONTID:0001831,4,CHEMONTID:0000323,CHEMONTID:0000000;CHEMONTID:0004603;CHEMONTID:0000323;CHEMONTID:0001831,Organic compounds;Organic oxygen compounds;Organooxygen compounds;Carbonyl compounds
15310,Dialkyl ethers,1,CHEMONTID:0001167,5,CHEMONTID:0000254,CHEMONTID:0000000;CHEMONTID:0004603;CHEMONTID:0000323;CHEMONTID:0000254;CHEMONTID:0001167,Organic compounds;Organic oxygen compounds;Organooxygen compounds;Ethers;Dialkyl ethers
12916,Purines and purine derivatives,1,CHEMONTID:0000245,4,CHEMONTID:0001797,CHEMONTID:0000000;CHEMONTID:0000002;CHEMONTID:0001797;CHEMONTID:0000245,Organic compounds;Organoheterocyclic compounds;Imidazopyrimidines;Purines and purine derivatives
12220,Triazoles,0.91,CHEMONTID:0000099,4,CHEMONTID:0000436,CHEMONTID:0000000;CHEMONTID:0000002;CHEMONTID:0000436;CHEMONTID:0000099,Organic compounds;Organoheterocyclic compounds;Azoles;Triazoles
13981,Dialkyl ethers,0.98,CHEMONTID:0001167,5,CHEMONTID:0000254,CHEMONTID:0000000;CHEMONTID:0004603;CHEMONTID:0000323;CHEMONTID:0000254;CHEMONTID:0001167,Organic compounds;Organic oxygen compounds;Organooxygen compounds;Ethers;Dialkyl ethers
9494,Carbonyl compounds,0.92,CHEMONTID:0001831,4,CHEMONTID:0000323,CHEMONTID:0000000;CHEMONTID:0004603;CHEMONTID:0000323;CHEMONTID:0001831,Organic compounds;Organic oxygen compounds;Organooxygen compounds;Carbonyl compounds
9796,Carboxylic acid derivatives,0.95,CHEMONTID:0001093,4,CHEMONTID:0000265,CHEMONTID:0000000;CHEMONTID:0000264;CHEMONTID:0000265;CHEMONTID:0001093,Organic compounds;Organic acids and derivatives;Carboxylic acids and derivatives;Carboxylic acid derivatives
15438,Phosphate esters,0.99,CHEMONTID:0000408,4,CHEMONTID:0000402,CHEMONTID:0000000;CHEMONTID:0000264;CHEMONTID:0000402;CHEMONTID:0000408,Organic compounds;Organic acids and derivatives;Organic phosphoric acids and derivatives;Phosphate esters
8873,Carbonyl compounds,0.8,CHEMONTID:0001831,4,CHEMONTID:0000323,CHEMONTID:0000000;CHEMONTID:0004603;CHEMONTID:0000323;CHEMONTID:0001831,Organic compounds;Organic oxygen compounds;Organooxygen compounds;Carbonyl compounds
8425,Amines,0.96,CHEMONTID:0002449,4,CHEMONTID:0000278,CHEMONTID:0000000;CHEMONTID:0004707;CHEMONTID:0000278;CHEMONTID:0002449,Organic compounds;Organic nitrogen compounds;Organonitrogen compounds;Amines
3347,Amines,0.95,CHEMONTID:0002449,4,CHEMONTID:0000278,CHEMONTID:0000000;CHEMONTID:0004707;CHEMONTID:0000278;CHEMONTID:0002449,Organic compounds;Organic nitrogen compounds;Organonitrogen compounds;Amines
8130,Carbonyl compounds,0.96,CHEMONTID:0001831,4,CHEMONTID:0000323,CHEMONTID:0000000;CHEMONTID:0004603;CHEMONTID:0000323;CHEMONTID:0001831,Organic compounds;Organic oxygen compounds;Organooxygen compounds;Carbonyl compounds
17046,Carbonyl compounds,0.82,CHEMONTID:0001831,4,CHEMONTID:0000323,CHEMONTID:0000000;CHEMONTID:0004603;CHEMONTID:0000323;CHEMONTID:0001831,Organic compounds;Organic oxygen compounds;Organooxygen compounds;Carbonyl compounds
10208,Amines,0.97,CHEMONTID:0002449,4,CHEMONTID:0000278,CHEMONTID:0000000;CHEMONTID:0004707;CHEMONTID:0000278;CHEMONTID:0002449,Organic compounds;Organic nitrogen compounds;Organonitrogen compounds;Amines
2347,N-substituted imidazoles,0.98,CHEMONTID:0002311,6,CHEMONTID:0002310,CHEMONTID:0000000;CHEMONTID:0000002;CHEMONTID:0000436;CHEMONTID:0000078;CHEMONTID:0002310;CHEMONTID:0002311,Organic compounds;Organoheterocyclic compounds;Azoles;Imidazoles;Substituted imidazoles;N-substituted imidazoles
10592,Carbonyl compounds,0.9,CHEMONTID:0001831,4,CHEMONTID:0000323,CHEMONTID:0000000;CHEMONTID:0004603;CHEMONTID:0000323;CHEMONTID:0001831,Organic compounds;Organic oxygen compounds;Organooxygen compounds;Carbonyl compounds
8441,Amino acids and derivatives,0.92,CHEMONTID:0000347,5,CHEMONTID:0000013,CHEMONTID:0000000;CHEMONTID:0000264;CHEMONTID:0000265;CHEMONTID:0000013;CHEMONTID:0000347,"Organic compounds;Organic acids and derivatives;Carboxylic acids and derivatives;Amino acids, peptides, and analogues;Amino acids and derivatives"
3144,Carboxylic acid derivatives,0.94,CHEMONTID:0001093,4,CHEMONTID:0000265,CHEMONTID:0000000;CHEMONTID:0000264;CHEMONTID:0000265;CHEMONTID:0001093,Organic compounds;Organic acids and derivatives;Carboxylic acids and derivatives;Carboxylic acid derivatives
5894,Alcohols and polyols,0.94,CHEMONTID:0000129,4,CHEMONTID:0000323,CHEMONTID:0000000;CHEMONTID:0004603;CHEMONTID:0000323;CHEMONTID:0000129,Organic compounds;Organic oxygen compounds;Organooxygen compounds;Alcohols and polyols
11944,Carbonyl compounds,0.98,CHEMONTID:0001831,4,CHEMONTID:0000323,CHEMONTID:0000000;CHEMONTID:0004603;CHEMONTID:0000323;CHEMONTID:0001831,Organic compounds;Organic oxygen compounds;Organooxygen compounds;Carbonyl compounds
3378,Amines,0.84,CHEMONTID:0002449,4,CHEMONTID:0000278,CHEMONTID:0000000;CHEMONTID:0004707;CHEMONTID:0000278;CHEMONTID:0002449,Organic compounds;Organic nitrogen compounds;Organonitrogen compounds;Amines
6895,Amines,0.87,CHEMONTID:0002449,4,CHEMONTID:0000278,CHEMONTID:0000000;CHEMONTID:0004707;CHEMONTID:0000278;CHEMONTID:0002449,Organic compounds;Organic nitrogen compounds;Organonitrogen compounds;Amines
14420,Carboxylic acid derivatives,0.99,CHEMONTID:0001093,4,CHEMONTID:0000265,CHEMONTID:0000000;CHEMONTID:0000264;CHEMONTID:0000265;CHEMONTID:0001093,Organic compounds;Organic acids and derivatives;Carboxylic acids and derivatives;Carboxylic acid derivatives
11967,Monocarboxylic acids and derivatives,0.92,CHEMONTID:0001137,4,CHEMONTID:0000265,CHEMONTID:0000000;CHEMONTID:0000264;CHEMONTID:0000265;CHEMONTID:0001137,Organic compounds;Organic acids and derivatives;Carboxylic acids and derivatives;Monocarboxylic acids and derivatives
7771,Carbonyl compounds,0.87,CHEMONTID:0001831,4,CHEMONTID:0000323,CHEMONTID:0000000;CHEMONTID:0004603;CHEMONTID:0000323;CHEMONTID:0001831,Organic compounds;Organic oxygen compounds;Organooxygen compounds;Carbonyl compounds
15186,"Amino acids, peptides, and analogues",0.98,CHEMONTID:0000013,4,CHEMONTID:0000265,CHEMONTID:0000000;CHEMONTID:0000264;CHEMONTID:0000265;CHEMONTID:0000013,"Organic compounds;Organic acids and derivatives;Carboxylic acids and derivatives;Amino acids, peptides, and analogues"
1217,Carbonyl compounds,0.96,CHEMONTID:0001831,4,CHEMONTID:0000323,CHEMONTID:0000000;CHEMONTID:0004603;CHEMONTID:0000323;CHEMONTID:0001831,Organic compounds;Organic oxygen compounds;Organooxygen compounds;Carbonyl compounds
19113,Amines,0.91,CHEMONTID:0002449,4,CHEMONTID:0000278,CHEMONTID:0000000;CHEMONTID:0004707;CHEMONTID:0000278;CHEMONTID:0002449,Organic compounds;Organic nitrogen compounds;Organonitrogen compounds;Amines
3554,Carbonyl compounds,0.98,CHEMONTID:0001831,4,CHEMONTID:0000323,CHEMONTID:0000000;CHEMONTID:0004603;CHEMONTID:0000323;CHEMONTID:0001831,Organic compounds;Organic oxygen compounds;Organooxygen compounds;Carbonyl compounds
2897,Carboxylic acid derivatives,0.83,CHEMONTID:0001093,4,CHEMONTID:0000265,CHEMONTID:0000000;CHEMONTID:0000264;CHEMONTID:0000265;CHEMONTID:0001093,Organic compounds;Organic acids and derivatives;Carboxylic acids and derivatives;Carboxylic acid derivatives
16790,Amines,0.99,CHEMONTID:0002449,4,CHEMONTID:0000278,CHEMONTID:0000000;CHEMONTID:0004707;CHEMONTID:0000278;CHEMONTID:0002449,Organic compounds;Organic nitrogen compounds;Organonitrogen compounds;Amines
2629,Monoalkylamines,0.99,CHEMONTID:0000469,6,CHEMONTID:0002450,CHEMONTID:0000000;CHEMONTID:0004707;CHEMONTID:0000278;CHEMONTID:0002449;CHEMONTID:0002450;CHEMONTID:0000469,Organic compounds;Organic nitrogen compounds;Organonitrogen compounds;Amines;Primary amines;Monoalkylamines
11627,Monoalkylamines,1,CHEMONTID:0000469,6,CHEMONTID:0002450,CHEMONTID:0000000;CHEMONTID:0004707;CHEMONTID:0000278;CHEMONTID:0002449;CHEMONTID:0002450;CHEMONTID:0000469,Organic compounds;Organic nitrogen compounds;Organonitrogen compounds;Amines;Primary amines;Monoalkylamines
2911,Carbonyl compounds,0.82,CHEMONTID:0001831,4,CHEMONTID:0000323,CHEMONTID:0000000;CHEMONTID:0004603;CHEMONTID:0000323;CHEMONTID:0001831,Organic compounds;Organic oxygen compounds;Organooxygen compounds;Carbonyl compounds
14461,Primary amines,0.99,CHEMONTID:0002450,5,CHEMONTID:0002449,CHEMONTID:0000000;CHEMONTID:0004707;CHEMONTID:0000278;CHEMONTID:0002449;CHEMONTID:0002450,Organic compounds;Organic nitrogen compounds;Organonitrogen compounds;Amines;Primary amines
20152,Alkyl phosphates,0.98,CHEMONTID:0003457,5,CHEMONTID:0000408,CHEMONTID:0000000;CHEMONTID:0000264;CHEMONTID:0000402;CHEMONTID:0000408;CHEMONTID:0003457,Organic compounds;Organic acids and derivatives;Organic phosphoric acids and derivatives;Phosphate esters;Alkyl phosphates
6953,Monoalkylamines,0.99,CHEMONTID:0000469,6,CHEMONTID:0002450,CHEMONTID:0000000;CHEMONTID:0004707;CHEMONTID:0000278;CHEMONTID:0002449;CHEMONTID:0002450;CHEMONTID:0000469,Organic compounds;Organic nitrogen compounds;Organonitrogen compounds;Amines;Primary amines;Monoalkylamines
2393,Monoalkylamines,0.98,CHEMONTID:0000469,6,CHEMONTID:0002450,CHEMONTID:0000000;CHEMONTID:0004707;CHEMONTID:0000278;CHEMONTID:0002449;CHEMONTID:0002450;CHEMONTID:0000469,Organic compounds;Organic nitrogen compounds;Organonitrogen compounds;Amines;Primary amines;Monoalkylamines
4328,Carbonyl compounds,0.95,CHEMONTID:0001831,4,CHEMONTID:0000323,CHEMONTID:0000000;CHEMONTID:0004603;CHEMONTID:0000323;CHEMONTID:0001831,Organic compounds;Organic oxygen compounds;Organooxygen compounds;Carbonyl compounds
3155,Amino fatty acids,0.8,CHEMONTID:0000489,5,CHEMONTID:0000262,CHEMONTID:0000000;CHEMONTID:0000012;CHEMONTID:0003909;CHEMONTID:0000262;CHEMONTID:0000489,Organic compounds;Lipids and lipid-like molecules;Fatty Acyls;Fatty acids and conjugates;Amino fatty acids
14239,Amines,0.89,CHEMONTID:0002449,4,CHEMONTID:0000278,CHEMONTID:0000000;CHEMONTID:0004707;CHEMONTID:0000278;CHEMONTID:0002449,Organic compounds;Organic nitrogen compounds;Organonitrogen compounds;Amines
12157,Organic nitro compounds,0.81,CHEMONTID:0001152,4,CHEMONTID:0003631,CHEMONTID:0000000;CHEMONTID:0003630;CHEMONTID:0003631;CHEMONTID:0001152,"Organic compounds;Organic 1,3-dipolar compounds;Allyl-type 1,3-dipolar organic compounds;Organic nitro compounds"
2900,Carboxylic acid derivatives,0.97,CHEMONTID:0001093,4,CHEMONTID:0000265,CHEMONTID:0000000;CHEMONTID:0000264;CHEMONTID:0000265;CHEMONTID:0001093,Organic compounds;Organic acids and derivatives;Carboxylic acids and derivatives;Carboxylic acid derivatives
10033,Amines,0.97,CHEMONTID:0002449,4,CHEMONTID:0000278,CHEMONTID:0000000;CHEMONTID:0004707;CHEMONTID:0000278;CHEMONTID:0002449,Organic compounds;Organic nitrogen compounds;Organonitrogen compounds;Amines
2732,Pyrimidines and pyrimidine derivatives,0.97,CHEMONTID:0000075,4,CHEMONTID:0001346,CHEMONTID:0000000;CHEMONTID:0000002;CHEMONTID:0001346;CHEMONTID:0000075,Organic compounds;Organoheterocyclic compounds;Diazines;Pyrimidines and pyrimidine derivatives
14477,Carboxylic acid derivatives,0.97,CHEMONTID:0001093,4,CHEMONTID:0000265,CHEMONTID:0000000;CHEMONTID:0000264;CHEMONTID:0000265;CHEMONTID:0001093,Organic compounds;Organic acids and derivatives;Carboxylic acids and derivatives;Carboxylic acid derivatives
4315,Amines,0.94,CHEMONTID:0002449,4,CHEMONTID:0000278,CHEMONTID:0000000;CHEMONTID:0004707;CHEMONTID:0000278;CHEMONTID:0002449,Organic compounds;Organic nitrogen compounds;Organonitrogen compounds;Amines
12814,Carbonyl compounds,0.98,CHEMONTID:0001831,4,CHEMONTID:0000323,CHEMONTID:0000000;CHEMONTID:0004603;CHEMONTID:0000323;CHEMONTID:0001831,Organic compounds;Organic oxygen compounds;Organooxygen compounds;Carbonyl compounds
8862,Monocarboxylic acids and derivatives,0.81,CHEMONTID:0001137,4,CHEMONTID:0000265,CHEMONTID:0000000;CHEMONTID:0000264;CHEMONTID:0000265;CHEMONTID:0001137,Organic compounds;Organic acids and derivatives;Carboxylic acids and derivatives;Monocarboxylic acids and derivatives
12277,Carbonyl compounds,0.99,CHEMONTID:0001831,4,CHEMONTID:0000323,CHEMONTID:0000000;CHEMONTID:0004603;CHEMONTID:0000323;CHEMONTID:0001831,Organic compounds;Organic oxygen compounds;Organooxygen compounds;Carbonyl compounds
4257,Carbonyl compounds,0.99,CHEMONTID:0001831,4,CHEMONTID:0000323,CHEMONTID:0000000;CHEMONTID:0004603;CHEMONTID:0000323;CHEMONTID:0001831,Organic compounds;Organic oxygen compounds;Organooxygen compounds;Carbonyl compounds
364,Carbonyl compounds,0.92,CHEMONTID:0001831,4,CHEMONTID:0000323,CHEMONTID:0000000;CHEMONTID:0004603;CHEMONTID:0000323;CHEMONTID:0001831,Organic compounds;Organic oxygen compounds;Organooxygen compounds;Carbonyl compounds
8450,Monocarboxylic acids and derivatives,0.8,CHEMONTID:0001137,4,CHEMONTID:0000265,CHEMONTID:0000000;CHEMONTID:0000264;CHEMONTID:0000265;CHEMONTID:0001137,Organic compounds;Organic acids and derivatives;Carboxylic acids and derivatives;Monocarboxylic acids and derivatives
4360,Carboxylic acid derivatives,0.99,CHEMONTID:0001093,4,CHEMONTID:0000265,CHEMONTID:0000000;CHEMONTID:0000264;CHEMONTID:0000265;CHEMONTID:0001093,Organic compounds;Organic acids and derivatives;Carboxylic acids and derivatives;Carboxylic acid derivatives
5685,Ethers,0.91,CHEMONTID:0000254,4,CHEMONTID:0000323,CHEMONTID:0000000;CHEMONTID:0004603;CHEMONTID:0000323;CHEMONTID:0000254,Organic compounds;Organic oxygen compounds;Organooxygen compounds;Ethers
10554,Carbonyl compounds,0.85,CHEMONTID:0001831,4,CHEMONTID:0000323,CHEMONTID:0000000;CHEMONTID:0004603;CHEMONTID:0000323;CHEMONTID:0001831,Organic compounds;Organic oxygen compounds;Organooxygen compounds;Carbonyl compounds
14029,Carbonyl compounds,0.96,CHEMONTID:0001831,4,CHEMONTID:0000323,CHEMONTID:0000000;CHEMONTID:0004603;CHEMONTID:0000323;CHEMONTID:0001831,Organic compounds;Organic oxygen compounds;Organooxygen compounds;Carbonyl compounds
12261,Carbonyl compounds,0.93,CHEMONTID:0001831,4,CHEMONTID:0000323,CHEMONTID:0000000;CHEMONTID:0004603;CHEMONTID:0000323;CHEMONTID:0001831,Organic compounds;Organic oxygen compounds;Organooxygen compounds;Carbonyl compounds
17526,Carbonyl compounds,0.84,CHEMONTID:0001831,4,CHEMONTID:0000323,CHEMONTID:0000000;CHEMONTID:0004603;CHEMONTID:0000323;CHEMONTID:0001831,Organic compounds;Organic oxygen compounds;Organooxygen compounds;Carbonyl compounds
1723,Carboxylic acids,0.85,CHEMONTID:0001205,4,CHEMONTID:0000265,CHEMONTID:0000000;CHEMONTID:0000264;CHEMONTID:0000265;CHEMONTID:0001205,Organic compounds;Organic acids and derivatives;Carboxylic acids and derivatives;Carboxylic acids
17299,Dialkyl ethers,0.99,CHEMONTID:0001167,5,CHEMONTID:0000254,CHEMONTID:0000000;CHEMONTID:0004603;CHEMONTID:0000323;CHEMONTID:0000254;CHEMONTID:0001167,Organic compounds;Organic oxygen compounds;Organooxygen compounds;Ethers;Dialkyl ethers
4502,Carbonyl compounds,0.95,CHEMONTID:0001831,4,CHEMONTID:0000323,CHEMONTID:0000000;CHEMONTID:0004603;CHEMONTID:0000323;CHEMONTID:0001831,Organic compounds;Organic oxygen compounds;Organooxygen compounds;Carbonyl compounds
4947,Carboxylic acid derivatives,0.94,CHEMONTID:0001093,4,CHEMONTID:0000265,CHEMONTID:0000000;CHEMONTID:0000264;CHEMONTID:0000265;CHEMONTID:0001093,Organic compounds;Organic acids and derivatives;Carboxylic acids and derivatives;Carboxylic acid derivatives
1124,Fatty amides,0.86,CHEMONTID:0000331,4,CHEMONTID:0003909,CHEMONTID:0000000;CHEMONTID:0000012;CHEMONTID:0003909;CHEMONTID:0000331,Organic compounds;Lipids and lipid-like molecules;Fatty Acyls;Fatty amides
13303,Secondary alcohols,0.9,CHEMONTID:0001661,5,CHEMONTID:0000129,CHEMONTID:0000000;CHEMONTID:0004603;CHEMONTID:0000323;CHEMONTID:0000129;CHEMONTID:0001661,Organic compounds;Organic oxygen compounds;Organooxygen compounds;Alcohols and polyols;Secondary alcohols
965,Secondary alcohols,0.83,CHEMONTID:0001661,5,CHEMONTID:0000129,CHEMONTID:0000000;CHEMONTID:0004603;CHEMONTID:0000323;CHEMONTID:0000129;CHEMONTID:0001661,Organic compounds;Organic oxygen compounds;Organooxygen compounds;Alcohols and polyols;Secondary alcohols
11696,Monocarboxylic acids and derivatives,0.81,CHEMONTID:0001137,4,CHEMONTID:0000265,CHEMONTID:0000000;CHEMONTID:0000264;CHEMONTID:0000265;CHEMONTID:0001137,Organic compounds;Organic acids and derivatives;Carboxylic acids and derivatives;Monocarboxylic acids and derivatives
12254,Amines,0.84,CHEMONTID:0002449,4,CHEMONTID:0000278,CHEMONTID:0000000;CHEMONTID:0004707;CHEMONTID:0000278;CHEMONTID:0002449,Organic compounds;Organic nitrogen compounds;Organonitrogen compounds;Amines
18647,Carbonyl compounds,0.96,CHEMONTID:0001831,4,CHEMONTID:0000323,CHEMONTID:0000000;CHEMONTID:0004603;CHEMONTID:0000323;CHEMONTID:0001831,Organic compounds;Organic oxygen compounds;Organooxygen compounds;Carbonyl compounds
2325,Carbonyl compounds,0.83,CHEMONTID:0001831,4,CHEMONTID:0000323,CHEMONTID:0000000;CHEMONTID:0004603;CHEMONTID:0000323;CHEMONTID:0001831,Organic compounds;Organic oxygen compounds;Organooxygen compounds;Carbonyl compounds
16252,Carbonyl compounds,0.87,CHEMONTID:0001831,4,CHEMONTID:0000323,CHEMONTID:0000000;CHEMONTID:0004603;CHEMONTID:0000323;CHEMONTID:0001831,Organic compounds;Organic oxygen compounds;Organooxygen compounds;Carbonyl compounds
6823,Amines,0.89,CHEMONTID:0002449,4,CHEMONTID:0000278,CHEMONTID:0000000;CHEMONTID:0004707;CHEMONTID:0000278;CHEMONTID:0002449,Organic compounds;Organic nitrogen compounds;Organonitrogen compounds;Amines
9754,Primary amines,0.95,CHEMONTID:0002450,5,CHEMONTID:0002449,CHEMONTID:0000000;CHEMONTID:0004707;CHEMONTID:0000278;CHEMONTID:0002449;CHEMONTID:0002450,Organic compounds;Organic nitrogen compounds;Organonitrogen compounds;Amines;Primary amines
261,Pyrimidines and pyrimidine derivatives,0.84,CHEMONTID:0000075,4,CHEMONTID:0001346,CHEMONTID:0000000;CHEMONTID:0000002;CHEMONTID:0001346;CHEMONTID:0000075,Organic compounds;Organoheterocyclic compounds;Diazines;Pyrimidines and pyrimidine derivatives
18401,Carbonyl compounds,0.93,CHEMONTID:0001831,4,CHEMONTID:0000323,CHEMONTID:0000000;CHEMONTID:0004603;CHEMONTID:0000323;CHEMONTID:0001831,Organic compounds;Organic oxygen compounds;Organooxygen compounds;Carbonyl compounds
6777,Carbonyl compounds,0.85,CHEMONTID:0001831,4,CHEMONTID:0000323,CHEMONTID:0000000;CHEMONTID:0004603;CHEMONTID:0000323;CHEMONTID:0001831,Organic compounds;Organic oxygen compounds;Organooxygen compounds;Carbonyl compounds
5094,Carboxylic acids,0.88,CHEMONTID:0001205,4,CHEMONTID:0000265,CHEMONTID:0000000;CHEMONTID:0000264;CHEMONTID:0000265;CHEMONTID:0001205,Organic compounds;Organic acids and derivatives;Carboxylic acids and derivatives;Carboxylic acids
16158,Carboxylic acid derivatives,0.83,CHEMONTID:0001093,4,CHEMONTID:0000265,CHEMONTID:0000000;CHEMONTID:0000264;CHEMONTID:0000265;CHEMONTID:0001093,Organic compounds;Organic acids and derivatives;Carboxylic acids and derivatives;Carboxylic acid derivatives
3275,Carbonyl compounds,0.99,CHEMONTID:0001831,4,CHEMONTID:0000323,CHEMONTID:0000000;CHEMONTID:0004603;CHEMONTID:0000323;CHEMONTID:0001831,Organic compounds;Organic oxygen compounds;Organooxygen compounds;Carbonyl compounds
10947,Guanidines,0.99,CHEMONTID:0000375,4,CHEMONTID:0000278,CHEMONTID:0000000;CHEMONTID:0004707;CHEMONTID:0000278;CHEMONTID:0000375,Organic compounds;Organic nitrogen compounds;Organonitrogen compounds;Guanidines
16043,Monoalkylamines,0.98,CHEMONTID:0000469,6,CHEMONTID:0002450,CHEMONTID:0000000;CHEMONTID:0004707;CHEMONTID:0000278;CHEMONTID:0002449;CHEMONTID:0002450;CHEMONTID:0000469,Organic compounds;Organic nitrogen compounds;Organonitrogen compounds;Amines;Primary amines;Monoalkylamines
15843,Amino acids and derivatives,0.94,CHEMONTID:0000347,5,CHEMONTID:0000013,CHEMONTID:0000000;CHEMONTID:0000264;CHEMONTID:0000265;CHEMONTID:0000013;CHEMONTID:0000347,"Organic compounds;Organic acids and derivatives;Carboxylic acids and derivatives;Amino acids, peptides, and analogues;Amino acids and derivatives"
7326,Amines,0.83,CHEMONTID:0002449,4,CHEMONTID:0000278,CHEMONTID:0000000;CHEMONTID:0004707;CHEMONTID:0000278;CHEMONTID:0002449,Organic compounds;Organic nitrogen compounds;Organonitrogen compounds;Amines
13212,"1,3,5-triazines",1,CHEMONTID:0004105,4,CHEMONTID:0000098,CHEMONTID:0000000;CHEMONTID:0000002;CHEMONTID:0000098;CHEMONTID:0004105,"Organic compounds;Organoheterocyclic compounds;Triazines;1,3,5-triazines"
1652,Primary amines,0.96,CHEMONTID:0002450,5,CHEMONTID:0002449,CHEMONTID:0000000;CHEMONTID:0004707;CHEMONTID:0000278;CHEMONTID:0002449;CHEMONTID:0002450,Organic compounds;Organic nitrogen compounds;Organonitrogen compounds;Amines;Primary amines
6197,Carbonyl compounds,0.97,CHEMONTID:0001831,4,CHEMONTID:0000323,CHEMONTID:0000000;CHEMONTID:0004603;CHEMONTID:0000323;CHEMONTID:0001831,Organic compounds;Organic oxygen compounds;Organooxygen compounds;Carbonyl compounds
837,Monocarboxylic acids and derivatives,0.88,CHEMONTID:0001137,4,CHEMONTID:0000265,CHEMONTID:0000000;CHEMONTID:0000264;CHEMONTID:0000265;CHEMONTID:0001137,Organic compounds;Organic acids and derivatives;Carboxylic acids and derivatives;Monocarboxylic acids and derivatives
20372,Amphetamines and derivatives,0.99,CHEMONTID:0000188,5,CHEMONTID:0000186,CHEMONTID:0000000;CHEMONTID:0002448;CHEMONTID:0002279;CHEMONTID:0000186;CHEMONTID:0000188,Organic compounds;Benzenoids;Benzene and substituted derivatives;Phenethylamines;Amphetamines and derivatives
13666,Carbonyl compounds,0.98,CHEMONTID:0001831,4,CHEMONTID:0000323,CHEMONTID:0000000;CHEMONTID:0004603;CHEMONTID:0000323;CHEMONTID:0001831,Organic compounds;Organic oxygen compounds;Organooxygen compounds;Carbonyl compounds
876,Amines,0.98,CHEMONTID:0002449,4,CHEMONTID:0000278,CHEMONTID:0000000;CHEMONTID:0004707;CHEMONTID:0000278;CHEMONTID:0002449,Organic compounds;Organic nitrogen compounds;Organonitrogen compounds;Amines
16945,Amines,0.93,CHEMONTID:0002449,4,CHEMONTID:0000278,CHEMONTID:0000000;CHEMONTID:0004707;CHEMONTID:0000278;CHEMONTID:0002449,Organic compounds;Organic nitrogen compounds;Organonitrogen compounds;Amines
13728,Carbonyl compounds,0.96,CHEMONTID:0001831,4,CHEMONTID:0000323,CHEMONTID:0000000;CHEMONTID:0004603;CHEMONTID:0000323;CHEMONTID:0001831,Organic compounds;Organic oxygen compounds;Organooxygen compounds;Carbonyl compounds
9619,Dialkyl ethers,0.99,CHEMONTID:0001167,5,CHEMONTID:0000254,CHEMONTID:0000000;CHEMONTID:0004603;CHEMONTID:0000323;CHEMONTID:0000254;CHEMONTID:0001167,Organic compounds;Organic oxygen compounds;Organooxygen compounds;Ethers;Dialkyl ethers
14307,Primary amines,1,CHEMONTID:0002450,5,CHEMONTID:0002449,CHEMONTID:0000000;CHEMONTID:0004707;CHEMONTID:0000278;CHEMONTID:0002449;CHEMONTID:0002450,Organic compounds;Organic nitrogen compounds;Organonitrogen compounds;Amines;Primary amines
4082,Carbonyl compounds,0.96,CHEMONTID:0001831,4,CHEMONTID:0000323,CHEMONTID:0000000;CHEMONTID:0004603;CHEMONTID:0000323;CHEMONTID:0001831,Organic compounds;Organic oxygen compounds;Organooxygen compounds;Carbonyl compounds
9551,Dialkyl ethers,0.95,CHEMONTID:0001167,5,CHEMONTID:0000254,CHEMONTID:0000000;CHEMONTID:0004603;CHEMONTID:0000323;CHEMONTID:0000254;CHEMONTID:0001167,Organic compounds;Organic oxygen compounds;Organooxygen compounds;Ethers;Dialkyl ethers
11440,Primary amines,0.95,CHEMONTID:0002450,5,CHEMONTID:0002449,CHEMONTID:0000000;CHEMONTID:0004707;CHEMONTID:0000278;CHEMONTID:0002449;CHEMONTID:0002450,Organic compounds;Organic nitrogen compounds;Organonitrogen compounds;Amines;Primary amines
6568,Carbonyl compounds,1,CHEMONTID:0001831,4,CHEMONTID:0000323,CHEMONTID:0000000;CHEMONTID:0004603;CHEMONTID:0000323;CHEMONTID:0001831,Organic compounds;Organic oxygen compounds;Organooxygen compounds;Carbonyl compounds
3026,Carbonyl compounds,0.89,CHEMONTID:0001831,4,CHEMONTID:0000323,CHEMONTID:0000000;CHEMONTID:0004603;CHEMONTID:0000323;CHEMONTID:0001831,Organic compounds;Organic oxygen compounds;Organooxygen compounds;Carbonyl compounds
12780,Carboxylic acid derivatives,0.84,CHEMONTID:0001093,4,CHEMONTID:0000265,CHEMONTID:0000000;CHEMONTID:0000264;CHEMONTID:0000265;CHEMONTID:0001093,Organic compounds;Organic acids and derivatives;Carboxylic acids and derivatives;Carboxylic acid derivatives
1799,Alcohols and polyols,0.95,CHEMONTID:0000129,4,CHEMONTID:0000323,CHEMONTID:0000000;CHEMONTID:0004603;CHEMONTID:0000323;CHEMONTID:0000129,Organic compounds;Organic oxygen compounds;Organooxygen compounds;Alcohols and polyols
2570,Carbonyl compounds,0.89,CHEMONTID:0001831,4,CHEMONTID:0000323,CHEMONTID:0000000;CHEMONTID:0004603;CHEMONTID:0000323;CHEMONTID:0001831,Organic compounds;Organic oxygen compounds;Organooxygen compounds;Carbonyl compounds
13363,Amines,0.8,CHEMONTID:0002449,4,CHEMONTID:0000278,CHEMONTID:0000000;CHEMONTID:0004707;CHEMONTID:0000278;CHEMONTID:0002449,Organic compounds;Organic nitrogen compounds;Organonitrogen compounds;Amines
19911,Primary amines,0.98,CHEMONTID:0002450,5,CHEMONTID:0002449,CHEMONTID:0000000;CHEMONTID:0004707;CHEMONTID:0000278;CHEMONTID:0002449;CHEMONTID:0002450,Organic compounds;Organic nitrogen compounds;Organonitrogen compounds;Amines;Primary amines
8370,Glycosyl compounds,1,CHEMONTID:0002105,5,CHEMONTID:0000011,CHEMONTID:0000000;CHEMONTID:0004603;CHEMONTID:0000323;CHEMONTID:0000011;CHEMONTID:0002105,Organic compounds;Organic oxygen compounds;Organooxygen compounds;Carbohydrates and carbohydrate conjugates;Glycosyl compounds
19515,Aminopyrimidines and derivatives,1,CHEMONTID:0001262,5,CHEMONTID:0000075,CHEMONTID:0000000;CHEMONTID:0000002;CHEMONTID:0001346;CHEMONTID:0000075;CHEMONTID:0001262,Organic compounds;Organoheterocyclic compounds;Diazines;Pyrimidines and pyrimidine derivatives;Aminopyrimidines and derivatives
12249,Primary amines,0.97,CHEMONTID:0002450,5,CHEMONTID:0002449,CHEMONTID:0000000;CHEMONTID:0004707;CHEMONTID:0000278;CHEMONTID:0002449;CHEMONTID:0002450,Organic compounds;Organic nitrogen compounds;Organonitrogen compounds;Amines;Primary amines
15431,Monoalkylamines,0.84,CHEMONTID:0000469,6,CHEMONTID:0002450,CHEMONTID:0000000;CHEMONTID:0004707;CHEMONTID:0000278;CHEMONTID:0002449;CHEMONTID:0002450;CHEMONTID:0000469,Organic compounds;Organic nitrogen compounds;Organonitrogen compounds;Amines;Primary amines;Monoalkylamines
10200,Carbonyl compounds,0.93,CHEMONTID:0001831,4,CHEMONTID:0000323,CHEMONTID:0000000;CHEMONTID:0004603;CHEMONTID:0000323;CHEMONTID:0001831,Organic compounds;Organic oxygen compounds;Organooxygen compounds;Carbonyl compounds
13192,Monoalkylamines,0.98,CHEMONTID:0000469,6,CHEMONTID:0002450,CHEMONTID:0000000;CHEMONTID:0004707;CHEMONTID:0000278;CHEMONTID:0002449;CHEMONTID:0002450;CHEMONTID:0000469,Organic compounds;Organic nitrogen compounds;Organonitrogen compounds;Amines;Primary amines;Monoalkylamines
16531,Monoalkylamines,1,CHEMONTID:0000469,6,CHEMONTID:0002450,CHEMONTID:0000000;CHEMONTID:0004707;CHEMONTID:0000278;CHEMONTID:0002449;CHEMONTID:0002450;CHEMONTID:0000469,Organic compounds;Organic nitrogen compounds;Organonitrogen compounds;Amines;Primary amines;Monoalkylamines
19798,Pyrimidines and pyrimidine derivatives,0.95,CHEMONTID:0000075,4,CHEMONTID:0001346,CHEMONTID:0000000;CHEMONTID:0000002;CHEMONTID:0001346;CHEMONTID:0000075,Organic compounds;Organoheterocyclic compounds;Diazines;Pyrimidines and pyrimidine derivatives
6019,Carbonyl compounds,0.94,CHEMONTID:0001831,4,CHEMONTID:0000323,CHEMONTID:0000000;CHEMONTID:0004603;CHEMONTID:0000323;CHEMONTID:0001831,Organic compounds;Organic oxygen compounds;Organooxygen compounds;Carbonyl compounds
7491,Ethers,0.81,CHEMONTID:0000254,4,CHEMONTID:0000323,CHEMONTID:0000000;CHEMONTID:0004603;CHEMONTID:0000323;CHEMONTID:0000254,Organic compounds;Organic oxygen compounds;Organooxygen compounds;Ethers
8230,Carbonyl compounds,0.88,CHEMONTID:0001831,4,CHEMONTID:0000323,CHEMONTID:0000000;CHEMONTID:0004603;CHEMONTID:0000323;CHEMONTID:0001831,Organic compounds;Organic oxygen compounds;Organooxygen compounds;Carbonyl compounds
14098,Alcohols and polyols,0.9,CHEMONTID:0000129,4,CHEMONTID:0000323,CHEMONTID:0000000;CHEMONTID:0004603;CHEMONTID:0000323;CHEMONTID:0000129,Organic compounds;Organic oxygen compounds;Organooxygen compounds;Alcohols and polyols
14979,Amines,0.96,CHEMONTID:0002449,4,CHEMONTID:0000278,CHEMONTID:0000000;CHEMONTID:0004707;CHEMONTID:0000278;CHEMONTID:0002449,Organic compounds;Organic nitrogen compounds;Organonitrogen compounds;Amines
8776,Carbonyl compounds,0.93,CHEMONTID:0001831,4,CHEMONTID:0000323,CHEMONTID:0000000;CHEMONTID:0004603;CHEMONTID:0000323;CHEMONTID:0001831,Organic compounds;Organic oxygen compounds;Organooxygen compounds;Carbonyl compounds
915,Alcohols and polyols,0.92,CHEMONTID:0000129,4,CHEMONTID:0000323,CHEMONTID:0000000;CHEMONTID:0004603;CHEMONTID:0000323;CHEMONTID:0000129,Organic compounds;Organic oxygen compounds;Organooxygen compounds;Alcohols and polyols
14211,Carbonyl compounds,0.98,CHEMONTID:0001831,4,CHEMONTID:0000323,CHEMONTID:0000000;CHEMONTID:0004603;CHEMONTID:0000323;CHEMONTID:0001831,Organic compounds;Organic oxygen compounds;Organooxygen compounds;Carbonyl compounds
10918,Carboxylic acid derivatives,0.99,CHEMONTID:0001093,4,CHEMONTID:0000265,CHEMONTID:0000000;CHEMONTID:0000264;CHEMONTID:0000265;CHEMONTID:0001093,Organic compounds;Organic acids and derivatives;Carboxylic acids and derivatives;Carboxylic acid derivatives
4719,Amines,0.96,CHEMONTID:0002449,4,CHEMONTID:0000278,CHEMONTID:0000000;CHEMONTID:0004707;CHEMONTID:0000278;CHEMONTID:0002449,Organic compounds;Organic nitrogen compounds;Organonitrogen compounds;Amines
10266,Carboxylic acid derivatives,0.99,CHEMONTID:0001093,4,CHEMONTID:0000265,CHEMONTID:0000000;CHEMONTID:0000264;CHEMONTID:0000265;CHEMONTID:0001093,Organic compounds;Organic acids and derivatives;Carboxylic acids and derivatives;Carboxylic acid derivatives
1501,Amines,0.95,CHEMONTID:0002449,4,CHEMONTID:0000278,CHEMONTID:0000000;CHEMONTID:0004707;CHEMONTID:0000278;CHEMONTID:0002449,Organic compounds;Organic nitrogen compounds;Organonitrogen compounds;Amines
15228,Ethers,0.98,CHEMONTID:0000254,4,CHEMONTID:0000323,CHEMONTID:0000000;CHEMONTID:0004603;CHEMONTID:0000323;CHEMONTID:0000254,Organic compounds;Organic oxygen compounds;Organooxygen compounds;Ethers
16317,Ethers,0.88,CHEMONTID:0000254,4,CHEMONTID:0000323,CHEMONTID:0000000;CHEMONTID:0004603;CHEMONTID:0000323;CHEMONTID:0000254,Organic compounds;Organic oxygen compounds;Organooxygen compounds;Ethers
13438,Primary amines,0.97,CHEMONTID:0002450,5,CHEMONTID:0002449,CHEMONTID:0000000;CHEMONTID:0004707;CHEMONTID:0000278;CHEMONTID:0002449;CHEMONTID:0002450,Organic compounds;Organic nitrogen compounds;Organonitrogen compounds;Amines;Primary amines
12169,Alkyl phosphates,0.92,CHEMONTID:0003457,5,CHEMONTID:0000408,CHEMONTID:0000000;CHEMONTID:0000264;CHEMONTID:0000402;CHEMONTID:0000408;CHEMONTID:0003457,Organic compounds;Organic acids and derivatives;Organic phosphoric acids and derivatives;Phosphate esters;Alkyl phosphates
11750,Amines,0.99,CHEMONTID:0002449,4,CHEMONTID:0000278,CHEMONTID:0000000;CHEMONTID:0004707;CHEMONTID:0000278;CHEMONTID:0002449,Organic compounds;Organic nitrogen compounds;Organonitrogen compounds;Amines
5782,Carboxylic acids,0.88,CHEMONTID:0001205,4,CHEMONTID:0000265,CHEMONTID:0000000;CHEMONTID:0000264;CHEMONTID:0000265;CHEMONTID:0001205,Organic compounds;Organic acids and derivatives;Carboxylic acids and derivatives;Carboxylic acids
4046,Carboxylic acid derivatives,0.96,CHEMONTID:0001093,4,CHEMONTID:0000265,CHEMONTID:0000000;CHEMONTID:0000264;CHEMONTID:0000265;CHEMONTID:0001093,Organic compounds;Organic acids and derivatives;Carboxylic acids and derivatives;Carboxylic acid derivatives
6790,Carboxylic acid derivatives,0.96,CHEMONTID:0001093,4,CHEMONTID:0000265,CHEMONTID:0000000;CHEMONTID:0000264;CHEMONTID:0000265;CHEMONTID:0001093,Organic compounds;Organic acids and derivatives;Carboxylic acids and derivatives;Carboxylic acid derivatives
6527,Carbonyl compounds,0.92,CHEMONTID:0001831,4,CHEMONTID:0000323,CHEMONTID:0000000;CHEMONTID:0004603;CHEMONTID:0000323;CHEMONTID:0001831,Organic compounds;Organic oxygen compounds;Organooxygen compounds;Carbonyl compounds
15639,Monoalkylamines,0.98,CHEMONTID:0000469,6,CHEMONTID:0002450,CHEMONTID:0000000;CHEMONTID:0004707;CHEMONTID:0000278;CHEMONTID:0002449;CHEMONTID:0002450;CHEMONTID:0000469,Organic compounds;Organic nitrogen compounds;Organonitrogen compounds;Amines;Primary amines;Monoalkylamines
7109,Carbonyl compounds,0.96,CHEMONTID:0001831,4,CHEMONTID:0000323,CHEMONTID:0000000;CHEMONTID:0004603;CHEMONTID:0000323;CHEMONTID:0001831,Organic compounds;Organic oxygen compounds;Organooxygen compounds;Carbonyl compounds
6152,Carbonyl compounds,0.97,CHEMONTID:0001831,4,CHEMONTID:0000323,CHEMONTID:0000000;CHEMONTID:0004603;CHEMONTID:0000323;CHEMONTID:0001831,Organic compounds;Organic oxygen compounds;Organooxygen compounds;Carbonyl compounds
9691,Carbonyl compounds,0.88,CHEMONTID:0001831,4,CHEMONTID:0000323,CHEMONTID:0000000;CHEMONTID:0004603;CHEMONTID:0000323;CHEMONTID:0001831,Organic compounds;Organic oxygen compounds;Organooxygen compounds;Carbonyl compounds
2837,Carbonyl compounds,0.96,CHEMONTID:0001831,4,CHEMONTID:0000323,CHEMONTID:0000000;CHEMONTID:0004603;CHEMONTID:0000323;CHEMONTID:0001831,Organic compounds;Organic oxygen compounds;Organooxygen compounds;Carbonyl compounds
12291,Alpha amino acids and derivatives,1,CHEMONTID:0000060,6,CHEMONTID:0000347,CHEMONTID:0000000;CHEMONTID:0000264;CHEMONTID:0000265;CHEMONTID:0000013;CHEMONTID:0000347;CHEMONTID:0000060,"Organic compounds;Organic acids and derivatives;Carboxylic acids and derivatives;Amino acids, peptides, and analogues;Amino acids and derivatives;Alpha amino acids and derivatives"
5063,Carbonyl compounds,0.93,CHEMONTID:0001831,4,CHEMONTID:0000323,CHEMONTID:0000000;CHEMONTID:0004603;CHEMONTID:0000323;CHEMONTID:0001831,Organic compounds;Organic oxygen compounds;Organooxygen compounds;Carbonyl compounds
1012,Dialkyl ethers,0.85,CHEMONTID:0001167,5,CHEMONTID:0000254,CHEMONTID:0000000;CHEMONTID:0004603;CHEMONTID:0000323;CHEMONTID:0000254;CHEMONTID:0001167,Organic compounds;Organic oxygen compounds;Organooxygen compounds;Ethers;Dialkyl ethers
245,Straight chain fatty acids,0.88,CHEMONTID:0000333,5,CHEMONTID:0000262,CHEMONTID:0000000;CHEMONTID:0000012;CHEMONTID:0003909;CHEMONTID:0000262;CHEMONTID:0000333,Organic compounds;Lipids and lipid-like molecules;Fatty Acyls;Fatty acids and conjugates;Straight chain fatty acids
14205,Carbonyl compounds,0.99,CHEMONTID:0001831,4,CHEMONTID:0000323,CHEMONTID:0000000;CHEMONTID:0004603;CHEMONTID:0000323;CHEMONTID:0001831,Organic compounds;Organic oxygen compounds;Organooxygen compounds;Carbonyl compounds
7137,Carbonyl compounds,0.93,CHEMONTID:0001831,4,CHEMONTID:0000323,CHEMONTID:0000000;CHEMONTID:0004603;CHEMONTID:0000323;CHEMONTID:0001831,Organic compounds;Organic oxygen compounds;Organooxygen compounds;Carbonyl compounds
13043,Primary amines,0.98,CHEMONTID:0002450,5,CHEMONTID:0002449,CHEMONTID:0000000;CHEMONTID:0004707;CHEMONTID:0000278;CHEMONTID:0002449;CHEMONTID:0002450,Organic compounds;Organic nitrogen compounds;Organonitrogen compounds;Amines;Primary amines
712,Monoalkylamines,0.99,CHEMONTID:0000469,6,CHEMONTID:0002450,CHEMONTID:0000000;CHEMONTID:0004707;CHEMONTID:0000278;CHEMONTID:0002449;CHEMONTID:0002450;CHEMONTID:0000469,Organic compounds;Organic nitrogen compounds;Organonitrogen compounds;Amines;Primary amines;Monoalkylamines
11275,Fatty acids and conjugates,0.95,CHEMONTID:0000262,4,CHEMONTID:0003909,CHEMONTID:0000000;CHEMONTID:0000012;CHEMONTID:0003909;CHEMONTID:0000262,Organic compounds;Lipids and lipid-like molecules;Fatty Acyls;Fatty acids and conjugates
16013,Primary amines,1,CHEMONTID:0002450,5,CHEMONTID:0002449,CHEMONTID:0000000;CHEMONTID:0004707;CHEMONTID:0000278;CHEMONTID:0002449;CHEMONTID:0002450,Organic compounds;Organic nitrogen compounds;Organonitrogen compounds;Amines;Primary amines
14229,Olefins,0.98,CHEMONTID:0002838,4,CHEMONTID:0004475,CHEMONTID:0000000;CHEMONTID:0002837;CHEMONTID:0004475;CHEMONTID:0002838,Organic compounds;Hydrocarbons;Unsaturated hydrocarbons;Olefins
8245,Carbohydrates and carbohydrate conjugates,0.99,CHEMONTID:0000011,4,CHEMONTID:0000323,CHEMONTID:0000000;CHEMONTID:0004603;CHEMONTID:0000323;CHEMONTID:0000011,Organic compounds;Organic oxygen compounds;Organooxygen compounds;Carbohydrates and carbohydrate conjugates
14938,Alkyl phosphates,1,CHEMONTID:0003457,5,CHEMONTID:0000408,CHEMONTID:0000000;CHEMONTID:0000264;CHEMONTID:0000402;CHEMONTID:0000408;CHEMONTID:0003457,Organic compounds;Organic acids and derivatives;Organic phosphoric acids and derivatives;Phosphate esters;Alkyl phosphates
16602,Carbonyl compounds,0.99,CHEMONTID:0001831,4,CHEMONTID:0000323,CHEMONTID:0000000;CHEMONTID:0004603;CHEMONTID:0000323;CHEMONTID:0001831,Organic compounds;Organic oxygen compounds;Organooxygen compounds;Carbonyl compounds
18867,6-alkylaminopurines,1,CHEMONTID:0003454,6,CHEMONTID:0002987,CHEMONTID:0000000;CHEMONTID:0000002;CHEMONTID:0001797;CHEMONTID:0000245;CHEMONTID:0002987;CHEMONTID:0003454,Organic compounds;Organoheterocyclic compounds;Imidazopyrimidines;Purines and purine derivatives;6-aminopurines;6-alkylaminopurines
8221,Monoalkylamines,0.99,CHEMONTID:0000469,6,CHEMONTID:0002450,CHEMONTID:0000000;CHEMONTID:0004707;CHEMONTID:0000278;CHEMONTID:0002449;CHEMONTID:0002450;CHEMONTID:0000469,Organic compounds;Organic nitrogen compounds;Organonitrogen compounds;Amines;Primary amines;Monoalkylamines
8715,Fatty amides,0.8,CHEMONTID:0000331,4,CHEMONTID:0003909,CHEMONTID:0000000;CHEMONTID:0000012;CHEMONTID:0003909;CHEMONTID:0000331,Organic compounds;Lipids and lipid-like molecules;Fatty Acyls;Fatty amides
15174,Monoalkylamines,0.84,CHEMONTID:0000469,6,CHEMONTID:0002450,CHEMONTID:0000000;CHEMONTID:0004707;CHEMONTID:0000278;CHEMONTID:0002449;CHEMONTID:0002450;CHEMONTID:0000469,Organic compounds;Organic nitrogen compounds;Organonitrogen compounds;Amines;Primary amines;Monoalkylamines
5207,Carbonyl compounds,1,CHEMONTID:0001831,4,CHEMONTID:0000323,CHEMONTID:0000000;CHEMONTID:0004603;CHEMONTID:0000323;CHEMONTID:0001831,Organic compounds;Organic oxygen compounds;Organooxygen compounds;Carbonyl compounds
11073,Primary amines,0.81,CHEMONTID:0002450,5,CHEMONTID:0002449,CHEMONTID:0000000;CHEMONTID:0004707;CHEMONTID:0000278;CHEMONTID:0002449;CHEMONTID:0002450,Organic compounds;Organic nitrogen compounds;Organonitrogen compounds;Amines;Primary amines
15787,Carboxylic acid derivatives,0.95,CHEMONTID:0001093,4,CHEMONTID:0000265,CHEMONTID:0000000;CHEMONTID:0000264;CHEMONTID:0000265;CHEMONTID:0001093,Organic compounds;Organic acids and derivatives;Carboxylic acids and derivatives;Carboxylic acid derivatives
13742,Amines,1,CHEMONTID:0002449,4,CHEMONTID:0000278,CHEMONTID:0000000;CHEMONTID:0004707;CHEMONTID:0000278;CHEMONTID:0002449,Organic compounds;Organic nitrogen compounds;Organonitrogen compounds;Amines
1764,Dialkyl ethers,0.98,CHEMONTID:0001167,5,CHEMONTID:0000254,CHEMONTID:0000000;CHEMONTID:0004603;CHEMONTID:0000323;CHEMONTID:0000254;CHEMONTID:0001167,Organic compounds;Organic oxygen compounds;Organooxygen compounds;Ethers;Dialkyl ethers
14003,Carboxylic acid derivatives,0.97,CHEMONTID:0001093,4,CHEMONTID:0000265,CHEMONTID:0000000;CHEMONTID:0000264;CHEMONTID:0000265;CHEMONTID:0001093,Organic compounds;Organic acids and derivatives;Carboxylic acids and derivatives;Carboxylic acid derivatives
4913,Carbonyl compounds,1,CHEMONTID:0001831,4,CHEMONTID:0000323,CHEMONTID:0000000;CHEMONTID:0004603;CHEMONTID:0000323;CHEMONTID:0001831,Organic compounds;Organic oxygen compounds;Organooxygen compounds;Carbonyl compounds
9684,Monoalkylamines,0.92,CHEMONTID:0000469,6,CHEMONTID:0002450,CHEMONTID:0000000;CHEMONTID:0004707;CHEMONTID:0000278;CHEMONTID:0002449;CHEMONTID:0002450;CHEMONTID:0000469,Organic compounds;Organic nitrogen compounds;Organonitrogen compounds;Amines;Primary amines;Monoalkylamines
11655,Alcohols and polyols,0.85,CHEMONTID:0000129,4,CHEMONTID:0000323,CHEMONTID:0000000;CHEMONTID:0004603;CHEMONTID:0000323;CHEMONTID:0000129,Organic compounds;Organic oxygen compounds;Organooxygen compounds;Alcohols and polyols
3037,Carbonyl compounds,0.97,CHEMONTID:0001831,4,CHEMONTID:0000323,CHEMONTID:0000000;CHEMONTID:0004603;CHEMONTID:0000323;CHEMONTID:0001831,Organic compounds;Organic oxygen compounds;Organooxygen compounds;Carbonyl compounds
9226,Carbonyl compounds,0.89,CHEMONTID:0001831,4,CHEMONTID:0000323,CHEMONTID:0000000;CHEMONTID:0004603;CHEMONTID:0000323;CHEMONTID:0001831,Organic compounds;Organic oxygen compounds;Organooxygen compounds;Carbonyl compounds
2996,Carbonyl compounds,0.84,CHEMONTID:0001831,4,CHEMONTID:0000323,CHEMONTID:0000000;CHEMONTID:0004603;CHEMONTID:0000323;CHEMONTID:0001831,Organic compounds;Organic oxygen compounds;Organooxygen compounds;Carbonyl compounds
20366,Carboxylic acid derivatives,0.87,CHEMONTID:0001093,4,CHEMONTID:0000265,CHEMONTID:0000000;CHEMONTID:0000264;CHEMONTID:0000265;CHEMONTID:0001093,Organic compounds;Organic acids and derivatives;Carboxylic acids and derivatives;Carboxylic acid derivatives
7337,Carboxylic acid derivatives,0.93,CHEMONTID:0001093,4,CHEMONTID:0000265,CHEMONTID:0000000;CHEMONTID:0000264;CHEMONTID:0000265;CHEMONTID:0001093,Organic compounds;Organic acids and derivatives;Carboxylic acids and derivatives;Carboxylic acid derivatives
5872,Primary amines,1,CHEMONTID:0002450,5,CHEMONTID:0002449,CHEMONTID:0000000;CHEMONTID:0004707;CHEMONTID:0000278;CHEMONTID:0002449;CHEMONTID:0002450,Organic compounds;Organic nitrogen compounds;Organonitrogen compounds;Amines;Primary amines
10711,Amines,0.96,CHEMONTID:0002449,4,CHEMONTID:0000278,CHEMONTID:0000000;CHEMONTID:0004707;CHEMONTID:0000278;CHEMONTID:0002449,Organic compounds;Organic nitrogen compounds;Organonitrogen compounds;Amines
12827,N-substituted imidazoles,1,CHEMONTID:0002311,6,CHEMONTID:0002310,CHEMONTID:0000000;CHEMONTID:0000002;CHEMONTID:0000436;CHEMONTID:0000078;CHEMONTID:0002310;CHEMONTID:0002311,Organic compounds;Organoheterocyclic compounds;Azoles;Imidazoles;Substituted imidazoles;N-substituted imidazoles
19587,Ethers,0.91,CHEMONTID:0000254,4,CHEMONTID:0000323,CHEMONTID:0000000;CHEMONTID:0004603;CHEMONTID:0000323;CHEMONTID:0000254,Organic compounds;Organic oxygen compounds;Organooxygen compounds;Ethers
8296,"Amino acids, peptides, and analogues",0.99,CHEMONTID:0000013,4,CHEMONTID:0000265,CHEMONTID:0000000;CHEMONTID:0000264;CHEMONTID:0000265;CHEMONTID:0000013,"Organic compounds;Organic acids and derivatives;Carboxylic acids and derivatives;Amino acids, peptides, and analogues"
4738,Carboxylic acid amides,0.97,CHEMONTID:0000475,5,CHEMONTID:0001093,CHEMONTID:0000000;CHEMONTID:0000264;CHEMONTID:0000265;CHEMONTID:0001093;CHEMONTID:0000475,Organic compounds;Organic acids and derivatives;Carboxylic acids and derivatives;Carboxylic acid derivatives;Carboxylic acid amides
13061,Alcohols and polyols,0.91,CHEMONTID:0000129,4,CHEMONTID:0000323,CHEMONTID:0000000;CHEMONTID:0004603;CHEMONTID:0000323;CHEMONTID:0000129,Organic compounds;Organic oxygen compounds;Organooxygen compounds;Alcohols and polyols
15328,Amino acids,0.87,CHEMONTID:0004176,6,CHEMONTID:0000347,CHEMONTID:0000000;CHEMONTID:0000264;CHEMONTID:0000265;CHEMONTID:0000013;CHEMONTID:0000347;CHEMONTID:0004176,"Organic compounds;Organic acids and derivatives;Carboxylic acids and derivatives;Amino acids, peptides, and analogues;Amino acids and derivatives;Amino acids"
10330,Monocarboxylic acids and derivatives,0.84,CHEMONTID:0001137,4,CHEMONTID:0000265,CHEMONTID:0000000;CHEMONTID:0000264;CHEMONTID:0000265;CHEMONTID:0001137,Organic compounds;Organic acids and derivatives;Carboxylic acids and derivatives;Monocarboxylic acids and derivatives
9006,Amines,0.94,CHEMONTID:0002449,4,CHEMONTID:0000278,CHEMONTID:0000000;CHEMONTID:0004707;CHEMONTID:0000278;CHEMONTID:0002449,Organic compounds;Organic nitrogen compounds;Organonitrogen compounds;Amines
849,Dialkyl ethers,0.85,CHEMONTID:0001167,5,CHEMONTID:0000254,CHEMONTID:0000000;CHEMONTID:0004603;CHEMONTID:0000323;CHEMONTID:0000254;CHEMONTID:0001167,Organic compounds;Organic oxygen compounds;Organooxygen compounds;Ethers;Dialkyl ethers
7254,Amines,0.92,CHEMONTID:0002449,4,CHEMONTID:0000278,CHEMONTID:0000000;CHEMONTID:0004707;CHEMONTID:0000278;CHEMONTID:0002449,Organic compounds;Organic nitrogen compounds;Organonitrogen compounds;Amines
19701,Monoalkylamines,0.96,CHEMONTID:0000469,6,CHEMONTID:0002450,CHEMONTID:0000000;CHEMONTID:0004707;CHEMONTID:0000278;CHEMONTID:0002449;CHEMONTID:0002450;CHEMONTID:0000469,Organic compounds;Organic nitrogen compounds;Organonitrogen compounds;Amines;Primary amines;Monoalkylamines
8500,Carbonyl compounds,0.96,CHEMONTID:0001831,4,CHEMONTID:0000323,CHEMONTID:0000000;CHEMONTID:0004603;CHEMONTID:0000323;CHEMONTID:0001831,Organic compounds;Organic oxygen compounds;Organooxygen compounds;Carbonyl compounds
15266,Amines,0.88,CHEMONTID:0002449,4,CHEMONTID:0000278,CHEMONTID:0000000;CHEMONTID:0004707;CHEMONTID:0000278;CHEMONTID:0002449,Organic compounds;Organic nitrogen compounds;Organonitrogen compounds;Amines
12361,"1,3,5-triazines",0.97,CHEMONTID:0004105,4,CHEMONTID:0000098,CHEMONTID:0000000;CHEMONTID:0000002;CHEMONTID:0000098;CHEMONTID:0004105,"Organic compounds;Organoheterocyclic compounds;Triazines;1,3,5-triazines"
18811,Carboxylic acid derivatives,0.94,CHEMONTID:0001093,4,CHEMONTID:0000265,CHEMONTID:0000000;CHEMONTID:0000264;CHEMONTID:0000265;CHEMONTID:0001093,Organic compounds;Organic acids and derivatives;Carboxylic acids and derivatives;Carboxylic acid derivatives
9184,Amines,0.96,CHEMONTID:0002449,4,CHEMONTID:0000278,CHEMONTID:0000000;CHEMONTID:0004707;CHEMONTID:0000278;CHEMONTID:0002449,Organic compounds;Organic nitrogen compounds;Organonitrogen compounds;Amines
12126,Nitriles,0.83,CHEMONTID:0000362,5,CHEMONTID:0004504,CHEMONTID:0000000;CHEMONTID:0004707;CHEMONTID:0000278;CHEMONTID:0004504;CHEMONTID:0000362,Organic compounds;Organic nitrogen compounds;Organonitrogen compounds;Organic cyanides;Nitriles
18445,Purines and purine derivatives,0.98,CHEMONTID:0000245,4,CHEMONTID:0001797,CHEMONTID:0000000;CHEMONTID:0000002;CHEMONTID:0001797;CHEMONTID:0000245,Organic compounds;Organoheterocyclic compounds;Imidazopyrimidines;Purines and purine derivatives
12130,Monocarboxylic acids and derivatives,0.87,CHEMONTID:0001137,4,CHEMONTID:0000265,CHEMONTID:0000000;CHEMONTID:0000264;CHEMONTID:0000265;CHEMONTID:0001137,Organic compounds;Organic acids and derivatives;Carboxylic acids and derivatives;Monocarboxylic acids and derivatives
6711,Aryl ketones,0.87,CHEMONTID:0003670,6,CHEMONTID:0000118,CHEMONTID:0000000;CHEMONTID:0004603;CHEMONTID:0000323;CHEMONTID:0001831;CHEMONTID:0000118;CHEMONTID:0003670,Organic compounds;Organic oxygen compounds;Organooxygen compounds;Carbonyl compounds;Ketones;Aryl ketones
338,Monoalkylamines,0.88,CHEMONTID:0000469,6,CHEMONTID:0002450,CHEMONTID:0000000;CHEMONTID:0004707;CHEMONTID:0000278;CHEMONTID:0002449;CHEMONTID:0002450;CHEMONTID:0000469,Organic compounds;Organic nitrogen compounds;Organonitrogen compounds;Amines;Primary amines;Monoalkylamines
11257,Carbonyl compounds,0.95,CHEMONTID:0001831,4,CHEMONTID:0000323,CHEMONTID:0000000;CHEMONTID:0004603;CHEMONTID:0000323;CHEMONTID:0001831,Organic compounds;Organic oxygen compounds;Organooxygen compounds;Carbonyl compounds
4993,Carbonyl compounds,0.97,CHEMONTID:0001831,4,CHEMONTID:0000323,CHEMONTID:0000000;CHEMONTID:0004603;CHEMONTID:0000323;CHEMONTID:0001831,Organic compounds;Organic oxygen compounds;Organooxygen compounds;Carbonyl compounds
13131,Alcohols and polyols,0.92,CHEMONTID:0000129,4,CHEMONTID:0000323,CHEMONTID:0000000;CHEMONTID:0004603;CHEMONTID:0000323;CHEMONTID:0000129,Organic compounds;Organic oxygen compounds;Organooxygen compounds;Alcohols and polyols
2187,Carbonyl compounds,0.89,CHEMONTID:0001831,4,CHEMONTID:0000323,CHEMONTID:0000000;CHEMONTID:0004603;CHEMONTID:0000323;CHEMONTID:0001831,Organic compounds;Organic oxygen compounds;Organooxygen compounds;Carbonyl compounds
6575,Pyrimidines and pyrimidine derivatives,0.96,CHEMONTID:0000075,4,CHEMONTID:0001346,CHEMONTID:0000000;CHEMONTID:0000002;CHEMONTID:0001346;CHEMONTID:0000075,Organic compounds;Organoheterocyclic compounds;Diazines;Pyrimidines and pyrimidine derivatives
19227,Dialkyl ethers,0.97,CHEMONTID:0001167,5,CHEMONTID:0000254,CHEMONTID:0000000;CHEMONTID:0004603;CHEMONTID:0000323;CHEMONTID:0000254;CHEMONTID:0001167,Organic compounds;Organic oxygen compounds;Organooxygen compounds;Ethers;Dialkyl ethers
11849,Carbonyl compounds,0.92,CHEMONTID:0001831,4,CHEMONTID:0000323,CHEMONTID:0000000;CHEMONTID:0004603;CHEMONTID:0000323;CHEMONTID:0001831,Organic compounds;Organic oxygen compounds;Organooxygen compounds;Carbonyl compounds
1785,Carbonyl compounds,0.88,CHEMONTID:0001831,4,CHEMONTID:0000323,CHEMONTID:0000000;CHEMONTID:0004603;CHEMONTID:0000323;CHEMONTID:0001831,Organic compounds;Organic oxygen compounds;Organooxygen compounds;Carbonyl compounds
7164,Carbonyl compounds,0.93,CHEMONTID:0001831,4,CHEMONTID:0000323,CHEMONTID:0000000;CHEMONTID:0004603;CHEMONTID:0000323;CHEMONTID:0001831,Organic compounds;Organic oxygen compounds;Organooxygen compounds;Carbonyl compounds
18399,Amines,0.96,CHEMONTID:0002449,4,CHEMONTID:0000278,CHEMONTID:0000000;CHEMONTID:0004707;CHEMONTID:0000278;CHEMONTID:0002449,Organic compounds;Organic nitrogen compounds;Organonitrogen compounds;Amines
9829,Anisoles,0.92,CHEMONTID:0000138,4,CHEMONTID:0002341,CHEMONTID:0000000;CHEMONTID:0002448;CHEMONTID:0002341;CHEMONTID:0000138,Organic compounds;Benzenoids;Phenol ethers;Anisoles
6219,Alkyl phosphates,1,CHEMONTID:0003457,5,CHEMONTID:0000408,CHEMONTID:0000000;CHEMONTID:0000264;CHEMONTID:0000402;CHEMONTID:0000408;CHEMONTID:0003457,Organic compounds;Organic acids and derivatives;Organic phosphoric acids and derivatives;Phosphate esters;Alkyl phosphates
7464,Alcohols and polyols,0.9,CHEMONTID:0000129,4,CHEMONTID:0000323,CHEMONTID:0000000;CHEMONTID:0004603;CHEMONTID:0000323;CHEMONTID:0000129,Organic compounds;Organic oxygen compounds;Organooxygen compounds;Alcohols and polyols
9072,Monoalkylamines,0.98,CHEMONTID:0000469,6,CHEMONTID:0002450,CHEMONTID:0000000;CHEMONTID:0004707;CHEMONTID:0000278;CHEMONTID:0002449;CHEMONTID:0002450;CHEMONTID:0000469,Organic compounds;Organic nitrogen compounds;Organonitrogen compounds;Amines;Primary amines;Monoalkylamines
13126,Dialkyl phosphates,1,CHEMONTID:0003459,6,CHEMONTID:0003457,CHEMONTID:0000000;CHEMONTID:0000264;CHEMONTID:0000402;CHEMONTID:0000408;CHEMONTID:0003457;CHEMONTID:0003459,Organic compounds;Organic acids and derivatives;Organic phosphoric acids and derivatives;Phosphate esters;Alkyl phosphates;Dialkyl phosphates
10460,Carbonyl compounds,0.82,CHEMONTID:0001831,4,CHEMONTID:0000323,CHEMONTID:0000000;CHEMONTID:0004603;CHEMONTID:0000323;CHEMONTID:0001831,Organic compounds;Organic oxygen compounds;Organooxygen compounds;Carbonyl compounds
19940,Carboximidamides,0.98,CHEMONTID:0003152,4,CHEMONTID:0000278,CHEMONTID:0000000;CHEMONTID:0004707;CHEMONTID:0000278;CHEMONTID:0003152,Organic compounds;Organic nitrogen compounds;Organonitrogen compounds;Carboximidamides
1891,Alcohols and polyols,0.97,CHEMONTID:0000129,4,CHEMONTID:0000323,CHEMONTID:0000000;CHEMONTID:0004603;CHEMONTID:0000323;CHEMONTID:0000129,Organic compounds;Organic oxygen compounds;Organooxygen compounds;Alcohols and polyols
11479,Monoalkylamines,1,CHEMONTID:0000469,6,CHEMONTID:0002450,CHEMONTID:0000000;CHEMONTID:0004707;CHEMONTID:0000278;CHEMONTID:0002449;CHEMONTID:0002450;CHEMONTID:0000469,Organic compounds;Organic nitrogen compounds;Organonitrogen compounds;Amines;Primary amines;Monoalkylamines
7705,Primary amines,0.85,CHEMONTID:0002450,5,CHEMONTID:0002449,CHEMONTID:0000000;CHEMONTID:0004707;CHEMONTID:0000278;CHEMONTID:0002449;CHEMONTID:0002450,Organic compounds;Organic nitrogen compounds;Organonitrogen compounds;Amines;Primary amines
9746,Carbonyl compounds,0.9,CHEMONTID:0001831,4,CHEMONTID:0000323,CHEMONTID:0000000;CHEMONTID:0004603;CHEMONTID:0000323;CHEMONTID:0001831,Organic compounds;Organic oxygen compounds;Organooxygen compounds;Carbonyl compounds
17381,Carboxylic acid derivatives,0.97,CHEMONTID:0001093,4,CHEMONTID:0000265,CHEMONTID:0000000;CHEMONTID:0000264;CHEMONTID:0000265;CHEMONTID:0001093,Organic compounds;Organic acids and derivatives;Carboxylic acids and derivatives;Carboxylic acid derivatives
10386,Carbonyl compounds,0.89,CHEMONTID:0001831,4,CHEMONTID:0000323,CHEMONTID:0000000;CHEMONTID:0004603;CHEMONTID:0000323;CHEMONTID:0001831,Organic compounds;Organic oxygen compounds;Organooxygen compounds;Carbonyl compounds
10071,Monoalkylamines,0.92,CHEMONTID:0000469,6,CHEMONTID:0002450,CHEMONTID:0000000;CHEMONTID:0004707;CHEMONTID:0000278;CHEMONTID:0002449;CHEMONTID:0002450;CHEMONTID:0000469,Organic compounds;Organic nitrogen compounds;Organonitrogen compounds;Amines;Primary amines;Monoalkylamines
13985,Tetrazoles,0.85,CHEMONTID:0000111,4,CHEMONTID:0000436,CHEMONTID:0000000;CHEMONTID:0000002;CHEMONTID:0000436;CHEMONTID:0000111,Organic compounds;Organoheterocyclic compounds;Azoles;Tetrazoles
1556,Carboxylic acid derivatives,0.98,CHEMONTID:0001093,4,CHEMONTID:0000265,CHEMONTID:0000000;CHEMONTID:0000264;CHEMONTID:0000265;CHEMONTID:0001093,Organic compounds;Organic acids and derivatives;Carboxylic acids and derivatives;Carboxylic acid derivatives
19782,Carbonyl compounds,0.93,CHEMONTID:0001831,4,CHEMONTID:0000323,CHEMONTID:0000000;CHEMONTID:0004603;CHEMONTID:0000323;CHEMONTID:0001831,Organic compounds;Organic oxygen compounds;Organooxygen compounds;Carbonyl compounds
7682,Carbonyl compounds,0.96,CHEMONTID:0001831,4,CHEMONTID:0000323,CHEMONTID:0000000;CHEMONTID:0004603;CHEMONTID:0000323;CHEMONTID:0001831,Organic compounds;Organic oxygen compounds;Organooxygen compounds;Carbonyl compounds
10490,Amines,0.99,CHEMONTID:0002449,4,CHEMONTID:0000278,CHEMONTID:0000000;CHEMONTID:0004707;CHEMONTID:0000278;CHEMONTID:0002449,Organic compounds;Organic nitrogen compounds;Organonitrogen compounds;Amines
7714,Carbonyl compounds,0.98,CHEMONTID:0001831,4,CHEMONTID:0000323,CHEMONTID:0000000;CHEMONTID:0004603;CHEMONTID:0000323;CHEMONTID:0001831,Organic compounds;Organic oxygen compounds;Organooxygen compounds;Carbonyl compounds
18551,Carbonyl compounds,1,CHEMONTID:0001831,4,CHEMONTID:0000323,CHEMONTID:0000000;CHEMONTID:0004603;CHEMONTID:0000323;CHEMONTID:0001831,Organic compounds;Organic oxygen compounds;Organooxygen compounds;Carbonyl compounds
7766,Methyl esters,0.83,CHEMONTID:0003416,6,CHEMONTID:0001238,CHEMONTID:0000000;CHEMONTID:0000264;CHEMONTID:0000265;CHEMONTID:0001093;CHEMONTID:0001238;CHEMONTID:0003416,Organic compounds;Organic acids and derivatives;Carboxylic acids and derivatives;Carboxylic acid derivatives;Carboxylic acid esters;Methyl esters
1880,Carbonyl compounds,0.98,CHEMONTID:0001831,4,CHEMONTID:0000323,CHEMONTID:0000000;CHEMONTID:0004603;CHEMONTID:0000323;CHEMONTID:0001831,Organic compounds;Organic oxygen compounds;Organooxygen compounds;Carbonyl compounds
10284,Alcohols and polyols,0.88,CHEMONTID:0000129,4,CHEMONTID:0000323,CHEMONTID:0000000;CHEMONTID:0004603;CHEMONTID:0000323;CHEMONTID:0000129,Organic compounds;Organic oxygen compounds;Organooxygen compounds;Alcohols and polyols
18723,Carboxylic acid derivatives,0.98,CHEMONTID:0001093,4,CHEMONTID:0000265,CHEMONTID:0000000;CHEMONTID:0000264;CHEMONTID:0000265;CHEMONTID:0001093,Organic compounds;Organic acids and derivatives;Carboxylic acids and derivatives;Carboxylic acid derivatives
3441,Carbonyl compounds,0.96,CHEMONTID:0001831,4,CHEMONTID:0000323,CHEMONTID:0000000;CHEMONTID:0004603;CHEMONTID:0000323;CHEMONTID:0001831,Organic compounds;Organic oxygen compounds;Organooxygen compounds;Carbonyl compounds
7844,Carbonyl compounds,0.86,CHEMONTID:0001831,4,CHEMONTID:0000323,CHEMONTID:0000000;CHEMONTID:0004603;CHEMONTID:0000323;CHEMONTID:0001831,Organic compounds;Organic oxygen compounds;Organooxygen compounds;Carbonyl compounds
12600,Amines,0.97,CHEMONTID:0002449,4,CHEMONTID:0000278,CHEMONTID:0000000;CHEMONTID:0004707;CHEMONTID:0000278;CHEMONTID:0002449,Organic compounds;Organic nitrogen compounds;Organonitrogen compounds;Amines
2153,Amines,0.99,CHEMONTID:0002449,4,CHEMONTID:0000278,CHEMONTID:0000000;CHEMONTID:0004707;CHEMONTID:0000278;CHEMONTID:0002449,Organic compounds;Organic nitrogen compounds;Organonitrogen compounds;Amines
20530,Carboxylic acids,0.83,CHEMONTID:0001205,4,CHEMONTID:0000265,CHEMONTID:0000000;CHEMONTID:0000264;CHEMONTID:0000265;CHEMONTID:0001205,Organic compounds;Organic acids and derivatives;Carboxylic acids and derivatives;Carboxylic acids
11186,Carbonyl compounds,0.86,CHEMONTID:0001831,4,CHEMONTID:0000323,CHEMONTID:0000000;CHEMONTID:0004603;CHEMONTID:0000323;CHEMONTID:0001831,Organic compounds;Organic oxygen compounds;Organooxygen compounds;Carbonyl compounds
7475,Amines,0.98,CHEMONTID:0002449,4,CHEMONTID:0000278,CHEMONTID:0000000;CHEMONTID:0004707;CHEMONTID:0000278;CHEMONTID:0002449,Organic compounds;Organic nitrogen compounds;Organonitrogen compounds;Amines
9615,N-substituted imidazoles,0.99,CHEMONTID:0002311,6,CHEMONTID:0002310,CHEMONTID:0000000;CHEMONTID:0000002;CHEMONTID:0000436;CHEMONTID:0000078;CHEMONTID:0002310;CHEMONTID:0002311,Organic compounds;Organoheterocyclic compounds;Azoles;Imidazoles;Substituted imidazoles;N-substituted imidazoles
3427,Carbonyl compounds,0.87,CHEMONTID:0001831,4,CHEMONTID:0000323,CHEMONTID:0000000;CHEMONTID:0004603;CHEMONTID:0000323;CHEMONTID:0001831,Organic compounds;Organic oxygen compounds;Organooxygen compounds;Carbonyl compounds
14680,Cyclic alcohols and derivatives,0.86,CHEMONTID:0001292,5,CHEMONTID:0000129,CHEMONTID:0000000;CHEMONTID:0004603;CHEMONTID:0000323;CHEMONTID:0000129;CHEMONTID:0001292,Organic compounds;Organic oxygen compounds;Organooxygen compounds;Alcohols and polyols;Cyclic alcohols and derivatives
14527,Carbonyl compounds,0.86,CHEMONTID:0001831,4,CHEMONTID:0000323,CHEMONTID:0000000;CHEMONTID:0004603;CHEMONTID:0000323;CHEMONTID:0001831,Organic compounds;Organic oxygen compounds;Organooxygen compounds;Carbonyl compounds
19833,N-substituted imidazoles,0.96,CHEMONTID:0002311,6,CHEMONTID:0002310,CHEMONTID:0000000;CHEMONTID:0000002;CHEMONTID:0000436;CHEMONTID:0000078;CHEMONTID:0002310;CHEMONTID:0002311,Organic compounds;Organoheterocyclic compounds;Azoles;Imidazoles;Substituted imidazoles;N-substituted imidazoles
16030,Amines,0.88,CHEMONTID:0002449,4,CHEMONTID:0000278,CHEMONTID:0000000;CHEMONTID:0004707;CHEMONTID:0000278;CHEMONTID:0002449,Organic compounds;Organic nitrogen compounds;Organonitrogen compounds;Amines
2427,Carboxylic acid derivatives,0.95,CHEMONTID:0001093,4,CHEMONTID:0000265,CHEMONTID:0000000;CHEMONTID:0000264;CHEMONTID:0000265;CHEMONTID:0001093,Organic compounds;Organic acids and derivatives;Carboxylic acids and derivatives;Carboxylic acid derivatives
3196,Carbonyl compounds,0.85,CHEMONTID:0001831,4,CHEMONTID:0000323,CHEMONTID:0000000;CHEMONTID:0004603;CHEMONTID:0000323;CHEMONTID:0001831,Organic compounds;Organic oxygen compounds;Organooxygen compounds;Carbonyl compounds
6564,Ethers,0.96,CHEMONTID:0000254,4,CHEMONTID:0000323,CHEMONTID:0000000;CHEMONTID:0004603;CHEMONTID:0000323;CHEMONTID:0000254,Organic compounds;Organic oxygen compounds;Organooxygen compounds;Ethers
20287,Carbonyl compounds,0.99,CHEMONTID:0001831,4,CHEMONTID:0000323,CHEMONTID:0000000;CHEMONTID:0004603;CHEMONTID:0000323;CHEMONTID:0001831,Organic compounds;Organic oxygen compounds;Organooxygen compounds;Carbonyl compounds
15484,Carbonyl compounds,0.98,CHEMONTID:0001831,4,CHEMONTID:0000323,CHEMONTID:0000000;CHEMONTID:0004603;CHEMONTID:0000323;CHEMONTID:0001831,Organic compounds;Organic oxygen compounds;Organooxygen compounds;Carbonyl compounds
19252,Carbonyl compounds,0.91,CHEMONTID:0001831,4,CHEMONTID:0000323,CHEMONTID:0000000;CHEMONTID:0004603;CHEMONTID:0000323;CHEMONTID:0001831,Organic compounds;Organic oxygen compounds;Organooxygen compounds;Carbonyl compounds
9063,Carbonyl compounds,0.93,CHEMONTID:0001831,4,CHEMONTID:0000323,CHEMONTID:0000000;CHEMONTID:0004603;CHEMONTID:0000323;CHEMONTID:0001831,Organic compounds;Organic oxygen compounds;Organooxygen compounds;Carbonyl compounds
12668,Phosphate esters,1,CHEMONTID:0000408,4,CHEMONTID:0000402,CHEMONTID:0000000;CHEMONTID:0000264;CHEMONTID:0000402;CHEMONTID:0000408,Organic compounds;Organic acids and derivatives;Organic phosphoric acids and derivatives;Phosphate esters
20599,Amines,0.92,CHEMONTID:0002449,4,CHEMONTID:0000278,CHEMONTID:0000000;CHEMONTID:0004707;CHEMONTID:0000278;CHEMONTID:0002449,Organic compounds;Organic nitrogen compounds;Organonitrogen compounds;Amines
18705,Monoalkylamines,0.89,CHEMONTID:0000469,6,CHEMONTID:0002450,CHEMONTID:0000000;CHEMONTID:0004707;CHEMONTID:0000278;CHEMONTID:0002449;CHEMONTID:0002450;CHEMONTID:0000469,Organic compounds;Organic nitrogen compounds;Organonitrogen compounds;Amines;Primary amines;Monoalkylamines
7565,Carbonyl compounds,1,CHEMONTID:0001831,4,CHEMONTID:0000323,CHEMONTID:0000000;CHEMONTID:0004603;CHEMONTID:0000323;CHEMONTID:0001831,Organic compounds;Organic oxygen compounds;Organooxygen compounds;Carbonyl compounds
20290,Primary amines,0.97,CHEMONTID:0002450,5,CHEMONTID:0002449,CHEMONTID:0000000;CHEMONTID:0004707;CHEMONTID:0000278;CHEMONTID:0002449;CHEMONTID:0002450,Organic compounds;Organic nitrogen compounds;Organonitrogen compounds;Amines;Primary amines
16819,Alcohols and polyols,0.8,CHEMONTID:0000129,4,CHEMONTID:0000323,CHEMONTID:0000000;CHEMONTID:0004603;CHEMONTID:0000323;CHEMONTID:0000129,Organic compounds;Organic oxygen compounds;Organooxygen compounds;Alcohols and polyols
2099,Carboxylic acid derivatives,0.98,CHEMONTID:0001093,4,CHEMONTID:0000265,CHEMONTID:0000000;CHEMONTID:0000264;CHEMONTID:0000265;CHEMONTID:0001093,Organic compounds;Organic acids and derivatives;Carboxylic acids and derivatives;Carboxylic acid derivatives
17987,Organic phosphonic acids,0.82,CHEMONTID:0001302,4,CHEMONTID:0000419,CHEMONTID:0000000;CHEMONTID:0000264;CHEMONTID:0000419;CHEMONTID:0001302,Organic compounds;Organic acids and derivatives;Organic phosphonic acids and derivatives;Organic phosphonic acids
17506,Carbonyl compounds,0.86,CHEMONTID:0001831,4,CHEMONTID:0000323,CHEMONTID:0000000;CHEMONTID:0004603;CHEMONTID:0000323;CHEMONTID:0001831,Organic compounds;Organic oxygen compounds;Organooxygen compounds;Carbonyl compounds
3059,Dialkyl phosphates,1,CHEMONTID:0003459,6,CHEMONTID:0003457,CHEMONTID:0000000;CHEMONTID:0000264;CHEMONTID:0000402;CHEMONTID:0000408;CHEMONTID:0003457;CHEMONTID:0003459,Organic compounds;Organic acids and derivatives;Organic phosphoric acids and derivatives;Phosphate esters;Alkyl phosphates;Dialkyl phosphates
17788,Alcohols and polyols,0.98,CHEMONTID:0000129,4,CHEMONTID:0000323,CHEMONTID:0000000;CHEMONTID:0004603;CHEMONTID:0000323;CHEMONTID:0000129,Organic compounds;Organic oxygen compounds;Organooxygen compounds;Alcohols and polyols
15272,Organic phosphonic acids,0.94,CHEMONTID:0001302,4,CHEMONTID:0000419,CHEMONTID:0000000;CHEMONTID:0000264;CHEMONTID:0000419;CHEMONTID:0001302,Organic compounds;Organic acids and derivatives;Organic phosphonic acids and derivatives;Organic phosphonic acids
10003,Carbonyl compounds,0.82,CHEMONTID:0001831,4,CHEMONTID:0000323,CHEMONTID:0000000;CHEMONTID:0004603;CHEMONTID:0000323;CHEMONTID:0001831,Organic compounds;Organic oxygen compounds;Organooxygen compounds;Carbonyl compounds
11935,Amines,0.98,CHEMONTID:0002449,4,CHEMONTID:0000278,CHEMONTID:0000000;CHEMONTID:0004707;CHEMONTID:0000278;CHEMONTID:0002449,Organic compounds;Organic nitrogen compounds;Organonitrogen compounds;Amines
14861,Primary amines,0.98,CHEMONTID:0002450,5,CHEMONTID:0002449,CHEMONTID:0000000;CHEMONTID:0004707;CHEMONTID:0000278;CHEMONTID:0002449;CHEMONTID:0002450,Organic compounds;Organic nitrogen compounds;Organonitrogen compounds;Amines;Primary amines
11366,Carboxylic acid derivatives,0.97,CHEMONTID:0001093,4,CHEMONTID:0000265,CHEMONTID:0000000;CHEMONTID:0000264;CHEMONTID:0000265;CHEMONTID:0001093,Organic compounds;Organic acids and derivatives;Carboxylic acids and derivatives;Carboxylic acid derivatives
13504,Carbonyl compounds,0.91,CHEMONTID:0001831,4,CHEMONTID:0000323,CHEMONTID:0000000;CHEMONTID:0004603;CHEMONTID:0000323;CHEMONTID:0001831,Organic compounds;Organic oxygen compounds;Organooxygen compounds;Carbonyl compounds
16256,Alcohols and polyols,0.88,CHEMONTID:0000129,4,CHEMONTID:0000323,CHEMONTID:0000000;CHEMONTID:0004603;CHEMONTID:0000323;CHEMONTID:0000129,Organic compounds;Organic oxygen compounds;Organooxygen compounds;Alcohols and polyols
16437,Carboxylic acid derivatives,0.9,CHEMONTID:0001093,4,CHEMONTID:0000265,CHEMONTID:0000000;CHEMONTID:0000264;CHEMONTID:0000265;CHEMONTID:0001093,Organic compounds;Organic acids and derivatives;Carboxylic acids and derivatives;Carboxylic acid derivatives
11711,Amines,1,CHEMONTID:0002449,4,CHEMONTID:0000278,CHEMONTID:0000000;CHEMONTID:0004707;CHEMONTID:0000278;CHEMONTID:0002449,Organic compounds;Organic nitrogen compounds;Organonitrogen compounds;Amines
14679,Carbonyl compounds,0.95,CHEMONTID:0001831,4,CHEMONTID:0000323,CHEMONTID:0000000;CHEMONTID:0004603;CHEMONTID:0000323;CHEMONTID:0001831,Organic compounds;Organic oxygen compounds;Organooxygen compounds;Carbonyl compounds
8511,Carbonyl compounds,0.87,CHEMONTID:0001831,4,CHEMONTID:0000323,CHEMONTID:0000000;CHEMONTID:0004603;CHEMONTID:0000323;CHEMONTID:0001831,Organic compounds;Organic oxygen compounds;Organooxygen compounds;Carbonyl compounds
10870,Amines,0.99,CHEMONTID:0002449,4,CHEMONTID:0000278,CHEMONTID:0000000;CHEMONTID:0004707;CHEMONTID:0000278;CHEMONTID:0002449,Organic compounds;Organic nitrogen compounds;Organonitrogen compounds;Amines
15369,Fatty amides,0.91,CHEMONTID:0000331,4,CHEMONTID:0003909,CHEMONTID:0000000;CHEMONTID:0000012;CHEMONTID:0003909;CHEMONTID:0000331,Organic compounds;Lipids and lipid-like molecules;Fatty Acyls;Fatty amides
7257,Carbonyl compounds,1,CHEMONTID:0001831,4,CHEMONTID:0000323,CHEMONTID:0000000;CHEMONTID:0004603;CHEMONTID:0000323;CHEMONTID:0001831,Organic compounds;Organic oxygen compounds;Organooxygen compounds;Carbonyl compounds
6361,Amines,0.82,CHEMONTID:0002449,4,CHEMONTID:0000278,CHEMONTID:0000000;CHEMONTID:0004707;CHEMONTID:0000278;CHEMONTID:0002449,Organic compounds;Organic nitrogen compounds;Organonitrogen compounds;Amines
8934,Alcohols and polyols,0.96,CHEMONTID:0000129,4,CHEMONTID:0000323,CHEMONTID:0000000;CHEMONTID:0004603;CHEMONTID:0000323;CHEMONTID:0000129,Organic compounds;Organic oxygen compounds;Organooxygen compounds;Alcohols and polyols
16320,Trialkylamines,0.96,CHEMONTID:0002239,6,CHEMONTID:0002452,CHEMONTID:0000000;CHEMONTID:0004707;CHEMONTID:0000278;CHEMONTID:0002449;CHEMONTID:0002452;CHEMONTID:0002239,Organic compounds;Organic nitrogen compounds;Organonitrogen compounds;Amines;Tertiary amines;Trialkylamines
12116,Carbonyl compounds,0.97,CHEMONTID:0001831,4,CHEMONTID:0000323,CHEMONTID:0000000;CHEMONTID:0004603;CHEMONTID:0000323;CHEMONTID:0001831,Organic compounds;Organic oxygen compounds;Organooxygen compounds;Carbonyl compounds
8994,Carboxylic acid derivatives,0.9,CHEMONTID:0001093,4,CHEMONTID:0000265,CHEMONTID:0000000;CHEMONTID:0000264;CHEMONTID:0000265;CHEMONTID:0001093,Organic compounds;Organic acids and derivatives;Carboxylic acids and derivatives;Carboxylic acid derivatives
5743,Styrenes,0.81,CHEMONTID:0000037,4,CHEMONTID:0002279,CHEMONTID:0000000;CHEMONTID:0002448;CHEMONTID:0002279;CHEMONTID:0000037,Organic compounds;Benzenoids;Benzene and substituted derivatives;Styrenes
7945,Guanidines,0.99,CHEMONTID:0000375,4,CHEMONTID:0000278,CHEMONTID:0000000;CHEMONTID:0004707;CHEMONTID:0000278;CHEMONTID:0000375,Organic compounds;Organic nitrogen compounds;Organonitrogen compounds;Guanidines
15535,Phosphate esters,0.91,CHEMONTID:0000408,4,CHEMONTID:0000402,CHEMONTID:0000000;CHEMONTID:0000264;CHEMONTID:0000402;CHEMONTID:0000408,Organic compounds;Organic acids and derivatives;Organic phosphoric acids and derivatives;Phosphate esters
6336,Alcohols and polyols,0.97,CHEMONTID:0000129,4,CHEMONTID:0000323,CHEMONTID:0000000;CHEMONTID:0004603;CHEMONTID:0000323;CHEMONTID:0000129,Organic compounds;Organic oxygen compounds;Organooxygen compounds;Alcohols and polyols
16542,Ethers,0.87,CHEMONTID:0000254,4,CHEMONTID:0000323,CHEMONTID:0000000;CHEMONTID:0004603;CHEMONTID:0000323;CHEMONTID:0000254,Organic compounds;Organic oxygen compounds;Organooxygen compounds;Ethers
3882,Carbonyl compounds,0.93,CHEMONTID:0001831,4,CHEMONTID:0000323,CHEMONTID:0000000;CHEMONTID:0004603;CHEMONTID:0000323;CHEMONTID:0001831,Organic compounds;Organic oxygen compounds;Organooxygen compounds;Carbonyl compounds
13418,Amphetamines and derivatives,1,CHEMONTID:0000188,5,CHEMONTID:0000186,CHEMONTID:0000000;CHEMONTID:0002448;CHEMONTID:0002279;CHEMONTID:0000186;CHEMONTID:0000188,Organic compounds;Benzenoids;Benzene and substituted derivatives;Phenethylamines;Amphetamines and derivatives
4213,Olefins,0.97,CHEMONTID:0002838,4,CHEMONTID:0004475,CHEMONTID:0000000;CHEMONTID:0002837;CHEMONTID:0004475;CHEMONTID:0002838,Organic compounds;Hydrocarbons;Unsaturated hydrocarbons;Olefins
12870,Carbonyl compounds,0.97,CHEMONTID:0001831,4,CHEMONTID:0000323,CHEMONTID:0000000;CHEMONTID:0004603;CHEMONTID:0000323;CHEMONTID:0001831,Organic compounds;Organic oxygen compounds;Organooxygen compounds;Carbonyl compounds
2634,Primary amines,0.89,CHEMONTID:0002450,5,CHEMONTID:0002449,CHEMONTID:0000000;CHEMONTID:0004707;CHEMONTID:0000278;CHEMONTID:0002449;CHEMONTID:0002450,Organic compounds;Organic nitrogen compounds;Organonitrogen compounds;Amines;Primary amines
16337,Monoalkylamines,1,CHEMONTID:0000469,6,CHEMONTID:0002450,CHEMONTID:0000000;CHEMONTID:0004707;CHEMONTID:0000278;CHEMONTID:0002449;CHEMONTID:0002450;CHEMONTID:0000469,Organic compounds;Organic nitrogen compounds;Organonitrogen compounds;Amines;Primary amines;Monoalkylamines
12100,Monocarboxylic acids and derivatives,0.82,CHEMONTID:0001137,4,CHEMONTID:0000265,CHEMONTID:0000000;CHEMONTID:0000264;CHEMONTID:0000265;CHEMONTID:0001137,Organic compounds;Organic acids and derivatives;Carboxylic acids and derivatives;Monocarboxylic acids and derivatives
2219,Carbonyl compounds,0.89,CHEMONTID:0001831,4,CHEMONTID:0000323,CHEMONTID:0000000;CHEMONTID:0004603;CHEMONTID:0000323;CHEMONTID:0001831,Organic compounds;Organic oxygen compounds;Organooxygen compounds;Carbonyl compounds
9880,Alcohols and polyols,0.99,CHEMONTID:0000129,4,CHEMONTID:0000323,CHEMONTID:0000000;CHEMONTID:0004603;CHEMONTID:0000323;CHEMONTID:0000129,Organic compounds;Organic oxygen compounds;Organooxygen compounds;Alcohols and polyols
8916,Carbonyl compounds,0.85,CHEMONTID:0001831,4,CHEMONTID:0000323,CHEMONTID:0000000;CHEMONTID:0004603;CHEMONTID:0000323;CHEMONTID:0001831,Organic compounds;Organic oxygen compounds;Organooxygen compounds;Carbonyl compounds
16564,Amines,0.98,CHEMONTID:0002449,4,CHEMONTID:0000278,CHEMONTID:0000000;CHEMONTID:0004707;CHEMONTID:0000278;CHEMONTID:0002449,Organic compounds;Organic nitrogen compounds;Organonitrogen compounds;Amines
19746,Methyl esters,0.95,CHEMONTID:0003416,6,CHEMONTID:0001238,CHEMONTID:0000000;CHEMONTID:0000264;CHEMONTID:0000265;CHEMONTID:0001093;CHEMONTID:0001238;CHEMONTID:0003416,Organic compounds;Organic acids and derivatives;Carboxylic acids and derivatives;Carboxylic acid derivatives;Carboxylic acid esters;Methyl esters
15931,Carboxylic acid derivatives,0.94,CHEMONTID:0001093,4,CHEMONTID:0000265,CHEMONTID:0000000;CHEMONTID:0000264;CHEMONTID:0000265;CHEMONTID:0001093,Organic compounds;Organic acids and derivatives;Carboxylic acids and derivatives;Carboxylic acid derivatives
9489,Carbonyl compounds,0.83,CHEMONTID:0001831,4,CHEMONTID:0000323,CHEMONTID:0000000;CHEMONTID:0004603;CHEMONTID:0000323;CHEMONTID:0001831,Organic compounds;Organic oxygen compounds;Organooxygen compounds;Carbonyl compounds
12943,Primary amines,0.97,CHEMONTID:0002450,5,CHEMONTID:0002449,CHEMONTID:0000000;CHEMONTID:0004707;CHEMONTID:0000278;CHEMONTID:0002449;CHEMONTID:0002450,Organic compounds;Organic nitrogen compounds;Organonitrogen compounds;Amines;Primary amines
20655,Monoalkylamines,1,CHEMONTID:0000469,6,CHEMONTID:0002450,CHEMONTID:0000000;CHEMONTID:0004707;CHEMONTID:0000278;CHEMONTID:0002449;CHEMONTID:0002450;CHEMONTID:0000469,Organic compounds;Organic nitrogen compounds;Organonitrogen compounds;Amines;Primary amines;Monoalkylamines
10320,Alcohols and polyols,0.94,CHEMONTID:0000129,4,CHEMONTID:0000323,CHEMONTID:0000000;CHEMONTID:0004603;CHEMONTID:0000323;CHEMONTID:0000129,Organic compounds;Organic oxygen compounds;Organooxygen compounds;Alcohols and polyols
19475,Primary amines,0.88,CHEMONTID:0002450,5,CHEMONTID:0002449,CHEMONTID:0000000;CHEMONTID:0004707;CHEMONTID:0000278;CHEMONTID:0002449;CHEMONTID:0002450,Organic compounds;Organic nitrogen compounds;Organonitrogen compounds;Amines;Primary amines
13022,Carbonyl compounds,0.95,CHEMONTID:0001831,4,CHEMONTID:0000323,CHEMONTID:0000000;CHEMONTID:0004603;CHEMONTID:0000323;CHEMONTID:0001831,Organic compounds;Organic oxygen compounds;Organooxygen compounds;Carbonyl compounds
17570,Amines,0.88,CHEMONTID:0002449,4,CHEMONTID:0000278,CHEMONTID:0000000;CHEMONTID:0004707;CHEMONTID:0000278;CHEMONTID:0002449,Organic compounds;Organic nitrogen compounds;Organonitrogen compounds;Amines
6965,Carbonyl compounds,0.91,CHEMONTID:0001831,4,CHEMONTID:0000323,CHEMONTID:0000000;CHEMONTID:0004603;CHEMONTID:0000323;CHEMONTID:0001831,Organic compounds;Organic oxygen compounds;Organooxygen compounds;Carbonyl compounds
14719,Amines,0.96,CHEMONTID:0002449,4,CHEMONTID:0000278,CHEMONTID:0000000;CHEMONTID:0004707;CHEMONTID:0000278;CHEMONTID:0002449,Organic compounds;Organic nitrogen compounds;Organonitrogen compounds;Amines
8824,Carbonyl compounds,0.9,CHEMONTID:0001831,4,CHEMONTID:0000323,CHEMONTID:0000000;CHEMONTID:0004603;CHEMONTID:0000323;CHEMONTID:0001831,Organic compounds;Organic oxygen compounds;Organooxygen compounds;Carbonyl compounds
16386,Carbonyl compounds,0.94,CHEMONTID:0001831,4,CHEMONTID:0000323,CHEMONTID:0000000;CHEMONTID:0004603;CHEMONTID:0000323;CHEMONTID:0001831,Organic compounds;Organic oxygen compounds;Organooxygen compounds;Carbonyl compounds
1953,Primary amines,0.97,CHEMONTID:0002450,5,CHEMONTID:0002449,CHEMONTID:0000000;CHEMONTID:0004707;CHEMONTID:0000278;CHEMONTID:0002449;CHEMONTID:0002450,Organic compounds;Organic nitrogen compounds;Organonitrogen compounds;Amines;Primary amines
9107,Carbonyl compounds,0.94,CHEMONTID:0001831,4,CHEMONTID:0000323,CHEMONTID:0000000;CHEMONTID:0004603;CHEMONTID:0000323;CHEMONTID:0001831,Organic compounds;Organic oxygen compounds;Organooxygen compounds;Carbonyl compounds
8093,Primary amines,0.93,CHEMONTID:0002450,5,CHEMONTID:0002449,CHEMONTID:0000000;CHEMONTID:0004707;CHEMONTID:0000278;CHEMONTID:0002449;CHEMONTID:0002450,Organic compounds;Organic nitrogen compounds;Organonitrogen compounds;Amines;Primary amines
7547,Carbonyl compounds,0.84,CHEMONTID:0001831,4,CHEMONTID:0000323,CHEMONTID:0000000;CHEMONTID:0004603;CHEMONTID:0000323;CHEMONTID:0001831,Organic compounds;Organic oxygen compounds;Organooxygen compounds;Carbonyl compounds
16061,Phosphate esters,1,CHEMONTID:0000408,4,CHEMONTID:0000402,CHEMONTID:0000000;CHEMONTID:0000264;CHEMONTID:0000402;CHEMONTID:0000408,Organic compounds;Organic acids and derivatives;Organic phosphoric acids and derivatives;Phosphate esters
20087,Phosphate esters,1,CHEMONTID:0000408,4,CHEMONTID:0000402,CHEMONTID:0000000;CHEMONTID:0000264;CHEMONTID:0000402;CHEMONTID:0000408,Organic compounds;Organic acids and derivatives;Organic phosphoric acids and derivatives;Phosphate esters
5495,Carbonyl compounds,0.98,CHEMONTID:0001831,4,CHEMONTID:0000323,CHEMONTID:0000000;CHEMONTID:0004603;CHEMONTID:0000323;CHEMONTID:0001831,Organic compounds;Organic oxygen compounds;Organooxygen compounds;Carbonyl compounds
11807,Carbonyl compounds,0.95,CHEMONTID:0001831,4,CHEMONTID:0000323,CHEMONTID:0000000;CHEMONTID:0004603;CHEMONTID:0000323;CHEMONTID:0001831,Organic compounds;Organic oxygen compounds;Organooxygen compounds;Carbonyl compounds
13232,Dialkyl ethers,0.95,CHEMONTID:0001167,5,CHEMONTID:0000254,CHEMONTID:0000000;CHEMONTID:0004603;CHEMONTID:0000323;CHEMONTID:0000254;CHEMONTID:0001167,Organic compounds;Organic oxygen compounds;Organooxygen compounds;Ethers;Dialkyl ethers
19070,Trialkylamines,0.94,CHEMONTID:0002239,6,CHEMONTID:0002452,CHEMONTID:0000000;CHEMONTID:0004707;CHEMONTID:0000278;CHEMONTID:0002449;CHEMONTID:0002452;CHEMONTID:0002239,Organic compounds;Organic nitrogen compounds;Organonitrogen compounds;Amines;Tertiary amines;Trialkylamines
10453,Amines,0.99,CHEMONTID:0002449,4,CHEMONTID:0000278,CHEMONTID:0000000;CHEMONTID:0004707;CHEMONTID:0000278;CHEMONTID:0002449,Organic compounds;Organic nitrogen compounds;Organonitrogen compounds;Amines
11859,Secondary alcohols,0.96,CHEMONTID:0001661,5,CHEMONTID:0000129,CHEMONTID:0000000;CHEMONTID:0004603;CHEMONTID:0000323;CHEMONTID:0000129;CHEMONTID:0001661,Organic compounds;Organic oxygen compounds;Organooxygen compounds;Alcohols and polyols;Secondary alcohols
11467,Secondary alcohols,0.95,CHEMONTID:0001661,5,CHEMONTID:0000129,CHEMONTID:0000000;CHEMONTID:0004603;CHEMONTID:0000323;CHEMONTID:0000129;CHEMONTID:0001661,Organic compounds;Organic oxygen compounds;Organooxygen compounds;Alcohols and polyols;Secondary alcohols
10539,Amines,0.86,CHEMONTID:0002449,4,CHEMONTID:0000278,CHEMONTID:0000000;CHEMONTID:0004707;CHEMONTID:0000278;CHEMONTID:0002449,Organic compounds;Organic nitrogen compounds;Organonitrogen compounds;Amines
9749,Carbonyl compounds,0.89,CHEMONTID:0001831,4,CHEMONTID:0000323,CHEMONTID:0000000;CHEMONTID:0004603;CHEMONTID:0000323;CHEMONTID:0001831,Organic compounds;Organic oxygen compounds;Organooxygen compounds;Carbonyl compounds
14582,Pyrimidines and pyrimidine derivatives,0.92,CHEMONTID:0000075,4,CHEMONTID:0001346,CHEMONTID:0000000;CHEMONTID:0000002;CHEMONTID:0001346;CHEMONTID:0000075,Organic compounds;Organoheterocyclic compounds;Diazines;Pyrimidines and pyrimidine derivatives
7556,Carboxylic acid derivatives,0.93,CHEMONTID:0001093,4,CHEMONTID:0000265,CHEMONTID:0000000;CHEMONTID:0000264;CHEMONTID:0000265;CHEMONTID:0001093,Organic compounds;Organic acids and derivatives;Carboxylic acids and derivatives;Carboxylic acid derivatives
20589,1-hydroxy-2-unsubstituted benzenoids,0.97,CHEMONTID:0004646,4,CHEMONTID:0000134,CHEMONTID:0000000;CHEMONTID:0002448;CHEMONTID:0000134;CHEMONTID:0004646,Organic compounds;Benzenoids;Phenols;1-hydroxy-2-unsubstituted benzenoids
6660,Carbonyl compounds,0.86,CHEMONTID:0001831,4,CHEMONTID:0000323,CHEMONTID:0000000;CHEMONTID:0004603;CHEMONTID:0000323;CHEMONTID:0001831,Organic compounds;Organic oxygen compounds;Organooxygen compounds;Carbonyl compounds
20546,Monocarboxylic acids and derivatives,0.85,CHEMONTID:0001137,4,CHEMONTID:0000265,CHEMONTID:0000000;CHEMONTID:0000264;CHEMONTID:0000265;CHEMONTID:0001137,Organic compounds;Organic acids and derivatives;Carboxylic acids and derivatives;Monocarboxylic acids and derivatives
13893,Carbonyl compounds,0.95,CHEMONTID:0001831,4,CHEMONTID:0000323,CHEMONTID:0000000;CHEMONTID:0004603;CHEMONTID:0000323;CHEMONTID:0001831,Organic compounds;Organic oxygen compounds;Organooxygen compounds;Carbonyl compounds
6863,Carbonyl compounds,0.97,CHEMONTID:0001831,4,CHEMONTID:0000323,CHEMONTID:0000000;CHEMONTID:0004603;CHEMONTID:0000323;CHEMONTID:0001831,Organic compounds;Organic oxygen compounds;Organooxygen compounds;Carbonyl compounds
12807,Alcohols and polyols,0.9,CHEMONTID:0000129,4,CHEMONTID:0000323,CHEMONTID:0000000;CHEMONTID:0004603;CHEMONTID:0000323;CHEMONTID:0000129,Organic compounds;Organic oxygen compounds;Organooxygen compounds;Alcohols and polyols
10737,Alcohols and polyols,0.87,CHEMONTID:0000129,4,CHEMONTID:0000323,CHEMONTID:0000000;CHEMONTID:0004603;CHEMONTID:0000323;CHEMONTID:0000129,Organic compounds;Organic oxygen compounds;Organooxygen compounds;Alcohols and polyols
7966,Carbonyl compounds,0.81,CHEMONTID:0001831,4,CHEMONTID:0000323,CHEMONTID:0000000;CHEMONTID:0004603;CHEMONTID:0000323;CHEMONTID:0001831,Organic compounds;Organic oxygen compounds;Organooxygen compounds;Carbonyl compounds
8835,Carbonyl compounds,0.83,CHEMONTID:0001831,4,CHEMONTID:0000323,CHEMONTID:0000000;CHEMONTID:0004603;CHEMONTID:0000323;CHEMONTID:0001831,Organic compounds;Organic oxygen compounds;Organooxygen compounds;Carbonyl compounds
18203,Dialkyl ethers,0.96,CHEMONTID:0001167,5,CHEMONTID:0000254,CHEMONTID:0000000;CHEMONTID:0004603;CHEMONTID:0000323;CHEMONTID:0000254;CHEMONTID:0001167,Organic compounds;Organic oxygen compounds;Organooxygen compounds;Ethers;Dialkyl ethers
17835,Primary amines,0.93,CHEMONTID:0002450,5,CHEMONTID:0002449,CHEMONTID:0000000;CHEMONTID:0004707;CHEMONTID:0000278;CHEMONTID:0002449;CHEMONTID:0002450,Organic compounds;Organic nitrogen compounds;Organonitrogen compounds;Amines;Primary amines
11843,Carbonyl compounds,0.94,CHEMONTID:0001831,4,CHEMONTID:0000323,CHEMONTID:0000000;CHEMONTID:0004603;CHEMONTID:0000323;CHEMONTID:0001831,Organic compounds;Organic oxygen compounds;Organooxygen compounds;Carbonyl compounds
1574,Ethers,0.89,CHEMONTID:0000254,4,CHEMONTID:0000323,CHEMONTID:0000000;CHEMONTID:0004603;CHEMONTID:0000323;CHEMONTID:0000254,Organic compounds;Organic oxygen compounds;Organooxygen compounds;Ethers
2117,Alcohols and polyols,0.82,CHEMONTID:0000129,4,CHEMONTID:0000323,CHEMONTID:0000000;CHEMONTID:0004603;CHEMONTID:0000323;CHEMONTID:0000129,Organic compounds;Organic oxygen compounds;Organooxygen compounds;Alcohols and polyols
18988,Fatty acid esters,0.87,CHEMONTID:0000324,4,CHEMONTID:0003909,CHEMONTID:0000000;CHEMONTID:0000012;CHEMONTID:0003909;CHEMONTID:0000324,Organic compounds;Lipids and lipid-like molecules;Fatty Acyls;Fatty acid esters
2005,Carbonyl compounds,0.8,CHEMONTID:0001831,4,CHEMONTID:0000323,CHEMONTID:0000000;CHEMONTID:0004603;CHEMONTID:0000323;CHEMONTID:0001831,Organic compounds;Organic oxygen compounds;Organooxygen compounds;Carbonyl compounds
9116,Carbonyl compounds,0.91,CHEMONTID:0001831,4,CHEMONTID:0000323,CHEMONTID:0000000;CHEMONTID:0004603;CHEMONTID:0000323;CHEMONTID:0001831,Organic compounds;Organic oxygen compounds;Organooxygen compounds;Carbonyl compounds
13050,Methyl esters,0.87,CHEMONTID:0003416,6,CHEMONTID:0001238,CHEMONTID:0000000;CHEMONTID:0000264;CHEMONTID:0000265;CHEMONTID:0001093;CHEMONTID:0001238;CHEMONTID:0003416,Organic compounds;Organic acids and derivatives;Carboxylic acids and derivatives;Carboxylic acid derivatives;Carboxylic acid esters;Methyl esters
3506,Carbonyl compounds,0.81,CHEMONTID:0001831,4,CHEMONTID:0000323,CHEMONTID:0000000;CHEMONTID:0004603;CHEMONTID:0000323;CHEMONTID:0001831,Organic compounds;Organic oxygen compounds;Organooxygen compounds;Carbonyl compounds
4593,Dialkyl phosphates,1,CHEMONTID:0003459,6,CHEMONTID:0003457,CHEMONTID:0000000;CHEMONTID:0000264;CHEMONTID:0000402;CHEMONTID:0000408;CHEMONTID:0003457;CHEMONTID:0003459,Organic compounds;Organic acids and derivatives;Organic phosphoric acids and derivatives;Phosphate esters;Alkyl phosphates;Dialkyl phosphates
9498,"Amino acids, peptides, and analogues",0.98,CHEMONTID:0000013,4,CHEMONTID:0000265,CHEMONTID:0000000;CHEMONTID:0000264;CHEMONTID:0000265;CHEMONTID:0000013,"Organic compounds;Organic acids and derivatives;Carboxylic acids and derivatives;Amino acids, peptides, and analogues"
12282,Amines,0.88,CHEMONTID:0002449,4,CHEMONTID:0000278,CHEMONTID:0000000;CHEMONTID:0004707;CHEMONTID:0000278;CHEMONTID:0002449,Organic compounds;Organic nitrogen compounds;Organonitrogen compounds;Amines
3567,Alcohols and polyols,0.96,CHEMONTID:0000129,4,CHEMONTID:0000323,CHEMONTID:0000000;CHEMONTID:0004603;CHEMONTID:0000323;CHEMONTID:0000129,Organic compounds;Organic oxygen compounds;Organooxygen compounds;Alcohols and polyols
365,Alcohols and polyols,0.93,CHEMONTID:0000129,4,CHEMONTID:0000323,CHEMONTID:0000000;CHEMONTID:0004603;CHEMONTID:0000323;CHEMONTID:0000129,Organic compounds;Organic oxygen compounds;Organooxygen compounds;Alcohols and polyols
12025,Primary amines,0.94,CHEMONTID:0002450,5,CHEMONTID:0002449,CHEMONTID:0000000;CHEMONTID:0004707;CHEMONTID:0000278;CHEMONTID:0002449;CHEMONTID:0002450,Organic compounds;Organic nitrogen compounds;Organonitrogen compounds;Amines;Primary amines
1852,Amines,0.99,CHEMONTID:0002449,4,CHEMONTID:0000278,CHEMONTID:0000000;CHEMONTID:0004707;CHEMONTID:0000278;CHEMONTID:0002449,Organic compounds;Organic nitrogen compounds;Organonitrogen compounds;Amines
576,Monoalkylamines,0.96,CHEMONTID:0000469,6,CHEMONTID:0002450,CHEMONTID:0000000;CHEMONTID:0004707;CHEMONTID:0000278;CHEMONTID:0002449;CHEMONTID:0002450;CHEMONTID:0000469,Organic compounds;Organic nitrogen compounds;Organonitrogen compounds;Amines;Primary amines;Monoalkylamines
14288,Amino acids and derivatives,0.98,CHEMONTID:0000347,5,CHEMONTID:0000013,CHEMONTID:0000000;CHEMONTID:0000264;CHEMONTID:0000265;CHEMONTID:0000013;CHEMONTID:0000347,"Organic compounds;Organic acids and derivatives;Carboxylic acids and derivatives;Amino acids, peptides, and analogues;Amino acids and derivatives"
3100,Amines,0.94,CHEMONTID:0002449,4,CHEMONTID:0000278,CHEMONTID:0000000;CHEMONTID:0004707;CHEMONTID:0000278;CHEMONTID:0002449,Organic compounds;Organic nitrogen compounds;Organonitrogen compounds;Amines
9024,Carboxylic acid derivatives,0.96,CHEMONTID:0001093,4,CHEMONTID:0000265,CHEMONTID:0000000;CHEMONTID:0000264;CHEMONTID:0000265;CHEMONTID:0001093,Organic compounds;Organic acids and derivatives;Carboxylic acids and derivatives;Carboxylic acid derivatives
7839,Carbonyl compounds,0.84,CHEMONTID:0001831,4,CHEMONTID:0000323,CHEMONTID:0000000;CHEMONTID:0004603;CHEMONTID:0000323;CHEMONTID:0001831,Organic compounds;Organic oxygen compounds;Organooxygen compounds;Carbonyl compounds
16570,Primary amines,0.9,CHEMONTID:0002450,5,CHEMONTID:0002449,CHEMONTID:0000000;CHEMONTID:0004707;CHEMONTID:0000278;CHEMONTID:0002449;CHEMONTID:0002450,Organic compounds;Organic nitrogen compounds;Organonitrogen compounds;Amines;Primary amines
9856,Alcohols and polyols,0.99,CHEMONTID:0000129,4,CHEMONTID:0000323,CHEMONTID:0000000;CHEMONTID:0004603;CHEMONTID:0000323;CHEMONTID:0000129,Organic compounds;Organic oxygen compounds;Organooxygen compounds;Alcohols and polyols
5108,Carbonyl compounds,0.87,CHEMONTID:0001831,4,CHEMONTID:0000323,CHEMONTID:0000000;CHEMONTID:0004603;CHEMONTID:0000323;CHEMONTID:0001831,Organic compounds;Organic oxygen compounds;Organooxygen compounds;Carbonyl compounds
8159,Amines,0.99,CHEMONTID:0002449,4,CHEMONTID:0000278,CHEMONTID:0000000;CHEMONTID:0004707;CHEMONTID:0000278;CHEMONTID:0002449,Organic compounds;Organic nitrogen compounds;Organonitrogen compounds;Amines
1700,Carbonyl compounds,0.92,CHEMONTID:0001831,4,CHEMONTID:0000323,CHEMONTID:0000000;CHEMONTID:0004603;CHEMONTID:0000323;CHEMONTID:0001831,Organic compounds;Organic oxygen compounds;Organooxygen compounds;Carbonyl compounds
17713,Alcohols and polyols,0.98,CHEMONTID:0000129,4,CHEMONTID:0000323,CHEMONTID:0000000;CHEMONTID:0004603;CHEMONTID:0000323;CHEMONTID:0000129,Organic compounds;Organic oxygen compounds;Organooxygen compounds;Alcohols and polyols
8304,Carbonyl compounds,0.99,CHEMONTID:0001831,4,CHEMONTID:0000323,CHEMONTID:0000000;CHEMONTID:0004603;CHEMONTID:0000323;CHEMONTID:0001831,Organic compounds;Organic oxygen compounds;Organooxygen compounds;Carbonyl compounds
6972,Alcohols and polyols,0.99,CHEMONTID:0000129,4,CHEMONTID:0000323,CHEMONTID:0000000;CHEMONTID:0004603;CHEMONTID:0000323;CHEMONTID:0000129,Organic compounds;Organic oxygen compounds;Organooxygen compounds;Alcohols and polyols
19971,Carbonyl compounds,0.92,CHEMONTID:0001831,4,CHEMONTID:0000323,CHEMONTID:0000000;CHEMONTID:0004603;CHEMONTID:0000323;CHEMONTID:0001831,Organic compounds;Organic oxygen compounds;Organooxygen compounds;Carbonyl compounds
15440,Amino acids,1,CHEMONTID:0004176,6,CHEMONTID:0000347,CHEMONTID:0000000;CHEMONTID:0000264;CHEMONTID:0000265;CHEMONTID:0000013;CHEMONTID:0000347;CHEMONTID:0004176,"Organic compounds;Organic acids and derivatives;Carboxylic acids and derivatives;Amino acids, peptides, and analogues;Amino acids and derivatives;Amino acids"
9891,Alkyl phosphates,0.99,CHEMONTID:0003457,5,CHEMONTID:0000408,CHEMONTID:0000000;CHEMONTID:0000264;CHEMONTID:0000402;CHEMONTID:0000408;CHEMONTID:0003457,Organic compounds;Organic acids and derivatives;Organic phosphoric acids and derivatives;Phosphate esters;Alkyl phosphates
20280,Monoalkylamines,0.87,CHEMONTID:0000469,6,CHEMONTID:0002450,CHEMONTID:0000000;CHEMONTID:0004707;CHEMONTID:0000278;CHEMONTID:0002449;CHEMONTID:0002450;CHEMONTID:0000469,Organic compounds;Organic nitrogen compounds;Organonitrogen compounds;Amines;Primary amines;Monoalkylamines
6874,Carbonyl compounds,0.93,CHEMONTID:0001831,4,CHEMONTID:0000323,CHEMONTID:0000000;CHEMONTID:0004603;CHEMONTID:0000323;CHEMONTID:0001831,Organic compounds;Organic oxygen compounds;Organooxygen compounds;Carbonyl compounds
11905,Carbonyl compounds,0.96,CHEMONTID:0001831,4,CHEMONTID:0000323,CHEMONTID:0000000;CHEMONTID:0004603;CHEMONTID:0000323;CHEMONTID:0001831,Organic compounds;Organic oxygen compounds;Organooxygen compounds;Carbonyl compounds
2625,Guanidines,0.83,CHEMONTID:0000375,4,CHEMONTID:0000278,CHEMONTID:0000000;CHEMONTID:0004707;CHEMONTID:0000278;CHEMONTID:0000375,Organic compounds;Organic nitrogen compounds;Organonitrogen compounds;Guanidines
11378,Carboxylic acid derivatives,0.87,CHEMONTID:0001093,4,CHEMONTID:0000265,CHEMONTID:0000000;CHEMONTID:0000264;CHEMONTID:0000265;CHEMONTID:0001093,Organic compounds;Organic acids and derivatives;Carboxylic acids and derivatives;Carboxylic acid derivatives
8476,Alcohols and polyols,0.9,CHEMONTID:0000129,4,CHEMONTID:0000323,CHEMONTID:0000000;CHEMONTID:0004603;CHEMONTID:0000323;CHEMONTID:0000129,Organic compounds;Organic oxygen compounds;Organooxygen compounds;Alcohols and polyols
9417,Carbonyl compounds,0.85,CHEMONTID:0001831,4,CHEMONTID:0000323,CHEMONTID:0000000;CHEMONTID:0004603;CHEMONTID:0000323;CHEMONTID:0001831,Organic compounds;Organic oxygen compounds;Organooxygen compounds;Carbonyl compounds
3558,Carboxylic acid derivatives,0.93,CHEMONTID:0001093,4,CHEMONTID:0000265,CHEMONTID:0000000;CHEMONTID:0000264;CHEMONTID:0000265;CHEMONTID:0001093,Organic compounds;Organic acids and derivatives;Carboxylic acids and derivatives;Carboxylic acid derivatives
4144,Carboxylic acid derivatives,0.99,CHEMONTID:0001093,4,CHEMONTID:0000265,CHEMONTID:0000000;CHEMONTID:0000264;CHEMONTID:0000265;CHEMONTID:0001093,Organic compounds;Organic acids and derivatives;Carboxylic acids and derivatives;Carboxylic acid derivatives
15159,Primary amines,0.96,CHEMONTID:0002450,5,CHEMONTID:0002449,CHEMONTID:0000000;CHEMONTID:0004707;CHEMONTID:0000278;CHEMONTID:0002449;CHEMONTID:0002450,Organic compounds;Organic nitrogen compounds;Organonitrogen compounds;Amines;Primary amines
5261,Carbonyl compounds,0.89,CHEMONTID:0001831,4,CHEMONTID:0000323,CHEMONTID:0000000;CHEMONTID:0004603;CHEMONTID:0000323;CHEMONTID:0001831,Organic compounds;Organic oxygen compounds;Organooxygen compounds;Carbonyl compounds
17596,Amines,0.8,CHEMONTID:0002449,4,CHEMONTID:0000278,CHEMONTID:0000000;CHEMONTID:0004707;CHEMONTID:0000278;CHEMONTID:0002449,Organic compounds;Organic nitrogen compounds;Organonitrogen compounds;Amines
18897,Amines,1,CHEMONTID:0002449,4,CHEMONTID:0000278,CHEMONTID:0000000;CHEMONTID:0004707;CHEMONTID:0000278;CHEMONTID:0002449,Organic compounds;Organic nitrogen compounds;Organonitrogen compounds;Amines
6966,Amines,0.98,CHEMONTID:0002449,4,CHEMONTID:0000278,CHEMONTID:0000000;CHEMONTID:0004707;CHEMONTID:0000278;CHEMONTID:0002449,Organic compounds;Organic nitrogen compounds;Organonitrogen compounds;Amines
4478,Carbonyl compounds,0.99,CHEMONTID:0001831,4,CHEMONTID:0000323,CHEMONTID:0000000;CHEMONTID:0004603;CHEMONTID:0000323;CHEMONTID:0001831,Organic compounds;Organic oxygen compounds;Organooxygen compounds;Carbonyl compounds
8535,Carbonyl compounds,0.96,CHEMONTID:0001831,4,CHEMONTID:0000323,CHEMONTID:0000000;CHEMONTID:0004603;CHEMONTID:0000323;CHEMONTID:0001831,Organic compounds;Organic oxygen compounds;Organooxygen compounds;Carbonyl compounds
16361,Primary amines,0.96,CHEMONTID:0002450,5,CHEMONTID:0002449,CHEMONTID:0000000;CHEMONTID:0004707;CHEMONTID:0000278;CHEMONTID:0002449;CHEMONTID:0002450,Organic compounds;Organic nitrogen compounds;Organonitrogen compounds;Amines;Primary amines
10899,Ethers,1,CHEMONTID:0000254,4,CHEMONTID:0000323,CHEMONTID:0000000;CHEMONTID:0004603;CHEMONTID:0000323;CHEMONTID:0000254,Organic compounds;Organic oxygen compounds;Organooxygen compounds;Ethers
11678,Amines,0.96,CHEMONTID:0002449,4,CHEMONTID:0000278,CHEMONTID:0000000;CHEMONTID:0004707;CHEMONTID:0000278;CHEMONTID:0002449,Organic compounds;Organic nitrogen compounds;Organonitrogen compounds;Amines
7747,Carbonyl compounds,0.95,CHEMONTID:0001831,4,CHEMONTID:0000323,CHEMONTID:0000000;CHEMONTID:0004603;CHEMONTID:0000323;CHEMONTID:0001831,Organic compounds;Organic oxygen compounds;Organooxygen compounds;Carbonyl compounds
5949,Carboxylic acid derivatives,0.95,CHEMONTID:0001093,4,CHEMONTID:0000265,CHEMONTID:0000000;CHEMONTID:0000264;CHEMONTID:0000265;CHEMONTID:0001093,Organic compounds;Organic acids and derivatives;Carboxylic acids and derivatives;Carboxylic acid derivatives
10434,Primary amines,0.93,CHEMONTID:0002450,5,CHEMONTID:0002449,CHEMONTID:0000000;CHEMONTID:0004707;CHEMONTID:0000278;CHEMONTID:0002449;CHEMONTID:0002450,Organic compounds;Organic nitrogen compounds;Organonitrogen compounds;Amines;Primary amines
13820,Fatty amides,0.97,CHEMONTID:0000331,4,CHEMONTID:0003909,CHEMONTID:0000000;CHEMONTID:0000012;CHEMONTID:0003909;CHEMONTID:0000331,Organic compounds;Lipids and lipid-like molecules;Fatty Acyls;Fatty amides
6008,Ketals,0.82,CHEMONTID:0004472,6,CHEMONTID:0001656,CHEMONTID:0000000;CHEMONTID:0004603;CHEMONTID:0000323;CHEMONTID:0000254;CHEMONTID:0001656;CHEMONTID:0004472,Organic compounds;Organic oxygen compounds;Organooxygen compounds;Ethers;Acetals;Ketals
15299,Amines,0.93,CHEMONTID:0002449,4,CHEMONTID:0000278,CHEMONTID:0000000;CHEMONTID:0004707;CHEMONTID:0000278;CHEMONTID:0002449,Organic compounds;Organic nitrogen compounds;Organonitrogen compounds;Amines
4672,Carbonyl compounds,0.97,CHEMONTID:0001831,4,CHEMONTID:0000323,CHEMONTID:0000000;CHEMONTID:0004603;CHEMONTID:0000323;CHEMONTID:0001831,Organic compounds;Organic oxygen compounds;Organooxygen compounds;Carbonyl compounds
6054,Primary amines,0.88,CHEMONTID:0002450,5,CHEMONTID:0002449,CHEMONTID:0000000;CHEMONTID:0004707;CHEMONTID:0000278;CHEMONTID:0002449;CHEMONTID:0002450,Organic compounds;Organic nitrogen compounds;Organonitrogen compounds;Amines;Primary amines
833,Carbonyl compounds,1,CHEMONTID:0001831,4,CHEMONTID:0000323,CHEMONTID:0000000;CHEMONTID:0004603;CHEMONTID:0000323;CHEMONTID:0001831,Organic compounds;Organic oxygen compounds;Organooxygen compounds;Carbonyl compounds
6335,Amines,0.94,CHEMONTID:0002449,4,CHEMONTID:0000278,CHEMONTID:0000000;CHEMONTID:0004707;CHEMONTID:0000278;CHEMONTID:0002449,Organic compounds;Organic nitrogen compounds;Organonitrogen compounds;Amines
12762,Amines,0.82,CHEMONTID:0002449,4,CHEMONTID:0000278,CHEMONTID:0000000;CHEMONTID:0004707;CHEMONTID:0000278;CHEMONTID:0002449,Organic compounds;Organic nitrogen compounds;Organonitrogen compounds;Amines
6248,"1,2-diacylglycerols",0.89,CHEMONTID:0001644,6,CHEMONTID:0001129,CHEMONTID:0000000;CHEMONTID:0000012;CHEMONTID:0000175;CHEMONTID:0003809;CHEMONTID:0001129;CHEMONTID:0001644,"Organic compounds;Lipids and lipid-like molecules;Glycerolipids;Diradylglycerols;Diacylglycerols;1,2-diacylglycerols"
7848,Ethers,0.98,CHEMONTID:0000254,4,CHEMONTID:0000323,CHEMONTID:0000000;CHEMONTID:0004603;CHEMONTID:0000323;CHEMONTID:0000254,Organic compounds;Organic oxygen compounds;Organooxygen compounds;Ethers
12334,Alcohols and polyols,0.91,CHEMONTID:0000129,4,CHEMONTID:0000323,CHEMONTID:0000000;CHEMONTID:0004603;CHEMONTID:0000323;CHEMONTID:0000129,Organic compounds;Organic oxygen compounds;Organooxygen compounds;Alcohols and polyols
10874,Monoalkylamines,0.85,CHEMONTID:0000469,6,CHEMONTID:0002450,CHEMONTID:0000000;CHEMONTID:0004707;CHEMONTID:0000278;CHEMONTID:0002449;CHEMONTID:0002450;CHEMONTID:0000469,Organic compounds;Organic nitrogen compounds;Organonitrogen compounds;Amines;Primary amines;Monoalkylamines
15790,Carbonyl compounds,0.83,CHEMONTID:0001831,4,CHEMONTID:0000323,CHEMONTID:0000000;CHEMONTID:0004603;CHEMONTID:0000323;CHEMONTID:0001831,Organic compounds;Organic oxygen compounds;Organooxygen compounds;Carbonyl compounds
2947,Carbonyl compounds,0.91,CHEMONTID:0001831,4,CHEMONTID:0000323,CHEMONTID:0000000;CHEMONTID:0004603;CHEMONTID:0000323;CHEMONTID:0001831,Organic compounds;Organic oxygen compounds;Organooxygen compounds;Carbonyl compounds
7390,Dialkyl ethers,0.97,CHEMONTID:0001167,5,CHEMONTID:0000254,CHEMONTID:0000000;CHEMONTID:0004603;CHEMONTID:0000323;CHEMONTID:0000254;CHEMONTID:0001167,Organic compounds;Organic oxygen compounds;Organooxygen compounds;Ethers;Dialkyl ethers
18958,Carbonyl compounds,0.98,CHEMONTID:0001831,4,CHEMONTID:0000323,CHEMONTID:0000000;CHEMONTID:0004603;CHEMONTID:0000323;CHEMONTID:0001831,Organic compounds;Organic oxygen compounds;Organooxygen compounds;Carbonyl compounds
11156,Carbonyl compounds,0.81,CHEMONTID:0001831,4,CHEMONTID:0000323,CHEMONTID:0000000;CHEMONTID:0004603;CHEMONTID:0000323;CHEMONTID:0001831,Organic compounds;Organic oxygen compounds;Organooxygen compounds;Carbonyl compounds
11049,Carboxylic acid derivatives,0.99,CHEMONTID:0001093,4,CHEMONTID:0000265,CHEMONTID:0000000;CHEMONTID:0000264;CHEMONTID:0000265;CHEMONTID:0001093,Organic compounds;Organic acids and derivatives;Carboxylic acids and derivatives;Carboxylic acid derivatives
3749,Monoalkylamines,1,CHEMONTID:0000469,6,CHEMONTID:0002450,CHEMONTID:0000000;CHEMONTID:0004707;CHEMONTID:0000278;CHEMONTID:0002449;CHEMONTID:0002450;CHEMONTID:0000469,Organic compounds;Organic nitrogen compounds;Organonitrogen compounds;Amines;Primary amines;Monoalkylamines
3818,Monocarboxylic acids and derivatives,0.9,CHEMONTID:0001137,4,CHEMONTID:0000265,CHEMONTID:0000000;CHEMONTID:0000264;CHEMONTID:0000265;CHEMONTID:0001137,Organic compounds;Organic acids and derivatives;Carboxylic acids and derivatives;Monocarboxylic acids and derivatives
8915,Pyrimidines and pyrimidine derivatives,1,CHEMONTID:0000075,4,CHEMONTID:0001346,CHEMONTID:0000000;CHEMONTID:0000002;CHEMONTID:0001346;CHEMONTID:0000075,Organic compounds;Organoheterocyclic compounds;Diazines;Pyrimidines and pyrimidine derivatives
20510,1-hydroxy-2-unsubstituted benzenoids,0.92,CHEMONTID:0004646,4,CHEMONTID:0000134,CHEMONTID:0000000;CHEMONTID:0002448;CHEMONTID:0000134;CHEMONTID:0004646,Organic compounds;Benzenoids;Phenols;1-hydroxy-2-unsubstituted benzenoids
15840,Monocarboxylic acids and derivatives,0.83,CHEMONTID:0001137,4,CHEMONTID:0000265,CHEMONTID:0000000;CHEMONTID:0000264;CHEMONTID:0000265;CHEMONTID:0001137,Organic compounds;Organic acids and derivatives;Carboxylic acids and derivatives;Monocarboxylic acids and derivatives
20473,Alkyl phosphates,0.85,CHEMONTID:0003457,5,CHEMONTID:0000408,CHEMONTID:0000000;CHEMONTID:0000264;CHEMONTID:0000402;CHEMONTID:0000408;CHEMONTID:0003457,Organic compounds;Organic acids and derivatives;Organic phosphoric acids and derivatives;Phosphate esters;Alkyl phosphates
9247,Carbonyl compounds,0.85,CHEMONTID:0001831,4,CHEMONTID:0000323,CHEMONTID:0000000;CHEMONTID:0004603;CHEMONTID:0000323;CHEMONTID:0001831,Organic compounds;Organic oxygen compounds;Organooxygen compounds;Carbonyl compounds
9717,Carbonyl compounds,0.95,CHEMONTID:0001831,4,CHEMONTID:0000323,CHEMONTID:0000000;CHEMONTID:0004603;CHEMONTID:0000323;CHEMONTID:0001831,Organic compounds;Organic oxygen compounds;Organooxygen compounds;Carbonyl compounds
14073,Alcohols and polyols,0.99,CHEMONTID:0000129,4,CHEMONTID:0000323,CHEMONTID:0000000;CHEMONTID:0004603;CHEMONTID:0000323;CHEMONTID:0000129,Organic compounds;Organic oxygen compounds;Organooxygen compounds;Alcohols and polyols
1044,Alcohols and polyols,0.94,CHEMONTID:0000129,4,CHEMONTID:0000323,CHEMONTID:0000000;CHEMONTID:0004603;CHEMONTID:0000323;CHEMONTID:0000129,Organic compounds;Organic oxygen compounds;Organooxygen compounds;Alcohols and polyols
9,Primary carboxylic acid amides,0.81,CHEMONTID:0001662,6,CHEMONTID:0000475,CHEMONTID:0000000;CHEMONTID:0000264;CHEMONTID:0000265;CHEMONTID:0001093;CHEMONTID:0000475;CHEMONTID:0001662,Organic compounds;Organic acids and derivatives;Carboxylic acids and derivatives;Carboxylic acid derivatives;Carboxylic acid amides;Primary carboxylic acid amides
8148,Carboxylic acid derivatives,0.91,CHEMONTID:0001093,4,CHEMONTID:0000265,CHEMONTID:0000000;CHEMONTID:0000264;CHEMONTID:0000265;CHEMONTID:0001093,Organic compounds;Organic acids and derivatives;Carboxylic acids and derivatives;Carboxylic acid derivatives
16476,Monocarboxylic acids and derivatives,0.84,CHEMONTID:0001137,4,CHEMONTID:0000265,CHEMONTID:0000000;CHEMONTID:0000264;CHEMONTID:0000265;CHEMONTID:0001137,Organic compounds;Organic acids and derivatives;Carboxylic acids and derivatives;Monocarboxylic acids and derivatives
3809,Carbonyl compounds,0.99,CHEMONTID:0001831,4,CHEMONTID:0000323,CHEMONTID:0000000;CHEMONTID:0004603;CHEMONTID:0000323;CHEMONTID:0001831,Organic compounds;Organic oxygen compounds;Organooxygen compounds;Carbonyl compounds
3758,Phosphate esters,0.93,CHEMONTID:0000408,4,CHEMONTID:0000402,CHEMONTID:0000000;CHEMONTID:0000264;CHEMONTID:0000402;CHEMONTID:0000408,Organic compounds;Organic acids and derivatives;Organic phosphoric acids and derivatives;Phosphate esters
3652,Alkyl phosphates,1,CHEMONTID:0003457,5,CHEMONTID:0000408,CHEMONTID:0000000;CHEMONTID:0000264;CHEMONTID:0000402;CHEMONTID:0000408;CHEMONTID:0003457,Organic compounds;Organic acids and derivatives;Organic phosphoric acids and derivatives;Phosphate esters;Alkyl phosphates
16209,Carbohydrates and carbohydrate conjugates,0.98,CHEMONTID:0000011,4,CHEMONTID:0000323,CHEMONTID:0000000;CHEMONTID:0004603;CHEMONTID:0000323;CHEMONTID:0000011,Organic compounds;Organic oxygen compounds;Organooxygen compounds;Carbohydrates and carbohydrate conjugates
7381,Dialkyl peroxides,0.98,CHEMONTID:0003951,5,CHEMONTID:0000414,CHEMONTID:0000000;CHEMONTID:0004603;CHEMONTID:0003940;CHEMONTID:0000414;CHEMONTID:0003951,Organic compounds;Organic oxygen compounds;Organic oxides;Organic peroxides;Dialkyl peroxides
15748,Monoalkylamines,0.98,CHEMONTID:0000469,6,CHEMONTID:0002450,CHEMONTID:0000000;CHEMONTID:0004707;CHEMONTID:0000278;CHEMONTID:0002449;CHEMONTID:0002450;CHEMONTID:0000469,Organic compounds;Organic nitrogen compounds;Organonitrogen compounds;Amines;Primary amines;Monoalkylamines
2559,Peptides,0.94,CHEMONTID:0000348,5,CHEMONTID:0000013,CHEMONTID:0000000;CHEMONTID:0000264;CHEMONTID:0000265;CHEMONTID:0000013;CHEMONTID:0000348,"Organic compounds;Organic acids and derivatives;Carboxylic acids and derivatives;Amino acids, peptides, and analogues;Peptides"
16733,Ethers,0.99,CHEMONTID:0000254,4,CHEMONTID:0000323,CHEMONTID:0000000;CHEMONTID:0004603;CHEMONTID:0000323;CHEMONTID:0000254,Organic compounds;Organic oxygen compounds;Organooxygen compounds;Ethers
20504,Monocarboxylic acids and derivatives,0.84,CHEMONTID:0001137,4,CHEMONTID:0000265,CHEMONTID:0000000;CHEMONTID:0000264;CHEMONTID:0000265;CHEMONTID:0001137,Organic compounds;Organic acids and derivatives;Carboxylic acids and derivatives;Monocarboxylic acids and derivatives
13531,Carbonyl compounds,0.99,CHEMONTID:0001831,4,CHEMONTID:0000323,CHEMONTID:0000000;CHEMONTID:0004603;CHEMONTID:0000323;CHEMONTID:0001831,Organic compounds;Organic oxygen compounds;Organooxygen compounds;Carbonyl compounds
20467,Amino acids and derivatives,0.97,CHEMONTID:0000347,5,CHEMONTID:0000013,CHEMONTID:0000000;CHEMONTID:0000264;CHEMONTID:0000265;CHEMONTID:0000013;CHEMONTID:0000347,"Organic compounds;Organic acids and derivatives;Carboxylic acids and derivatives;Amino acids, peptides, and analogues;Amino acids and derivatives"
17356,Dialkyl ethers,1,CHEMONTID:0001167,5,CHEMONTID:0000254,CHEMONTID:0000000;CHEMONTID:0004603;CHEMONTID:0000323;CHEMONTID:0000254;CHEMONTID:0001167,Organic compounds;Organic oxygen compounds;Organooxygen compounds;Ethers;Dialkyl ethers
5963,Ethers,0.89,CHEMONTID:0000254,4,CHEMONTID:0000323,CHEMONTID:0000000;CHEMONTID:0004603;CHEMONTID:0000323;CHEMONTID:0000254,Organic compounds;Organic oxygen compounds;Organooxygen compounds;Ethers
6971,Carboxylic acid derivatives,0.87,CHEMONTID:0001093,4,CHEMONTID:0000265,CHEMONTID:0000000;CHEMONTID:0000264;CHEMONTID:0000265;CHEMONTID:0001093,Organic compounds;Organic acids and derivatives;Carboxylic acids and derivatives;Carboxylic acid derivatives
6083,N-acyl amines,0.86,CHEMONTID:0001096,5,CHEMONTID:0000331,CHEMONTID:0000000;CHEMONTID:0000012;CHEMONTID:0003909;CHEMONTID:0000331;CHEMONTID:0001096,Organic compounds;Lipids and lipid-like molecules;Fatty Acyls;Fatty amides;N-acyl amines
19997,Carbonyl compounds,0.95,CHEMONTID:0001831,4,CHEMONTID:0000323,CHEMONTID:0000000;CHEMONTID:0004603;CHEMONTID:0000323;CHEMONTID:0001831,Organic compounds;Organic oxygen compounds;Organooxygen compounds;Carbonyl compounds
9577,Monoalkylamines,0.98,CHEMONTID:0000469,6,CHEMONTID:0002450,CHEMONTID:0000000;CHEMONTID:0004707;CHEMONTID:0000278;CHEMONTID:0002449;CHEMONTID:0002450;CHEMONTID:0000469,Organic compounds;Organic nitrogen compounds;Organonitrogen compounds;Amines;Primary amines;Monoalkylamines
1899,Ethers,0.98,CHEMONTID:0000254,4,CHEMONTID:0000323,CHEMONTID:0000000;CHEMONTID:0004603;CHEMONTID:0000323;CHEMONTID:0000254,Organic compounds;Organic oxygen compounds;Organooxygen compounds;Ethers
8399,Carbonyl compounds,0.89,CHEMONTID:0001831,4,CHEMONTID:0000323,CHEMONTID:0000000;CHEMONTID:0004603;CHEMONTID:0000323;CHEMONTID:0001831,Organic compounds;Organic oxygen compounds;Organooxygen compounds;Carbonyl compounds
14292,Carboxylic acid derivatives,0.92,CHEMONTID:0001093,4,CHEMONTID:0000265,CHEMONTID:0000000;CHEMONTID:0000264;CHEMONTID:0000265;CHEMONTID:0001093,Organic compounds;Organic acids and derivatives;Carboxylic acids and derivatives;Carboxylic acid derivatives
5858,Pyrimidines and pyrimidine derivatives,0.92,CHEMONTID:0000075,4,CHEMONTID:0001346,CHEMONTID:0000000;CHEMONTID:0000002;CHEMONTID:0001346;CHEMONTID:0000075,Organic compounds;Organoheterocyclic compounds;Diazines;Pyrimidines and pyrimidine derivatives
19040,Alcohols and polyols,0.98,CHEMONTID:0000129,4,CHEMONTID:0000323,CHEMONTID:0000000;CHEMONTID:0004603;CHEMONTID:0000323;CHEMONTID:0000129,Organic compounds;Organic oxygen compounds;Organooxygen compounds;Alcohols and polyols
13184,Carbonyl compounds,0.98,CHEMONTID:0001831,4,CHEMONTID:0000323,CHEMONTID:0000000;CHEMONTID:0004603;CHEMONTID:0000323;CHEMONTID:0001831,Organic compounds;Organic oxygen compounds;Organooxygen compounds;Carbonyl compounds
7859,Carbonyl compounds,1,CHEMONTID:0001831,4,CHEMONTID:0000323,CHEMONTID:0000000;CHEMONTID:0004603;CHEMONTID:0000323;CHEMONTID:0001831,Organic compounds;Organic oxygen compounds;Organooxygen compounds;Carbonyl compounds
3710,Carbonyl compounds,0.96,CHEMONTID:0001831,4,CHEMONTID:0000323,CHEMONTID:0000000;CHEMONTID:0004603;CHEMONTID:0000323;CHEMONTID:0001831,Organic compounds;Organic oxygen compounds;Organooxygen compounds;Carbonyl compounds
9644,Alcohols and polyols,0.93,CHEMONTID:0000129,4,CHEMONTID:0000323,CHEMONTID:0000000;CHEMONTID:0004603;CHEMONTID:0000323;CHEMONTID:0000129,Organic compounds;Organic oxygen compounds;Organooxygen compounds;Alcohols and polyols
3696,Monoalkylamines,1,CHEMONTID:0000469,6,CHEMONTID:0002450,CHEMONTID:0000000;CHEMONTID:0004707;CHEMONTID:0000278;CHEMONTID:0002449;CHEMONTID:0002450;CHEMONTID:0000469,Organic compounds;Organic nitrogen compounds;Organonitrogen compounds;Amines;Primary amines;Monoalkylamines
9171,Monoalkylamines,0.87,CHEMONTID:0000469,6,CHEMONTID:0002450,CHEMONTID:0000000;CHEMONTID:0004707;CHEMONTID:0000278;CHEMONTID:0002449;CHEMONTID:0002450;CHEMONTID:0000469,Organic compounds;Organic nitrogen compounds;Organonitrogen compounds;Amines;Primary amines;Monoalkylamines
3460,Monoalkylamines,0.99,CHEMONTID:0000469,6,CHEMONTID:0002450,CHEMONTID:0000000;CHEMONTID:0004707;CHEMONTID:0000278;CHEMONTID:0002449;CHEMONTID:0002450;CHEMONTID:0000469,Organic compounds;Organic nitrogen compounds;Organonitrogen compounds;Amines;Primary amines;Monoalkylamines
8254,Carbonyl compounds,0.96,CHEMONTID:0001831,4,CHEMONTID:0000323,CHEMONTID:0000000;CHEMONTID:0004603;CHEMONTID:0000323;CHEMONTID:0001831,Organic compounds;Organic oxygen compounds;Organooxygen compounds;Carbonyl compounds
18943,Amines,0.9,CHEMONTID:0002449,4,CHEMONTID:0000278,CHEMONTID:0000000;CHEMONTID:0004707;CHEMONTID:0000278;CHEMONTID:0002449,Organic compounds;Organic nitrogen compounds;Organonitrogen compounds;Amines
4861,Monoalkylamines,0.95,CHEMONTID:0000469,6,CHEMONTID:0002450,CHEMONTID:0000000;CHEMONTID:0004707;CHEMONTID:0000278;CHEMONTID:0002449;CHEMONTID:0002450;CHEMONTID:0000469,Organic compounds;Organic nitrogen compounds;Organonitrogen compounds;Amines;Primary amines;Monoalkylamines
8138,Carboxylic acid derivatives,0.95,CHEMONTID:0001093,4,CHEMONTID:0000265,CHEMONTID:0000000;CHEMONTID:0000264;CHEMONTID:0000265;CHEMONTID:0001093,Organic compounds;Organic acids and derivatives;Carboxylic acids and derivatives;Carboxylic acid derivatives
4663,Carbonyl compounds,0.9,CHEMONTID:0001831,4,CHEMONTID:0000323,CHEMONTID:0000000;CHEMONTID:0004603;CHEMONTID:0000323;CHEMONTID:0001831,Organic compounds;Organic oxygen compounds;Organooxygen compounds;Carbonyl compounds
8526,Amines,1,CHEMONTID:0002449,4,CHEMONTID:0000278,CHEMONTID:0000000;CHEMONTID:0004707;CHEMONTID:0000278;CHEMONTID:0002449,Organic compounds;Organic nitrogen compounds;Organonitrogen compounds;Amines
10961,Carbonyl compounds,0.93,CHEMONTID:0001831,4,CHEMONTID:0000323,CHEMONTID:0000000;CHEMONTID:0004603;CHEMONTID:0000323;CHEMONTID:0001831,Organic compounds;Organic oxygen compounds;Organooxygen compounds;Carbonyl compounds
18246,Monocarboxylic acids and derivatives,0.86,CHEMONTID:0001137,4,CHEMONTID:0000265,CHEMONTID:0000000;CHEMONTID:0000264;CHEMONTID:0000265;CHEMONTID:0001137,Organic compounds;Organic acids and derivatives;Carboxylic acids and derivatives;Monocarboxylic acids and derivatives
15855,Alcohols and polyols,0.86,CHEMONTID:0000129,4,CHEMONTID:0000323,CHEMONTID:0000000;CHEMONTID:0004603;CHEMONTID:0000323;CHEMONTID:0000129,Organic compounds;Organic oxygen compounds;Organooxygen compounds;Alcohols and polyols
3705,Carbonyl compounds,0.98,CHEMONTID:0001831,4,CHEMONTID:0000323,CHEMONTID:0000000;CHEMONTID:0004603;CHEMONTID:0000323;CHEMONTID:0001831,Organic compounds;Organic oxygen compounds;Organooxygen compounds;Carbonyl compounds
12839,Phosphate esters,1,CHEMONTID:0000408,4,CHEMONTID:0000402,CHEMONTID:0000000;CHEMONTID:0000264;CHEMONTID:0000402;CHEMONTID:0000408,Organic compounds;Organic acids and derivatives;Organic phosphoric acids and derivatives;Phosphate esters
12060,Guanidines,1,CHEMONTID:0000375,4,CHEMONTID:0000278,CHEMONTID:0000000;CHEMONTID:0004707;CHEMONTID:0000278;CHEMONTID:0000375,Organic compounds;Organic nitrogen compounds;Organonitrogen compounds;Guanidines
19158,Trialkylamines,0.87,CHEMONTID:0002239,6,CHEMONTID:0002452,CHEMONTID:0000000;CHEMONTID:0004707;CHEMONTID:0000278;CHEMONTID:0002449;CHEMONTID:0002452;CHEMONTID:0002239,Organic compounds;Organic nitrogen compounds;Organonitrogen compounds;Amines;Tertiary amines;Trialkylamines
7965,Ethers,0.82,CHEMONTID:0000254,4,CHEMONTID:0000323,CHEMONTID:0000000;CHEMONTID:0004603;CHEMONTID:0000323;CHEMONTID:0000254,Organic compounds;Organic oxygen compounds;Organooxygen compounds;Ethers
20159,Amines,0.89,CHEMONTID:0002449,4,CHEMONTID:0000278,CHEMONTID:0000000;CHEMONTID:0004707;CHEMONTID:0000278;CHEMONTID:0002449,Organic compounds;Organic nitrogen compounds;Organonitrogen compounds;Amines
10465,Guanidines,0.82,CHEMONTID:0000375,4,CHEMONTID:0000278,CHEMONTID:0000000;CHEMONTID:0004707;CHEMONTID:0000278;CHEMONTID:0000375,Organic compounds;Organic nitrogen compounds;Organonitrogen compounds;Guanidines
17699,Monoalkylamines,0.98,CHEMONTID:0000469,6,CHEMONTID:0002450,CHEMONTID:0000000;CHEMONTID:0004707;CHEMONTID:0000278;CHEMONTID:0002449;CHEMONTID:0002450;CHEMONTID:0000469,Organic compounds;Organic nitrogen compounds;Organonitrogen compounds;Amines;Primary amines;Monoalkylamines
18754,"Amino acids, peptides, and analogues",0.85,CHEMONTID:0000013,4,CHEMONTID:0000265,CHEMONTID:0000000;CHEMONTID:0000264;CHEMONTID:0000265;CHEMONTID:0000013,"Organic compounds;Organic acids and derivatives;Carboxylic acids and derivatives;Amino acids, peptides, and analogues"
1786,Amines,0.97,CHEMONTID:0002449,4,CHEMONTID:0000278,CHEMONTID:0000000;CHEMONTID:0004707;CHEMONTID:0000278;CHEMONTID:0002449,Organic compounds;Organic nitrogen compounds;Organonitrogen compounds;Amines
9333,Phosphate esters,0.99,CHEMONTID:0000408,4,CHEMONTID:0000402,CHEMONTID:0000000;CHEMONTID:0000264;CHEMONTID:0000402;CHEMONTID:0000408,Organic compounds;Organic acids and derivatives;Organic phosphoric acids and derivatives;Phosphate esters
12584,Guanidines,0.98,CHEMONTID:0000375,4,CHEMONTID:0000278,CHEMONTID:0000000;CHEMONTID:0004707;CHEMONTID:0000278;CHEMONTID:0000375,Organic compounds;Organic nitrogen compounds;Organonitrogen compounds;Guanidines
16509,Carboxylic acid derivatives,0.99,CHEMONTID:0001093,4,CHEMONTID:0000265,CHEMONTID:0000000;CHEMONTID:0000264;CHEMONTID:0000265;CHEMONTID:0001093,Organic compounds;Organic acids and derivatives;Carboxylic acids and derivatives;Carboxylic acid derivatives
12507,Amines,1,CHEMONTID:0002449,4,CHEMONTID:0000278,CHEMONTID:0000000;CHEMONTID:0004707;CHEMONTID:0000278;CHEMONTID:0002449,Organic compounds;Organic nitrogen compounds;Organonitrogen compounds;Amines
6227,Alcohols and polyols,0.8,CHEMONTID:0000129,4,CHEMONTID:0000323,CHEMONTID:0000000;CHEMONTID:0004603;CHEMONTID:0000323;CHEMONTID:0000129,Organic compounds;Organic oxygen compounds;Organooxygen compounds;Alcohols and polyols
3867,Carboxylic acid derivatives,0.91,CHEMONTID:0001093,4,CHEMONTID:0000265,CHEMONTID:0000000;CHEMONTID:0000264;CHEMONTID:0000265;CHEMONTID:0001093,Organic compounds;Organic acids and derivatives;Carboxylic acids and derivatives;Carboxylic acid derivatives
2874,Primary amines,0.98,CHEMONTID:0002450,5,CHEMONTID:0002449,CHEMONTID:0000000;CHEMONTID:0004707;CHEMONTID:0000278;CHEMONTID:0002449;CHEMONTID:0002450,Organic compounds;Organic nitrogen compounds;Organonitrogen compounds;Amines;Primary amines
5650,Carbonyl compounds,0.85,CHEMONTID:0001831,4,CHEMONTID:0000323,CHEMONTID:0000000;CHEMONTID:0004603;CHEMONTID:0000323;CHEMONTID:0001831,Organic compounds;Organic oxygen compounds;Organooxygen compounds;Carbonyl compounds
18516,Monoalkylamines,0.99,CHEMONTID:0000469,6,CHEMONTID:0002450,CHEMONTID:0000000;CHEMONTID:0004707;CHEMONTID:0000278;CHEMONTID:0002449;CHEMONTID:0002450;CHEMONTID:0000469,Organic compounds;Organic nitrogen compounds;Organonitrogen compounds;Amines;Primary amines;Monoalkylamines
18047,Carboxylic acid derivatives,0.97,CHEMONTID:0001093,4,CHEMONTID:0000265,CHEMONTID:0000000;CHEMONTID:0000264;CHEMONTID:0000265;CHEMONTID:0001093,Organic compounds;Organic acids and derivatives;Carboxylic acids and derivatives;Carboxylic acid derivatives
18199,Carboxylic acid derivatives,0.98,CHEMONTID:0001093,4,CHEMONTID:0000265,CHEMONTID:0000000;CHEMONTID:0000264;CHEMONTID:0000265;CHEMONTID:0001093,Organic compounds;Organic acids and derivatives;Carboxylic acids and derivatives;Carboxylic acid derivatives
6947,Carbonyl compounds,0.98,CHEMONTID:0001831,4,CHEMONTID:0000323,CHEMONTID:0000000;CHEMONTID:0004603;CHEMONTID:0000323;CHEMONTID:0001831,Organic compounds;Organic oxygen compounds;Organooxygen compounds;Carbonyl compounds
8346,Guanidines,0.89,CHEMONTID:0000375,4,CHEMONTID:0000278,CHEMONTID:0000000;CHEMONTID:0004707;CHEMONTID:0000278;CHEMONTID:0000375,Organic compounds;Organic nitrogen compounds;Organonitrogen compounds;Guanidines
8658,Carbonyl compounds,0.84,CHEMONTID:0001831,4,CHEMONTID:0000323,CHEMONTID:0000000;CHEMONTID:0004603;CHEMONTID:0000323;CHEMONTID:0001831,Organic compounds;Organic oxygen compounds;Organooxygen compounds;Carbonyl compounds
15149,Carbonyl compounds,0.99,CHEMONTID:0001831,4,CHEMONTID:0000323,CHEMONTID:0000000;CHEMONTID:0004603;CHEMONTID:0000323;CHEMONTID:0001831,Organic compounds;Organic oxygen compounds;Organooxygen compounds;Carbonyl compounds
17071,Carbonyl compounds,0.84,CHEMONTID:0001831,4,CHEMONTID:0000323,CHEMONTID:0000000;CHEMONTID:0004603;CHEMONTID:0000323;CHEMONTID:0001831,Organic compounds;Organic oxygen compounds;Organooxygen compounds;Carbonyl compounds
2141,Alcohols and polyols,0.95,CHEMONTID:0000129,4,CHEMONTID:0000323,CHEMONTID:0000000;CHEMONTID:0004603;CHEMONTID:0000323;CHEMONTID:0000129,Organic compounds;Organic oxygen compounds;Organooxygen compounds;Alcohols and polyols
16245,N-acyl amines,0.99,CHEMONTID:0001096,5,CHEMONTID:0000331,CHEMONTID:0000000;CHEMONTID:0000012;CHEMONTID:0003909;CHEMONTID:0000331;CHEMONTID:0001096,Organic compounds;Lipids and lipid-like molecules;Fatty Acyls;Fatty amides;N-acyl amines
2387,Carbonyl compounds,0.9,CHEMONTID:0001831,4,CHEMONTID:0000323,CHEMONTID:0000000;CHEMONTID:0004603;CHEMONTID:0000323;CHEMONTID:0001831,Organic compounds;Organic oxygen compounds;Organooxygen compounds;Carbonyl compounds
1555,Carbonyl compounds,0.96,CHEMONTID:0001831,4,CHEMONTID:0000323,CHEMONTID:0000000;CHEMONTID:0004603;CHEMONTID:0000323;CHEMONTID:0001831,Organic compounds;Organic oxygen compounds;Organooxygen compounds;Carbonyl compounds
3387,Carbonyl compounds,0.99,CHEMONTID:0001831,4,CHEMONTID:0000323,CHEMONTID:0000000;CHEMONTID:0004603;CHEMONTID:0000323;CHEMONTID:0001831,Organic compounds;Organic oxygen compounds;Organooxygen compounds;Carbonyl compounds
11561,Primary amines,0.98,CHEMONTID:0002450,5,CHEMONTID:0002449,CHEMONTID:0000000;CHEMONTID:0004707;CHEMONTID:0000278;CHEMONTID:0002449;CHEMONTID:0002450,Organic compounds;Organic nitrogen compounds;Organonitrogen compounds;Amines;Primary amines
9005,Carboxylic acid derivatives,0.91,CHEMONTID:0001093,4,CHEMONTID:0000265,CHEMONTID:0000000;CHEMONTID:0000264;CHEMONTID:0000265;CHEMONTID:0001093,Organic compounds;Organic acids and derivatives;Carboxylic acids and derivatives;Carboxylic acid derivatives
18948,Alcohols and polyols,1,CHEMONTID:0000129,4,CHEMONTID:0000323,CHEMONTID:0000000;CHEMONTID:0004603;CHEMONTID:0000323;CHEMONTID:0000129,Organic compounds;Organic oxygen compounds;Organooxygen compounds;Alcohols and polyols
10676,Amines,0.98,CHEMONTID:0002449,4,CHEMONTID:0000278,CHEMONTID:0000000;CHEMONTID:0004707;CHEMONTID:0000278;CHEMONTID:0002449,Organic compounds;Organic nitrogen compounds;Organonitrogen compounds;Amines
18127,Ethers,0.93,CHEMONTID:0000254,4,CHEMONTID:0000323,CHEMONTID:0000000;CHEMONTID:0004603;CHEMONTID:0000323;CHEMONTID:0000254,Organic compounds;Organic oxygen compounds;Organooxygen compounds;Ethers
4231,Carbonyl compounds,0.93,CHEMONTID:0001831,4,CHEMONTID:0000323,CHEMONTID:0000000;CHEMONTID:0004603;CHEMONTID:0000323;CHEMONTID:0001831,Organic compounds;Organic oxygen compounds;Organooxygen compounds;Carbonyl compounds
9154,Carbonyl compounds,0.94,CHEMONTID:0001831,4,CHEMONTID:0000323,CHEMONTID:0000000;CHEMONTID:0004603;CHEMONTID:0000323;CHEMONTID:0001831,Organic compounds;Organic oxygen compounds;Organooxygen compounds;Carbonyl compounds
13813,Amines,0.86,CHEMONTID:0002449,4,CHEMONTID:0000278,CHEMONTID:0000000;CHEMONTID:0004707;CHEMONTID:0000278;CHEMONTID:0002449,Organic compounds;Organic nitrogen compounds;Organonitrogen compounds;Amines
6170,Carbonyl compounds,0.97,CHEMONTID:0001831,4,CHEMONTID:0000323,CHEMONTID:0000000;CHEMONTID:0004603;CHEMONTID:0000323;CHEMONTID:0001831,Organic compounds;Organic oxygen compounds;Organooxygen compounds;Carbonyl compounds
16203,Carbonyl compounds,0.96,CHEMONTID:0001831,4,CHEMONTID:0000323,CHEMONTID:0000000;CHEMONTID:0004603;CHEMONTID:0000323;CHEMONTID:0001831,Organic compounds;Organic oxygen compounds;Organooxygen compounds;Carbonyl compounds
11015,Carboxylic acids,0.85,CHEMONTID:0001205,4,CHEMONTID:0000265,CHEMONTID:0000000;CHEMONTID:0000264;CHEMONTID:0000265;CHEMONTID:0001205,Organic compounds;Organic acids and derivatives;Carboxylic acids and derivatives;Carboxylic acids
10950,Methyl esters,0.9,CHEMONTID:0003416,6,CHEMONTID:0001238,CHEMONTID:0000000;CHEMONTID:0000264;CHEMONTID:0000265;CHEMONTID:0001093;CHEMONTID:0001238;CHEMONTID:0003416,Organic compounds;Organic acids and derivatives;Carboxylic acids and derivatives;Carboxylic acid derivatives;Carboxylic acid esters;Methyl esters
9441,Carbonyl compounds,0.87,CHEMONTID:0001831,4,CHEMONTID:0000323,CHEMONTID:0000000;CHEMONTID:0004603;CHEMONTID:0000323;CHEMONTID:0001831,Organic compounds;Organic oxygen compounds;Organooxygen compounds;Carbonyl compounds
9130,Carbonyl compounds,0.85,CHEMONTID:0001831,4,CHEMONTID:0000323,CHEMONTID:0000000;CHEMONTID:0004603;CHEMONTID:0000323;CHEMONTID:0001831,Organic compounds;Organic oxygen compounds;Organooxygen compounds;Carbonyl compounds
6712,Carbonyl compounds,0.9,CHEMONTID:0001831,4,CHEMONTID:0000323,CHEMONTID:0000000;CHEMONTID:0004603;CHEMONTID:0000323;CHEMONTID:0001831,Organic compounds;Organic oxygen compounds;Organooxygen compounds;Carbonyl compounds
1806,Dialkyl phosphates,1,CHEMONTID:0003459,6,CHEMONTID:0003457,CHEMONTID:0000000;CHEMONTID:0000264;CHEMONTID:0000402;CHEMONTID:0000408;CHEMONTID:0003457;CHEMONTID:0003459,Organic compounds;Organic acids and derivatives;Organic phosphoric acids and derivatives;Phosphate esters;Alkyl phosphates;Dialkyl phosphates
16901,Alcohols and polyols,0.94,CHEMONTID:0000129,4,CHEMONTID:0000323,CHEMONTID:0000000;CHEMONTID:0004603;CHEMONTID:0000323;CHEMONTID:0000129,Organic compounds;Organic oxygen compounds;Organooxygen compounds;Alcohols and polyols
7509,Dialkyl ethers,0.99,CHEMONTID:0001167,5,CHEMONTID:0000254,CHEMONTID:0000000;CHEMONTID:0004603;CHEMONTID:0000323;CHEMONTID:0000254;CHEMONTID:0001167,Organic compounds;Organic oxygen compounds;Organooxygen compounds;Ethers;Dialkyl ethers
12510,Carboxylic acid derivatives,0.9,CHEMONTID:0001093,4,CHEMONTID:0000265,CHEMONTID:0000000;CHEMONTID:0000264;CHEMONTID:0000265;CHEMONTID:0001093,Organic compounds;Organic acids and derivatives;Carboxylic acids and derivatives;Carboxylic acid derivatives
12772,Carbonyl compounds,0.98,CHEMONTID:0001831,4,CHEMONTID:0000323,CHEMONTID:0000000;CHEMONTID:0004603;CHEMONTID:0000323;CHEMONTID:0001831,Organic compounds;Organic oxygen compounds;Organooxygen compounds;Carbonyl compounds
14611,Carbonyl compounds,0.95,CHEMONTID:0001831,4,CHEMONTID:0000323,CHEMONTID:0000000;CHEMONTID:0004603;CHEMONTID:0000323;CHEMONTID:0001831,Organic compounds;Organic oxygen compounds;Organooxygen compounds;Carbonyl compounds
8017,Monoalkylamines,0.91,CHEMONTID:0000469,6,CHEMONTID:0002450,CHEMONTID:0000000;CHEMONTID:0004707;CHEMONTID:0000278;CHEMONTID:0002449;CHEMONTID:0002450;CHEMONTID:0000469,Organic compounds;Organic nitrogen compounds;Organonitrogen compounds;Amines;Primary amines;Monoalkylamines
6294,Alcohols and polyols,0.96,CHEMONTID:0000129,4,CHEMONTID:0000323,CHEMONTID:0000000;CHEMONTID:0004603;CHEMONTID:0000323;CHEMONTID:0000129,Organic compounds;Organic oxygen compounds;Organooxygen compounds;Alcohols and polyols
20025,Primary amines,0.99,CHEMONTID:0002450,5,CHEMONTID:0002449,CHEMONTID:0000000;CHEMONTID:0004707;CHEMONTID:0000278;CHEMONTID:0002449;CHEMONTID:0002450,Organic compounds;Organic nitrogen compounds;Organonitrogen compounds;Amines;Primary amines
15740,Carbonyl compounds,0.89,CHEMONTID:0001831,4,CHEMONTID:0000323,CHEMONTID:0000000;CHEMONTID:0004603;CHEMONTID:0000323;CHEMONTID:0001831,Organic compounds;Organic oxygen compounds;Organooxygen compounds;Carbonyl compounds
9145,Carbonyl compounds,0.96,CHEMONTID:0001831,4,CHEMONTID:0000323,CHEMONTID:0000000;CHEMONTID:0004603;CHEMONTID:0000323;CHEMONTID:0001831,Organic compounds;Organic oxygen compounds;Organooxygen compounds;Carbonyl compounds
7518,Carbonyl compounds,0.94,CHEMONTID:0001831,4,CHEMONTID:0000323,CHEMONTID:0000000;CHEMONTID:0004603;CHEMONTID:0000323;CHEMONTID:0001831,Organic compounds;Organic oxygen compounds;Organooxygen compounds;Carbonyl compounds
15921,Amines,0.8,CHEMONTID:0002449,4,CHEMONTID:0000278,CHEMONTID:0000000;CHEMONTID:0004707;CHEMONTID:0000278;CHEMONTID:0002449,Organic compounds;Organic nitrogen compounds;Organonitrogen compounds;Amines
19050,Amines,0.97,CHEMONTID:0002449,4,CHEMONTID:0000278,CHEMONTID:0000000;CHEMONTID:0004707;CHEMONTID:0000278;CHEMONTID:0002449,Organic compounds;Organic nitrogen compounds;Organonitrogen compounds;Amines
6317,Carbonyl compounds,0.97,CHEMONTID:0001831,4,CHEMONTID:0000323,CHEMONTID:0000000;CHEMONTID:0004603;CHEMONTID:0000323;CHEMONTID:0001831,Organic compounds;Organic oxygen compounds;Organooxygen compounds;Carbonyl compounds
7992,Carbonyl compounds,0.88,CHEMONTID:0001831,4,CHEMONTID:0000323,CHEMONTID:0000000;CHEMONTID:0004603;CHEMONTID:0000323;CHEMONTID:0001831,Organic compounds;Organic oxygen compounds;Organooxygen compounds;Carbonyl compounds
20441,Monoalkylamines,0.81,CHEMONTID:0000469,6,CHEMONTID:0002450,CHEMONTID:0000000;CHEMONTID:0004707;CHEMONTID:0000278;CHEMONTID:0002449;CHEMONTID:0002450;CHEMONTID:0000469,Organic compounds;Organic nitrogen compounds;Organonitrogen compounds;Amines;Primary amines;Monoalkylamines
4092,Carbonyl compounds,0.98,CHEMONTID:0001831,4,CHEMONTID:0000323,CHEMONTID:0000000;CHEMONTID:0004603;CHEMONTID:0000323;CHEMONTID:0001831,Organic compounds;Organic oxygen compounds;Organooxygen compounds;Carbonyl compounds
18133,Amines,0.82,CHEMONTID:0002449,4,CHEMONTID:0000278,CHEMONTID:0000000;CHEMONTID:0004707;CHEMONTID:0000278;CHEMONTID:0002449,Organic compounds;Organic nitrogen compounds;Organonitrogen compounds;Amines
184,Monoalkylamines,0.99,CHEMONTID:0000469,6,CHEMONTID:0002450,CHEMONTID:0000000;CHEMONTID:0004707;CHEMONTID:0000278;CHEMONTID:0002449;CHEMONTID:0002450;CHEMONTID:0000469,Organic compounds;Organic nitrogen compounds;Organonitrogen compounds;Amines;Primary amines;Monoalkylamines
12000,Carbonyl compounds,0.85,CHEMONTID:0001831,4,CHEMONTID:0000323,CHEMONTID:0000000;CHEMONTID:0004603;CHEMONTID:0000323;CHEMONTID:0001831,Organic compounds;Organic oxygen compounds;Organooxygen compounds;Carbonyl compounds
11575,Carbonyl compounds,0.94,CHEMONTID:0001831,4,CHEMONTID:0000323,CHEMONTID:0000000;CHEMONTID:0004603;CHEMONTID:0000323;CHEMONTID:0001831,Organic compounds;Organic oxygen compounds;Organooxygen compounds;Carbonyl compounds
6362,Methyl esters,0.85,CHEMONTID:0003416,6,CHEMONTID:0001238,CHEMONTID:0000000;CHEMONTID:0000264;CHEMONTID:0000265;CHEMONTID:0001093;CHEMONTID:0001238;CHEMONTID:0003416,Organic compounds;Organic acids and derivatives;Carboxylic acids and derivatives;Carboxylic acid derivatives;Carboxylic acid esters;Methyl esters
19575,Alcohols and polyols,0.94,CHEMONTID:0000129,4,CHEMONTID:0000323,CHEMONTID:0000000;CHEMONTID:0004603;CHEMONTID:0000323;CHEMONTID:0000129,Organic compounds;Organic oxygen compounds;Organooxygen compounds;Alcohols and polyols
9452,Carbonyl compounds,0.94,CHEMONTID:0001831,4,CHEMONTID:0000323,CHEMONTID:0000000;CHEMONTID:0004603;CHEMONTID:0000323;CHEMONTID:0001831,Organic compounds;Organic oxygen compounds;Organooxygen compounds;Carbonyl compounds
17392,Carbonyl compounds,0.95,CHEMONTID:0001831,4,CHEMONTID:0000323,CHEMONTID:0000000;CHEMONTID:0004603;CHEMONTID:0000323;CHEMONTID:0001831,Organic compounds;Organic oxygen compounds;Organooxygen compounds;Carbonyl compounds
16161,Primary amines,0.88,CHEMONTID:0002450,5,CHEMONTID:0002449,CHEMONTID:0000000;CHEMONTID:0004707;CHEMONTID:0000278;CHEMONTID:0002449;CHEMONTID:0002450,Organic compounds;Organic nitrogen compounds;Organonitrogen compounds;Amines;Primary amines
14319,Carbonyl compounds,0.97,CHEMONTID:0001831,4,CHEMONTID:0000323,CHEMONTID:0000000;CHEMONTID:0004603;CHEMONTID:0000323;CHEMONTID:0001831,Organic compounds;Organic oxygen compounds;Organooxygen compounds;Carbonyl compounds
4494,Carbonyl compounds,0.94,CHEMONTID:0001831,4,CHEMONTID:0000323,CHEMONTID:0000000;CHEMONTID:0004603;CHEMONTID:0000323;CHEMONTID:0001831,Organic compounds;Organic oxygen compounds;Organooxygen compounds;Carbonyl compounds
1541,Dialkyl ethers,0.99,CHEMONTID:0001167,5,CHEMONTID:0000254,CHEMONTID:0000000;CHEMONTID:0004603;CHEMONTID:0000323;CHEMONTID:0000254;CHEMONTID:0001167,Organic compounds;Organic oxygen compounds;Organooxygen compounds;Ethers;Dialkyl ethers
8698,Carbonyl compounds,0.99,CHEMONTID:0001831,4,CHEMONTID:0000323,CHEMONTID:0000000;CHEMONTID:0004603;CHEMONTID:0000323;CHEMONTID:0001831,Organic compounds;Organic oxygen compounds;Organooxygen compounds;Carbonyl compounds
12435,Monoalkylamines,1,CHEMONTID:0000469,6,CHEMONTID:0002450,CHEMONTID:0000000;CHEMONTID:0004707;CHEMONTID:0000278;CHEMONTID:0002449;CHEMONTID:0002450;CHEMONTID:0000469,Organic compounds;Organic nitrogen compounds;Organonitrogen compounds;Amines;Primary amines;Monoalkylamines
3972,N-acyl amines,0.96,CHEMONTID:0001096,5,CHEMONTID:0000331,CHEMONTID:0000000;CHEMONTID:0000012;CHEMONTID:0003909;CHEMONTID:0000331;CHEMONTID:0001096,Organic compounds;Lipids and lipid-like molecules;Fatty Acyls;Fatty amides;N-acyl amines
7765,Monoalkylamines,1,CHEMONTID:0000469,6,CHEMONTID:0002450,CHEMONTID:0000000;CHEMONTID:0004707;CHEMONTID:0000278;CHEMONTID:0002449;CHEMONTID:0002450;CHEMONTID:0000469,Organic compounds;Organic nitrogen compounds;Organonitrogen compounds;Amines;Primary amines;Monoalkylamines
14222,Carboxylic acid derivatives,0.94,CHEMONTID:0001093,4,CHEMONTID:0000265,CHEMONTID:0000000;CHEMONTID:0000264;CHEMONTID:0000265;CHEMONTID:0001093,Organic compounds;Organic acids and derivatives;Carboxylic acids and derivatives;Carboxylic acid derivatives
14081,Carbonyl compounds,0.91,CHEMONTID:0001831,4,CHEMONTID:0000323,CHEMONTID:0000000;CHEMONTID:0004603;CHEMONTID:0000323;CHEMONTID:0001831,Organic compounds;Organic oxygen compounds;Organooxygen compounds;Carbonyl compounds
17065,Monocarboxylic acids and derivatives,0.86,CHEMONTID:0001137,4,CHEMONTID:0000265,CHEMONTID:0000000;CHEMONTID:0000264;CHEMONTID:0000265;CHEMONTID:0001137,Organic compounds;Organic acids and derivatives;Carboxylic acids and derivatives;Monocarboxylic acids and derivatives
12199,Carbonyl compounds,0.98,CHEMONTID:0001831,4,CHEMONTID:0000323,CHEMONTID:0000000;CHEMONTID:0004603;CHEMONTID:0000323;CHEMONTID:0001831,Organic compounds;Organic oxygen compounds;Organooxygen compounds;Carbonyl compounds
1185,Amines,0.97,CHEMONTID:0002449,4,CHEMONTID:0000278,CHEMONTID:0000000;CHEMONTID:0004707;CHEMONTID:0000278;CHEMONTID:0002449,Organic compounds;Organic nitrogen compounds;Organonitrogen compounds;Amines
11817,Carboxylic acid derivatives,0.81,CHEMONTID:0001093,4,CHEMONTID:0000265,CHEMONTID:0000000;CHEMONTID:0000264;CHEMONTID:0000265;CHEMONTID:0001093,Organic compounds;Organic acids and derivatives;Carboxylic acids and derivatives;Carboxylic acid derivatives
15886,Amines,1,CHEMONTID:0002449,4,CHEMONTID:0000278,CHEMONTID:0000000;CHEMONTID:0004707;CHEMONTID:0000278;CHEMONTID:0002449,Organic compounds;Organic nitrogen compounds;Organonitrogen compounds;Amines
8002,Carbonyl compounds,0.95,CHEMONTID:0001831,4,CHEMONTID:0000323,CHEMONTID:0000000;CHEMONTID:0004603;CHEMONTID:0000323;CHEMONTID:0001831,Organic compounds;Organic oxygen compounds;Organooxygen compounds;Carbonyl compounds
8191,Carboxylic acid derivatives,0.91,CHEMONTID:0001093,4,CHEMONTID:0000265,CHEMONTID:0000000;CHEMONTID:0000264;CHEMONTID:0000265;CHEMONTID:0001093,Organic compounds;Organic acids and derivatives;Carboxylic acids and derivatives;Carboxylic acid derivatives
3442,Carbonyl compounds,1,CHEMONTID:0001831,4,CHEMONTID:0000323,CHEMONTID:0000000;CHEMONTID:0004603;CHEMONTID:0000323;CHEMONTID:0001831,Organic compounds;Organic oxygen compounds;Organooxygen compounds;Carbonyl compounds
8628,6-alkylaminopurines,0.93,CHEMONTID:0003454,6,CHEMONTID:0002987,CHEMONTID:0000000;CHEMONTID:0000002;CHEMONTID:0001797;CHEMONTID:0000245;CHEMONTID:0002987;CHEMONTID:0003454,Organic compounds;Organoheterocyclic compounds;Imidazopyrimidines;Purines and purine derivatives;6-aminopurines;6-alkylaminopurines
19148,Amines,0.95,CHEMONTID:0002449,4,CHEMONTID:0000278,CHEMONTID:0000000;CHEMONTID:0004707;CHEMONTID:0000278;CHEMONTID:0002449,Organic compounds;Organic nitrogen compounds;Organonitrogen compounds;Amines
2353,Monocarboxylic acids and derivatives,0.86,CHEMONTID:0001137,4,CHEMONTID:0000265,CHEMONTID:0000000;CHEMONTID:0000264;CHEMONTID:0000265;CHEMONTID:0001137,Organic compounds;Organic acids and derivatives;Carboxylic acids and derivatives;Monocarboxylic acids and derivatives
18908,Alcohols and polyols,0.92,CHEMONTID:0000129,4,CHEMONTID:0000323,CHEMONTID:0000000;CHEMONTID:0004603;CHEMONTID:0000323;CHEMONTID:0000129,Organic compounds;Organic oxygen compounds;Organooxygen compounds;Alcohols and polyols
13546,Dialkyl ethers,0.93,CHEMONTID:0001167,5,CHEMONTID:0000254,CHEMONTID:0000000;CHEMONTID:0004603;CHEMONTID:0000323;CHEMONTID:0000254;CHEMONTID:0001167,Organic compounds;Organic oxygen compounds;Organooxygen compounds;Ethers;Dialkyl ethers
14078,Primary amines,0.85,CHEMONTID:0002450,5,CHEMONTID:0002449,CHEMONTID:0000000;CHEMONTID:0004707;CHEMONTID:0000278;CHEMONTID:0002449;CHEMONTID:0002450,Organic compounds;Organic nitrogen compounds;Organonitrogen compounds;Amines;Primary amines
2865,Monoalkylamines,1,CHEMONTID:0000469,6,CHEMONTID:0002450,CHEMONTID:0000000;CHEMONTID:0004707;CHEMONTID:0000278;CHEMONTID:0002449;CHEMONTID:0002450;CHEMONTID:0000469,Organic compounds;Organic nitrogen compounds;Organonitrogen compounds;Amines;Primary amines;Monoalkylamines
10613,Amines,0.98,CHEMONTID:0002449,4,CHEMONTID:0000278,CHEMONTID:0000000;CHEMONTID:0004707;CHEMONTID:0000278;CHEMONTID:0002449,Organic compounds;Organic nitrogen compounds;Organonitrogen compounds;Amines
4389,Alcohols and polyols,0.96,CHEMONTID:0000129,4,CHEMONTID:0000323,CHEMONTID:0000000;CHEMONTID:0004603;CHEMONTID:0000323;CHEMONTID:0000129,Organic compounds;Organic oxygen compounds;Organooxygen compounds;Alcohols and polyols
12206,Amines,0.99,CHEMONTID:0002449,4,CHEMONTID:0000278,CHEMONTID:0000000;CHEMONTID:0004707;CHEMONTID:0000278;CHEMONTID:0002449,Organic compounds;Organic nitrogen compounds;Organonitrogen compounds;Amines
17257,Carbonyl compounds,0.96,CHEMONTID:0001831,4,CHEMONTID:0000323,CHEMONTID:0000000;CHEMONTID:0004603;CHEMONTID:0000323;CHEMONTID:0001831,Organic compounds;Organic oxygen compounds;Organooxygen compounds;Carbonyl compounds
19669,Carbonyl compounds,0.87,CHEMONTID:0001831,4,CHEMONTID:0000323,CHEMONTID:0000000;CHEMONTID:0004603;CHEMONTID:0000323;CHEMONTID:0001831,Organic compounds;Organic oxygen compounds;Organooxygen compounds;Carbonyl compounds
14774,Carboxylic acids,0.92,CHEMONTID:0001205,4,CHEMONTID:0000265,CHEMONTID:0000000;CHEMONTID:0000264;CHEMONTID:0000265;CHEMONTID:0001205,Organic compounds;Organic acids and derivatives;Carboxylic acids and derivatives;Carboxylic acids
5524,Imidazoles,0.98,CHEMONTID:0000078,4,CHEMONTID:0000436,CHEMONTID:0000000;CHEMONTID:0000002;CHEMONTID:0000436;CHEMONTID:0000078,Organic compounds;Organoheterocyclic compounds;Azoles;Imidazoles
7207,Carboxylic acid derivatives,0.83,CHEMONTID:0001093,4,CHEMONTID:0000265,CHEMONTID:0000000;CHEMONTID:0000264;CHEMONTID:0000265;CHEMONTID:0001093,Organic compounds;Organic acids and derivatives;Carboxylic acids and derivatives;Carboxylic acid derivatives
3512,Carbonyl compounds,0.85,CHEMONTID:0001831,4,CHEMONTID:0000323,CHEMONTID:0000000;CHEMONTID:0004603;CHEMONTID:0000323;CHEMONTID:0001831,Organic compounds;Organic oxygen compounds;Organooxygen compounds;Carbonyl compounds
18054,Alcohols and polyols,0.99,CHEMONTID:0000129,4,CHEMONTID:0000323,CHEMONTID:0000000;CHEMONTID:0004603;CHEMONTID:0000323;CHEMONTID:0000129,Organic compounds;Organic oxygen compounds;Organooxygen compounds;Alcohols and polyols
14053,Carbonyl compounds,0.96,CHEMONTID:0001831,4,CHEMONTID:0000323,CHEMONTID:0000000;CHEMONTID:0004603;CHEMONTID:0000323;CHEMONTID:0001831,Organic compounds;Organic oxygen compounds;Organooxygen compounds;Carbonyl compounds
13109,Amines,0.82,CHEMONTID:0002449,4,CHEMONTID:0000278,CHEMONTID:0000000;CHEMONTID:0004707;CHEMONTID:0000278;CHEMONTID:0002449,Organic compounds;Organic nitrogen compounds;Organonitrogen compounds;Amines
4309,Carbonyl compounds,0.95,CHEMONTID:0001831,4,CHEMONTID:0000323,CHEMONTID:0000000;CHEMONTID:0004603;CHEMONTID:0000323;CHEMONTID:0001831,Organic compounds;Organic oxygen compounds;Organooxygen compounds;Carbonyl compounds
20064,Imidazoles,0.94,CHEMONTID:0000078,4,CHEMONTID:0000436,CHEMONTID:0000000;CHEMONTID:0000002;CHEMONTID:0000436;CHEMONTID:0000078,Organic compounds;Organoheterocyclic compounds;Azoles;Imidazoles
15507,Carbonyl compounds,0.91,CHEMONTID:0001831,4,CHEMONTID:0000323,CHEMONTID:0000000;CHEMONTID:0004603;CHEMONTID:0000323;CHEMONTID:0001831,Organic compounds;Organic oxygen compounds;Organooxygen compounds;Carbonyl compounds
3237,Carbohydrates and carbohydrate conjugates,1,CHEMONTID:0000011,4,CHEMONTID:0000323,CHEMONTID:0000000;CHEMONTID:0004603;CHEMONTID:0000323;CHEMONTID:0000011,Organic compounds;Organic oxygen compounds;Organooxygen compounds;Carbohydrates and carbohydrate conjugates
17430,Carbonyl compounds,0.95,CHEMONTID:0001831,4,CHEMONTID:0000323,CHEMONTID:0000000;CHEMONTID:0004603;CHEMONTID:0000323;CHEMONTID:0001831,Organic compounds;Organic oxygen compounds;Organooxygen compounds;Carbonyl compounds
18439,Monoalkylamines,0.97,CHEMONTID:0000469,6,CHEMONTID:0002450,CHEMONTID:0000000;CHEMONTID:0004707;CHEMONTID:0000278;CHEMONTID:0002449;CHEMONTID:0002450;CHEMONTID:0000469,Organic compounds;Organic nitrogen compounds;Organonitrogen compounds;Amines;Primary amines;Monoalkylamines
1161,Carbonyl compounds,0.86,CHEMONTID:0001831,4,CHEMONTID:0000323,CHEMONTID:0000000;CHEMONTID:0004603;CHEMONTID:0000323;CHEMONTID:0001831,Organic compounds;Organic oxygen compounds;Organooxygen compounds;Carbonyl compounds
20204,Carboxylic acid derivatives,0.99,CHEMONTID:0001093,4,CHEMONTID:0000265,CHEMONTID:0000000;CHEMONTID:0000264;CHEMONTID:0000265;CHEMONTID:0001093,Organic compounds;Organic acids and derivatives;Carboxylic acids and derivatives;Carboxylic acid derivatives
10854,Carbonyl compounds,0.82,CHEMONTID:0001831,4,CHEMONTID:0000323,CHEMONTID:0000000;CHEMONTID:0004603;CHEMONTID:0000323;CHEMONTID:0001831,Organic compounds;Organic oxygen compounds;Organooxygen compounds;Carbonyl compounds
9656,Carbonyl compounds,0.95,CHEMONTID:0001831,4,CHEMONTID:0000323,CHEMONTID:0000000;CHEMONTID:0004603;CHEMONTID:0000323;CHEMONTID:0001831,Organic compounds;Organic oxygen compounds;Organooxygen compounds;Carbonyl compounds
9822,Amines,0.99,CHEMONTID:0002449,4,CHEMONTID:0000278,CHEMONTID:0000000;CHEMONTID:0004707;CHEMONTID:0000278;CHEMONTID:0002449,Organic compounds;Organic nitrogen compounds;Organonitrogen compounds;Amines
5781,Ethers,0.98,CHEMONTID:0000254,4,CHEMONTID:0000323,CHEMONTID:0000000;CHEMONTID:0004603;CHEMONTID:0000323;CHEMONTID:0000254,Organic compounds;Organic oxygen compounds;Organooxygen compounds;Ethers
15832,Carbonyl compounds,0.85,CHEMONTID:0001831,4,CHEMONTID:0000323,CHEMONTID:0000000;CHEMONTID:0004603;CHEMONTID:0000323;CHEMONTID:0001831,Organic compounds;Organic oxygen compounds;Organooxygen compounds;Carbonyl compounds
10049,Carbonyl compounds,0.93,CHEMONTID:0001831,4,CHEMONTID:0000323,CHEMONTID:0000000;CHEMONTID:0004603;CHEMONTID:0000323;CHEMONTID:0001831,Organic compounds;Organic oxygen compounds;Organooxygen compounds;Carbonyl compounds
17426,Monoalkylamines,0.98,CHEMONTID:0000469,6,CHEMONTID:0002450,CHEMONTID:0000000;CHEMONTID:0004707;CHEMONTID:0000278;CHEMONTID:0002449;CHEMONTID:0002450;CHEMONTID:0000469,Organic compounds;Organic nitrogen compounds;Organonitrogen compounds;Amines;Primary amines;Monoalkylamines
1502,Carbonyl compounds,0.88,CHEMONTID:0001831,4,CHEMONTID:0000323,CHEMONTID:0000000;CHEMONTID:0004603;CHEMONTID:0000323;CHEMONTID:0001831,Organic compounds;Organic oxygen compounds;Organooxygen compounds;Carbonyl compounds
121,Alcohols and polyols,1,CHEMONTID:0000129,4,CHEMONTID:0000323,CHEMONTID:0000000;CHEMONTID:0004603;CHEMONTID:0000323;CHEMONTID:0000129,Organic compounds;Organic oxygen compounds;Organooxygen compounds;Alcohols and polyols
18072,Secondary alcohols,0.82,CHEMONTID:0001661,5,CHEMONTID:0000129,CHEMONTID:0000000;CHEMONTID:0004603;CHEMONTID:0000323;CHEMONTID:0000129;CHEMONTID:0001661,Organic compounds;Organic oxygen compounds;Organooxygen compounds;Alcohols and polyols;Secondary alcohols
8170,Amines,0.96,CHEMONTID:0002449,4,CHEMONTID:0000278,CHEMONTID:0000000;CHEMONTID:0004707;CHEMONTID:0000278;CHEMONTID:0002449,Organic compounds;Organic nitrogen compounds;Organonitrogen compounds;Amines
9885,Carbonyl compounds,0.95,CHEMONTID:0001831,4,CHEMONTID:0000323,CHEMONTID:0000000;CHEMONTID:0004603;CHEMONTID:0000323;CHEMONTID:0001831,Organic compounds;Organic oxygen compounds;Organooxygen compounds;Carbonyl compounds
1651,Carbonyl compounds,0.96,CHEMONTID:0001831,4,CHEMONTID:0000323,CHEMONTID:0000000;CHEMONTID:0004603;CHEMONTID:0000323;CHEMONTID:0001831,Organic compounds;Organic oxygen compounds;Organooxygen compounds;Carbonyl compounds
15953,Alcohols and polyols,1,CHEMONTID:0000129,4,CHEMONTID:0000323,CHEMONTID:0000000;CHEMONTID:0004603;CHEMONTID:0000323;CHEMONTID:0000129,Organic compounds;Organic oxygen compounds;Organooxygen compounds;Alcohols and polyols
10191,Dialkyl phosphates,0.9,CHEMONTID:0003459,6,CHEMONTID:0003457,CHEMONTID:0000000;CHEMONTID:0000264;CHEMONTID:0000402;CHEMONTID:0000408;CHEMONTID:0003457;CHEMONTID:0003459,Organic compounds;Organic acids and derivatives;Organic phosphoric acids and derivatives;Phosphate esters;Alkyl phosphates;Dialkyl phosphates
17823,Primary amines,0.96,CHEMONTID:0002450,5,CHEMONTID:0002449,CHEMONTID:0000000;CHEMONTID:0004707;CHEMONTID:0000278;CHEMONTID:0002449;CHEMONTID:0002450,Organic compounds;Organic nitrogen compounds;Organonitrogen compounds;Amines;Primary amines
9974,Alkyl phosphates,1,CHEMONTID:0003457,5,CHEMONTID:0000408,CHEMONTID:0000000;CHEMONTID:0000264;CHEMONTID:0000402;CHEMONTID:0000408;CHEMONTID:0003457,Organic compounds;Organic acids and derivatives;Organic phosphoric acids and derivatives;Phosphate esters;Alkyl phosphates
2770,Monoalkylamines,0.93,CHEMONTID:0000469,6,CHEMONTID:0002450,CHEMONTID:0000000;CHEMONTID:0004707;CHEMONTID:0000278;CHEMONTID:0002449;CHEMONTID:0002450;CHEMONTID:0000469,Organic compounds;Organic nitrogen compounds;Organonitrogen compounds;Amines;Primary amines;Monoalkylamines
14852,Amino acids and derivatives,0.99,CHEMONTID:0000347,5,CHEMONTID:0000013,CHEMONTID:0000000;CHEMONTID:0000264;CHEMONTID:0000265;CHEMONTID:0000013;CHEMONTID:0000347,"Organic compounds;Organic acids and derivatives;Carboxylic acids and derivatives;Amino acids, peptides, and analogues;Amino acids and derivatives"
15510,Amines,0.83,CHEMONTID:0002449,4,CHEMONTID:0000278,CHEMONTID:0000000;CHEMONTID:0004707;CHEMONTID:0000278;CHEMONTID:0002449,Organic compounds;Organic nitrogen compounds;Organonitrogen compounds;Amines
4433,Trialkylamines,0.97,CHEMONTID:0002239,6,CHEMONTID:0002452,CHEMONTID:0000000;CHEMONTID:0004707;CHEMONTID:0000278;CHEMONTID:0002449;CHEMONTID:0002452;CHEMONTID:0002239,Organic compounds;Organic nitrogen compounds;Organonitrogen compounds;Amines;Tertiary amines;Trialkylamines
11401,Carbonyl compounds,0.91,CHEMONTID:0001831,4,CHEMONTID:0000323,CHEMONTID:0000000;CHEMONTID:0004603;CHEMONTID:0000323;CHEMONTID:0001831,Organic compounds;Organic oxygen compounds;Organooxygen compounds;Carbonyl compounds
7144,Carboxylic acid derivatives,0.99,CHEMONTID:0001093,4,CHEMONTID:0000265,CHEMONTID:0000000;CHEMONTID:0000264;CHEMONTID:0000265;CHEMONTID:0001093,Organic compounds;Organic acids and derivatives;Carboxylic acids and derivatives;Carboxylic acid derivatives
14911,Carboxylic acid derivatives,0.99,CHEMONTID:0001093,4,CHEMONTID:0000265,CHEMONTID:0000000;CHEMONTID:0000264;CHEMONTID:0000265;CHEMONTID:0001093,Organic compounds;Organic acids and derivatives;Carboxylic acids and derivatives;Carboxylic acid derivatives
19296,Carboxylic acid derivatives,0.95,CHEMONTID:0001093,4,CHEMONTID:0000265,CHEMONTID:0000000;CHEMONTID:0000264;CHEMONTID:0000265;CHEMONTID:0001093,Organic compounds;Organic acids and derivatives;Carboxylic acids and derivatives;Carboxylic acid derivatives
19817,Ethers,0.94,CHEMONTID:0000254,4,CHEMONTID:0000323,CHEMONTID:0000000;CHEMONTID:0004603;CHEMONTID:0000323;CHEMONTID:0000254,Organic compounds;Organic oxygen compounds;Organooxygen compounds;Ethers
1846,Dialkyl ethers,0.93,CHEMONTID:0001167,5,CHEMONTID:0000254,CHEMONTID:0000000;CHEMONTID:0004603;CHEMONTID:0000323;CHEMONTID:0000254;CHEMONTID:0001167,Organic compounds;Organic oxygen compounds;Organooxygen compounds;Ethers;Dialkyl ethers
13952,Amines,1,CHEMONTID:0002449,4,CHEMONTID:0000278,CHEMONTID:0000000;CHEMONTID:0004707;CHEMONTID:0000278;CHEMONTID:0002449,Organic compounds;Organic nitrogen compounds;Organonitrogen compounds;Amines
5154,Carbonyl compounds,0.99,CHEMONTID:0001831,4,CHEMONTID:0000323,CHEMONTID:0000000;CHEMONTID:0004603;CHEMONTID:0000323;CHEMONTID:0001831,Organic compounds;Organic oxygen compounds;Organooxygen compounds;Carbonyl compounds
11998,Alcohols and polyols,0.96,CHEMONTID:0000129,4,CHEMONTID:0000323,CHEMONTID:0000000;CHEMONTID:0004603;CHEMONTID:0000323;CHEMONTID:0000129,Organic compounds;Organic oxygen compounds;Organooxygen compounds;Alcohols and polyols
8635,Alcohols and polyols,1,CHEMONTID:0000129,4,CHEMONTID:0000323,CHEMONTID:0000000;CHEMONTID:0004603;CHEMONTID:0000323;CHEMONTID:0000129,Organic compounds;Organic oxygen compounds;Organooxygen compounds;Alcohols and polyols
2869,Phosphate esters,0.99,CHEMONTID:0000408,4,CHEMONTID:0000402,CHEMONTID:0000000;CHEMONTID:0000264;CHEMONTID:0000402;CHEMONTID:0000408,Organic compounds;Organic acids and derivatives;Organic phosphoric acids and derivatives;Phosphate esters
3573,Monoalkylamines,1,CHEMONTID:0000469,6,CHEMONTID:0002450,CHEMONTID:0000000;CHEMONTID:0004707;CHEMONTID:0000278;CHEMONTID:0002449;CHEMONTID:0002450;CHEMONTID:0000469,Organic compounds;Organic nitrogen compounds;Organonitrogen compounds;Amines;Primary amines;Monoalkylamines
18218,Carbonyl compounds,0.87,CHEMONTID:0001831,4,CHEMONTID:0000323,CHEMONTID:0000000;CHEMONTID:0004603;CHEMONTID:0000323;CHEMONTID:0001831,Organic compounds;Organic oxygen compounds;Organooxygen compounds;Carbonyl compounds
13930,Pyrimidines and pyrimidine derivatives,0.93,CHEMONTID:0000075,4,CHEMONTID:0001346,CHEMONTID:0000000;CHEMONTID:0000002;CHEMONTID:0001346;CHEMONTID:0000075,Organic compounds;Organoheterocyclic compounds;Diazines;Pyrimidines and pyrimidine derivatives
4816,Carbonyl compounds,0.84,CHEMONTID:0001831,4,CHEMONTID:0000323,CHEMONTID:0000000;CHEMONTID:0004603;CHEMONTID:0000323;CHEMONTID:0001831,Organic compounds;Organic oxygen compounds;Organooxygen compounds;Carbonyl compounds
17122,Primary amines,0.94,CHEMONTID:0002450,5,CHEMONTID:0002449,CHEMONTID:0000000;CHEMONTID:0004707;CHEMONTID:0000278;CHEMONTID:0002449;CHEMONTID:0002450,Organic compounds;Organic nitrogen compounds;Organonitrogen compounds;Amines;Primary amines
16829,Dialkyl ethers,0.8,CHEMONTID:0001167,5,CHEMONTID:0000254,CHEMONTID:0000000;CHEMONTID:0004603;CHEMONTID:0000323;CHEMONTID:0000254;CHEMONTID:0001167,Organic compounds;Organic oxygen compounds;Organooxygen compounds;Ethers;Dialkyl ethers
13390,"Amino acids, peptides, and analogues",1,CHEMONTID:0000013,4,CHEMONTID:0000265,CHEMONTID:0000000;CHEMONTID:0000264;CHEMONTID:0000265;CHEMONTID:0000013,"Organic compounds;Organic acids and derivatives;Carboxylic acids and derivatives;Amino acids, peptides, and analogues"
13011,Pyrimidines and pyrimidine derivatives,0.99,CHEMONTID:0000075,4,CHEMONTID:0001346,CHEMONTID:0000000;CHEMONTID:0000002;CHEMONTID:0001346;CHEMONTID:0000075,Organic compounds;Organoheterocyclic compounds;Diazines;Pyrimidines and pyrimidine derivatives
11433,Alcohols and polyols,0.99,CHEMONTID:0000129,4,CHEMONTID:0000323,CHEMONTID:0000000;CHEMONTID:0004603;CHEMONTID:0000323;CHEMONTID:0000129,Organic compounds;Organic oxygen compounds;Organooxygen compounds;Alcohols and polyols
525,Carbonyl compounds,0.8,CHEMONTID:0001831,4,CHEMONTID:0000323,CHEMONTID:0000000;CHEMONTID:0004603;CHEMONTID:0000323;CHEMONTID:0001831,Organic compounds;Organic oxygen compounds;Organooxygen compounds;Carbonyl compounds
9808,Imidazoles,0.95,CHEMONTID:0000078,4,CHEMONTID:0000436,CHEMONTID:0000000;CHEMONTID:0000002;CHEMONTID:0000436;CHEMONTID:0000078,Organic compounds;Organoheterocyclic compounds;Azoles;Imidazoles
19993,Dialkyl ethers,0.97,CHEMONTID:0001167,5,CHEMONTID:0000254,CHEMONTID:0000000;CHEMONTID:0004603;CHEMONTID:0000323;CHEMONTID:0000254;CHEMONTID:0001167,Organic compounds;Organic oxygen compounds;Organooxygen compounds;Ethers;Dialkyl ethers
3646,Carboxylic acid derivatives,0.99,CHEMONTID:0001093,4,CHEMONTID:0000265,CHEMONTID:0000000;CHEMONTID:0000264;CHEMONTID:0000265;CHEMONTID:0001093,Organic compounds;Organic acids and derivatives;Carboxylic acids and derivatives;Carboxylic acid derivatives
9250,Monocarboxylic acids and derivatives,0.81,CHEMONTID:0001137,4,CHEMONTID:0000265,CHEMONTID:0000000;CHEMONTID:0000264;CHEMONTID:0000265;CHEMONTID:0001137,Organic compounds;Organic acids and derivatives;Carboxylic acids and derivatives;Monocarboxylic acids and derivatives
10445,Imidazoles,0.97,CHEMONTID:0000078,4,CHEMONTID:0000436,CHEMONTID:0000000;CHEMONTID:0000002;CHEMONTID:0000436;CHEMONTID:0000078,Organic compounds;Organoheterocyclic compounds;Azoles;Imidazoles
14743,Carbonyl compounds,0.96,CHEMONTID:0001831,4,CHEMONTID:0000323,CHEMONTID:0000000;CHEMONTID:0004603;CHEMONTID:0000323;CHEMONTID:0001831,Organic compounds;Organic oxygen compounds;Organooxygen compounds;Carbonyl compounds
4422,Carbonyl compounds,0.87,CHEMONTID:0001831,4,CHEMONTID:0000323,CHEMONTID:0000000;CHEMONTID:0004603;CHEMONTID:0000323;CHEMONTID:0001831,Organic compounds;Organic oxygen compounds;Organooxygen compounds;Carbonyl compounds
11084,Carbonyl compounds,0.97,CHEMONTID:0001831,4,CHEMONTID:0000323,CHEMONTID:0000000;CHEMONTID:0004603;CHEMONTID:0000323;CHEMONTID:0001831,Organic compounds;Organic oxygen compounds;Organooxygen compounds;Carbonyl compounds
8173,Triazoles,0.92,CHEMONTID:0000099,4,CHEMONTID:0000436,CHEMONTID:0000000;CHEMONTID:0000002;CHEMONTID:0000436;CHEMONTID:0000099,Organic compounds;Organoheterocyclic compounds;Azoles;Triazoles
17925,Carbonyl compounds,0.95,CHEMONTID:0001831,4,CHEMONTID:0000323,CHEMONTID:0000000;CHEMONTID:0004603;CHEMONTID:0000323;CHEMONTID:0001831,Organic compounds;Organic oxygen compounds;Organooxygen compounds;Carbonyl compounds
9965,Carbonyl compounds,0.99,CHEMONTID:0001831,4,CHEMONTID:0000323,CHEMONTID:0000000;CHEMONTID:0004603;CHEMONTID:0000323;CHEMONTID:0001831,Organic compounds;Organic oxygen compounds;Organooxygen compounds;Carbonyl compounds
3040,Amines,0.88,CHEMONTID:0002449,4,CHEMONTID:0000278,CHEMONTID:0000000;CHEMONTID:0004707;CHEMONTID:0000278;CHEMONTID:0002449,Organic compounds;Organic nitrogen compounds;Organonitrogen compounds;Amines
19259,Carbonyl compounds,0.96,CHEMONTID:0001831,4,CHEMONTID:0000323,CHEMONTID:0000000;CHEMONTID:0004603;CHEMONTID:0000323;CHEMONTID:0001831,Organic compounds;Organic oxygen compounds;Organooxygen compounds;Carbonyl compounds
9054,Primary amines,0.83,CHEMONTID:0002450,5,CHEMONTID:0002449,CHEMONTID:0000000;CHEMONTID:0004707;CHEMONTID:0000278;CHEMONTID:0002449;CHEMONTID:0002450,Organic compounds;Organic nitrogen compounds;Organonitrogen compounds;Amines;Primary amines
9279,Primary amines,0.95,CHEMONTID:0002450,5,CHEMONTID:0002449,CHEMONTID:0000000;CHEMONTID:0004707;CHEMONTID:0000278;CHEMONTID:0002449;CHEMONTID:0002450,Organic compounds;Organic nitrogen compounds;Organonitrogen compounds;Amines;Primary amines
11314,Carboxylic acid derivatives,0.91,CHEMONTID:0001093,4,CHEMONTID:0000265,CHEMONTID:0000000;CHEMONTID:0000264;CHEMONTID:0000265;CHEMONTID:0001093,Organic compounds;Organic acids and derivatives;Carboxylic acids and derivatives;Carboxylic acid derivatives
17849,Phosphate esters,0.99,CHEMONTID:0000408,4,CHEMONTID:0000402,CHEMONTID:0000000;CHEMONTID:0000264;CHEMONTID:0000402;CHEMONTID:0000408,Organic compounds;Organic acids and derivatives;Organic phosphoric acids and derivatives;Phosphate esters
2230,Carbonyl compounds,0.96,CHEMONTID:0001831,4,CHEMONTID:0000323,CHEMONTID:0000000;CHEMONTID:0004603;CHEMONTID:0000323;CHEMONTID:0001831,Organic compounds;Organic oxygen compounds;Organooxygen compounds;Carbonyl compounds
18560,Monocarboxylic acids and derivatives,0.87,CHEMONTID:0001137,4,CHEMONTID:0000265,CHEMONTID:0000000;CHEMONTID:0000264;CHEMONTID:0000265;CHEMONTID:0001137,Organic compounds;Organic acids and derivatives;Carboxylic acids and derivatives;Monocarboxylic acids and derivatives
16127,Alcohols and polyols,0.92,CHEMONTID:0000129,4,CHEMONTID:0000323,CHEMONTID:0000000;CHEMONTID:0004603;CHEMONTID:0000323;CHEMONTID:0000129,Organic compounds;Organic oxygen compounds;Organooxygen compounds;Alcohols and polyols
12483,Monocarboxylic acids and derivatives,0.9,CHEMONTID:0001137,4,CHEMONTID:0000265,CHEMONTID:0000000;CHEMONTID:0000264;CHEMONTID:0000265;CHEMONTID:0001137,Organic compounds;Organic acids and derivatives;Carboxylic acids and derivatives;Monocarboxylic acids and derivatives
3226,Carboxylic acid derivatives,0.99,CHEMONTID:0001093,4,CHEMONTID:0000265,CHEMONTID:0000000;CHEMONTID:0000264;CHEMONTID:0000265;CHEMONTID:0001093,Organic compounds;Organic acids and derivatives;Carboxylic acids and derivatives;Carboxylic acid derivatives
17326,Amines,0.98,CHEMONTID:0002449,4,CHEMONTID:0000278,CHEMONTID:0000000;CHEMONTID:0004707;CHEMONTID:0000278;CHEMONTID:0002449,Organic compounds;Organic nitrogen compounds;Organonitrogen compounds;Amines
10008,Monoalkylamines,0.97,CHEMONTID:0000469,6,CHEMONTID:0002450,CHEMONTID:0000000;CHEMONTID:0004707;CHEMONTID:0000278;CHEMONTID:0002449;CHEMONTID:0002450;CHEMONTID:0000469,Organic compounds;Organic nitrogen compounds;Organonitrogen compounds;Amines;Primary amines;Monoalkylamines
238,Monocarboxylic acids and derivatives,0.94,CHEMONTID:0001137,4,CHEMONTID:0000265,CHEMONTID:0000000;CHEMONTID:0000264;CHEMONTID:0000265;CHEMONTID:0001137,Organic compounds;Organic acids and derivatives;Carboxylic acids and derivatives;Monocarboxylic acids and derivatives
9009,Phosphate esters,0.98,CHEMONTID:0000408,4,CHEMONTID:0000402,CHEMONTID:0000000;CHEMONTID:0000264;CHEMONTID:0000402;CHEMONTID:0000408,Organic compounds;Organic acids and derivatives;Organic phosphoric acids and derivatives;Phosphate esters
5591,Carbonyl compounds,0.94,CHEMONTID:0001831,4,CHEMONTID:0000323,CHEMONTID:0000000;CHEMONTID:0004603;CHEMONTID:0000323;CHEMONTID:0001831,Organic compounds;Organic oxygen compounds;Organooxygen compounds;Carbonyl compounds
20408,Monocarboxylic acids and derivatives,0.82,CHEMONTID:0001137,4,CHEMONTID:0000265,CHEMONTID:0000000;CHEMONTID:0000264;CHEMONTID:0000265;CHEMONTID:0001137,Organic compounds;Organic acids and derivatives;Carboxylic acids and derivatives;Monocarboxylic acids and derivatives
16993,Alcohols and polyols,0.99,CHEMONTID:0000129,4,CHEMONTID:0000323,CHEMONTID:0000000;CHEMONTID:0004603;CHEMONTID:0000323;CHEMONTID:0000129,Organic compounds;Organic oxygen compounds;Organooxygen compounds;Alcohols and polyols
879,Ethers,0.98,CHEMONTID:0000254,4,CHEMONTID:0000323,CHEMONTID:0000000;CHEMONTID:0004603;CHEMONTID:0000323;CHEMONTID:0000254,Organic compounds;Organic oxygen compounds;Organooxygen compounds;Ethers
16097,Trialkylamines,0.91,CHEMONTID:0002239,6,CHEMONTID:0002452,CHEMONTID:0000000;CHEMONTID:0004707;CHEMONTID:0000278;CHEMONTID:0002449;CHEMONTID:0002452;CHEMONTID:0002239,Organic compounds;Organic nitrogen compounds;Organonitrogen compounds;Amines;Tertiary amines;Trialkylamines
7750,Dicarboxylic acids and derivatives,0.91,CHEMONTID:0000346,4,CHEMONTID:0000265,CHEMONTID:0000000;CHEMONTID:0000264;CHEMONTID:0000265;CHEMONTID:0000346,Organic compounds;Organic acids and derivatives;Carboxylic acids and derivatives;Dicarboxylic acids and derivatives
6137,Carbonyl compounds,0.97,CHEMONTID:0001831,4,CHEMONTID:0000323,CHEMONTID:0000000;CHEMONTID:0004603;CHEMONTID:0000323;CHEMONTID:0001831,Organic compounds;Organic oxygen compounds;Organooxygen compounds;Carbonyl compounds
8716,Pyrimidines and pyrimidine derivatives,0.96,CHEMONTID:0000075,4,CHEMONTID:0001346,CHEMONTID:0000000;CHEMONTID:0000002;CHEMONTID:0001346;CHEMONTID:0000075,Organic compounds;Organoheterocyclic compounds;Diazines;Pyrimidines and pyrimidine derivatives
20424,Monoalkylamines,0.94,CHEMONTID:0000469,6,CHEMONTID:0002450,CHEMONTID:0000000;CHEMONTID:0004707;CHEMONTID:0000278;CHEMONTID:0002449;CHEMONTID:0002450;CHEMONTID:0000469,Organic compounds;Organic nitrogen compounds;Organonitrogen compounds;Amines;Primary amines;Monoalkylamines
19033,Carbonyl compounds,0.9,CHEMONTID:0001831,4,CHEMONTID:0000323,CHEMONTID:0000000;CHEMONTID:0004603;CHEMONTID:0000323;CHEMONTID:0001831,Organic compounds;Organic oxygen compounds;Organooxygen compounds;Carbonyl compounds
3240,Carbonyl compounds,0.89,CHEMONTID:0001831,4,CHEMONTID:0000323,CHEMONTID:0000000;CHEMONTID:0004603;CHEMONTID:0000323;CHEMONTID:0001831,Organic compounds;Organic oxygen compounds;Organooxygen compounds;Carbonyl compounds
5425,Carbonyl compounds,0.93,CHEMONTID:0001831,4,CHEMONTID:0000323,CHEMONTID:0000000;CHEMONTID:0004603;CHEMONTID:0000323;CHEMONTID:0001831,Organic compounds;Organic oxygen compounds;Organooxygen compounds;Carbonyl compounds
553,Secondary carboxylic acid amides,0.8,CHEMONTID:0001663,6,CHEMONTID:0000475,CHEMONTID:0000000;CHEMONTID:0000264;CHEMONTID:0000265;CHEMONTID:0001093;CHEMONTID:0000475;CHEMONTID:0001663,Organic compounds;Organic acids and derivatives;Carboxylic acids and derivatives;Carboxylic acid derivatives;Carboxylic acid amides;Secondary carboxylic acid amides
14760,Alkanolamines,0.82,CHEMONTID:0002460,5,CHEMONTID:0002449,CHEMONTID:0000000;CHEMONTID:0004707;CHEMONTID:0000278;CHEMONTID:0002449;CHEMONTID:0002460,Organic compounds;Organic nitrogen compounds;Organonitrogen compounds;Amines;Alkanolamines
15808,Primary amines,0.9,CHEMONTID:0002450,5,CHEMONTID:0002449,CHEMONTID:0000000;CHEMONTID:0004707;CHEMONTID:0000278;CHEMONTID:0002449;CHEMONTID:0002450,Organic compounds;Organic nitrogen compounds;Organonitrogen compounds;Amines;Primary amines
8086,Trialkylamines,0.81,CHEMONTID:0002239,6,CHEMONTID:0002452,CHEMONTID:0000000;CHEMONTID:0004707;CHEMONTID:0000278;CHEMONTID:0002449;CHEMONTID:0002452;CHEMONTID:0002239,Organic compounds;Organic nitrogen compounds;Organonitrogen compounds;Amines;Tertiary amines;Trialkylamines
3754,Carbonyl compounds,0.96,CHEMONTID:0001831,4,CHEMONTID:0000323,CHEMONTID:0000000;CHEMONTID:0004603;CHEMONTID:0000323;CHEMONTID:0001831,Organic compounds;Organic oxygen compounds;Organooxygen compounds;Carbonyl compounds
16108,Carboxylic acid derivatives,0.99,CHEMONTID:0001093,4,CHEMONTID:0000265,CHEMONTID:0000000;CHEMONTID:0000264;CHEMONTID:0000265;CHEMONTID:0001093,Organic compounds;Organic acids and derivatives;Carboxylic acids and derivatives;Carboxylic acid derivatives
6668,Carbonyl compounds,0.98,CHEMONTID:0001831,4,CHEMONTID:0000323,CHEMONTID:0000000;CHEMONTID:0004603;CHEMONTID:0000323;CHEMONTID:0001831,Organic compounds;Organic oxygen compounds;Organooxygen compounds;Carbonyl compounds
13513,Primary amines,0.97,CHEMONTID:0002450,5,CHEMONTID:0002449,CHEMONTID:0000000;CHEMONTID:0004707;CHEMONTID:0000278;CHEMONTID:0002449;CHEMONTID:0002450,Organic compounds;Organic nitrogen compounds;Organonitrogen compounds;Amines;Primary amines
7571,Monoalkylamines,0.88,CHEMONTID:0000469,6,CHEMONTID:0002450,CHEMONTID:0000000;CHEMONTID:0004707;CHEMONTID:0000278;CHEMONTID:0002449;CHEMONTID:0002450;CHEMONTID:0000469,Organic compounds;Organic nitrogen compounds;Organonitrogen compounds;Amines;Primary amines;Monoalkylamines
3785,Imidazoles,0.98,CHEMONTID:0000078,4,CHEMONTID:0000436,CHEMONTID:0000000;CHEMONTID:0000002;CHEMONTID:0000436;CHEMONTID:0000078,Organic compounds;Organoheterocyclic compounds;Azoles;Imidazoles
16191,Bicyclic monoterpenoids,0.82,CHEMONTID:0001564,5,CHEMONTID:0001549,CHEMONTID:0000000;CHEMONTID:0000012;CHEMONTID:0000259;CHEMONTID:0001549;CHEMONTID:0001564,Organic compounds;Lipids and lipid-like molecules;Prenol lipids;Monoterpenoids;Bicyclic monoterpenoids
2433,Amines,0.83,CHEMONTID:0002449,4,CHEMONTID:0000278,CHEMONTID:0000000;CHEMONTID:0004707;CHEMONTID:0000278;CHEMONTID:0002449,Organic compounds;Organic nitrogen compounds;Organonitrogen compounds;Amines
18429,Amines,1,CHEMONTID:0002449,4,CHEMONTID:0000278,CHEMONTID:0000000;CHEMONTID:0004707;CHEMONTID:0000278;CHEMONTID:0002449,Organic compounds;Organic nitrogen compounds;Organonitrogen compounds;Amines
2182,Amines,0.99,CHEMONTID:0002449,4,CHEMONTID:0000278,CHEMONTID:0000000;CHEMONTID:0004707;CHEMONTID:0000278;CHEMONTID:0002449,Organic compounds;Organic nitrogen compounds;Organonitrogen compounds;Amines
6896,Carbonyl compounds,0.93,CHEMONTID:0001831,4,CHEMONTID:0000323,CHEMONTID:0000000;CHEMONTID:0004603;CHEMONTID:0000323;CHEMONTID:0001831,Organic compounds;Organic oxygen compounds;Organooxygen compounds;Carbonyl compounds
14333,Carbonyl compounds,0.93,CHEMONTID:0001831,4,CHEMONTID:0000323,CHEMONTID:0000000;CHEMONTID:0004603;CHEMONTID:0000323;CHEMONTID:0001831,Organic compounds;Organic oxygen compounds;Organooxygen compounds;Carbonyl compounds
11508,Amino acids and derivatives,0.91,CHEMONTID:0000347,5,CHEMONTID:0000013,CHEMONTID:0000000;CHEMONTID:0000264;CHEMONTID:0000265;CHEMONTID:0000013;CHEMONTID:0000347,"Organic compounds;Organic acids and derivatives;Carboxylic acids and derivatives;Amino acids, peptides, and analogues;Amino acids and derivatives"
11099,Alcohols and polyols,0.93,CHEMONTID:0000129,4,CHEMONTID:0000323,CHEMONTID:0000000;CHEMONTID:0004603;CHEMONTID:0000323;CHEMONTID:0000129,Organic compounds;Organic oxygen compounds;Organooxygen compounds;Alcohols and polyols
6208,Carboxylic acid derivatives,0.95,CHEMONTID:0001093,4,CHEMONTID:0000265,CHEMONTID:0000000;CHEMONTID:0000264;CHEMONTID:0000265;CHEMONTID:0001093,Organic compounds;Organic acids and derivatives;Carboxylic acids and derivatives;Carboxylic acid derivatives
10129,Primary amines,0.99,CHEMONTID:0002450,5,CHEMONTID:0002449,CHEMONTID:0000000;CHEMONTID:0004707;CHEMONTID:0000278;CHEMONTID:0002449;CHEMONTID:0002450,Organic compounds;Organic nitrogen compounds;Organonitrogen compounds;Amines;Primary amines
8212,Alcohols and polyols,0.85,CHEMONTID:0000129,4,CHEMONTID:0000323,CHEMONTID:0000000;CHEMONTID:0004603;CHEMONTID:0000323;CHEMONTID:0000129,Organic compounds;Organic oxygen compounds;Organooxygen compounds;Alcohols and polyols
7403,Carbonyl compounds,0.93,CHEMONTID:0001831,4,CHEMONTID:0000323,CHEMONTID:0000000;CHEMONTID:0004603;CHEMONTID:0000323;CHEMONTID:0001831,Organic compounds;Organic oxygen compounds;Organooxygen compounds;Carbonyl compounds
11118,Carbonyl compounds,0.87,CHEMONTID:0001831,4,CHEMONTID:0000323,CHEMONTID:0000000;CHEMONTID:0004603;CHEMONTID:0000323;CHEMONTID:0001831,Organic compounds;Organic oxygen compounds;Organooxygen compounds;Carbonyl compounds
19001,Phosphate esters,0.84,CHEMONTID:0000408,4,CHEMONTID:0000402,CHEMONTID:0000000;CHEMONTID:0000264;CHEMONTID:0000402;CHEMONTID:0000408,Organic compounds;Organic acids and derivatives;Organic phosphoric acids and derivatives;Phosphate esters
10014,Carbonyl compounds,0.94,CHEMONTID:0001831,4,CHEMONTID:0000323,CHEMONTID:0000000;CHEMONTID:0004603;CHEMONTID:0000323;CHEMONTID:0001831,Organic compounds;Organic oxygen compounds;Organooxygen compounds;Carbonyl compounds
1477,Alcohols and polyols,0.91,CHEMONTID:0000129,4,CHEMONTID:0000323,CHEMONTID:0000000;CHEMONTID:0004603;CHEMONTID:0000323;CHEMONTID:0000129,Organic compounds;Organic oxygen compounds;Organooxygen compounds;Alcohols and polyols
18690,Carbonyl compounds,0.8,CHEMONTID:0001831,4,CHEMONTID:0000323,CHEMONTID:0000000;CHEMONTID:0004603;CHEMONTID:0000323;CHEMONTID:0001831,Organic compounds;Organic oxygen compounds;Organooxygen compounds;Carbonyl compounds
7772,Alcohols and polyols,0.81,CHEMONTID:0000129,4,CHEMONTID:0000323,CHEMONTID:0000000;CHEMONTID:0004603;CHEMONTID:0000323;CHEMONTID:0000129,Organic compounds;Organic oxygen compounds;Organooxygen compounds;Alcohols and polyols
11308,Benzylamines,0.93,CHEMONTID:0002673,4,CHEMONTID:0002279,CHEMONTID:0000000;CHEMONTID:0002448;CHEMONTID:0002279;CHEMONTID:0002673,Organic compounds;Benzenoids;Benzene and substituted derivatives;Benzylamines
18067,Monoalkylamines,0.96,CHEMONTID:0000469,6,CHEMONTID:0002450,CHEMONTID:0000000;CHEMONTID:0004707;CHEMONTID:0000278;CHEMONTID:0002449;CHEMONTID:0002450;CHEMONTID:0000469,Organic compounds;Organic nitrogen compounds;Organonitrogen compounds;Amines;Primary amines;Monoalkylamines
14060,Carbonyl compounds,0.98,CHEMONTID:0001831,4,CHEMONTID:0000323,CHEMONTID:0000000;CHEMONTID:0004603;CHEMONTID:0000323;CHEMONTID:0001831,Organic compounds;Organic oxygen compounds;Organooxygen compounds;Carbonyl compounds
19266,Carbonyl compounds,0.96,CHEMONTID:0001831,4,CHEMONTID:0000323,CHEMONTID:0000000;CHEMONTID:0004603;CHEMONTID:0000323;CHEMONTID:0001831,Organic compounds;Organic oxygen compounds;Organooxygen compounds;Carbonyl compounds
3108,"Amino acids, peptides, and analogues",0.89,CHEMONTID:0000013,4,CHEMONTID:0000265,CHEMONTID:0000000;CHEMONTID:0000264;CHEMONTID:0000265;CHEMONTID:0000013,"Organic compounds;Organic acids and derivatives;Carboxylic acids and derivatives;Amino acids, peptides, and analogues"
8352,Ethers,0.88,CHEMONTID:0000254,4,CHEMONTID:0000323,CHEMONTID:0000000;CHEMONTID:0004603;CHEMONTID:0000323;CHEMONTID:0000254,Organic compounds;Organic oxygen compounds;Organooxygen compounds;Ethers
4071,Carbonyl compounds,0.85,CHEMONTID:0001831,4,CHEMONTID:0000323,CHEMONTID:0000000;CHEMONTID:0004603;CHEMONTID:0000323;CHEMONTID:0001831,Organic compounds;Organic oxygen compounds;Organooxygen compounds;Carbonyl compounds
15059,Monoalkylamines,1,CHEMONTID:0000469,6,CHEMONTID:0002450,CHEMONTID:0000000;CHEMONTID:0004707;CHEMONTID:0000278;CHEMONTID:0002449;CHEMONTID:0002450;CHEMONTID:0000469,Organic compounds;Organic nitrogen compounds;Organonitrogen compounds;Amines;Primary amines;Monoalkylamines
15117,Carbonyl compounds,0.89,CHEMONTID:0001831,4,CHEMONTID:0000323,CHEMONTID:0000000;CHEMONTID:0004603;CHEMONTID:0000323;CHEMONTID:0001831,Organic compounds;Organic oxygen compounds;Organooxygen compounds;Carbonyl compounds
1778,Carbonyl compounds,0.9,CHEMONTID:0001831,4,CHEMONTID:0000323,CHEMONTID:0000000;CHEMONTID:0004603;CHEMONTID:0000323;CHEMONTID:0001831,Organic compounds;Organic oxygen compounds;Organooxygen compounds;Carbonyl compounds
20403,Carbonyl compounds,0.93,CHEMONTID:0001831,4,CHEMONTID:0000323,CHEMONTID:0000000;CHEMONTID:0004603;CHEMONTID:0000323;CHEMONTID:0001831,Organic compounds;Organic oxygen compounds;Organooxygen compounds;Carbonyl compounds
6653,Alcohols and polyols,0.99,CHEMONTID:0000129,4,CHEMONTID:0000323,CHEMONTID:0000000;CHEMONTID:0004603;CHEMONTID:0000323;CHEMONTID:0000129,Organic compounds;Organic oxygen compounds;Organooxygen compounds;Alcohols and polyols
14712,Amines,0.88,CHEMONTID:0002449,4,CHEMONTID:0000278,CHEMONTID:0000000;CHEMONTID:0004707;CHEMONTID:0000278;CHEMONTID:0002449,Organic compounds;Organic nitrogen compounds;Organonitrogen compounds;Amines
17748,Dialkyl ethers,0.96,CHEMONTID:0001167,5,CHEMONTID:0000254,CHEMONTID:0000000;CHEMONTID:0004603;CHEMONTID:0000323;CHEMONTID:0000254;CHEMONTID:0001167,Organic compounds;Organic oxygen compounds;Organooxygen compounds;Ethers;Dialkyl ethers
3741,Guanidines,0.97,CHEMONTID:0000375,4,CHEMONTID:0000278,CHEMONTID:0000000;CHEMONTID:0004707;CHEMONTID:0000278;CHEMONTID:0000375,Organic compounds;Organic nitrogen compounds;Organonitrogen compounds;Guanidines
12382,N-acyl amines,0.89,CHEMONTID:0001096,5,CHEMONTID:0000331,CHEMONTID:0000000;CHEMONTID:0000012;CHEMONTID:0003909;CHEMONTID:0000331;CHEMONTID:0001096,Organic compounds;Lipids and lipid-like molecules;Fatty Acyls;Fatty amides;N-acyl amines
247,Carbonyl compounds,0.83,CHEMONTID:0001831,4,CHEMONTID:0000323,CHEMONTID:0000000;CHEMONTID:0004603;CHEMONTID:0000323;CHEMONTID:0001831,Organic compounds;Organic oxygen compounds;Organooxygen compounds;Carbonyl compounds
16766,Carbonyl compounds,0.95,CHEMONTID:0001831,4,CHEMONTID:0000323,CHEMONTID:0000000;CHEMONTID:0004603;CHEMONTID:0000323;CHEMONTID:0001831,Organic compounds;Organic oxygen compounds;Organooxygen compounds;Carbonyl compounds
14270,Monoalkylamines,0.99,CHEMONTID:0000469,6,CHEMONTID:0002450,CHEMONTID:0000000;CHEMONTID:0004707;CHEMONTID:0000278;CHEMONTID:0002449;CHEMONTID:0002450;CHEMONTID:0000469,Organic compounds;Organic nitrogen compounds;Organonitrogen compounds;Amines;Primary amines;Monoalkylamines
19680,Carbonyl compounds,0.98,CHEMONTID:0001831,4,CHEMONTID:0000323,CHEMONTID:0000000;CHEMONTID:0004603;CHEMONTID:0000323;CHEMONTID:0001831,Organic compounds;Organic oxygen compounds;Organooxygen compounds;Carbonyl compounds
17969,Monoalkylamines,0.97,CHEMONTID:0000469,6,CHEMONTID:0002450,CHEMONTID:0000000;CHEMONTID:0004707;CHEMONTID:0000278;CHEMONTID:0002449;CHEMONTID:0002450;CHEMONTID:0000469,Organic compounds;Organic nitrogen compounds;Organonitrogen compounds;Amines;Primary amines;Monoalkylamines
17556,Carbonyl compounds,0.91,CHEMONTID:0001831,4,CHEMONTID:0000323,CHEMONTID:0000000;CHEMONTID:0004603;CHEMONTID:0000323;CHEMONTID:0001831,Organic compounds;Organic oxygen compounds;Organooxygen compounds;Carbonyl compounds
1272,Fatty amides,0.86,CHEMONTID:0000331,4,CHEMONTID:0003909,CHEMONTID:0000000;CHEMONTID:0000012;CHEMONTID:0003909;CHEMONTID:0000331,Organic compounds;Lipids and lipid-like molecules;Fatty Acyls;Fatty amides
10292,Alcohols and polyols,0.93,CHEMONTID:0000129,4,CHEMONTID:0000323,CHEMONTID:0000000;CHEMONTID:0004603;CHEMONTID:0000323;CHEMONTID:0000129,Organic compounds;Organic oxygen compounds;Organooxygen compounds;Alcohols and polyols
8207,Carbohydrates and carbohydrate conjugates,0.92,CHEMONTID:0000011,4,CHEMONTID:0000323,CHEMONTID:0000000;CHEMONTID:0004603;CHEMONTID:0000323;CHEMONTID:0000011,Organic compounds;Organic oxygen compounds;Organooxygen compounds;Carbohydrates and carbohydrate conjugates
7096,Carboxylic acid derivatives,0.86,CHEMONTID:0001093,4,CHEMONTID:0000265,CHEMONTID:0000000;CHEMONTID:0000264;CHEMONTID:0000265;CHEMONTID:0001093,Organic compounds;Organic acids and derivatives;Carboxylic acids and derivatives;Carboxylic acid derivatives
19487,Carbonyl compounds,0.86,CHEMONTID:0001831,4,CHEMONTID:0000323,CHEMONTID:0000000;CHEMONTID:0004603;CHEMONTID:0000323;CHEMONTID:0001831,Organic compounds;Organic oxygen compounds;Organooxygen compounds;Carbonyl compounds
13083,Carboxylic acid derivatives,0.98,CHEMONTID:0001093,4,CHEMONTID:0000265,CHEMONTID:0000000;CHEMONTID:0000264;CHEMONTID:0000265;CHEMONTID:0001093,Organic compounds;Organic acids and derivatives;Carboxylic acids and derivatives;Carboxylic acid derivatives
14842,Carbonyl compounds,0.92,CHEMONTID:0001831,4,CHEMONTID:0000323,CHEMONTID:0000000;CHEMONTID:0004603;CHEMONTID:0000323;CHEMONTID:0001831,Organic compounds;Organic oxygen compounds;Organooxygen compounds;Carbonyl compounds
19551,Carboxylic acid derivatives,0.98,CHEMONTID:0001093,4,CHEMONTID:0000265,CHEMONTID:0000000;CHEMONTID:0000264;CHEMONTID:0000265;CHEMONTID:0001093,Organic compounds;Organic acids and derivatives;Carboxylic acids and derivatives;Carboxylic acid derivatives
19364,N-acyl amines,0.97,CHEMONTID:0001096,5,CHEMONTID:0000331,CHEMONTID:0000000;CHEMONTID:0000012;CHEMONTID:0003909;CHEMONTID:0000331;CHEMONTID:0001096,Organic compounds;Lipids and lipid-like molecules;Fatty Acyls;Fatty amides;N-acyl amines
8151,Amines,0.95,CHEMONTID:0002449,4,CHEMONTID:0000278,CHEMONTID:0000000;CHEMONTID:0004707;CHEMONTID:0000278;CHEMONTID:0002449,Organic compounds;Organic nitrogen compounds;Organonitrogen compounds;Amines
19493,Alkyl phosphates,0.99,CHEMONTID:0003457,5,CHEMONTID:0000408,CHEMONTID:0000000;CHEMONTID:0000264;CHEMONTID:0000402;CHEMONTID:0000408;CHEMONTID:0003457,Organic compounds;Organic acids and derivatives;Organic phosphoric acids and derivatives;Phosphate esters;Alkyl phosphates
1008,Carbonyl compounds,0.83,CHEMONTID:0001831,4,CHEMONTID:0000323,CHEMONTID:0000000;CHEMONTID:0004603;CHEMONTID:0000323;CHEMONTID:0001831,Organic compounds;Organic oxygen compounds;Organooxygen compounds;Carbonyl compounds
2677,Glycosyl compounds,0.96,CHEMONTID:0002105,5,CHEMONTID:0000011,CHEMONTID:0000000;CHEMONTID:0004603;CHEMONTID:0000323;CHEMONTID:0000011;CHEMONTID:0002105,Organic compounds;Organic oxygen compounds;Organooxygen compounds;Carbohydrates and carbohydrate conjugates;Glycosyl compounds
13958,Dialkyl ethers,0.83,CHEMONTID:0001167,5,CHEMONTID:0000254,CHEMONTID:0000000;CHEMONTID:0004603;CHEMONTID:0000323;CHEMONTID:0000254;CHEMONTID:0001167,Organic compounds;Organic oxygen compounds;Organooxygen compounds;Ethers;Dialkyl ethers
16665,Dialkyl ethers,0.84,CHEMONTID:0001167,5,CHEMONTID:0000254,CHEMONTID:0000000;CHEMONTID:0004603;CHEMONTID:0000323;CHEMONTID:0000254;CHEMONTID:0001167,Organic compounds;Organic oxygen compounds;Organooxygen compounds;Ethers;Dialkyl ethers
2938,Carbonyl compounds,0.93,CHEMONTID:0001831,4,CHEMONTID:0000323,CHEMONTID:0000000;CHEMONTID:0004603;CHEMONTID:0000323;CHEMONTID:0001831,Organic compounds;Organic oxygen compounds;Organooxygen compounds;Carbonyl compounds
13637,Carboxylic acid derivatives,0.8,CHEMONTID:0001093,4,CHEMONTID:0000265,CHEMONTID:0000000;CHEMONTID:0000264;CHEMONTID:0000265;CHEMONTID:0001093,Organic compounds;Organic acids and derivatives;Carboxylic acids and derivatives;Carboxylic acid derivatives
13621,Amines,0.8,CHEMONTID:0002449,4,CHEMONTID:0000278,CHEMONTID:0000000;CHEMONTID:0004707;CHEMONTID:0000278;CHEMONTID:0002449,Organic compounds;Organic nitrogen compounds;Organonitrogen compounds;Amines
4842,Dialkyl ethers,0.89,CHEMONTID:0001167,5,CHEMONTID:0000254,CHEMONTID:0000000;CHEMONTID:0004603;CHEMONTID:0000323;CHEMONTID:0000254;CHEMONTID:0001167,Organic compounds;Organic oxygen compounds;Organooxygen compounds;Ethers;Dialkyl ethers
18736,Monoalkylamines,0.98,CHEMONTID:0000469,6,CHEMONTID:0002450,CHEMONTID:0000000;CHEMONTID:0004707;CHEMONTID:0000278;CHEMONTID:0002449;CHEMONTID:0002450;CHEMONTID:0000469,Organic compounds;Organic nitrogen compounds;Organonitrogen compounds;Amines;Primary amines;Monoalkylamines
15982,Amines,1,CHEMONTID:0002449,4,CHEMONTID:0000278,CHEMONTID:0000000;CHEMONTID:0004707;CHEMONTID:0000278;CHEMONTID:0002449,Organic compounds;Organic nitrogen compounds;Organonitrogen compounds;Amines
5558,Primary amines,0.93,CHEMONTID:0002450,5,CHEMONTID:0002449,CHEMONTID:0000000;CHEMONTID:0004707;CHEMONTID:0000278;CHEMONTID:0002449;CHEMONTID:0002450,Organic compounds;Organic nitrogen compounds;Organonitrogen compounds;Amines;Primary amines
3875,Glycosyl compounds,0.99,CHEMONTID:0002105,5,CHEMONTID:0000011,CHEMONTID:0000000;CHEMONTID:0004603;CHEMONTID:0000323;CHEMONTID:0000011;CHEMONTID:0002105,Organic compounds;Organic oxygen compounds;Organooxygen compounds;Carbohydrates and carbohydrate conjugates;Glycosyl compounds
2326,Alcohols and polyols,0.85,CHEMONTID:0000129,4,CHEMONTID:0000323,CHEMONTID:0000000;CHEMONTID:0004603;CHEMONTID:0000323;CHEMONTID:0000129,Organic compounds;Organic oxygen compounds;Organooxygen compounds;Alcohols and polyols
15018,Methyl esters,0.8,CHEMONTID:0003416,6,CHEMONTID:0001238,CHEMONTID:0000000;CHEMONTID:0000264;CHEMONTID:0000265;CHEMONTID:0001093;CHEMONTID:0001238;CHEMONTID:0003416,Organic compounds;Organic acids and derivatives;Carboxylic acids and derivatives;Carboxylic acid derivatives;Carboxylic acid esters;Methyl esters
17487,Carbonyl compounds,0.82,CHEMONTID:0001831,4,CHEMONTID:0000323,CHEMONTID:0000000;CHEMONTID:0004603;CHEMONTID:0000323;CHEMONTID:0001831,Organic compounds;Organic oxygen compounds;Organooxygen compounds;Carbonyl compounds
14753,Carbonyl compounds,0.99,CHEMONTID:0001831,4,CHEMONTID:0000323,CHEMONTID:0000000;CHEMONTID:0004603;CHEMONTID:0000323;CHEMONTID:0001831,Organic compounds;Organic oxygen compounds;Organooxygen compounds;Carbonyl compounds
7882,Ethers,0.96,CHEMONTID:0000254,4,CHEMONTID:0000323,CHEMONTID:0000000;CHEMONTID:0004603;CHEMONTID:0000323;CHEMONTID:0000254,Organic compounds;Organic oxygen compounds;Organooxygen compounds;Ethers
17112,Carbonyl compounds,0.83,CHEMONTID:0001831,4,CHEMONTID:0000323,CHEMONTID:0000000;CHEMONTID:0004603;CHEMONTID:0000323;CHEMONTID:0001831,Organic compounds;Organic oxygen compounds;Organooxygen compounds;Carbonyl compounds
3801,Carbonyl compounds,0.91,CHEMONTID:0001831,4,CHEMONTID:0000323,CHEMONTID:0000000;CHEMONTID:0004603;CHEMONTID:0000323;CHEMONTID:0001831,Organic compounds;Organic oxygen compounds;Organooxygen compounds;Carbonyl compounds
18208,Amines,0.86,CHEMONTID:0002449,4,CHEMONTID:0000278,CHEMONTID:0000000;CHEMONTID:0004707;CHEMONTID:0000278;CHEMONTID:0002449,Organic compounds;Organic nitrogen compounds;Organonitrogen compounds;Amines
6304,Histidine and derivatives,0.97,CHEMONTID:0004311,7,CHEMONTID:0000060,CHEMONTID:0000000;CHEMONTID:0000264;CHEMONTID:0000265;CHEMONTID:0000013;CHEMONTID:0000347;CHEMONTID:0000060;CHEMONTID:0004311,"Organic compounds;Organic acids and derivatives;Carboxylic acids and derivatives;Amino acids, peptides, and analogues;Amino acids and derivatives;Alpha amino acids and derivatives;Histidine and derivatives"
20272,Amino acids and derivatives,0.88,CHEMONTID:0000347,5,CHEMONTID:0000013,CHEMONTID:0000000;CHEMONTID:0000264;CHEMONTID:0000265;CHEMONTID:0000013;CHEMONTID:0000347,"Organic compounds;Organic acids and derivatives;Carboxylic acids and derivatives;Amino acids, peptides, and analogues;Amino acids and derivatives"
4060,N-acyl-alpha amino acids,1,CHEMONTID:0002402,8,CHEMONTID:0001189,CHEMONTID:0000000;CHEMONTID:0000264;CHEMONTID:0000265;CHEMONTID:0000013;CHEMONTID:0000347;CHEMONTID:0000060;CHEMONTID:0001189;CHEMONTID:0002402,"Organic compounds;Organic acids and derivatives;Carboxylic acids and derivatives;Amino acids, peptides, and analogues;Amino acids and derivatives;Alpha amino acids and derivatives;N-acyl-alpha amino acids and derivatives;N-acyl-alpha amino acids"
14993,Carboxylic acid derivatives,1,CHEMONTID:0001093,4,CHEMONTID:0000265,CHEMONTID:0000000;CHEMONTID:0000264;CHEMONTID:0000265;CHEMONTID:0001093,Organic compounds;Organic acids and derivatives;Carboxylic acids and derivatives;Carboxylic acid derivatives
20311,Glycosyl compounds,1,CHEMONTID:0002105,5,CHEMONTID:0000011,CHEMONTID:0000000;CHEMONTID:0004603;CHEMONTID:0000323;CHEMONTID:0000011;CHEMONTID:0002105,Organic compounds;Organic oxygen compounds;Organooxygen compounds;Carbohydrates and carbohydrate conjugates;Glycosyl compounds
4400,Methyl esters,0.87,CHEMONTID:0003416,6,CHEMONTID:0001238,CHEMONTID:0000000;CHEMONTID:0000264;CHEMONTID:0000265;CHEMONTID:0001093;CHEMONTID:0001238;CHEMONTID:0003416,Organic compounds;Organic acids and derivatives;Carboxylic acids and derivatives;Carboxylic acid derivatives;Carboxylic acid esters;Methyl esters
17378,N-acyl amines,0.97,CHEMONTID:0001096,5,CHEMONTID:0000331,CHEMONTID:0000000;CHEMONTID:0000012;CHEMONTID:0003909;CHEMONTID:0000331;CHEMONTID:0001096,Organic compounds;Lipids and lipid-like molecules;Fatty Acyls;Fatty amides;N-acyl amines
15641,Amines,0.99,CHEMONTID:0002449,4,CHEMONTID:0000278,CHEMONTID:0000000;CHEMONTID:0004707;CHEMONTID:0000278;CHEMONTID:0002449,Organic compounds;Organic nitrogen compounds;Organonitrogen compounds;Amines
15498,Carbonyl compounds,0.93,CHEMONTID:0001831,4,CHEMONTID:0000323,CHEMONTID:0000000;CHEMONTID:0004603;CHEMONTID:0000323;CHEMONTID:0001831,Organic compounds;Organic oxygen compounds;Organooxygen compounds;Carbonyl compounds
3499,Amines,0.98,CHEMONTID:0002449,4,CHEMONTID:0000278,CHEMONTID:0000000;CHEMONTID:0004707;CHEMONTID:0000278;CHEMONTID:0002449,Organic compounds;Organic nitrogen compounds;Organonitrogen compounds;Amines
13340,Carbonyl compounds,0.9,CHEMONTID:0001831,4,CHEMONTID:0000323,CHEMONTID:0000000;CHEMONTID:0004603;CHEMONTID:0000323;CHEMONTID:0001831,Organic compounds;Organic oxygen compounds;Organooxygen compounds;Carbonyl compounds
8385,Pyrimidines and pyrimidine derivatives,1,CHEMONTID:0000075,4,CHEMONTID:0001346,CHEMONTID:0000000;CHEMONTID:0000002;CHEMONTID:0001346;CHEMONTID:0000075,Organic compounds;Organoheterocyclic compounds;Diazines;Pyrimidines and pyrimidine derivatives
17992,Monoalkylamines,0.93,CHEMONTID:0000469,6,CHEMONTID:0002450,CHEMONTID:0000000;CHEMONTID:0004707;CHEMONTID:0000278;CHEMONTID:0002449;CHEMONTID:0002450;CHEMONTID:0000469,Organic compounds;Organic nitrogen compounds;Organonitrogen compounds;Amines;Primary amines;Monoalkylamines
15838,"1,3,5-triazines",0.93,CHEMONTID:0004105,4,CHEMONTID:0000098,CHEMONTID:0000000;CHEMONTID:0000002;CHEMONTID:0000098;CHEMONTID:0004105,"Organic compounds;Organoheterocyclic compounds;Triazines;1,3,5-triazines"
4316,Alcohols and polyols,0.86,CHEMONTID:0000129,4,CHEMONTID:0000323,CHEMONTID:0000000;CHEMONTID:0004603;CHEMONTID:0000323;CHEMONTID:0000129,Organic compounds;Organic oxygen compounds;Organooxygen compounds;Alcohols and polyols
19230,Carboxylic acid derivatives,0.99,CHEMONTID:0001093,4,CHEMONTID:0000265,CHEMONTID:0000000;CHEMONTID:0000264;CHEMONTID:0000265;CHEMONTID:0001093,Organic compounds;Organic acids and derivatives;Carboxylic acids and derivatives;Carboxylic acid derivatives
23,Glycosyl compounds,1,CHEMONTID:0002105,5,CHEMONTID:0000011,CHEMONTID:0000000;CHEMONTID:0004603;CHEMONTID:0000323;CHEMONTID:0000011;CHEMONTID:0002105,Organic compounds;Organic oxygen compounds;Organooxygen compounds;Carbohydrates and carbohydrate conjugates;Glycosyl compounds
15591,Carbonyl compounds,0.92,CHEMONTID:0001831,4,CHEMONTID:0000323,CHEMONTID:0000000;CHEMONTID:0004603;CHEMONTID:0000323;CHEMONTID:0001831,Organic compounds;Organic oxygen compounds;Organooxygen compounds;Carbonyl compounds
9802,Monoalkylamines,0.9,CHEMONTID:0000469,6,CHEMONTID:0002450,CHEMONTID:0000000;CHEMONTID:0004707;CHEMONTID:0000278;CHEMONTID:0002449;CHEMONTID:0002450;CHEMONTID:0000469,Organic compounds;Organic nitrogen compounds;Organonitrogen compounds;Amines;Primary amines;Monoalkylamines
5230,Monoalkylamines,0.89,CHEMONTID:0000469,6,CHEMONTID:0002450,CHEMONTID:0000000;CHEMONTID:0004707;CHEMONTID:0000278;CHEMONTID:0002449;CHEMONTID:0002450;CHEMONTID:0000469,Organic compounds;Organic nitrogen compounds;Organonitrogen compounds;Amines;Primary amines;Monoalkylamines
17804,Alcohols and polyols,0.92,CHEMONTID:0000129,4,CHEMONTID:0000323,CHEMONTID:0000000;CHEMONTID:0004603;CHEMONTID:0000323;CHEMONTID:0000129,Organic compounds;Organic oxygen compounds;Organooxygen compounds;Alcohols and polyols
14134,Cyclic ketones,0.9,CHEMONTID:0003487,6,CHEMONTID:0000118,CHEMONTID:0000000;CHEMONTID:0004603;CHEMONTID:0000323;CHEMONTID:0001831;CHEMONTID:0000118;CHEMONTID:0003487,Organic compounds;Organic oxygen compounds;Organooxygen compounds;Carbonyl compounds;Ketones;Cyclic ketones
11600,Carboxylic acid derivatives,0.99,CHEMONTID:0001093,4,CHEMONTID:0000265,CHEMONTID:0000000;CHEMONTID:0000264;CHEMONTID:0000265;CHEMONTID:0001093,Organic compounds;Organic acids and derivatives;Carboxylic acids and derivatives;Carboxylic acid derivatives
2532,Carbonyl compounds,0.83,CHEMONTID:0001831,4,CHEMONTID:0000323,CHEMONTID:0000000;CHEMONTID:0004603;CHEMONTID:0000323;CHEMONTID:0001831,Organic compounds;Organic oxygen compounds;Organooxygen compounds;Carbonyl compounds
20334,Carbonyl compounds,0.86,CHEMONTID:0001831,4,CHEMONTID:0000323,CHEMONTID:0000000;CHEMONTID:0004603;CHEMONTID:0000323;CHEMONTID:0001831,Organic compounds;Organic oxygen compounds;Organooxygen compounds;Carbonyl compounds
4115,Carbonyl compounds,0.9,CHEMONTID:0001831,4,CHEMONTID:0000323,CHEMONTID:0000000;CHEMONTID:0004603;CHEMONTID:0000323;CHEMONTID:0001831,Organic compounds;Organic oxygen compounds;Organooxygen compounds;Carbonyl compounds
11373,Carbonyl compounds,0.95,CHEMONTID:0001831,4,CHEMONTID:0000323,CHEMONTID:0000000;CHEMONTID:0004603;CHEMONTID:0000323;CHEMONTID:0001831,Organic compounds;Organic oxygen compounds;Organooxygen compounds;Carbonyl compounds
17169,Carbonyl compounds,0.99,CHEMONTID:0001831,4,CHEMONTID:0000323,CHEMONTID:0000000;CHEMONTID:0004603;CHEMONTID:0000323;CHEMONTID:0001831,Organic compounds;Organic oxygen compounds;Organooxygen compounds;Carbonyl compounds
6679,Carbonyl compounds,0.8,CHEMONTID:0001831,4,CHEMONTID:0000323,CHEMONTID:0000000;CHEMONTID:0004603;CHEMONTID:0000323;CHEMONTID:0001831,Organic compounds;Organic oxygen compounds;Organooxygen compounds;Carbonyl compounds
20671,Carboxylic acid derivatives,0.94,CHEMONTID:0001093,4,CHEMONTID:0000265,CHEMONTID:0000000;CHEMONTID:0000264;CHEMONTID:0000265;CHEMONTID:0001093,Organic compounds;Organic acids and derivatives;Carboxylic acids and derivatives;Carboxylic acid derivatives
10018,Amines,0.97,CHEMONTID:0002449,4,CHEMONTID:0000278,CHEMONTID:0000000;CHEMONTID:0004707;CHEMONTID:0000278;CHEMONTID:0002449,Organic compounds;Organic nitrogen compounds;Organonitrogen compounds;Amines
10305,Primary amines,0.9,CHEMONTID:0002450,5,CHEMONTID:0002449,CHEMONTID:0000000;CHEMONTID:0004707;CHEMONTID:0000278;CHEMONTID:0002449;CHEMONTID:0002450,Organic compounds;Organic nitrogen compounds;Organonitrogen compounds;Amines;Primary amines
2616,Carboxylic acid derivatives,0.98,CHEMONTID:0001093,4,CHEMONTID:0000265,CHEMONTID:0000000;CHEMONTID:0000264;CHEMONTID:0000265;CHEMONTID:0001093,Organic compounds;Organic acids and derivatives;Carboxylic acids and derivatives;Carboxylic acid derivatives
9513,Carbonyl compounds,0.99,CHEMONTID:0001831,4,CHEMONTID:0000323,CHEMONTID:0000000;CHEMONTID:0004603;CHEMONTID:0000323;CHEMONTID:0001831,Organic compounds;Organic oxygen compounds;Organooxygen compounds;Carbonyl compounds
3122,Amines,0.96,CHEMONTID:0002449,4,CHEMONTID:0000278,CHEMONTID:0000000;CHEMONTID:0004707;CHEMONTID:0000278;CHEMONTID:0002449,Organic compounds;Organic nitrogen compounds;Organonitrogen compounds;Amines
19073,Alcohols and polyols,0.85,CHEMONTID:0000129,4,CHEMONTID:0000323,CHEMONTID:0000000;CHEMONTID:0004603;CHEMONTID:0000323;CHEMONTID:0000129,Organic compounds;Organic oxygen compounds;Organooxygen compounds;Alcohols and polyols
6807,Pyrimidines and pyrimidine derivatives,1,CHEMONTID:0000075,4,CHEMONTID:0001346,CHEMONTID:0000000;CHEMONTID:0000002;CHEMONTID:0001346;CHEMONTID:0000075,Organic compounds;Organoheterocyclic compounds;Diazines;Pyrimidines and pyrimidine derivatives
5849,Primary amines,0.96,CHEMONTID:0002450,5,CHEMONTID:0002449,CHEMONTID:0000000;CHEMONTID:0004707;CHEMONTID:0000278;CHEMONTID:0002449;CHEMONTID:0002450,Organic compounds;Organic nitrogen compounds;Organonitrogen compounds;Amines;Primary amines
6450,Dialkyl ethers,0.95,CHEMONTID:0001167,5,CHEMONTID:0000254,CHEMONTID:0000000;CHEMONTID:0004603;CHEMONTID:0000323;CHEMONTID:0000254;CHEMONTID:0001167,Organic compounds;Organic oxygen compounds;Organooxygen compounds;Ethers;Dialkyl ethers
10978,Carbonyl compounds,0.97,CHEMONTID:0001831,4,CHEMONTID:0000323,CHEMONTID:0000000;CHEMONTID:0004603;CHEMONTID:0000323;CHEMONTID:0001831,Organic compounds;Organic oxygen compounds;Organooxygen compounds;Carbonyl compounds
19668,Carbohydrates and carbohydrate conjugates,1,CHEMONTID:0000011,4,CHEMONTID:0000323,CHEMONTID:0000000;CHEMONTID:0004603;CHEMONTID:0000323;CHEMONTID:0000011,Organic compounds;Organic oxygen compounds;Organooxygen compounds;Carbohydrates and carbohydrate conjugates
7430,Alcohols and polyols,1,CHEMONTID:0000129,4,CHEMONTID:0000323,CHEMONTID:0000000;CHEMONTID:0004603;CHEMONTID:0000323;CHEMONTID:0000129,Organic compounds;Organic oxygen compounds;Organooxygen compounds;Alcohols and polyols
4916,Carbonyl compounds,0.95,CHEMONTID:0001831,4,CHEMONTID:0000323,CHEMONTID:0000000;CHEMONTID:0004603;CHEMONTID:0000323;CHEMONTID:0001831,Organic compounds;Organic oxygen compounds;Organooxygen compounds;Carbonyl compounds
19026,Alcohols and polyols,0.88,CHEMONTID:0000129,4,CHEMONTID:0000323,CHEMONTID:0000000;CHEMONTID:0004603;CHEMONTID:0000323;CHEMONTID:0000129,Organic compounds;Organic oxygen compounds;Organooxygen compounds;Alcohols and polyols
16607,Primary amines,0.96,CHEMONTID:0002450,5,CHEMONTID:0002449,CHEMONTID:0000000;CHEMONTID:0004707;CHEMONTID:0000278;CHEMONTID:0002449;CHEMONTID:0002450,Organic compounds;Organic nitrogen compounds;Organonitrogen compounds;Amines;Primary amines
5612,Carbonyl compounds,0.85,CHEMONTID:0001831,4,CHEMONTID:0000323,CHEMONTID:0000000;CHEMONTID:0004603;CHEMONTID:0000323;CHEMONTID:0001831,Organic compounds;Organic oxygen compounds;Organooxygen compounds;Carbonyl compounds
17522,Amino fatty acids,0.83,CHEMONTID:0000489,5,CHEMONTID:0000262,CHEMONTID:0000000;CHEMONTID:0000012;CHEMONTID:0003909;CHEMONTID:0000262;CHEMONTID:0000489,Organic compounds;Lipids and lipid-like molecules;Fatty Acyls;Fatty acids and conjugates;Amino fatty acids
11913,N-acyl amines,0.94,CHEMONTID:0001096,5,CHEMONTID:0000331,CHEMONTID:0000000;CHEMONTID:0000012;CHEMONTID:0003909;CHEMONTID:0000331;CHEMONTID:0001096,Organic compounds;Lipids and lipid-like molecules;Fatty Acyls;Fatty amides;N-acyl amines
16199,Carbonyl compounds,0.97,CHEMONTID:0001831,4,CHEMONTID:0000323,CHEMONTID:0000000;CHEMONTID:0004603;CHEMONTID:0000323;CHEMONTID:0001831,Organic compounds;Organic oxygen compounds;Organooxygen compounds;Carbonyl compounds
20065,Guanidines,0.9,CHEMONTID:0000375,4,CHEMONTID:0000278,CHEMONTID:0000000;CHEMONTID:0004707;CHEMONTID:0000278;CHEMONTID:0000375,Organic compounds;Organic nitrogen compounds;Organonitrogen compounds;Guanidines
9339,Monoalkylamines,1,CHEMONTID:0000469,6,CHEMONTID:0002450,CHEMONTID:0000000;CHEMONTID:0004707;CHEMONTID:0000278;CHEMONTID:0002449;CHEMONTID:0002450;CHEMONTID:0000469,Organic compounds;Organic nitrogen compounds;Organonitrogen compounds;Amines;Primary amines;Monoalkylamines
20328,Imidazoles,0.87,CHEMONTID:0000078,4,CHEMONTID:0000436,CHEMONTID:0000000;CHEMONTID:0000002;CHEMONTID:0000436;CHEMONTID:0000078,Organic compounds;Organoheterocyclic compounds;Azoles;Imidazoles
14869,Carbonyl compounds,0.99,CHEMONTID:0001831,4,CHEMONTID:0000323,CHEMONTID:0000000;CHEMONTID:0004603;CHEMONTID:0000323;CHEMONTID:0001831,Organic compounds;Organic oxygen compounds;Organooxygen compounds;Carbonyl compounds
13257,Carbonyl compounds,0.92,CHEMONTID:0001831,4,CHEMONTID:0000323,CHEMONTID:0000000;CHEMONTID:0004603;CHEMONTID:0000323;CHEMONTID:0001831,Organic compounds;Organic oxygen compounds;Organooxygen compounds;Carbonyl compounds
3923,Carbonyl compounds,0.97,CHEMONTID:0001831,4,CHEMONTID:0000323,CHEMONTID:0000000;CHEMONTID:0004603;CHEMONTID:0000323;CHEMONTID:0001831,Organic compounds;Organic oxygen compounds;Organooxygen compounds;Carbonyl compounds
18438,Pyrimidines and pyrimidine derivatives,0.93,CHEMONTID:0000075,4,CHEMONTID:0001346,CHEMONTID:0000000;CHEMONTID:0000002;CHEMONTID:0001346;CHEMONTID:0000075,Organic compounds;Organoheterocyclic compounds;Diazines;Pyrimidines and pyrimidine derivatives
17891,Alkyl phosphates,1,CHEMONTID:0003457,5,CHEMONTID:0000408,CHEMONTID:0000000;CHEMONTID:0000264;CHEMONTID:0000402;CHEMONTID:0000408;CHEMONTID:0003457,Organic compounds;Organic acids and derivatives;Organic phosphoric acids and derivatives;Phosphate esters;Alkyl phosphates
10141,Amines,1,CHEMONTID:0002449,4,CHEMONTID:0000278,CHEMONTID:0000000;CHEMONTID:0004707;CHEMONTID:0000278;CHEMONTID:0002449,Organic compounds;Organic nitrogen compounds;Organonitrogen compounds;Amines
17431,Ethers,0.89,CHEMONTID:0000254,4,CHEMONTID:0000323,CHEMONTID:0000000;CHEMONTID:0004603;CHEMONTID:0000323;CHEMONTID:0000254,Organic compounds;Organic oxygen compounds;Organooxygen compounds;Ethers
17427,Alcohols and polyols,0.94,CHEMONTID:0000129,4,CHEMONTID:0000323,CHEMONTID:0000000;CHEMONTID:0004603;CHEMONTID:0000323;CHEMONTID:0000129,Organic compounds;Organic oxygen compounds;Organooxygen compounds;Alcohols and polyols
10855,Ethers,0.91,CHEMONTID:0000254,4,CHEMONTID:0000323,CHEMONTID:0000000;CHEMONTID:0004603;CHEMONTID:0000323;CHEMONTID:0000254,Organic compounds;Organic oxygen compounds;Organooxygen compounds;Ethers
11860,Carbonyl compounds,0.98,CHEMONTID:0001831,4,CHEMONTID:0000323,CHEMONTID:0000000;CHEMONTID:0004603;CHEMONTID:0000323;CHEMONTID:0001831,Organic compounds;Organic oxygen compounds;Organooxygen compounds;Carbonyl compounds
7127,Ethers,0.94,CHEMONTID:0000254,4,CHEMONTID:0000323,CHEMONTID:0000000;CHEMONTID:0004603;CHEMONTID:0000323;CHEMONTID:0000254,Organic compounds;Organic oxygen compounds;Organooxygen compounds;Ethers
16293,Amines,1,CHEMONTID:0002449,4,CHEMONTID:0000278,CHEMONTID:0000000;CHEMONTID:0004707;CHEMONTID:0000278;CHEMONTID:0002449,Organic compounds;Organic nitrogen compounds;Organonitrogen compounds;Amines
17564,Amines,1,CHEMONTID:0002449,4,CHEMONTID:0000278,CHEMONTID:0000000;CHEMONTID:0004707;CHEMONTID:0000278;CHEMONTID:0002449,Organic compounds;Organic nitrogen compounds;Organonitrogen compounds;Amines
9449,Carbonyl compounds,0.99,CHEMONTID:0001831,4,CHEMONTID:0000323,CHEMONTID:0000000;CHEMONTID:0004603;CHEMONTID:0000323;CHEMONTID:0001831,Organic compounds;Organic oxygen compounds;Organooxygen compounds;Carbonyl compounds
5066,Alcohols and polyols,0.99,CHEMONTID:0000129,4,CHEMONTID:0000323,CHEMONTID:0000000;CHEMONTID:0004603;CHEMONTID:0000323;CHEMONTID:0000129,Organic compounds;Organic oxygen compounds;Organooxygen compounds;Alcohols and polyols
18215,Monoalkylamines,0.94,CHEMONTID:0000469,6,CHEMONTID:0002450,CHEMONTID:0000000;CHEMONTID:0004707;CHEMONTID:0000278;CHEMONTID:0002449;CHEMONTID:0002450;CHEMONTID:0000469,Organic compounds;Organic nitrogen compounds;Organonitrogen compounds;Amines;Primary amines;Monoalkylamines
12496,Monocarboxylic acids and derivatives,0.84,CHEMONTID:0001137,4,CHEMONTID:0000265,CHEMONTID:0000000;CHEMONTID:0000264;CHEMONTID:0000265;CHEMONTID:0001137,Organic compounds;Organic acids and derivatives;Carboxylic acids and derivatives;Monocarboxylic acids and derivatives
11380,Primary amines,0.93,CHEMONTID:0002450,5,CHEMONTID:0002449,CHEMONTID:0000000;CHEMONTID:0004707;CHEMONTID:0000278;CHEMONTID:0002449;CHEMONTID:0002450,Organic compounds;Organic nitrogen compounds;Organonitrogen compounds;Amines;Primary amines
3879,Monoalkylamines,0.94,CHEMONTID:0000469,6,CHEMONTID:0002450,CHEMONTID:0000000;CHEMONTID:0004707;CHEMONTID:0000278;CHEMONTID:0002449;CHEMONTID:0002450;CHEMONTID:0000469,Organic compounds;Organic nitrogen compounds;Organonitrogen compounds;Amines;Primary amines;Monoalkylamines
20722,Carbonyl compounds,0.96,CHEMONTID:0001831,4,CHEMONTID:0000323,CHEMONTID:0000000;CHEMONTID:0004603;CHEMONTID:0000323;CHEMONTID:0001831,Organic compounds;Organic oxygen compounds;Organooxygen compounds;Carbonyl compounds
15825,Monocarboxylic acids and derivatives,0.86,CHEMONTID:0001137,4,CHEMONTID:0000265,CHEMONTID:0000000;CHEMONTID:0000264;CHEMONTID:0000265;CHEMONTID:0001137,Organic compounds;Organic acids and derivatives;Carboxylic acids and derivatives;Monocarboxylic acids and derivatives
19788,Alcohols and polyols,0.9,CHEMONTID:0000129,4,CHEMONTID:0000323,CHEMONTID:0000000;CHEMONTID:0004603;CHEMONTID:0000323;CHEMONTID:0000129,Organic compounds;Organic oxygen compounds;Organooxygen compounds;Alcohols and polyols
20193,Imidazoles,0.99,CHEMONTID:0000078,4,CHEMONTID:0000436,CHEMONTID:0000000;CHEMONTID:0000002;CHEMONTID:0000436;CHEMONTID:0000078,Organic compounds;Organoheterocyclic compounds;Azoles;Imidazoles
5423,Carbonyl compounds,0.99,CHEMONTID:0001831,4,CHEMONTID:0000323,CHEMONTID:0000000;CHEMONTID:0004603;CHEMONTID:0000323;CHEMONTID:0001831,Organic compounds;Organic oxygen compounds;Organooxygen compounds;Carbonyl compounds
3717,Guanidines,1,CHEMONTID:0000375,4,CHEMONTID:0000278,CHEMONTID:0000000;CHEMONTID:0004707;CHEMONTID:0000278;CHEMONTID:0000375,Organic compounds;Organic nitrogen compounds;Organonitrogen compounds;Guanidines
11999,Carbonyl compounds,0.91,CHEMONTID:0001831,4,CHEMONTID:0000323,CHEMONTID:0000000;CHEMONTID:0004603;CHEMONTID:0000323;CHEMONTID:0001831,Organic compounds;Organic oxygen compounds;Organooxygen compounds;Carbonyl compounds
3691,Carbonyl compounds,0.97,CHEMONTID:0001831,4,CHEMONTID:0000323,CHEMONTID:0000000;CHEMONTID:0004603;CHEMONTID:0000323;CHEMONTID:0001831,Organic compounds;Organic oxygen compounds;Organooxygen compounds;Carbonyl compounds
5455,Carbonyl compounds,0.98,CHEMONTID:0001831,4,CHEMONTID:0000323,CHEMONTID:0000000;CHEMONTID:0004603;CHEMONTID:0000323;CHEMONTID:0001831,Organic compounds;Organic oxygen compounds;Organooxygen compounds;Carbonyl compounds
17712,Alcohols and polyols,0.99,CHEMONTID:0000129,4,CHEMONTID:0000323,CHEMONTID:0000000;CHEMONTID:0004603;CHEMONTID:0000323;CHEMONTID:0000129,Organic compounds;Organic oxygen compounds;Organooxygen compounds;Alcohols and polyols
9959,Primary amines,0.91,CHEMONTID:0002450,5,CHEMONTID:0002449,CHEMONTID:0000000;CHEMONTID:0004707;CHEMONTID:0000278;CHEMONTID:0002449;CHEMONTID:0002450,Organic compounds;Organic nitrogen compounds;Organonitrogen compounds;Amines;Primary amines
5908,Carboxylic acid derivatives,0.99,CHEMONTID:0001093,4,CHEMONTID:0000265,CHEMONTID:0000000;CHEMONTID:0000264;CHEMONTID:0000265;CHEMONTID:0001093,Organic compounds;Organic acids and derivatives;Carboxylic acids and derivatives;Carboxylic acid derivatives
6203,Carboxylic acid derivatives,0.96,CHEMONTID:0001093,4,CHEMONTID:0000265,CHEMONTID:0000000;CHEMONTID:0000264;CHEMONTID:0000265;CHEMONTID:0001093,Organic compounds;Organic acids and derivatives;Carboxylic acids and derivatives;Carboxylic acid derivatives
1222,Carbonyl compounds,0.91,CHEMONTID:0001831,4,CHEMONTID:0000323,CHEMONTID:0000000;CHEMONTID:0004603;CHEMONTID:0000323;CHEMONTID:0001831,Organic compounds;Organic oxygen compounds;Organooxygen compounds;Carbonyl compounds
14354,Carbonyl compounds,0.89,CHEMONTID:0001831,4,CHEMONTID:0000323,CHEMONTID:0000000;CHEMONTID:0004603;CHEMONTID:0000323;CHEMONTID:0001831,Organic compounds;Organic oxygen compounds;Organooxygen compounds;Carbonyl compounds
11473,Dialkyl phosphates,1,CHEMONTID:0003459,6,CHEMONTID:0003457,CHEMONTID:0000000;CHEMONTID:0000264;CHEMONTID:0000402;CHEMONTID:0000408;CHEMONTID:0003457;CHEMONTID:0003459,Organic compounds;Organic acids and derivatives;Organic phosphoric acids and derivatives;Phosphate esters;Alkyl phosphates;Dialkyl phosphates
4331,Carboxylic acid derivatives,0.98,CHEMONTID:0001093,4,CHEMONTID:0000265,CHEMONTID:0000000;CHEMONTID:0000264;CHEMONTID:0000265;CHEMONTID:0001093,Organic compounds;Organic acids and derivatives;Carboxylic acids and derivatives;Carboxylic acid derivatives
8685,Carboxylic acid derivatives,0.85,CHEMONTID:0001093,4,CHEMONTID:0000265,CHEMONTID:0000000;CHEMONTID:0000264;CHEMONTID:0000265;CHEMONTID:0001093,Organic compounds;Organic acids and derivatives;Carboxylic acids and derivatives;Carboxylic acid derivatives
12867,Carbonyl compounds,0.97,CHEMONTID:0001831,4,CHEMONTID:0000323,CHEMONTID:0000000;CHEMONTID:0004603;CHEMONTID:0000323;CHEMONTID:0001831,Organic compounds;Organic oxygen compounds;Organooxygen compounds;Carbonyl compounds
5722,Dialkyl phosphates,0.97,CHEMONTID:0003459,6,CHEMONTID:0003457,CHEMONTID:0000000;CHEMONTID:0000264;CHEMONTID:0000402;CHEMONTID:0000408;CHEMONTID:0003457;CHEMONTID:0003459,Organic compounds;Organic acids and derivatives;Organic phosphoric acids and derivatives;Phosphate esters;Alkyl phosphates;Dialkyl phosphates
16828,Ethers,0.83,CHEMONTID:0000254,4,CHEMONTID:0000323,CHEMONTID:0000000;CHEMONTID:0004603;CHEMONTID:0000323;CHEMONTID:0000254,Organic compounds;Organic oxygen compounds;Organooxygen compounds;Ethers
13010,Alcohols and polyols,0.91,CHEMONTID:0000129,4,CHEMONTID:0000323,CHEMONTID:0000000;CHEMONTID:0004603;CHEMONTID:0000323;CHEMONTID:0000129,Organic compounds;Organic oxygen compounds;Organooxygen compounds;Alcohols and polyols
13931,Monocarboxylic acids and derivatives,0.92,CHEMONTID:0001137,4,CHEMONTID:0000265,CHEMONTID:0000000;CHEMONTID:0000264;CHEMONTID:0000265;CHEMONTID:0001137,Organic compounds;Organic acids and derivatives;Carboxylic acids and derivatives;Monocarboxylic acids and derivatives
11432,Carbonyl compounds,0.98,CHEMONTID:0001831,4,CHEMONTID:0000323,CHEMONTID:0000000;CHEMONTID:0004603;CHEMONTID:0000323;CHEMONTID:0001831,Organic compounds;Organic oxygen compounds;Organooxygen compounds;Carbonyl compounds
17606,Carboxylic acid derivatives,0.93,CHEMONTID:0001093,4,CHEMONTID:0000265,CHEMONTID:0000000;CHEMONTID:0000264;CHEMONTID:0000265;CHEMONTID:0001093,Organic compounds;Organic acids and derivatives;Carboxylic acids and derivatives;Carboxylic acid derivatives
16449,Carboxylic acid derivatives,0.94,CHEMONTID:0001093,4,CHEMONTID:0000265,CHEMONTID:0000000;CHEMONTID:0000264;CHEMONTID:0000265;CHEMONTID:0001093,Organic compounds;Organic acids and derivatives;Carboxylic acids and derivatives;Carboxylic acid derivatives
3832,Carbonyl compounds,0.87,CHEMONTID:0001831,4,CHEMONTID:0000323,CHEMONTID:0000000;CHEMONTID:0004603;CHEMONTID:0000323;CHEMONTID:0001831,Organic compounds;Organic oxygen compounds;Organooxygen compounds;Carbonyl compounds
6394,Ethers,0.98,CHEMONTID:0000254,4,CHEMONTID:0000323,CHEMONTID:0000000;CHEMONTID:0004603;CHEMONTID:0000323;CHEMONTID:0000254,Organic compounds;Organic oxygen compounds;Organooxygen compounds;Ethers
10444,Alcohols and polyols,0.94,CHEMONTID:0000129,4,CHEMONTID:0000323,CHEMONTID:0000000;CHEMONTID:0004603;CHEMONTID:0000323;CHEMONTID:0000129,Organic compounds;Organic oxygen compounds;Organooxygen compounds;Alcohols and polyols
13927,Primary amines,0.93,CHEMONTID:0002450,5,CHEMONTID:0002449,CHEMONTID:0000000;CHEMONTID:0004707;CHEMONTID:0000278;CHEMONTID:0002449;CHEMONTID:0002450,Organic compounds;Organic nitrogen compounds;Organonitrogen compounds;Amines;Primary amines
9710,Carbonyl compounds,0.88,CHEMONTID:0001831,4,CHEMONTID:0000323,CHEMONTID:0000000;CHEMONTID:0004603;CHEMONTID:0000323;CHEMONTID:0001831,Organic compounds;Organic oxygen compounds;Organooxygen compounds;Carbonyl compounds
17924,Carbonyl compounds,0.81,CHEMONTID:0001831,4,CHEMONTID:0000323,CHEMONTID:0000000;CHEMONTID:0004603;CHEMONTID:0000323;CHEMONTID:0001831,Organic compounds;Organic oxygen compounds;Organooxygen compounds;Carbonyl compounds
7927,Pyranones and derivatives,0.97,CHEMONTID:0000481,4,CHEMONTID:0000086,CHEMONTID:0000000;CHEMONTID:0000002;CHEMONTID:0000086;CHEMONTID:0000481,Organic compounds;Organoheterocyclic compounds;Pyrans;Pyranones and derivatives
2925,Carbonyl compounds,0.85,CHEMONTID:0001831,4,CHEMONTID:0000323,CHEMONTID:0000000;CHEMONTID:0004603;CHEMONTID:0000323;CHEMONTID:0001831,Organic compounds;Organic oxygen compounds;Organooxygen compounds;Carbonyl compounds
12942,Carbonyl compounds,0.97,CHEMONTID:0001831,4,CHEMONTID:0000323,CHEMONTID:0000000;CHEMONTID:0004603;CHEMONTID:0000323;CHEMONTID:0001831,Organic compounds;Organic oxygen compounds;Organooxygen compounds;Carbonyl compounds
17353,Trialkylamines,0.98,CHEMONTID:0002239,6,CHEMONTID:0002452,CHEMONTID:0000000;CHEMONTID:0004707;CHEMONTID:0000278;CHEMONTID:0002449;CHEMONTID:0002452;CHEMONTID:0002239,Organic compounds;Organic nitrogen compounds;Organonitrogen compounds;Amines;Tertiary amines;Trialkylamines
14951,Alkyl phosphates,0.88,CHEMONTID:0003457,5,CHEMONTID:0000408,CHEMONTID:0000000;CHEMONTID:0000264;CHEMONTID:0000402;CHEMONTID:0000408;CHEMONTID:0003457,Organic compounds;Organic acids and derivatives;Organic phosphoric acids and derivatives;Phosphate esters;Alkyl phosphates
9458,Carboxylic acid derivatives,0.98,CHEMONTID:0001093,4,CHEMONTID:0000265,CHEMONTID:0000000;CHEMONTID:0000264;CHEMONTID:0000265;CHEMONTID:0001093,Organic compounds;Organic acids and derivatives;Carboxylic acids and derivatives;Carboxylic acid derivatives
1504,Carbonyl compounds,0.86,CHEMONTID:0001831,4,CHEMONTID:0000323,CHEMONTID:0000000;CHEMONTID:0004603;CHEMONTID:0000323;CHEMONTID:0001831,Organic compounds;Organic oxygen compounds;Organooxygen compounds;Carbonyl compounds
18604,Carbonyl compounds,0.81,CHEMONTID:0001831,4,CHEMONTID:0000323,CHEMONTID:0000000;CHEMONTID:0004603;CHEMONTID:0000323;CHEMONTID:0001831,Organic compounds;Organic oxygen compounds;Organooxygen compounds;Carbonyl compounds
192,Carbonyl compounds,0.88,CHEMONTID:0001831,4,CHEMONTID:0000323,CHEMONTID:0000000;CHEMONTID:0004603;CHEMONTID:0000323;CHEMONTID:0001831,Organic compounds;Organic oxygen compounds;Organooxygen compounds;Carbonyl compounds
14179,Carboxylic acid derivatives,0.91,CHEMONTID:0001093,4,CHEMONTID:0000265,CHEMONTID:0000000;CHEMONTID:0000264;CHEMONTID:0000265;CHEMONTID:0001093,Organic compounds;Organic acids and derivatives;Carboxylic acids and derivatives;Carboxylic acid derivatives
10814,Dialkyl ethers,0.89,CHEMONTID:0001167,5,CHEMONTID:0000254,CHEMONTID:0000000;CHEMONTID:0004603;CHEMONTID:0000323;CHEMONTID:0000254;CHEMONTID:0001167,Organic compounds;Organic oxygen compounds;Organooxygen compounds;Ethers;Dialkyl ethers
16126,Monoalkylamines,0.93,CHEMONTID:0000469,6,CHEMONTID:0002450,CHEMONTID:0000000;CHEMONTID:0004707;CHEMONTID:0000278;CHEMONTID:0002449;CHEMONTID:0002450;CHEMONTID:0000469,Organic compounds;Organic nitrogen compounds;Organonitrogen compounds;Amines;Primary amines;Monoalkylamines
16992,Carbonyl compounds,0.99,CHEMONTID:0001831,4,CHEMONTID:0000323,CHEMONTID:0000000;CHEMONTID:0004603;CHEMONTID:0000323;CHEMONTID:0001831,Organic compounds;Organic oxygen compounds;Organooxygen compounds;Carbonyl compounds
15519,Dialkyl ethers,0.97,CHEMONTID:0001167,5,CHEMONTID:0000254,CHEMONTID:0000000;CHEMONTID:0004603;CHEMONTID:0000323;CHEMONTID:0000254;CHEMONTID:0001167,Organic compounds;Organic oxygen compounds;Organooxygen compounds;Ethers;Dialkyl ethers
8622,Alcohols and polyols,1,CHEMONTID:0000129,4,CHEMONTID:0000323,CHEMONTID:0000000;CHEMONTID:0004603;CHEMONTID:0000323;CHEMONTID:0000129,Organic compounds;Organic oxygen compounds;Organooxygen compounds;Alcohols and polyols
8439,Cyclic olefins,0.99,CHEMONTID:0002840,5,CHEMONTID:0002838,CHEMONTID:0000000;CHEMONTID:0002837;CHEMONTID:0004475;CHEMONTID:0002838;CHEMONTID:0002840,Organic compounds;Hydrocarbons;Unsaturated hydrocarbons;Olefins;Cyclic olefins
755,Carbonyl compounds,0.98,CHEMONTID:0001831,4,CHEMONTID:0000323,CHEMONTID:0000000;CHEMONTID:0004603;CHEMONTID:0000323;CHEMONTID:0001831,Organic compounds;Organic oxygen compounds;Organooxygen compounds;Carbonyl compounds
17755,Dialkyl ethers,0.84,CHEMONTID:0001167,5,CHEMONTID:0000254,CHEMONTID:0000000;CHEMONTID:0004603;CHEMONTID:0000323;CHEMONTID:0000254;CHEMONTID:0001167,Organic compounds;Organic oxygen compounds;Organooxygen compounds;Ethers;Dialkyl ethers
11517,Carbonyl compounds,0.88,CHEMONTID:0001831,4,CHEMONTID:0000323,CHEMONTID:0000000;CHEMONTID:0004603;CHEMONTID:0000323;CHEMONTID:0001831,Organic compounds;Organic oxygen compounds;Organooxygen compounds;Carbonyl compounds
4397,Carbonyl compounds,0.81,CHEMONTID:0001831,4,CHEMONTID:0000323,CHEMONTID:0000000;CHEMONTID:0004603;CHEMONTID:0000323;CHEMONTID:0001831,Organic compounds;Organic oxygen compounds;Organooxygen compounds;Carbonyl compounds
11301,Carboxylic acid derivatives,0.92,CHEMONTID:0001093,4,CHEMONTID:0000265,CHEMONTID:0000000;CHEMONTID:0000264;CHEMONTID:0000265;CHEMONTID:0001093,Organic compounds;Organic acids and derivatives;Carboxylic acids and derivatives;Carboxylic acid derivatives
12344,Alkyl phosphates,1,CHEMONTID:0003457,5,CHEMONTID:0000408,CHEMONTID:0000000;CHEMONTID:0000264;CHEMONTID:0000402;CHEMONTID:0000408;CHEMONTID:0003457,Organic compounds;Organic acids and derivatives;Organic phosphoric acids and derivatives;Phosphate esters;Alkyl phosphates
6104,Amines,0.94,CHEMONTID:0002449,4,CHEMONTID:0000278,CHEMONTID:0000000;CHEMONTID:0004707;CHEMONTID:0000278;CHEMONTID:0002449,Organic compounds;Organic nitrogen compounds;Organonitrogen compounds;Amines
14673,Monoalkylamines,1,CHEMONTID:0000469,6,CHEMONTID:0002450,CHEMONTID:0000000;CHEMONTID:0004707;CHEMONTID:0000278;CHEMONTID:0002449;CHEMONTID:0002450;CHEMONTID:0000469,Organic compounds;Organic nitrogen compounds;Organonitrogen compounds;Amines;Primary amines;Monoalkylamines
16060,Alcohols and polyols,0.84,CHEMONTID:0000129,4,CHEMONTID:0000323,CHEMONTID:0000000;CHEMONTID:0004603;CHEMONTID:0000323;CHEMONTID:0000129,Organic compounds;Organic oxygen compounds;Organooxygen compounds;Alcohols and polyols
4289,Amino acids and derivatives,0.96,CHEMONTID:0000347,5,CHEMONTID:0000013,CHEMONTID:0000000;CHEMONTID:0000264;CHEMONTID:0000265;CHEMONTID:0000013;CHEMONTID:0000347,"Organic compounds;Organic acids and derivatives;Carboxylic acids and derivatives;Amino acids, peptides, and analogues;Amino acids and derivatives"
20679,Secondary alcohols,0.99,CHEMONTID:0001661,5,CHEMONTID:0000129,CHEMONTID:0000000;CHEMONTID:0004603;CHEMONTID:0000323;CHEMONTID:0000129;CHEMONTID:0001661,Organic compounds;Organic oxygen compounds;Organooxygen compounds;Alcohols and polyols;Secondary alcohols
19032,Alkyl phosphates,0.94,CHEMONTID:0003457,5,CHEMONTID:0000408,CHEMONTID:0000000;CHEMONTID:0000264;CHEMONTID:0000402;CHEMONTID:0000408;CHEMONTID:0003457,Organic compounds;Organic acids and derivatives;Organic phosphoric acids and derivatives;Phosphate esters;Alkyl phosphates
11037,Carbonyl compounds,0.81,CHEMONTID:0001831,4,CHEMONTID:0000323,CHEMONTID:0000000;CHEMONTID:0004603;CHEMONTID:0000323;CHEMONTID:0001831,Organic compounds;Organic oxygen compounds;Organooxygen compounds;Carbonyl compounds
15693,Carboxylic acid derivatives,0.91,CHEMONTID:0001093,4,CHEMONTID:0000265,CHEMONTID:0000000;CHEMONTID:0000264;CHEMONTID:0000265;CHEMONTID:0001093,Organic compounds;Organic acids and derivatives;Carboxylic acids and derivatives;Carboxylic acid derivatives
17211,Carbonyl compounds,0.83,CHEMONTID:0001831,4,CHEMONTID:0000323,CHEMONTID:0000000;CHEMONTID:0004603;CHEMONTID:0000323;CHEMONTID:0001831,Organic compounds;Organic oxygen compounds;Organooxygen compounds;Carbonyl compounds
8057,Carbonyl compounds,0.95,CHEMONTID:0001831,4,CHEMONTID:0000323,CHEMONTID:0000000;CHEMONTID:0004603;CHEMONTID:0000323;CHEMONTID:0001831,Organic compounds;Organic oxygen compounds;Organooxygen compounds;Carbonyl compounds
2253,Amines,0.91,CHEMONTID:0002449,4,CHEMONTID:0000278,CHEMONTID:0000000;CHEMONTID:0004707;CHEMONTID:0000278;CHEMONTID:0002449,Organic compounds;Organic nitrogen compounds;Organonitrogen compounds;Amines
19067,Alcohols and polyols,0.81,CHEMONTID:0000129,4,CHEMONTID:0000323,CHEMONTID:0000000;CHEMONTID:0004603;CHEMONTID:0000323;CHEMONTID:0000129,Organic compounds;Organic oxygen compounds;Organooxygen compounds;Alcohols and polyols
8979,Monoalkyl phosphates,0.93,CHEMONTID:0003458,6,CHEMONTID:0003457,CHEMONTID:0000000;CHEMONTID:0000264;CHEMONTID:0000402;CHEMONTID:0000408;CHEMONTID:0003457;CHEMONTID:0003458,Organic compounds;Organic acids and derivatives;Organic phosphoric acids and derivatives;Phosphate esters;Alkyl phosphates;Monoalkyl phosphates
7070,Alcohols and polyols,0.94,CHEMONTID:0000129,4,CHEMONTID:0000323,CHEMONTID:0000000;CHEMONTID:0004603;CHEMONTID:0000323;CHEMONTID:0000129,Organic compounds;Organic oxygen compounds;Organooxygen compounds;Alcohols and polyols
19761,Carboxylic acid amides,0.93,CHEMONTID:0000475,5,CHEMONTID:0001093,CHEMONTID:0000000;CHEMONTID:0000264;CHEMONTID:0000265;CHEMONTID:0001093;CHEMONTID:0000475,Organic compounds;Organic acids and derivatives;Carboxylic acids and derivatives;Carboxylic acid derivatives;Carboxylic acid amides
3873,Dialkyl peroxides,0.93,CHEMONTID:0003951,5,CHEMONTID:0000414,CHEMONTID:0000000;CHEMONTID:0004603;CHEMONTID:0003940;CHEMONTID:0000414;CHEMONTID:0003951,Organic compounds;Organic oxygen compounds;Organic oxides;Organic peroxides;Dialkyl peroxides
17374,Alcohols and polyols,0.96,CHEMONTID:0000129,4,CHEMONTID:0000323,CHEMONTID:0000000;CHEMONTID:0004603;CHEMONTID:0000323;CHEMONTID:0000129,Organic compounds;Organic oxygen compounds;Organooxygen compounds;Alcohols and polyols
8600,Carboxylic acid derivatives,0.94,CHEMONTID:0001093,4,CHEMONTID:0000265,CHEMONTID:0000000;CHEMONTID:0000264;CHEMONTID:0000265;CHEMONTID:0001093,Organic compounds;Organic acids and derivatives;Carboxylic acids and derivatives;Carboxylic acid derivatives
16190,Amino acids and derivatives,0.96,CHEMONTID:0000347,5,CHEMONTID:0000013,CHEMONTID:0000000;CHEMONTID:0000264;CHEMONTID:0000265;CHEMONTID:0000013;CHEMONTID:0000347,"Organic compounds;Organic acids and derivatives;Carboxylic acids and derivatives;Amino acids, peptides, and analogues;Amino acids and derivatives"
12452,Carbonyl compounds,1,CHEMONTID:0001831,4,CHEMONTID:0000323,CHEMONTID:0000000;CHEMONTID:0004603;CHEMONTID:0000323;CHEMONTID:0001831,Organic compounds;Organic oxygen compounds;Organooxygen compounds;Carbonyl compounds
4515,Carbonyl compounds,0.97,CHEMONTID:0001831,4,CHEMONTID:0000323,CHEMONTID:0000000;CHEMONTID:0004603;CHEMONTID:0000323;CHEMONTID:0001831,Organic compounds;Organic oxygen compounds;Organooxygen compounds;Carbonyl compounds
7642,Carboxylic acid derivatives,0.83,CHEMONTID:0001093,4,CHEMONTID:0000265,CHEMONTID:0000000;CHEMONTID:0000264;CHEMONTID:0000265;CHEMONTID:0001093,Organic compounds;Organic acids and derivatives;Carboxylic acids and derivatives;Carboxylic acid derivatives
5361,Carbonyl compounds,0.99,CHEMONTID:0001831,4,CHEMONTID:0000323,CHEMONTID:0000000;CHEMONTID:0004603;CHEMONTID:0000323;CHEMONTID:0001831,Organic compounds;Organic oxygen compounds;Organooxygen compounds;Carbonyl compounds
18428,Monoalkylamines,1,CHEMONTID:0000469,6,CHEMONTID:0002450,CHEMONTID:0000000;CHEMONTID:0004707;CHEMONTID:0000278;CHEMONTID:0002449;CHEMONTID:0002450;CHEMONTID:0000469,Organic compounds;Organic nitrogen compounds;Organonitrogen compounds;Amines;Primary amines;Monoalkylamines
4470,Alcohols and polyols,0.99,CHEMONTID:0000129,4,CHEMONTID:0000323,CHEMONTID:0000000;CHEMONTID:0004603;CHEMONTID:0000323;CHEMONTID:0000129,Organic compounds;Organic oxygen compounds;Organooxygen compounds;Alcohols and polyols
6910,Carbonyl compounds,1,CHEMONTID:0001831,4,CHEMONTID:0000323,CHEMONTID:0000000;CHEMONTID:0004603;CHEMONTID:0000323;CHEMONTID:0001831,Organic compounds;Organic oxygen compounds;Organooxygen compounds;Carbonyl compounds
825,Amines,0.89,CHEMONTID:0002449,4,CHEMONTID:0000278,CHEMONTID:0000000;CHEMONTID:0004707;CHEMONTID:0000278;CHEMONTID:0002449,Organic compounds;Organic nitrogen compounds;Organonitrogen compounds;Amines
17006,Dialkyl phosphates,1,CHEMONTID:0003459,6,CHEMONTID:0003457,CHEMONTID:0000000;CHEMONTID:0000264;CHEMONTID:0000402;CHEMONTID:0000408;CHEMONTID:0003457;CHEMONTID:0003459,Organic compounds;Organic acids and derivatives;Organic phosphoric acids and derivatives;Phosphate esters;Alkyl phosphates;Dialkyl phosphates
8075,Primary amines,0.97,CHEMONTID:0002450,5,CHEMONTID:0002449,CHEMONTID:0000000;CHEMONTID:0004707;CHEMONTID:0000278;CHEMONTID:0002449;CHEMONTID:0002450,Organic compounds;Organic nitrogen compounds;Organonitrogen compounds;Amines;Primary amines
10128,Carbonyl compounds,0.99,CHEMONTID:0001831,4,CHEMONTID:0000323,CHEMONTID:0000000;CHEMONTID:0004603;CHEMONTID:0000323;CHEMONTID:0001831,Organic compounds;Organic oxygen compounds;Organooxygen compounds;Carbonyl compounds
11201,Alcohols and polyols,0.95,CHEMONTID:0000129,4,CHEMONTID:0000323,CHEMONTID:0000000;CHEMONTID:0004603;CHEMONTID:0000323;CHEMONTID:0000129,Organic compounds;Organic oxygen compounds;Organooxygen compounds;Alcohols and polyols
5091,Amines,0.86,CHEMONTID:0002449,4,CHEMONTID:0000278,CHEMONTID:0000000;CHEMONTID:0004707;CHEMONTID:0000278;CHEMONTID:0002449,Organic compounds;Organic nitrogen compounds;Organonitrogen compounds;Amines
11509,Carbonyl compounds,0.94,CHEMONTID:0001831,4,CHEMONTID:0000323,CHEMONTID:0000000;CHEMONTID:0004603;CHEMONTID:0000323;CHEMONTID:0001831,Organic compounds;Organic oxygen compounds;Organooxygen compounds;Carbonyl compounds
4106,Ethers,0.91,CHEMONTID:0000254,4,CHEMONTID:0000323,CHEMONTID:0000000;CHEMONTID:0004603;CHEMONTID:0000323;CHEMONTID:0000254,Organic compounds;Organic oxygen compounds;Organooxygen compounds;Ethers
16599,Dialkyl ethers,0.98,CHEMONTID:0001167,5,CHEMONTID:0000254,CHEMONTID:0000000;CHEMONTID:0004603;CHEMONTID:0000323;CHEMONTID:0000254;CHEMONTID:0001167,Organic compounds;Organic oxygen compounds;Organooxygen compounds;Ethers;Dialkyl ethers
4049,Imidazolyl carboxylic acids and derivatives,0.91,CHEMONTID:0001227,6,CHEMONTID:0002310,CHEMONTID:0000000;CHEMONTID:0000002;CHEMONTID:0000436;CHEMONTID:0000078;CHEMONTID:0002310;CHEMONTID:0001227,Organic compounds;Organoheterocyclic compounds;Azoles;Imidazoles;Substituted imidazoles;Imidazolyl carboxylic acids and derivatives
17854,Glycosyl compounds,1,CHEMONTID:0002105,5,CHEMONTID:0000011,CHEMONTID:0000000;CHEMONTID:0004603;CHEMONTID:0000323;CHEMONTID:0000011;CHEMONTID:0002105,Organic compounds;Organic oxygen compounds;Organooxygen compounds;Carbohydrates and carbohydrate conjugates;Glycosyl compounds
11923,Carbonyl compounds,0.93,CHEMONTID:0001831,4,CHEMONTID:0000323,CHEMONTID:0000000;CHEMONTID:0004603;CHEMONTID:0000323;CHEMONTID:0001831,Organic compounds;Organic oxygen compounds;Organooxygen compounds;Carbonyl compounds
682,Carbonyl compounds,0.81,CHEMONTID:0001831,4,CHEMONTID:0000323,CHEMONTID:0000000;CHEMONTID:0004603;CHEMONTID:0000323;CHEMONTID:0001831,Organic compounds;Organic oxygen compounds;Organooxygen compounds;Carbonyl compounds
19000,Carbonyl compounds,0.86,CHEMONTID:0001831,4,CHEMONTID:0000323,CHEMONTID:0000000;CHEMONTID:0004603;CHEMONTID:0000323;CHEMONTID:0001831,Organic compounds;Organic oxygen compounds;Organooxygen compounds;Carbonyl compounds
19195,Amines,0.84,CHEMONTID:0002449,4,CHEMONTID:0000278,CHEMONTID:0000000;CHEMONTID:0004707;CHEMONTID:0000278;CHEMONTID:0002449,Organic compounds;Organic nitrogen compounds;Organonitrogen compounds;Amines
19267,Primary amines,0.93,CHEMONTID:0002450,5,CHEMONTID:0002449,CHEMONTID:0000000;CHEMONTID:0004707;CHEMONTID:0000278;CHEMONTID:0002449;CHEMONTID:0002450,Organic compounds;Organic nitrogen compounds;Organonitrogen compounds;Amines;Primary amines
10942,Amines,0.88,CHEMONTID:0002449,4,CHEMONTID:0000278,CHEMONTID:0000000;CHEMONTID:0004707;CHEMONTID:0000278;CHEMONTID:0002449,Organic compounds;Organic nitrogen compounds;Organonitrogen compounds;Amines
9804,Carboxylic acid derivatives,0.9,CHEMONTID:0001093,4,CHEMONTID:0000265,CHEMONTID:0000000;CHEMONTID:0000264;CHEMONTID:0000265;CHEMONTID:0001093,Organic compounds;Organic acids and derivatives;Carboxylic acids and derivatives;Carboxylic acid derivatives
2450,Carbonyl compounds,0.97,CHEMONTID:0001831,4,CHEMONTID:0000323,CHEMONTID:0000000;CHEMONTID:0004603;CHEMONTID:0000323;CHEMONTID:0001831,Organic compounds;Organic oxygen compounds;Organooxygen compounds;Carbonyl compounds
15116,Carbonyl compounds,0.97,CHEMONTID:0001831,4,CHEMONTID:0000323,CHEMONTID:0000000;CHEMONTID:0004603;CHEMONTID:0000323;CHEMONTID:0001831,Organic compounds;Organic oxygen compounds;Organooxygen compounds;Carbonyl compounds
3450,Monosaccharide phosphates,1,CHEMONTID:0001541,6,CHEMONTID:0001540,CHEMONTID:0000000;CHEMONTID:0004603;CHEMONTID:0000323;CHEMONTID:0000011;CHEMONTID:0001540;CHEMONTID:0001541,Organic compounds;Organic oxygen compounds;Organooxygen compounds;Carbohydrates and carbohydrate conjugates;Monosaccharides;Monosaccharide phosphates
11011,Carbonyl compounds,0.81,CHEMONTID:0001831,4,CHEMONTID:0000323,CHEMONTID:0000000;CHEMONTID:0004603;CHEMONTID:0000323;CHEMONTID:0001831,Organic compounds;Organic oxygen compounds;Organooxygen compounds;Carbonyl compounds
14713,Secondary alcohols,0.94,CHEMONTID:0001661,5,CHEMONTID:0000129,CHEMONTID:0000000;CHEMONTID:0004603;CHEMONTID:0000323;CHEMONTID:0000129;CHEMONTID:0001661,Organic compounds;Organic oxygen compounds;Organooxygen compounds;Alcohols and polyols;Secondary alcohols
1726,Alcohols and polyols,0.91,CHEMONTID:0000129,4,CHEMONTID:0000323,CHEMONTID:0000000;CHEMONTID:0004603;CHEMONTID:0000323;CHEMONTID:0000129,Organic compounds;Organic oxygen compounds;Organooxygen compounds;Alcohols and polyols
19681,Amino acids and derivatives,0.82,CHEMONTID:0000347,5,CHEMONTID:0000013,CHEMONTID:0000000;CHEMONTID:0000264;CHEMONTID:0000265;CHEMONTID:0000013;CHEMONTID:0000347,"Organic compounds;Organic acids and derivatives;Carboxylic acids and derivatives;Amino acids, peptides, and analogues;Amino acids and derivatives"
9380,Carboxylic acid derivatives,0.97,CHEMONTID:0001093,4,CHEMONTID:0000265,CHEMONTID:0000000;CHEMONTID:0000264;CHEMONTID:0000265;CHEMONTID:0001093,Organic compounds;Organic acids and derivatives;Carboxylic acids and derivatives;Carboxylic acid derivatives
15698,Primary amines,0.92,CHEMONTID:0002450,5,CHEMONTID:0002449,CHEMONTID:0000000;CHEMONTID:0004707;CHEMONTID:0000278;CHEMONTID:0002449;CHEMONTID:0002450,Organic compounds;Organic nitrogen compounds;Organonitrogen compounds;Amines;Primary amines
17557,Carbonyl compounds,0.85,CHEMONTID:0001831,4,CHEMONTID:0000323,CHEMONTID:0000000;CHEMONTID:0004603;CHEMONTID:0000323;CHEMONTID:0001831,Organic compounds;Organic oxygen compounds;Organooxygen compounds;Carbonyl compounds
13466,Primary amines,0.96,CHEMONTID:0002450,5,CHEMONTID:0002449,CHEMONTID:0000000;CHEMONTID:0004707;CHEMONTID:0000278;CHEMONTID:0002449;CHEMONTID:0002450,Organic compounds;Organic nitrogen compounds;Organonitrogen compounds;Amines;Primary amines
16767,Amines,0.97,CHEMONTID:0002449,4,CHEMONTID:0000278,CHEMONTID:0000000;CHEMONTID:0004707;CHEMONTID:0000278;CHEMONTID:0002449,Organic compounds;Organic nitrogen compounds;Organonitrogen compounds;Amines
10293,Amino acids and derivatives,0.89,CHEMONTID:0000347,5,CHEMONTID:0000013,CHEMONTID:0000000;CHEMONTID:0000264;CHEMONTID:0000265;CHEMONTID:0000013;CHEMONTID:0000347,"Organic compounds;Organic acids and derivatives;Carboxylic acids and derivatives;Amino acids, peptides, and analogues;Amino acids and derivatives"
3418,Carbonyl compounds,0.84,CHEMONTID:0001831,4,CHEMONTID:0000323,CHEMONTID:0000000;CHEMONTID:0004603;CHEMONTID:0000323;CHEMONTID:0001831,Organic compounds;Organic oxygen compounds;Organooxygen compounds;Carbonyl compounds
9515,Alcohols and polyols,0.96,CHEMONTID:0000129,4,CHEMONTID:0000323,CHEMONTID:0000000;CHEMONTID:0004603;CHEMONTID:0000323;CHEMONTID:0000129,Organic compounds;Organic oxygen compounds;Organooxygen compounds;Alcohols and polyols
2534,Carboxylic acid derivatives,0.95,CHEMONTID:0001093,4,CHEMONTID:0000265,CHEMONTID:0000000;CHEMONTID:0000264;CHEMONTID:0000265;CHEMONTID:0001093,Organic compounds;Organic acids and derivatives;Carboxylic acids and derivatives;Carboxylic acid derivatives
4113,Primary amines,0.99,CHEMONTID:0002450,5,CHEMONTID:0002449,CHEMONTID:0000000;CHEMONTID:0004707;CHEMONTID:0000278;CHEMONTID:0002449;CHEMONTID:0002450,Organic compounds;Organic nitrogen compounds;Organonitrogen compounds;Amines;Primary amines
3062,Monocarboxylic acids and derivatives,0.86,CHEMONTID:0001137,4,CHEMONTID:0000265,CHEMONTID:0000000;CHEMONTID:0000264;CHEMONTID:0000265;CHEMONTID:0001137,Organic compounds;Organic acids and derivatives;Carboxylic acids and derivatives;Monocarboxylic acids and derivatives
15815,Ethers,0.86,CHEMONTID:0000254,4,CHEMONTID:0000323,CHEMONTID:0000000;CHEMONTID:0004603;CHEMONTID:0000323;CHEMONTID:0000254,Organic compounds;Organic oxygen compounds;Organooxygen compounds;Ethers
8060,Amines,0.92,CHEMONTID:0002449,4,CHEMONTID:0000278,CHEMONTID:0000000;CHEMONTID:0004707;CHEMONTID:0000278;CHEMONTID:0002449,Organic compounds;Organic nitrogen compounds;Organonitrogen compounds;Amines
3812,Carbonyl compounds,0.93,CHEMONTID:0001831,4,CHEMONTID:0000323,CHEMONTID:0000000;CHEMONTID:0004603;CHEMONTID:0000323;CHEMONTID:0001831,Organic compounds;Organic oxygen compounds;Organooxygen compounds;Carbonyl compounds
8732,Carbonyl compounds,0.84,CHEMONTID:0001831,4,CHEMONTID:0000323,CHEMONTID:0000000;CHEMONTID:0004603;CHEMONTID:0000323;CHEMONTID:0001831,Organic compounds;Organic oxygen compounds;Organooxygen compounds;Carbonyl compounds
12445,Carbonyl compounds,0.97,CHEMONTID:0001831,4,CHEMONTID:0000323,CHEMONTID:0000000;CHEMONTID:0004603;CHEMONTID:0000323;CHEMONTID:0001831,Organic compounds;Organic oxygen compounds;Organooxygen compounds;Carbonyl compounds
7222,Amines,0.92,CHEMONTID:0002449,4,CHEMONTID:0000278,CHEMONTID:0000000;CHEMONTID:0004707;CHEMONTID:0000278;CHEMONTID:0002449,Organic compounds;Organic nitrogen compounds;Organonitrogen compounds;Amines
5842,Carbonyl compounds,0.97,CHEMONTID:0001831,4,CHEMONTID:0000323,CHEMONTID:0000000;CHEMONTID:0004603;CHEMONTID:0000323;CHEMONTID:0001831,Organic compounds;Organic oxygen compounds;Organooxygen compounds;Carbonyl compounds
19492,Triazoles,0.91,CHEMONTID:0000099,4,CHEMONTID:0000436,CHEMONTID:0000000;CHEMONTID:0000002;CHEMONTID:0000436;CHEMONTID:0000099,Organic compounds;Organoheterocyclic compounds;Azoles;Triazoles
14348,Carbonyl compounds,0.96,CHEMONTID:0001831,4,CHEMONTID:0000323,CHEMONTID:0000000;CHEMONTID:0004603;CHEMONTID:0000323;CHEMONTID:0001831,Organic compounds;Organic oxygen compounds;Organooxygen compounds;Carbonyl compounds
612,Alcohols and polyols,0.99,CHEMONTID:0000129,4,CHEMONTID:0000323,CHEMONTID:0000000;CHEMONTID:0004603;CHEMONTID:0000323;CHEMONTID:0000129,Organic compounds;Organic oxygen compounds;Organooxygen compounds;Alcohols and polyols
17718,Amines,0.97,CHEMONTID:0002449,4,CHEMONTID:0000278,CHEMONTID:0000000;CHEMONTID:0004707;CHEMONTID:0000278;CHEMONTID:0002449,Organic compounds;Organic nitrogen compounds;Organonitrogen compounds;Amines
19511,Carboxylic acid amides,0.96,CHEMONTID:0000475,5,CHEMONTID:0001093,CHEMONTID:0000000;CHEMONTID:0000264;CHEMONTID:0000265;CHEMONTID:0001093;CHEMONTID:0000475,Organic compounds;Organic acids and derivatives;Carboxylic acids and derivatives;Carboxylic acid derivatives;Carboxylic acid amides
15983,Amines,0.99,CHEMONTID:0002449,4,CHEMONTID:0000278,CHEMONTID:0000000;CHEMONTID:0004707;CHEMONTID:0000278;CHEMONTID:0002449,Organic compounds;Organic nitrogen compounds;Organonitrogen compounds;Amines
18737,Carboxylic acid derivatives,0.97,CHEMONTID:0001093,4,CHEMONTID:0000265,CHEMONTID:0000000;CHEMONTID:0000264;CHEMONTID:0000265;CHEMONTID:0001093,Organic compounds;Organic acids and derivatives;Carboxylic acids and derivatives;Carboxylic acid derivatives
10827,Organic peroxides,0.83,CHEMONTID:0000414,4,CHEMONTID:0003940,CHEMONTID:0000000;CHEMONTID:0004603;CHEMONTID:0003940;CHEMONTID:0000414,Organic compounds;Organic oxygen compounds;Organic oxides;Organic peroxides
12991,Dialkyl ethers,0.88,CHEMONTID:0001167,5,CHEMONTID:0000254,CHEMONTID:0000000;CHEMONTID:0004603;CHEMONTID:0000323;CHEMONTID:0000254;CHEMONTID:0001167,Organic compounds;Organic oxygen compounds;Organooxygen compounds;Ethers;Dialkyl ethers
3752,Carbonyl compounds,0.89,CHEMONTID:0001831,4,CHEMONTID:0000323,CHEMONTID:0000000;CHEMONTID:0004603;CHEMONTID:0000323;CHEMONTID:0001831,Organic compounds;Organic oxygen compounds;Organooxygen compounds;Carbonyl compounds
13266,Monocarboxylic acids and derivatives,0.86,CHEMONTID:0001137,4,CHEMONTID:0000265,CHEMONTID:0000000;CHEMONTID:0000264;CHEMONTID:0000265;CHEMONTID:0001137,Organic compounds;Organic acids and derivatives;Carboxylic acids and derivatives;Monocarboxylic acids and derivatives
5044,Carboxylic acid derivatives,0.97,CHEMONTID:0001093,4,CHEMONTID:0000265,CHEMONTID:0000000;CHEMONTID:0000264;CHEMONTID:0000265;CHEMONTID:0001093,Organic compounds;Organic acids and derivatives;Carboxylic acids and derivatives;Carboxylic acid derivatives
3658,Carboxylic acid derivatives,0.84,CHEMONTID:0001093,4,CHEMONTID:0000265,CHEMONTID:0000000;CHEMONTID:0000264;CHEMONTID:0000265;CHEMONTID:0001093,Organic compounds;Organic acids and derivatives;Carboxylic acids and derivatives;Carboxylic acid derivatives
3783,Carbonyl compounds,0.93,CHEMONTID:0001831,4,CHEMONTID:0000323,CHEMONTID:0000000;CHEMONTID:0004603;CHEMONTID:0000323;CHEMONTID:0001831,Organic compounds;Organic oxygen compounds;Organooxygen compounds;Carbonyl compounds
3073,Carboxylic acids,0.83,CHEMONTID:0001205,4,CHEMONTID:0000265,CHEMONTID:0000000;CHEMONTID:0000264;CHEMONTID:0000265;CHEMONTID:0001205,Organic compounds;Organic acids and derivatives;Carboxylic acids and derivatives;Carboxylic acids
7853,Carbonyl compounds,0.98,CHEMONTID:0001831,4,CHEMONTID:0000323,CHEMONTID:0000000;CHEMONTID:0004603;CHEMONTID:0000323;CHEMONTID:0001831,Organic compounds;Organic oxygen compounds;Organooxygen compounds;Carbonyl compounds
3914,Carbonyl compounds,0.99,CHEMONTID:0001831,4,CHEMONTID:0000323,CHEMONTID:0000000;CHEMONTID:0004603;CHEMONTID:0000323;CHEMONTID:0001831,Organic compounds;Organic oxygen compounds;Organooxygen compounds;Carbonyl compounds
20219,Carbonyl compounds,0.96,CHEMONTID:0001831,4,CHEMONTID:0000323,CHEMONTID:0000000;CHEMONTID:0004603;CHEMONTID:0000323;CHEMONTID:0001831,Organic compounds;Organic oxygen compounds;Organooxygen compounds;Carbonyl compounds
9446,Carbonyl compounds,0.96,CHEMONTID:0001831,4,CHEMONTID:0000323,CHEMONTID:0000000;CHEMONTID:0004603;CHEMONTID:0000323;CHEMONTID:0001831,Organic compounds;Organic oxygen compounds;Organooxygen compounds;Carbonyl compounds
3610,Carboxylic acid derivatives,0.99,CHEMONTID:0001093,4,CHEMONTID:0000265,CHEMONTID:0000000;CHEMONTID:0000264;CHEMONTID:0000265;CHEMONTID:0001093,Organic compounds;Organic acids and derivatives;Carboxylic acids and derivatives;Carboxylic acid derivatives
17486,"Amino acids, peptides, and analogues",0.84,CHEMONTID:0000013,4,CHEMONTID:0000265,CHEMONTID:0000000;CHEMONTID:0000264;CHEMONTID:0000265;CHEMONTID:0000013,"Organic compounds;Organic acids and derivatives;Carboxylic acids and derivatives;Amino acids, peptides, and analogues"
18209,Carbonyl compounds,0.96,CHEMONTID:0001831,4,CHEMONTID:0000323,CHEMONTID:0000000;CHEMONTID:0004603;CHEMONTID:0000323;CHEMONTID:0001831,Organic compounds;Organic oxygen compounds;Organooxygen compounds;Carbonyl compounds
8299,Alcohols and polyols,0.91,CHEMONTID:0000129,4,CHEMONTID:0000323,CHEMONTID:0000000;CHEMONTID:0004603;CHEMONTID:0000323;CHEMONTID:0000129,Organic compounds;Organic oxygen compounds;Organooxygen compounds;Alcohols and polyols
12877,Alcohols and polyols,0.95,CHEMONTID:0000129,4,CHEMONTID:0000323,CHEMONTID:0000000;CHEMONTID:0004603;CHEMONTID:0000323;CHEMONTID:0000129,Organic compounds;Organic oxygen compounds;Organooxygen compounds;Alcohols and polyols
14992,Amines,0.98,CHEMONTID:0002449,4,CHEMONTID:0000278,CHEMONTID:0000000;CHEMONTID:0004707;CHEMONTID:0000278;CHEMONTID:0002449,Organic compounds;Organic nitrogen compounds;Organonitrogen compounds;Amines
8214,Carbonyl compounds,0.88,CHEMONTID:0001831,4,CHEMONTID:0000323,CHEMONTID:0000000;CHEMONTID:0004603;CHEMONTID:0000323;CHEMONTID:0001831,Organic compounds;Organic oxygen compounds;Organooxygen compounds;Carbonyl compounds
6749,Carbonyl compounds,0.81,CHEMONTID:0001831,4,CHEMONTID:0000323,CHEMONTID:0000000;CHEMONTID:0004603;CHEMONTID:0000323;CHEMONTID:0001831,Organic compounds;Organic oxygen compounds;Organooxygen compounds;Carbonyl compounds
10616,N-acyl amines,0.88,CHEMONTID:0001096,5,CHEMONTID:0000331,CHEMONTID:0000000;CHEMONTID:0000012;CHEMONTID:0003909;CHEMONTID:0000331;CHEMONTID:0001096,Organic compounds;Lipids and lipid-like molecules;Fatty Acyls;Fatty amides;N-acyl amines
4013,Primary amines,0.95,CHEMONTID:0002450,5,CHEMONTID:0002449,CHEMONTID:0000000;CHEMONTID:0004707;CHEMONTID:0000278;CHEMONTID:0002449;CHEMONTID:0002450,Organic compounds;Organic nitrogen compounds;Organonitrogen compounds;Amines;Primary amines
14570,Organic isocyanides,0.85,CHEMONTID:0001306,4,CHEMONTID:0000278,CHEMONTID:0000000;CHEMONTID:0004707;CHEMONTID:0000278;CHEMONTID:0001306,Organic compounds;Organic nitrogen compounds;Organonitrogen compounds;Organic isocyanides
17379,Glycosyl compounds,1,CHEMONTID:0002105,5,CHEMONTID:0000011,CHEMONTID:0000000;CHEMONTID:0004603;CHEMONTID:0000323;CHEMONTID:0000011;CHEMONTID:0002105,Organic compounds;Organic oxygen compounds;Organooxygen compounds;Carbohydrates and carbohydrate conjugates;Glycosyl compounds
16637,Carboximidamides,1,CHEMONTID:0003152,4,CHEMONTID:0000278,CHEMONTID:0000000;CHEMONTID:0004707;CHEMONTID:0000278;CHEMONTID:0003152,Organic compounds;Organic nitrogen compounds;Organonitrogen compounds;Carboximidamides
4461,Carbonyl compounds,0.82,CHEMONTID:0001831,4,CHEMONTID:0000323,CHEMONTID:0000000;CHEMONTID:0004603;CHEMONTID:0000323;CHEMONTID:0001831,Organic compounds;Organic oxygen compounds;Organooxygen compounds;Carbonyl compounds
5728,Alcohols and polyols,0.95,CHEMONTID:0000129,4,CHEMONTID:0000323,CHEMONTID:0000000;CHEMONTID:0004603;CHEMONTID:0000323;CHEMONTID:0000129,Organic compounds;Organic oxygen compounds;Organooxygen compounds;Alcohols and polyols
12854,Carboxylic acid derivatives,0.97,CHEMONTID:0001093,4,CHEMONTID:0000265,CHEMONTID:0000000;CHEMONTID:0000264;CHEMONTID:0000265;CHEMONTID:0001093,Organic compounds;Organic acids and derivatives;Carboxylic acids and derivatives;Carboxylic acid derivatives
4934,Carbonyl compounds,0.99,CHEMONTID:0001831,4,CHEMONTID:0000323,CHEMONTID:0000000;CHEMONTID:0004603;CHEMONTID:0000323;CHEMONTID:0001831,Organic compounds;Organic oxygen compounds;Organooxygen compounds;Carbonyl compounds
17993,Alkyl phosphates,1,CHEMONTID:0003457,5,CHEMONTID:0000408,CHEMONTID:0000000;CHEMONTID:0000264;CHEMONTID:0000402;CHEMONTID:0000408;CHEMONTID:0003457,Organic compounds;Organic acids and derivatives;Organic phosphoric acids and derivatives;Phosphate esters;Alkyl phosphates
418,Pyrimidines and pyrimidine derivatives,1,CHEMONTID:0000075,4,CHEMONTID:0001346,CHEMONTID:0000000;CHEMONTID:0000002;CHEMONTID:0001346;CHEMONTID:0000075,Organic compounds;Organoheterocyclic compounds;Diazines;Pyrimidines and pyrimidine derivatives
8354,"1,3,5-triazines",1,CHEMONTID:0004105,4,CHEMONTID:0000098,CHEMONTID:0000000;CHEMONTID:0000002;CHEMONTID:0000098;CHEMONTID:0004105,"Organic compounds;Organoheterocyclic compounds;Triazines;1,3,5-triazines"
18793,Dialkyl ethers,0.99,CHEMONTID:0001167,5,CHEMONTID:0000254,CHEMONTID:0000000;CHEMONTID:0004603;CHEMONTID:0000323;CHEMONTID:0000254;CHEMONTID:0001167,Organic compounds;Organic oxygen compounds;Organooxygen compounds;Ethers;Dialkyl ethers
20335,Secondary alcohols,1,CHEMONTID:0001661,5,CHEMONTID:0000129,CHEMONTID:0000000;CHEMONTID:0004603;CHEMONTID:0000323;CHEMONTID:0000129;CHEMONTID:0001661,Organic compounds;Organic oxygen compounds;Organooxygen compounds;Alcohols and polyols;Secondary alcohols
11372,Carboxylic acid derivatives,0.98,CHEMONTID:0001093,4,CHEMONTID:0000265,CHEMONTID:0000000;CHEMONTID:0000264;CHEMONTID:0000265;CHEMONTID:0001093,Organic compounds;Organic acids and derivatives;Carboxylic acids and derivatives;Carboxylic acid derivatives
18189,Amines,0.9,CHEMONTID:0002449,4,CHEMONTID:0000278,CHEMONTID:0000000;CHEMONTID:0004707;CHEMONTID:0000278;CHEMONTID:0002449,Organic compounds;Organic nitrogen compounds;Organonitrogen compounds;Amines
10596,Carbonyl compounds,0.89,CHEMONTID:0001831,4,CHEMONTID:0000323,CHEMONTID:0000000;CHEMONTID:0004603;CHEMONTID:0000323;CHEMONTID:0001831,Organic compounds;Organic oxygen compounds;Organooxygen compounds;Carbonyl compounds
4772,Carbonyl compounds,0.99,CHEMONTID:0001831,4,CHEMONTID:0000323,CHEMONTID:0000000;CHEMONTID:0004603;CHEMONTID:0000323;CHEMONTID:0001831,Organic compounds;Organic oxygen compounds;Organooxygen compounds;Carbonyl compounds
313,Alcohols and polyols,0.99,CHEMONTID:0000129,4,CHEMONTID:0000323,CHEMONTID:0000000;CHEMONTID:0004603;CHEMONTID:0000323;CHEMONTID:0000129,Organic compounds;Organic oxygen compounds;Organooxygen compounds;Alcohols and polyols
11478,Carbonyl compounds,0.86,CHEMONTID:0001831,4,CHEMONTID:0000323,CHEMONTID:0000000;CHEMONTID:0004603;CHEMONTID:0000323;CHEMONTID:0001831,Organic compounds;Organic oxygen compounds;Organooxygen compounds;Carbonyl compounds
4429,Carbonyl compounds,0.86,CHEMONTID:0001831,4,CHEMONTID:0000323,CHEMONTID:0000000;CHEMONTID:0004603;CHEMONTID:0000323;CHEMONTID:0001831,Organic compounds;Organic oxygen compounds;Organooxygen compounds;Carbonyl compounds
10019,Monocarboxylic acids and derivatives,0.92,CHEMONTID:0001137,4,CHEMONTID:0000265,CHEMONTID:0000000;CHEMONTID:0000264;CHEMONTID:0000265;CHEMONTID:0001137,Organic compounds;Organic acids and derivatives;Carboxylic acids and derivatives;Monocarboxylic acids and derivatives
10304,Carbonyl compounds,0.92,CHEMONTID:0001831,4,CHEMONTID:0000323,CHEMONTID:0000000;CHEMONTID:0004603;CHEMONTID:0000323;CHEMONTID:0001831,Organic compounds;Organic oxygen compounds;Organooxygen compounds;Carbonyl compounds
10510,Carboxylic acid derivatives,0.96,CHEMONTID:0001093,4,CHEMONTID:0000265,CHEMONTID:0000000;CHEMONTID:0000264;CHEMONTID:0000265;CHEMONTID:0001093,Organic compounds;Organic acids and derivatives;Carboxylic acids and derivatives;Carboxylic acid derivatives
14768,Carbonyl compounds,0.85,CHEMONTID:0001831,4,CHEMONTID:0000323,CHEMONTID:0000000;CHEMONTID:0004603;CHEMONTID:0000323;CHEMONTID:0001831,Organic compounds;Organic oxygen compounds;Organooxygen compounds;Carbonyl compounds
3901,Carboxylic acid derivatives,0.91,CHEMONTID:0001093,4,CHEMONTID:0000265,CHEMONTID:0000000;CHEMONTID:0000264;CHEMONTID:0000265;CHEMONTID:0001093,Organic compounds;Organic acids and derivatives;Carboxylic acids and derivatives;Carboxylic acid derivatives
1430,Amines,0.87,CHEMONTID:0002449,4,CHEMONTID:0000278,CHEMONTID:0000000;CHEMONTID:0004707;CHEMONTID:0000278;CHEMONTID:0002449,Organic compounds;Organic nitrogen compounds;Organonitrogen compounds;Amines
1492,Amines,0.81,CHEMONTID:0002449,4,CHEMONTID:0000278,CHEMONTID:0000000;CHEMONTID:0004707;CHEMONTID:0000278;CHEMONTID:0002449,Organic compounds;Organic nitrogen compounds;Organonitrogen compounds;Amines
3439,Olefins,0.98,CHEMONTID:0002838,4,CHEMONTID:0004475,CHEMONTID:0000000;CHEMONTID:0002837;CHEMONTID:0004475;CHEMONTID:0002838,Organic compounds;Hydrocarbons;Unsaturated hydrocarbons;Olefins
16691,Amines,0.96,CHEMONTID:0002449,4,CHEMONTID:0000278,CHEMONTID:0000000;CHEMONTID:0004707;CHEMONTID:0000278;CHEMONTID:0002449,Organic compounds;Organic nitrogen compounds;Organonitrogen compounds;Amines
16463,Carboxylic acid derivatives,0.93,CHEMONTID:0001093,4,CHEMONTID:0000265,CHEMONTID:0000000;CHEMONTID:0000264;CHEMONTID:0000265;CHEMONTID:0001093,Organic compounds;Organic acids and derivatives;Carboxylic acids and derivatives;Carboxylic acid derivatives
16501,Carbonyl compounds,0.93,CHEMONTID:0001831,4,CHEMONTID:0000323,CHEMONTID:0000000;CHEMONTID:0004603;CHEMONTID:0000323;CHEMONTID:0001831,Organic compounds;Organic oxygen compounds;Organooxygen compounds;Carbonyl compounds
13973,Amines,0.99,CHEMONTID:0002449,4,CHEMONTID:0000278,CHEMONTID:0000000;CHEMONTID:0004707;CHEMONTID:0000278;CHEMONTID:0002449,Organic compounds;Organic nitrogen compounds;Organonitrogen compounds;Amines
2188,Phosphate esters,1,CHEMONTID:0000408,4,CHEMONTID:0000402,CHEMONTID:0000000;CHEMONTID:0000264;CHEMONTID:0000402;CHEMONTID:0000408,Organic compounds;Organic acids and derivatives;Organic phosphoric acids and derivatives;Phosphate esters
11347,Carbonyl compounds,1,CHEMONTID:0001831,4,CHEMONTID:0000323,CHEMONTID:0000000;CHEMONTID:0004603;CHEMONTID:0000323;CHEMONTID:0001831,Organic compounds;Organic oxygen compounds;Organooxygen compounds;Carbonyl compounds
3981,Carboxylic acid derivatives,0.97,CHEMONTID:0001093,4,CHEMONTID:0000265,CHEMONTID:0000000;CHEMONTID:0000264;CHEMONTID:0000265;CHEMONTID:0001093,Organic compounds;Organic acids and derivatives;Carboxylic acids and derivatives;Carboxylic acid derivatives
19118,Amino acids and derivatives,0.81,CHEMONTID:0000347,5,CHEMONTID:0000013,CHEMONTID:0000000;CHEMONTID:0000264;CHEMONTID:0000265;CHEMONTID:0000013;CHEMONTID:0000347,"Organic compounds;Organic acids and derivatives;Carboxylic acids and derivatives;Amino acids, peptides, and analogues;Amino acids and derivatives"
3654,6-aminopurines,0.98,CHEMONTID:0002987,5,CHEMONTID:0000245,CHEMONTID:0000000;CHEMONTID:0000002;CHEMONTID:0001797;CHEMONTID:0000245;CHEMONTID:0002987,Organic compounds;Organoheterocyclic compounds;Imidazopyrimidines;Purines and purine derivatives;6-aminopurines
11679,Alcohols and polyols,0.9,CHEMONTID:0000129,4,CHEMONTID:0000323,CHEMONTID:0000000;CHEMONTID:0004603;CHEMONTID:0000323;CHEMONTID:0000129,Organic compounds;Organic oxygen compounds;Organooxygen compounds;Alcohols and polyols
16360,N-acyl amines,0.9,CHEMONTID:0001096,5,CHEMONTID:0000331,CHEMONTID:0000000;CHEMONTID:0000012;CHEMONTID:0003909;CHEMONTID:0000331;CHEMONTID:0001096,Organic compounds;Lipids and lipid-like molecules;Fatty Acyls;Fatty amides;N-acyl amines
10898,Monoalkylamines,0.86,CHEMONTID:0000469,6,CHEMONTID:0002450,CHEMONTID:0000000;CHEMONTID:0004707;CHEMONTID:0000278;CHEMONTID:0002449;CHEMONTID:0002450;CHEMONTID:0000469,Organic compounds;Organic nitrogen compounds;Organonitrogen compounds;Amines;Primary amines;Monoalkylamines
10215,Carbonyl compounds,0.96,CHEMONTID:0001831,4,CHEMONTID:0000323,CHEMONTID:0000000;CHEMONTID:0004603;CHEMONTID:0000323;CHEMONTID:0001831,Organic compounds;Organic oxygen compounds;Organooxygen compounds;Carbonyl compounds
10435,Triazoles,0.84,CHEMONTID:0000099,4,CHEMONTID:0000436,CHEMONTID:0000000;CHEMONTID:0000002;CHEMONTID:0000436;CHEMONTID:0000099,Organic compounds;Organoheterocyclic compounds;Azoles;Triazoles
5958,Glycosyl compounds,1,CHEMONTID:0002105,5,CHEMONTID:0000011,CHEMONTID:0000000;CHEMONTID:0004603;CHEMONTID:0000323;CHEMONTID:0000011;CHEMONTID:0002105,Organic compounds;Organic oxygen compounds;Organooxygen compounds;Carbohydrates and carbohydrate conjugates;Glycosyl compounds
14939,Polyols,0.86,CHEMONTID:0002286,5,CHEMONTID:0000129,CHEMONTID:0000000;CHEMONTID:0004603;CHEMONTID:0000323;CHEMONTID:0000129;CHEMONTID:0002286,Organic compounds;Organic oxygen compounds;Organooxygen compounds;Alcohols and polyols;Polyols
11274,Carbonyl compounds,0.96,CHEMONTID:0001831,4,CHEMONTID:0000323,CHEMONTID:0000000;CHEMONTID:0004603;CHEMONTID:0000323;CHEMONTID:0001831,Organic compounds;Organic oxygen compounds;Organooxygen compounds;Carbonyl compounds
5000,Amines,0.98,CHEMONTID:0002449,4,CHEMONTID:0000278,CHEMONTID:0000000;CHEMONTID:0004707;CHEMONTID:0000278;CHEMONTID:0002449,Organic compounds;Organic nitrogen compounds;Organonitrogen compounds;Amines
6085,Carbonyl compounds,0.85,CHEMONTID:0001831,4,CHEMONTID:0000323,CHEMONTID:0000000;CHEMONTID:0004603;CHEMONTID:0000323;CHEMONTID:0001831,Organic compounds;Organic oxygen compounds;Organooxygen compounds;Carbonyl compounds
20534,Carboxylic acid derivatives,0.94,CHEMONTID:0001093,4,CHEMONTID:0000265,CHEMONTID:0000000;CHEMONTID:0000264;CHEMONTID:0000265;CHEMONTID:0001093,Organic compounds;Organic acids and derivatives;Carboxylic acids and derivatives;Carboxylic acid derivatives
13755,Carbonyl compounds,0.82,CHEMONTID:0001831,4,CHEMONTID:0000323,CHEMONTID:0000000;CHEMONTID:0004603;CHEMONTID:0000323;CHEMONTID:0001831,Organic compounds;Organic oxygen compounds;Organooxygen compounds;Carbonyl compounds
10203,Carbonyl compounds,0.94,CHEMONTID:0001831,4,CHEMONTID:0000323,CHEMONTID:0000000;CHEMONTID:0004603;CHEMONTID:0000323;CHEMONTID:0001831,Organic compounds;Organic oxygen compounds;Organooxygen compounds;Carbonyl compounds
15298,Carbonyl compounds,0.9,CHEMONTID:0001831,4,CHEMONTID:0000323,CHEMONTID:0000000;CHEMONTID:0004603;CHEMONTID:0000323;CHEMONTID:0001831,Organic compounds;Organic oxygen compounds;Organooxygen compounds;Carbonyl compounds
3945,Carbonyl compounds,0.99,CHEMONTID:0001831,4,CHEMONTID:0000323,CHEMONTID:0000000;CHEMONTID:0004603;CHEMONTID:0000323;CHEMONTID:0001831,Organic compounds;Organic oxygen compounds;Organooxygen compounds;Carbonyl compounds
10161,Carbonyl compounds,0.98,CHEMONTID:0001831,4,CHEMONTID:0000323,CHEMONTID:0000000;CHEMONTID:0004603;CHEMONTID:0000323;CHEMONTID:0001831,Organic compounds;Organic oxygen compounds;Organooxygen compounds;Carbonyl compounds
17411,Alcohols and polyols,0.91,CHEMONTID:0000129,4,CHEMONTID:0000323,CHEMONTID:0000000;CHEMONTID:0004603;CHEMONTID:0000323;CHEMONTID:0000129,Organic compounds;Organic oxygen compounds;Organooxygen compounds;Alcohols and polyols
3641,Amino acids and derivatives,0.9,CHEMONTID:0000347,5,CHEMONTID:0000013,CHEMONTID:0000000;CHEMONTID:0000264;CHEMONTID:0000265;CHEMONTID:0000013;CHEMONTID:0000347,"Organic compounds;Organic acids and derivatives;Carboxylic acids and derivatives;Amino acids, peptides, and analogues;Amino acids and derivatives"
6741,6-alkylaminopurines,0.95,CHEMONTID:0003454,6,CHEMONTID:0002987,CHEMONTID:0000000;CHEMONTID:0000002;CHEMONTID:0001797;CHEMONTID:0000245;CHEMONTID:0002987;CHEMONTID:0003454,Organic compounds;Organoheterocyclic compounds;Imidazopyrimidines;Purines and purine derivatives;6-aminopurines;6-alkylaminopurines
19891,"Amino acids, peptides, and analogues",1,CHEMONTID:0000013,4,CHEMONTID:0000265,CHEMONTID:0000000;CHEMONTID:0000264;CHEMONTID:0000265;CHEMONTID:0000013,"Organic compounds;Organic acids and derivatives;Carboxylic acids and derivatives;Amino acids, peptides, and analogues"
8035,Carboxylic acid derivatives,0.92,CHEMONTID:0001093,4,CHEMONTID:0000265,CHEMONTID:0000000;CHEMONTID:0000264;CHEMONTID:0000265;CHEMONTID:0001093,Organic compounds;Organic acids and derivatives;Carboxylic acids and derivatives;Carboxylic acid derivatives
8252,Ethers,0.88,CHEMONTID:0000254,4,CHEMONTID:0000323,CHEMONTID:0000000;CHEMONTID:0004603;CHEMONTID:0000323;CHEMONTID:0000254,Organic compounds;Organic oxygen compounds;Organooxygen compounds;Ethers
4811,Primary amines,0.97,CHEMONTID:0002450,5,CHEMONTID:0002449,CHEMONTID:0000000;CHEMONTID:0004707;CHEMONTID:0000278;CHEMONTID:0002449;CHEMONTID:0002450,Organic compounds;Organic nitrogen compounds;Organonitrogen compounds;Amines;Primary amines
9388,Carbonyl compounds,0.97,CHEMONTID:0001831,4,CHEMONTID:0000323,CHEMONTID:0000000;CHEMONTID:0004603;CHEMONTID:0000323;CHEMONTID:0001831,Organic compounds;Organic oxygen compounds;Organooxygen compounds;Carbonyl compounds
10875,Carbohydrates and carbohydrate conjugates,1,CHEMONTID:0000011,4,CHEMONTID:0000323,CHEMONTID:0000000;CHEMONTID:0004603;CHEMONTID:0000323;CHEMONTID:0000011,Organic compounds;Organic oxygen compounds;Organooxygen compounds;Carbohydrates and carbohydrate conjugates
20558,Methyl esters,0.88,CHEMONTID:0003416,6,CHEMONTID:0001238,CHEMONTID:0000000;CHEMONTID:0000264;CHEMONTID:0000265;CHEMONTID:0001093;CHEMONTID:0001238;CHEMONTID:0003416,Organic compounds;Organic acids and derivatives;Carboxylic acids and derivatives;Carboxylic acid derivatives;Carboxylic acid esters;Methyl esters
10177,Primary amines,1,CHEMONTID:0002450,5,CHEMONTID:0002449,CHEMONTID:0000000;CHEMONTID:0004707;CHEMONTID:0000278;CHEMONTID:0002449;CHEMONTID:0002450,Organic compounds;Organic nitrogen compounds;Organonitrogen compounds;Amines;Primary amines
17407,Carbonyl compounds,0.96,CHEMONTID:0001831,4,CHEMONTID:0000323,CHEMONTID:0000000;CHEMONTID:0004603;CHEMONTID:0000323;CHEMONTID:0001831,Organic compounds;Organic oxygen compounds;Organooxygen compounds;Carbonyl compounds
12335,Amines,1,CHEMONTID:0002449,4,CHEMONTID:0000278,CHEMONTID:0000000;CHEMONTID:0004707;CHEMONTID:0000278;CHEMONTID:0002449,Organic compounds;Organic nitrogen compounds;Organonitrogen compounds;Amines
12830,Amines,0.92,CHEMONTID:0002449,4,CHEMONTID:0000278,CHEMONTID:0000000;CHEMONTID:0004707;CHEMONTID:0000278;CHEMONTID:0002449,Organic compounds;Organic nitrogen compounds;Organonitrogen compounds;Amines
718,Ethers,0.96,CHEMONTID:0000254,4,CHEMONTID:0000323,CHEMONTID:0000000;CHEMONTID:0004603;CHEMONTID:0000323;CHEMONTID:0000254,Organic compounds;Organic oxygen compounds;Organooxygen compounds;Ethers
16147,Pyrimidines and pyrimidine derivatives,0.84,CHEMONTID:0000075,4,CHEMONTID:0001346,CHEMONTID:0000000;CHEMONTID:0000002;CHEMONTID:0001346;CHEMONTID:0000075,Organic compounds;Organoheterocyclic compounds;Diazines;Pyrimidines and pyrimidine derivatives
20511,Carbonyl compounds,0.96,CHEMONTID:0001831,4,CHEMONTID:0000323,CHEMONTID:0000000;CHEMONTID:0004603;CHEMONTID:0000323;CHEMONTID:0001831,Organic compounds;Organic oxygen compounds;Organooxygen compounds;Carbonyl compounds
5288,Guanidines,0.97,CHEMONTID:0000375,4,CHEMONTID:0000278,CHEMONTID:0000000;CHEMONTID:0004707;CHEMONTID:0000278;CHEMONTID:0000375,Organic compounds;Organic nitrogen compounds;Organonitrogen compounds;Guanidines
10958,Carbonyl compounds,0.94,CHEMONTID:0001831,4,CHEMONTID:0000323,CHEMONTID:0000000;CHEMONTID:0004603;CHEMONTID:0000323;CHEMONTID:0001831,Organic compounds;Organic oxygen compounds;Organooxygen compounds;Carbonyl compounds
13493,N-substituted imidazoles,0.95,CHEMONTID:0002311,6,CHEMONTID:0002310,CHEMONTID:0000000;CHEMONTID:0000002;CHEMONTID:0000436;CHEMONTID:0000078;CHEMONTID:0002310;CHEMONTID:0002311,Organic compounds;Organoheterocyclic compounds;Azoles;Imidazoles;Substituted imidazoles;N-substituted imidazoles
2766,Carboxylic acid derivatives,0.96,CHEMONTID:0001093,4,CHEMONTID:0000265,CHEMONTID:0000000;CHEMONTID:0000264;CHEMONTID:0000265;CHEMONTID:0001093,Organic compounds;Organic acids and derivatives;Carboxylic acids and derivatives;Carboxylic acid derivatives
6437,Primary amines,0.93,CHEMONTID:0002450,5,CHEMONTID:0002449,CHEMONTID:0000000;CHEMONTID:0004707;CHEMONTID:0000278;CHEMONTID:0002449;CHEMONTID:0002450,Organic compounds;Organic nitrogen compounds;Organonitrogen compounds;Amines;Primary amines
6781,Alcohols and polyols,0.97,CHEMONTID:0000129,4,CHEMONTID:0000323,CHEMONTID:0000000;CHEMONTID:0004603;CHEMONTID:0000323;CHEMONTID:0000129,Organic compounds;Organic oxygen compounds;Organooxygen compounds;Alcohols and polyols
7963,Carbonyl compounds,0.95,CHEMONTID:0001831,4,CHEMONTID:0000323,CHEMONTID:0000000;CHEMONTID:0004603;CHEMONTID:0000323;CHEMONTID:0001831,Organic compounds;Organic oxygen compounds;Organooxygen compounds;Carbonyl compounds
5299,Carbonyl compounds,0.85,CHEMONTID:0001831,4,CHEMONTID:0000323,CHEMONTID:0000000;CHEMONTID:0004603;CHEMONTID:0000323;CHEMONTID:0001831,Organic compounds;Organic oxygen compounds;Organooxygen compounds;Carbonyl compounds
2226,Carbonyl compounds,0.82,CHEMONTID:0001831,4,CHEMONTID:0000323,CHEMONTID:0000000;CHEMONTID:0004603;CHEMONTID:0000323;CHEMONTID:0001831,Organic compounds;Organic oxygen compounds;Organooxygen compounds;Carbonyl compounds
8533,Alcohols and polyols,0.91,CHEMONTID:0000129,4,CHEMONTID:0000323,CHEMONTID:0000000;CHEMONTID:0004603;CHEMONTID:0000323;CHEMONTID:0000129,Organic compounds;Organic oxygen compounds;Organooxygen compounds;Alcohols and polyols
9244,Amines,0.82,CHEMONTID:0002449,4,CHEMONTID:0000278,CHEMONTID:0000000;CHEMONTID:0004707;CHEMONTID:0000278;CHEMONTID:0002449,Organic compounds;Organic nitrogen compounds;Organonitrogen compounds;Amines
11765,Carboxylic acid derivatives,0.96,CHEMONTID:0001093,4,CHEMONTID:0000265,CHEMONTID:0000000;CHEMONTID:0000264;CHEMONTID:0000265;CHEMONTID:0001093,Organic compounds;Organic acids and derivatives;Carboxylic acids and derivatives;Carboxylic acid derivatives
5917,Tetraalkylammonium salts,0.89,CHEMONTID:0004225,5,CHEMONTID:0000503,CHEMONTID:0000000;CHEMONTID:0004707;CHEMONTID:0000278;CHEMONTID:0000503;CHEMONTID:0004225,Organic compounds;Organic nitrogen compounds;Organonitrogen compounds;Quaternary ammonium salts;Tetraalkylammonium salts
10126,Carboxylic acid derivatives,0.88,CHEMONTID:0001093,4,CHEMONTID:0000265,CHEMONTID:0000000;CHEMONTID:0000264;CHEMONTID:0000265;CHEMONTID:0001093,Organic compounds;Organic acids and derivatives;Carboxylic acids and derivatives;Carboxylic acid derivatives
16208,Guanidines,0.93,CHEMONTID:0000375,4,CHEMONTID:0000278,CHEMONTID:0000000;CHEMONTID:0004707;CHEMONTID:0000278;CHEMONTID:0000375,Organic compounds;Organic nitrogen compounds;Organonitrogen compounds;Guanidines
4435,Monocarboxylic acids and derivatives,0.89,CHEMONTID:0001137,4,CHEMONTID:0000265,CHEMONTID:0000000;CHEMONTID:0000264;CHEMONTID:0000265;CHEMONTID:0001137,Organic compounds;Organic acids and derivatives;Carboxylic acids and derivatives;Monocarboxylic acids and derivatives
19092,Carbonyl compounds,0.89,CHEMONTID:0001831,4,CHEMONTID:0000323,CHEMONTID:0000000;CHEMONTID:0004603;CHEMONTID:0000323;CHEMONTID:0001831,Organic compounds;Organic oxygen compounds;Organooxygen compounds;Carbonyl compounds
20466,Monoalkylamines,0.88,CHEMONTID:0000469,6,CHEMONTID:0002450,CHEMONTID:0000000;CHEMONTID:0004707;CHEMONTID:0000278;CHEMONTID:0002449;CHEMONTID:0002450;CHEMONTID:0000469,Organic compounds;Organic nitrogen compounds;Organonitrogen compounds;Amines;Primary amines;Monoalkylamines
20505,Carboxylic acids,0.87,CHEMONTID:0001205,4,CHEMONTID:0000265,CHEMONTID:0000000;CHEMONTID:0000264;CHEMONTID:0000265;CHEMONTID:0001205,Organic compounds;Organic acids and derivatives;Carboxylic acids and derivatives;Carboxylic acids
6736,N-acyl-alpha amino acids and derivatives,0.96,CHEMONTID:0001189,7,CHEMONTID:0000060,CHEMONTID:0000000;CHEMONTID:0000264;CHEMONTID:0000265;CHEMONTID:0000013;CHEMONTID:0000347;CHEMONTID:0000060;CHEMONTID:0001189,"Organic compounds;Organic acids and derivatives;Carboxylic acids and derivatives;Amino acids, peptides, and analogues;Amino acids and derivatives;Alpha amino acids and derivatives;N-acyl-alpha amino acids and derivatives"
1269,Carboxylic acid derivatives,0.81,CHEMONTID:0001093,4,CHEMONTID:0000265,CHEMONTID:0000000;CHEMONTID:0000264;CHEMONTID:0000265;CHEMONTID:0001093,Organic compounds;Organic acids and derivatives;Carboxylic acids and derivatives;Carboxylic acid derivatives
4142,"Amino acids, peptides, and analogues",0.93,CHEMONTID:0000013,4,CHEMONTID:0000265,CHEMONTID:0000000;CHEMONTID:0000264;CHEMONTID:0000265;CHEMONTID:0000013,"Organic compounds;Organic acids and derivatives;Carboxylic acids and derivatives;Amino acids, peptides, and analogues"
16153,Alcohols and polyols,0.82,CHEMONTID:0000129,4,CHEMONTID:0000323,CHEMONTID:0000000;CHEMONTID:0004603;CHEMONTID:0000323;CHEMONTID:0000129,Organic compounds;Organic oxygen compounds;Organooxygen compounds;Alcohols and polyols
19996,Ethers,0.95,CHEMONTID:0000254,4,CHEMONTID:0000323,CHEMONTID:0000000;CHEMONTID:0004603;CHEMONTID:0000323;CHEMONTID:0000254,Organic compounds;Organic oxygen compounds;Organooxygen compounds;Ethers
5889,Carbonyl compounds,0.83,CHEMONTID:0001831,4,CHEMONTID:0000323,CHEMONTID:0000000;CHEMONTID:0004603;CHEMONTID:0000323;CHEMONTID:0001831,Organic compounds;Organic oxygen compounds;Organooxygen compounds;Carbonyl compounds
14293,Monoalkylamines,0.95,CHEMONTID:0000469,6,CHEMONTID:0002450,CHEMONTID:0000000;CHEMONTID:0004707;CHEMONTID:0000278;CHEMONTID:0002449;CHEMONTID:0002450;CHEMONTID:0000469,Organic compounds;Organic nitrogen compounds;Organonitrogen compounds;Amines;Primary amines;Monoalkylamines
19041,Carboxylic acid derivatives,1,CHEMONTID:0001093,4,CHEMONTID:0000265,CHEMONTID:0000000;CHEMONTID:0000264;CHEMONTID:0000265;CHEMONTID:0001093,Organic compounds;Organic acids and derivatives;Carboxylic acids and derivatives;Carboxylic acid derivatives
6052,Phosphate esters,0.99,CHEMONTID:0000408,4,CHEMONTID:0000402,CHEMONTID:0000000;CHEMONTID:0000264;CHEMONTID:0000402;CHEMONTID:0000408,Organic compounds;Organic acids and derivatives;Organic phosphoric acids and derivatives;Phosphate esters
20094,Carboxylic acid derivatives,0.92,CHEMONTID:0001093,4,CHEMONTID:0000265,CHEMONTID:0000000;CHEMONTID:0000264;CHEMONTID:0000265;CHEMONTID:0001093,Organic compounds;Organic acids and derivatives;Carboxylic acids and derivatives;Carboxylic acid derivatives
13185,Carbonyl compounds,0.84,CHEMONTID:0001831,4,CHEMONTID:0000323,CHEMONTID:0000000;CHEMONTID:0004603;CHEMONTID:0000323;CHEMONTID:0001831,Organic compounds;Organic oxygen compounds;Organooxygen compounds;Carbonyl compounds
11548,Carbonyl compounds,0.95,CHEMONTID:0001831,4,CHEMONTID:0000323,CHEMONTID:0000000;CHEMONTID:0004603;CHEMONTID:0000323;CHEMONTID:0001831,Organic compounds;Organic oxygen compounds;Organooxygen compounds;Carbonyl compounds
4800,Carboxylic acids,0.92,CHEMONTID:0001205,4,CHEMONTID:0000265,CHEMONTID:0000000;CHEMONTID:0000264;CHEMONTID:0000265;CHEMONTID:0001205,Organic compounds;Organic acids and derivatives;Carboxylic acids and derivatives;Carboxylic acids
12714,Pyrimidines and pyrimidine derivatives,0.94,CHEMONTID:0000075,4,CHEMONTID:0001346,CHEMONTID:0000000;CHEMONTID:0000002;CHEMONTID:0001346;CHEMONTID:0000075,Organic compounds;Organoheterocyclic compounds;Diazines;Pyrimidines and pyrimidine derivatives
20349,Carboxylic acid derivatives,0.92,CHEMONTID:0001093,4,CHEMONTID:0000265,CHEMONTID:0000000;CHEMONTID:0000264;CHEMONTID:0000265;CHEMONTID:0001093,Organic compounds;Organic acids and derivatives;Carboxylic acids and derivatives;Carboxylic acid derivatives
13577,Secondary carboxylic acid amides,0.83,CHEMONTID:0001663,6,CHEMONTID:0000475,CHEMONTID:0000000;CHEMONTID:0000264;CHEMONTID:0000265;CHEMONTID:0001093;CHEMONTID:0000475;CHEMONTID:0001663,Organic compounds;Organic acids and derivatives;Carboxylic acids and derivatives;Carboxylic acid derivatives;Carboxylic acid amides;Secondary carboxylic acid amides
7513,Carbonyl compounds,0.96,CHEMONTID:0001831,4,CHEMONTID:0000323,CHEMONTID:0000000;CHEMONTID:0004603;CHEMONTID:0000323;CHEMONTID:0001831,Organic compounds;Organic oxygen compounds;Organooxygen compounds;Carbonyl compounds
8700,Primary amines,0.9,CHEMONTID:0002450,5,CHEMONTID:0002449,CHEMONTID:0000000;CHEMONTID:0004707;CHEMONTID:0000278;CHEMONTID:0002449;CHEMONTID:0002450,Organic compounds;Organic nitrogen compounds;Organonitrogen compounds;Amines;Primary amines
8285,Carbonyl compounds,0.99,CHEMONTID:0001831,4,CHEMONTID:0000323,CHEMONTID:0000000;CHEMONTID:0004603;CHEMONTID:0000323;CHEMONTID:0001831,Organic compounds;Organic oxygen compounds;Organooxygen compounds;Carbonyl compounds
6839,Monoalkylamines,0.98,CHEMONTID:0000469,6,CHEMONTID:0002450,CHEMONTID:0000000;CHEMONTID:0004707;CHEMONTID:0000278;CHEMONTID:0002449;CHEMONTID:0002450;CHEMONTID:0000469,Organic compounds;Organic nitrogen compounds;Organonitrogen compounds;Amines;Primary amines;Monoalkylamines
14159,Alcohols and polyols,0.84,CHEMONTID:0000129,4,CHEMONTID:0000323,CHEMONTID:0000000;CHEMONTID:0004603;CHEMONTID:0000323;CHEMONTID:0000129,Organic compounds;Organic oxygen compounds;Organooxygen compounds;Alcohols and polyols
5746,Carbonyl compounds,0.85,CHEMONTID:0001831,4,CHEMONTID:0000323,CHEMONTID:0000000;CHEMONTID:0004603;CHEMONTID:0000323;CHEMONTID:0001831,Organic compounds;Organic oxygen compounds;Organooxygen compounds;Carbonyl compounds
13560,Primary amines,0.94,CHEMONTID:0002450,5,CHEMONTID:0002449,CHEMONTID:0000000;CHEMONTID:0004707;CHEMONTID:0000278;CHEMONTID:0002449;CHEMONTID:0002450,Organic compounds;Organic nitrogen compounds;Organonitrogen compounds;Amines;Primary amines
9651,Piperidinecarboxylic acids,1,CHEMONTID:0002411,5,CHEMONTID:0001974,CHEMONTID:0000000;CHEMONTID:0000002;CHEMONTID:0000195;CHEMONTID:0001974;CHEMONTID:0002411,Organic compounds;Organoheterocyclic compounds;Piperidines;Piperidinecarboxylic acids and derivatives;Piperidinecarboxylic acids
18247,Amino acids and derivatives,0.91,CHEMONTID:0000347,5,CHEMONTID:0000013,CHEMONTID:0000000;CHEMONTID:0000264;CHEMONTID:0000265;CHEMONTID:0000013;CHEMONTID:0000347,"Organic compounds;Organic acids and derivatives;Carboxylic acids and derivatives;Amino acids, peptides, and analogues;Amino acids and derivatives"
13704,Carbonyl compounds,0.96,CHEMONTID:0001831,4,CHEMONTID:0000323,CHEMONTID:0000000;CHEMONTID:0004603;CHEMONTID:0000323;CHEMONTID:0001831,Organic compounds;Organic oxygen compounds;Organooxygen compounds;Carbonyl compounds
15397,Carbonyl compounds,0.88,CHEMONTID:0001831,4,CHEMONTID:0000323,CHEMONTID:0000000;CHEMONTID:0004603;CHEMONTID:0000323;CHEMONTID:0001831,Organic compounds;Organic oxygen compounds;Organooxygen compounds;Carbonyl compounds
9519,Tetrazoles,0.97,CHEMONTID:0000111,4,CHEMONTID:0000436,CHEMONTID:0000000;CHEMONTID:0000002;CHEMONTID:0000436;CHEMONTID:0000111,Organic compounds;Organoheterocyclic compounds;Azoles;Tetrazoles
12061,Carbonyl compounds,0.97,CHEMONTID:0001831,4,CHEMONTID:0000323,CHEMONTID:0000000;CHEMONTID:0004603;CHEMONTID:0000323;CHEMONTID:0001831,Organic compounds;Organic oxygen compounds;Organooxygen compounds;Carbonyl compounds
11638,Carboxylic acid derivatives,1,CHEMONTID:0001093,4,CHEMONTID:0000265,CHEMONTID:0000000;CHEMONTID:0000264;CHEMONTID:0000265;CHEMONTID:0001093,Organic compounds;Organic acids and derivatives;Carboxylic acids and derivatives;Carboxylic acid derivatives
4544,Monocarboxylic acids and derivatives,0.87,CHEMONTID:0001137,4,CHEMONTID:0000265,CHEMONTID:0000000;CHEMONTID:0000264;CHEMONTID:0000265;CHEMONTID:0001137,Organic compounds;Organic acids and derivatives;Carboxylic acids and derivatives;Monocarboxylic acids and derivatives
13866,Primary amines,0.91,CHEMONTID:0002450,5,CHEMONTID:0002449,CHEMONTID:0000000;CHEMONTID:0004707;CHEMONTID:0000278;CHEMONTID:0002449;CHEMONTID:0002450,Organic compounds;Organic nitrogen compounds;Organonitrogen compounds;Amines;Primary amines
1452,Carbonyl compounds,0.89,CHEMONTID:0001831,4,CHEMONTID:0000323,CHEMONTID:0000000;CHEMONTID:0004603;CHEMONTID:0000323;CHEMONTID:0001831,Organic compounds;Organic oxygen compounds;Organooxygen compounds;Carbonyl compounds
10464,Carbonyl compounds,0.98,CHEMONTID:0001831,4,CHEMONTID:0000323,CHEMONTID:0000000;CHEMONTID:0004603;CHEMONTID:0000323;CHEMONTID:0001831,Organic compounds;Organic oxygen compounds;Organooxygen compounds;Carbonyl compounds
10113,Primary amines,1,CHEMONTID:0002450,5,CHEMONTID:0002449,CHEMONTID:0000000;CHEMONTID:0004707;CHEMONTID:0000278;CHEMONTID:0002449;CHEMONTID:0002450,Organic compounds;Organic nitrogen compounds;Organonitrogen compounds;Amines;Primary amines
16724,Carbonyl compounds,0.8,CHEMONTID:0001831,4,CHEMONTID:0000323,CHEMONTID:0000000;CHEMONTID:0004603;CHEMONTID:0000323;CHEMONTID:0001831,Organic compounds;Organic oxygen compounds;Organooxygen compounds;Carbonyl compounds
5802,Carbonyl compounds,0.9,CHEMONTID:0001831,4,CHEMONTID:0000323,CHEMONTID:0000000;CHEMONTID:0004603;CHEMONTID:0000323;CHEMONTID:0001831,Organic compounds;Organic oxygen compounds;Organooxygen compounds;Carbonyl compounds
19471,Ethers,0.99,CHEMONTID:0000254,4,CHEMONTID:0000323,CHEMONTID:0000000;CHEMONTID:0004603;CHEMONTID:0000323;CHEMONTID:0000254,Organic compounds;Organic oxygen compounds;Organooxygen compounds;Ethers
8913,Carbonyl compounds,0.97,CHEMONTID:0001831,4,CHEMONTID:0000323,CHEMONTID:0000000;CHEMONTID:0004603;CHEMONTID:0000323;CHEMONTID:0001831,Organic compounds;Organic oxygen compounds;Organooxygen compounds;Carbonyl compounds
6096,Primary amines,0.9,CHEMONTID:0002450,5,CHEMONTID:0002449,CHEMONTID:0000000;CHEMONTID:0004707;CHEMONTID:0000278;CHEMONTID:0002449;CHEMONTID:0002450,Organic compounds;Organic nitrogen compounds;Organonitrogen compounds;Amines;Primary amines
18755,Amines,0.94,CHEMONTID:0002449,4,CHEMONTID:0000278,CHEMONTID:0000000;CHEMONTID:0004707;CHEMONTID:0000278;CHEMONTID:0002449,Organic compounds;Organic nitrogen compounds;Organonitrogen compounds;Amines
18748,Monoalkylamines,1,CHEMONTID:0000469,6,CHEMONTID:0002450,CHEMONTID:0000000;CHEMONTID:0004707;CHEMONTID:0000278;CHEMONTID:0002449;CHEMONTID:0002450;CHEMONTID:0000469,Organic compounds;Organic nitrogen compounds;Organonitrogen compounds;Amines;Primary amines;Monoalkylamines
4209,Primary amines,0.85,CHEMONTID:0002450,5,CHEMONTID:0002449,CHEMONTID:0000000;CHEMONTID:0004707;CHEMONTID:0000278;CHEMONTID:0002449;CHEMONTID:0002450,Organic compounds;Organic nitrogen compounds;Organonitrogen compounds;Amines;Primary amines
12585,Carbonyl compounds,0.89,CHEMONTID:0001831,4,CHEMONTID:0000323,CHEMONTID:0000000;CHEMONTID:0004603;CHEMONTID:0000323;CHEMONTID:0001831,Organic compounds;Organic oxygen compounds;Organooxygen compounds;Carbonyl compounds
17197,Primary amines,0.98,CHEMONTID:0002450,5,CHEMONTID:0002449,CHEMONTID:0000000;CHEMONTID:0004707;CHEMONTID:0000278;CHEMONTID:0002449;CHEMONTID:0002450,Organic compounds;Organic nitrogen compounds;Organonitrogen compounds;Amines;Primary amines
9143,Carbonyl compounds,0.99,CHEMONTID:0001831,4,CHEMONTID:0000323,CHEMONTID:0000000;CHEMONTID:0004603;CHEMONTID:0000323;CHEMONTID:0001831,Organic compounds;Organic oxygen compounds;Organooxygen compounds;Carbonyl compounds
13765,Carbonyl compounds,0.95,CHEMONTID:0001831,4,CHEMONTID:0000323,CHEMONTID:0000000;CHEMONTID:0004603;CHEMONTID:0000323;CHEMONTID:0001831,Organic compounds;Organic oxygen compounds;Organooxygen compounds;Carbonyl compounds
19543,Ethers,0.95,CHEMONTID:0000254,4,CHEMONTID:0000323,CHEMONTID:0000000;CHEMONTID:0004603;CHEMONTID:0000323;CHEMONTID:0000254,Organic compounds;Organic oxygen compounds;Organooxygen compounds;Ethers
14586,Fatty amides,0.84,CHEMONTID:0000331,4,CHEMONTID:0003909,CHEMONTID:0000000;CHEMONTID:0000012;CHEMONTID:0003909;CHEMONTID:0000331,Organic compounds;Lipids and lipid-like molecules;Fatty Acyls;Fatty amides
9923,Carbonyl compounds,0.95,CHEMONTID:0001831,4,CHEMONTID:0000323,CHEMONTID:0000000;CHEMONTID:0004603;CHEMONTID:0000323;CHEMONTID:0001831,Organic compounds;Organic oxygen compounds;Organooxygen compounds;Carbonyl compounds
18198,Carbonyl compounds,1,CHEMONTID:0001831,4,CHEMONTID:0000323,CHEMONTID:0000000;CHEMONTID:0004603;CHEMONTID:0000323;CHEMONTID:0001831,Organic compounds;Organic oxygen compounds;Organooxygen compounds;Carbonyl compounds
4566,Carbonyl compounds,0.96,CHEMONTID:0001831,4,CHEMONTID:0000323,CHEMONTID:0000000;CHEMONTID:0004603;CHEMONTID:0000323;CHEMONTID:0001831,Organic compounds;Organic oxygen compounds;Organooxygen compounds;Carbonyl compounds
9454,Carboxylic acid derivatives,0.98,CHEMONTID:0001093,4,CHEMONTID:0000265,CHEMONTID:0000000;CHEMONTID:0000264;CHEMONTID:0000265;CHEMONTID:0001093,Organic compounds;Organic acids and derivatives;Carboxylic acids and derivatives;Carboxylic acid derivatives
14419,Amines,0.99,CHEMONTID:0002449,4,CHEMONTID:0000278,CHEMONTID:0000000;CHEMONTID:0004707;CHEMONTID:0000278;CHEMONTID:0002449,Organic compounds;Organic nitrogen compounds;Organonitrogen compounds;Amines
13828,Alkyl phosphates,1,CHEMONTID:0003457,5,CHEMONTID:0000408,CHEMONTID:0000000;CHEMONTID:0000264;CHEMONTID:0000402;CHEMONTID:0000408;CHEMONTID:0003457,Organic compounds;Organic acids and derivatives;Organic phosphoric acids and derivatives;Phosphate esters;Alkyl phosphates
17371,"Amino acids, peptides, and analogues",0.99,CHEMONTID:0000013,4,CHEMONTID:0000265,CHEMONTID:0000000;CHEMONTID:0000264;CHEMONTID:0000265;CHEMONTID:0000013,"Organic compounds;Organic acids and derivatives;Carboxylic acids and derivatives;Amino acids, peptides, and analogues"
16244,Carbonyl compounds,0.92,CHEMONTID:0001831,4,CHEMONTID:0000323,CHEMONTID:0000000;CHEMONTID:0004603;CHEMONTID:0000323;CHEMONTID:0001831,Organic compounds;Organic oxygen compounds;Organooxygen compounds;Carbonyl compounds
5116,Guanidines,0.89,CHEMONTID:0000375,4,CHEMONTID:0000278,CHEMONTID:0000000;CHEMONTID:0004707;CHEMONTID:0000278;CHEMONTID:0000375,Organic compounds;Organic nitrogen compounds;Organonitrogen compounds;Guanidines
8578,Carbonyl compounds,0.89,CHEMONTID:0001831,4,CHEMONTID:0000323,CHEMONTID:0000000;CHEMONTID:0004603;CHEMONTID:0000323;CHEMONTID:0001831,Organic compounds;Organic oxygen compounds;Organooxygen compounds;Carbonyl compounds
7034,Pyrimidines and pyrimidine derivatives,0.88,CHEMONTID:0000075,4,CHEMONTID:0001346,CHEMONTID:0000000;CHEMONTID:0000002;CHEMONTID:0001346;CHEMONTID:0000075,Organic compounds;Organoheterocyclic compounds;Diazines;Pyrimidines and pyrimidine derivatives
14827,Carbonyl compounds,0.95,CHEMONTID:0001831,4,CHEMONTID:0000323,CHEMONTID:0000000;CHEMONTID:0004603;CHEMONTID:0000323;CHEMONTID:0001831,Organic compounds;Organic oxygen compounds;Organooxygen compounds;Carbonyl compounds
14519,Carboxylic acid derivatives,0.99,CHEMONTID:0001093,4,CHEMONTID:0000265,CHEMONTID:0000000;CHEMONTID:0000264;CHEMONTID:0000265;CHEMONTID:0001093,Organic compounds;Organic acids and derivatives;Carboxylic acids and derivatives;Carboxylic acid derivatives
229,Monocarboxylic acids and derivatives,0.96,CHEMONTID:0001137,4,CHEMONTID:0000265,CHEMONTID:0000000;CHEMONTID:0000264;CHEMONTID:0000265;CHEMONTID:0001137,Organic compounds;Organic acids and derivatives;Carboxylic acids and derivatives;Monocarboxylic acids and derivatives
13723,Fatty amides,0.83,CHEMONTID:0000331,4,CHEMONTID:0003909,CHEMONTID:0000000;CHEMONTID:0000012;CHEMONTID:0003909;CHEMONTID:0000331,Organic compounds;Lipids and lipid-like molecules;Fatty Acyls;Fatty amides
4631,Carbonyl compounds,0.93,CHEMONTID:0001831,4,CHEMONTID:0000323,CHEMONTID:0000000;CHEMONTID:0004603;CHEMONTID:0000323;CHEMONTID:0001831,Organic compounds;Organic oxygen compounds;Organooxygen compounds;Carbonyl compounds
13735,Primary amines,0.96,CHEMONTID:0002450,5,CHEMONTID:0002449,CHEMONTID:0000000;CHEMONTID:0004707;CHEMONTID:0000278;CHEMONTID:0002449;CHEMONTID:0002450,Organic compounds;Organic nitrogen compounds;Organonitrogen compounds;Amines;Primary amines
2974,Alcohols and polyols,0.92,CHEMONTID:0000129,4,CHEMONTID:0000323,CHEMONTID:0000000;CHEMONTID:0004603;CHEMONTID:0000323;CHEMONTID:0000129,Organic compounds;Organic oxygen compounds;Organooxygen compounds;Alcohols and polyols
18126,Amines,0.99,CHEMONTID:0002449,4,CHEMONTID:0000278,CHEMONTID:0000000;CHEMONTID:0004707;CHEMONTID:0000278;CHEMONTID:0002449,Organic compounds;Organic nitrogen compounds;Organonitrogen compounds;Amines
10677,6-aminopurines,0.96,CHEMONTID:0002987,5,CHEMONTID:0000245,CHEMONTID:0000000;CHEMONTID:0000002;CHEMONTID:0001797;CHEMONTID:0000245;CHEMONTID:0002987,Organic compounds;Organoheterocyclic compounds;Imidazopyrimidines;Purines and purine derivatives;6-aminopurines
9409,Alcohols and polyols,0.84,CHEMONTID:0000129,4,CHEMONTID:0000323,CHEMONTID:0000000;CHEMONTID:0004603;CHEMONTID:0000323;CHEMONTID:0000129,Organic compounds;Organic oxygen compounds;Organooxygen compounds;Alcohols and polyols
8952,Fatty acids and conjugates,0.92,CHEMONTID:0000262,4,CHEMONTID:0003909,CHEMONTID:0000000;CHEMONTID:0000012;CHEMONTID:0003909;CHEMONTID:0000262,Organic compounds;Lipids and lipid-like molecules;Fatty Acyls;Fatty acids and conjugates
18400,Carboxylic acid derivatives,0.96,CHEMONTID:0001093,4,CHEMONTID:0000265,CHEMONTID:0000000;CHEMONTID:0000264;CHEMONTID:0000265;CHEMONTID:0001093,Organic compounds;Organic acids and derivatives;Carboxylic acids and derivatives;Carboxylic acid derivatives
10118,Carbonyl compounds,0.82,CHEMONTID:0001831,4,CHEMONTID:0000323,CHEMONTID:0000000;CHEMONTID:0004603;CHEMONTID:0000323;CHEMONTID:0001831,Organic compounds;Organic oxygen compounds;Organooxygen compounds;Carbonyl compounds
19186,Carbohydrates and carbohydrate conjugates,1,CHEMONTID:0000011,4,CHEMONTID:0000323,CHEMONTID:0000000;CHEMONTID:0004603;CHEMONTID:0000323;CHEMONTID:0000011,Organic compounds;Organic oxygen compounds;Organooxygen compounds;Carbohydrates and carbohydrate conjugates
540,Alcohols and polyols,1,CHEMONTID:0000129,4,CHEMONTID:0000323,CHEMONTID:0000000;CHEMONTID:0004603;CHEMONTID:0000323;CHEMONTID:0000129,Organic compounds;Organic oxygen compounds;Organooxygen compounds;Alcohols and polyols
13719,Carbonyl compounds,0.92,CHEMONTID:0001831,4,CHEMONTID:0000323,CHEMONTID:0000000;CHEMONTID:0004603;CHEMONTID:0000323;CHEMONTID:0001831,Organic compounds;Organic oxygen compounds;Organooxygen compounds;Carbonyl compounds
3579,Carbonyl compounds,0.99,CHEMONTID:0001831,4,CHEMONTID:0000323,CHEMONTID:0000000;CHEMONTID:0004603;CHEMONTID:0000323;CHEMONTID:0001831,Organic compounds;Organic oxygen compounds;Organooxygen compounds;Carbonyl compounds
6297,Amines,0.91,CHEMONTID:0002449,4,CHEMONTID:0000278,CHEMONTID:0000000;CHEMONTID:0004707;CHEMONTID:0000278;CHEMONTID:0002449,Organic compounds;Organic nitrogen compounds;Organonitrogen compounds;Amines
15848,Amines,1,CHEMONTID:0002449,4,CHEMONTID:0000278,CHEMONTID:0000000;CHEMONTID:0004707;CHEMONTID:0000278;CHEMONTID:0002449,Organic compounds;Organic nitrogen compounds;Organonitrogen compounds;Amines
16202,Ethers,0.93,CHEMONTID:0000254,4,CHEMONTID:0000323,CHEMONTID:0000000;CHEMONTID:0004603;CHEMONTID:0000323;CHEMONTID:0000254,Organic compounds;Organic oxygen compounds;Organooxygen compounds;Ethers
10025,Monocarboxylic acids and derivatives,0.84,CHEMONTID:0001137,4,CHEMONTID:0000265,CHEMONTID:0000000;CHEMONTID:0000264;CHEMONTID:0000265;CHEMONTID:0001137,Organic compounds;Organic acids and derivatives;Carboxylic acids and derivatives;Monocarboxylic acids and derivatives
14789,Monoalkylamines,0.99,CHEMONTID:0000469,6,CHEMONTID:0002450,CHEMONTID:0000000;CHEMONTID:0004707;CHEMONTID:0000278;CHEMONTID:0002449;CHEMONTID:0002450;CHEMONTID:0000469,Organic compounds;Organic nitrogen compounds;Organonitrogen compounds;Amines;Primary amines;Monoalkylamines
6410,Thiazoles,0.87,CHEMONTID:0000095,4,CHEMONTID:0000436,CHEMONTID:0000000;CHEMONTID:0000002;CHEMONTID:0000436;CHEMONTID:0000095,Organic compounds;Organoheterocyclic compounds;Azoles;Thiazoles
6847,Phosphate esters,0.86,CHEMONTID:0000408,4,CHEMONTID:0000402,CHEMONTID:0000000;CHEMONTID:0000264;CHEMONTID:0000402;CHEMONTID:0000408,Organic compounds;Organic acids and derivatives;Organic phosphoric acids and derivatives;Phosphate esters
12773,Pyrimidines and pyrimidine derivatives,0.96,CHEMONTID:0000075,4,CHEMONTID:0001346,CHEMONTID:0000000;CHEMONTID:0000002;CHEMONTID:0001346;CHEMONTID:0000075,Organic compounds;Organoheterocyclic compounds;Diazines;Pyrimidines and pyrimidine derivatives
15631,Carbonyl compounds,0.99,CHEMONTID:0001831,4,CHEMONTID:0000323,CHEMONTID:0000000;CHEMONTID:0004603;CHEMONTID:0000323;CHEMONTID:0001831,Organic compounds;Organic oxygen compounds;Organooxygen compounds;Carbonyl compounds
7563,Carbonyl compounds,0.8,CHEMONTID:0001831,4,CHEMONTID:0000323,CHEMONTID:0000000;CHEMONTID:0004603;CHEMONTID:0000323;CHEMONTID:0001831,Organic compounds;Organic oxygen compounds;Organooxygen compounds;Carbonyl compounds
14610,Alcohols and polyols,0.92,CHEMONTID:0000129,4,CHEMONTID:0000323,CHEMONTID:0000000;CHEMONTID:0004603;CHEMONTID:0000323;CHEMONTID:0000129,Organic compounds;Organic oxygen compounds;Organooxygen compounds;Alcohols and polyols
11952,Amino acids,0.95,CHEMONTID:0004176,6,CHEMONTID:0000347,CHEMONTID:0000000;CHEMONTID:0000264;CHEMONTID:0000265;CHEMONTID:0000013;CHEMONTID:0000347;CHEMONTID:0004176,"Organic compounds;Organic acids and derivatives;Carboxylic acids and derivatives;Amino acids, peptides, and analogues;Amino acids and derivatives;Amino acids"
2872,Carboxylic acid amides,0.92,CHEMONTID:0000475,5,CHEMONTID:0001093,CHEMONTID:0000000;CHEMONTID:0000264;CHEMONTID:0000265;CHEMONTID:0001093;CHEMONTID:0000475,Organic compounds;Organic acids and derivatives;Carboxylic acids and derivatives;Carboxylic acid derivatives;Carboxylic acid amides
12732,Amines,0.99,CHEMONTID:0002449,4,CHEMONTID:0000278,CHEMONTID:0000000;CHEMONTID:0004707;CHEMONTID:0000278;CHEMONTID:0002449,Organic compounds;Organic nitrogen compounds;Organonitrogen compounds;Amines
3746,Carboxylic acid derivatives,0.98,CHEMONTID:0001093,4,CHEMONTID:0000265,CHEMONTID:0000000;CHEMONTID:0000264;CHEMONTID:0000265;CHEMONTID:0001093,Organic compounds;Organic acids and derivatives;Carboxylic acids and derivatives;Carboxylic acid derivatives
20024,Carbonyl compounds,0.95,CHEMONTID:0001831,4,CHEMONTID:0000323,CHEMONTID:0000000;CHEMONTID:0004603;CHEMONTID:0000323;CHEMONTID:0001831,Organic compounds;Organic oxygen compounds;Organooxygen compounds;Carbonyl compounds
7161,Carboxylic acid derivatives,0.98,CHEMONTID:0001093,4,CHEMONTID:0000265,CHEMONTID:0000000;CHEMONTID:0000264;CHEMONTID:0000265;CHEMONTID:0001093,Organic compounds;Organic acids and derivatives;Carboxylic acids and derivatives;Carboxylic acid derivatives
6631,Ethers,0.96,CHEMONTID:0000254,4,CHEMONTID:0000323,CHEMONTID:0000000;CHEMONTID:0004603;CHEMONTID:0000323;CHEMONTID:0000254,Organic compounds;Organic oxygen compounds;Organooxygen compounds;Ethers
10605,Amines,0.92,CHEMONTID:0002449,4,CHEMONTID:0000278,CHEMONTID:0000000;CHEMONTID:0004707;CHEMONTID:0000278;CHEMONTID:0002449,Organic compounds;Organic nitrogen compounds;Organonitrogen compounds;Amines
6844,Primary amines,1,CHEMONTID:0002450,5,CHEMONTID:0002449,CHEMONTID:0000000;CHEMONTID:0004707;CHEMONTID:0000278;CHEMONTID:0002449;CHEMONTID:0002450,Organic compounds;Organic nitrogen compounds;Organonitrogen compounds;Amines;Primary amines
19051,Primary amines,1,CHEMONTID:0002450,5,CHEMONTID:0002449,CHEMONTID:0000000;CHEMONTID:0004707;CHEMONTID:0000278;CHEMONTID:0002449;CHEMONTID:0002450,Organic compounds;Organic nitrogen compounds;Organonitrogen compounds;Amines;Primary amines
18132,Ethers,0.86,CHEMONTID:0000254,4,CHEMONTID:0000323,CHEMONTID:0000000;CHEMONTID:0004603;CHEMONTID:0000323;CHEMONTID:0000254,Organic compounds;Organic oxygen compounds;Organooxygen compounds;Ethers
1901,Dialkyl ethers,0.95,CHEMONTID:0001167,5,CHEMONTID:0000254,CHEMONTID:0000000;CHEMONTID:0004603;CHEMONTID:0000323;CHEMONTID:0000254;CHEMONTID:0001167,Organic compounds;Organic oxygen compounds;Organooxygen compounds;Ethers;Dialkyl ethers
3330,Carboxylic acid derivatives,0.93,CHEMONTID:0001093,4,CHEMONTID:0000265,CHEMONTID:0000000;CHEMONTID:0000264;CHEMONTID:0000265;CHEMONTID:0001093,Organic compounds;Organic acids and derivatives;Carboxylic acids and derivatives;Carboxylic acid derivatives
20440,Ethers,0.92,CHEMONTID:0000254,4,CHEMONTID:0000323,CHEMONTID:0000000;CHEMONTID:0004603;CHEMONTID:0000323;CHEMONTID:0000254,Organic compounds;Organic oxygen compounds;Organooxygen compounds;Ethers
1553,"1,2-diacylglycerols",0.81,CHEMONTID:0001644,6,CHEMONTID:0001129,CHEMONTID:0000000;CHEMONTID:0000012;CHEMONTID:0000175;CHEMONTID:0003809;CHEMONTID:0001129;CHEMONTID:0001644,"Organic compounds;Lipids and lipid-like molecules;Glycerolipids;Diradylglycerols;Diacylglycerols;1,2-diacylglycerols"
17158,Guanidines,0.94,CHEMONTID:0000375,4,CHEMONTID:0000278,CHEMONTID:0000000;CHEMONTID:0004707;CHEMONTID:0000278;CHEMONTID:0000375,Organic compounds;Organic nitrogen compounds;Organonitrogen compounds;Guanidines
4952,"1,3,5-triazines",0.85,CHEMONTID:0004105,4,CHEMONTID:0000098,CHEMONTID:0000000;CHEMONTID:0000002;CHEMONTID:0000098;CHEMONTID:0004105,"Organic compounds;Organoheterocyclic compounds;Triazines;1,3,5-triazines"
754,Ethers,0.94,CHEMONTID:0000254,4,CHEMONTID:0000323,CHEMONTID:0000000;CHEMONTID:0004603;CHEMONTID:0000323;CHEMONTID:0000254,Organic compounds;Organic oxygen compounds;Organooxygen compounds;Ethers
12001,Carbonyl compounds,0.99,CHEMONTID:0001831,4,CHEMONTID:0000323,CHEMONTID:0000000;CHEMONTID:0004603;CHEMONTID:0000323;CHEMONTID:0001831,Organic compounds;Organic oxygen compounds;Organooxygen compounds;Carbonyl compounds
8479,Monocarboxylic acids and derivatives,0.92,CHEMONTID:0001137,4,CHEMONTID:0000265,CHEMONTID:0000000;CHEMONTID:0000264;CHEMONTID:0000265;CHEMONTID:0001137,Organic compounds;Organic acids and derivatives;Carboxylic acids and derivatives;Monocarboxylic acids and derivatives
11170,Carbonyl compounds,0.93,CHEMONTID:0001831,4,CHEMONTID:0000323,CHEMONTID:0000000;CHEMONTID:0004603;CHEMONTID:0000323;CHEMONTID:0001831,Organic compounds;Organic oxygen compounds;Organooxygen compounds;Carbonyl compounds
14318,Carbonyl compounds,0.87,CHEMONTID:0001831,4,CHEMONTID:0000323,CHEMONTID:0000000;CHEMONTID:0004603;CHEMONTID:0000323;CHEMONTID:0001831,Organic compounds;Organic oxygen compounds;Organooxygen compounds;Carbonyl compounds
2661,Carbohydrates and carbohydrate conjugates,1,CHEMONTID:0000011,4,CHEMONTID:0000323,CHEMONTID:0000000;CHEMONTID:0004603;CHEMONTID:0000323;CHEMONTID:0000011,Organic compounds;Organic oxygen compounds;Organooxygen compounds;Carbohydrates and carbohydrate conjugates
15891,Olefins,0.93,CHEMONTID:0002838,4,CHEMONTID:0004475,CHEMONTID:0000000;CHEMONTID:0002837;CHEMONTID:0004475;CHEMONTID:0002838,Organic compounds;Hydrocarbons;Unsaturated hydrocarbons;Olefins
3545,Carbonyl compounds,0.81,CHEMONTID:0001831,4,CHEMONTID:0000323,CHEMONTID:0000000;CHEMONTID:0004603;CHEMONTID:0000323;CHEMONTID:0001831,Organic compounds;Organic oxygen compounds;Organooxygen compounds;Carbonyl compounds
9239,Carbonyl compounds,0.8,CHEMONTID:0001831,4,CHEMONTID:0000323,CHEMONTID:0000000;CHEMONTID:0004603;CHEMONTID:0000323;CHEMONTID:0001831,Organic compounds;Organic oxygen compounds;Organooxygen compounds;Carbonyl compounds
8971,Carboxylic acid derivatives,0.84,CHEMONTID:0001093,4,CHEMONTID:0000265,CHEMONTID:0000000;CHEMONTID:0000264;CHEMONTID:0000265;CHEMONTID:0001093,Organic compounds;Organic acids and derivatives;Carboxylic acids and derivatives;Carboxylic acid derivatives
18745,Secondary alcohols,0.89,CHEMONTID:0001661,5,CHEMONTID:0000129,CHEMONTID:0000000;CHEMONTID:0004603;CHEMONTID:0000323;CHEMONTID:0000129;CHEMONTID:0001661,Organic compounds;Organic oxygen compounds;Organooxygen compounds;Alcohols and polyols;Secondary alcohols
2600,Alcohols and polyols,0.81,CHEMONTID:0000129,4,CHEMONTID:0000323,CHEMONTID:0000000;CHEMONTID:0004603;CHEMONTID:0000323;CHEMONTID:0000129,Organic compounds;Organic oxygen compounds;Organooxygen compounds;Alcohols and polyols
19461,Primary amines,0.97,CHEMONTID:0002450,5,CHEMONTID:0002449,CHEMONTID:0000000;CHEMONTID:0004707;CHEMONTID:0000278;CHEMONTID:0002449;CHEMONTID:0002450,Organic compounds;Organic nitrogen compounds;Organonitrogen compounds;Amines;Primary amines
9607,Carboxylic acid derivatives,0.95,CHEMONTID:0001093,4,CHEMONTID:0000265,CHEMONTID:0000000;CHEMONTID:0000264;CHEMONTID:0000265;CHEMONTID:0001093,Organic compounds;Organic acids and derivatives;Carboxylic acids and derivatives;Carboxylic acid derivatives
8490,Carbonyl compounds,0.9,CHEMONTID:0001831,4,CHEMONTID:0000323,CHEMONTID:0000000;CHEMONTID:0004603;CHEMONTID:0000323;CHEMONTID:0001831,Organic compounds;Organic oxygen compounds;Organooxygen compounds;Carbonyl compounds
19149,Amino acids,1,CHEMONTID:0004176,6,CHEMONTID:0000347,CHEMONTID:0000000;CHEMONTID:0000264;CHEMONTID:0000265;CHEMONTID:0000013;CHEMONTID:0000347;CHEMONTID:0004176,"Organic compounds;Organic acids and derivatives;Carboxylic acids and derivatives;Amino acids, peptides, and analogues;Amino acids and derivatives;Amino acids"
4996,Carboxylic acid derivatives,0.99,CHEMONTID:0001093,4,CHEMONTID:0000265,CHEMONTID:0000000;CHEMONTID:0000264;CHEMONTID:0000265;CHEMONTID:0001093,Organic compounds;Organic acids and derivatives;Carboxylic acids and derivatives;Carboxylic acid derivatives
20624,Alcohols and polyols,0.87,CHEMONTID:0000129,4,CHEMONTID:0000323,CHEMONTID:0000000;CHEMONTID:0004603;CHEMONTID:0000323;CHEMONTID:0000129,Organic compounds;Organic oxygen compounds;Organooxygen compounds;Alcohols and polyols
12211,Primary amines,0.98,CHEMONTID:0002450,5,CHEMONTID:0002449,CHEMONTID:0000000;CHEMONTID:0004707;CHEMONTID:0000278;CHEMONTID:0002449;CHEMONTID:0002450,Organic compounds;Organic nitrogen compounds;Organonitrogen compounds;Amines;Primary amines
8664,Secondary alcohols,0.95,CHEMONTID:0001661,5,CHEMONTID:0000129,CHEMONTID:0000000;CHEMONTID:0004603;CHEMONTID:0000323;CHEMONTID:0000129;CHEMONTID:0001661,Organic compounds;Organic oxygen compounds;Organooxygen compounds;Alcohols and polyols;Secondary alcohols
7240,Monocarboxylic acids and derivatives,0.87,CHEMONTID:0001137,4,CHEMONTID:0000265,CHEMONTID:0000000;CHEMONTID:0000264;CHEMONTID:0000265;CHEMONTID:0001137,Organic compounds;Organic acids and derivatives;Carboxylic acids and derivatives;Monocarboxylic acids and derivatives
16786,Ethers,0.95,CHEMONTID:0000254,4,CHEMONTID:0000323,CHEMONTID:0000000;CHEMONTID:0004603;CHEMONTID:0000323;CHEMONTID:0000254,Organic compounds;Organic oxygen compounds;Organooxygen compounds;Ethers
17957,Alcohols and polyols,0.98,CHEMONTID:0000129,4,CHEMONTID:0000323,CHEMONTID:0000000;CHEMONTID:0004603;CHEMONTID:0000323;CHEMONTID:0000129,Organic compounds;Organic oxygen compounds;Organooxygen compounds;Alcohols and polyols
6714,Trialkylamines,0.96,CHEMONTID:0002239,6,CHEMONTID:0002452,CHEMONTID:0000000;CHEMONTID:0004707;CHEMONTID:0000278;CHEMONTID:0002449;CHEMONTID:0002452;CHEMONTID:0002239,Organic compounds;Organic nitrogen compounds;Organonitrogen compounds;Amines;Tertiary amines;Trialkylamines
3998,Carbonyl compounds,0.98,CHEMONTID:0001831,4,CHEMONTID:0000323,CHEMONTID:0000000;CHEMONTID:0004603;CHEMONTID:0000323;CHEMONTID:0001831,Organic compounds;Organic oxygen compounds;Organooxygen compounds;Carbonyl compounds
13979,Carbonyl compounds,0.98,CHEMONTID:0001831,4,CHEMONTID:0000323,CHEMONTID:0000000;CHEMONTID:0004603;CHEMONTID:0000323;CHEMONTID:0001831,Organic compounds;Organic oxygen compounds;Organooxygen compounds;Carbonyl compounds
6252,Amines,0.98,CHEMONTID:0002449,4,CHEMONTID:0000278,CHEMONTID:0000000;CHEMONTID:0004707;CHEMONTID:0000278;CHEMONTID:0002449,Organic compounds;Organic nitrogen compounds;Organonitrogen compounds;Amines
5022,Carbonyl compounds,1,CHEMONTID:0001831,4,CHEMONTID:0000323,CHEMONTID:0000000;CHEMONTID:0004603;CHEMONTID:0000323;CHEMONTID:0001831,Organic compounds;Organic oxygen compounds;Organooxygen compounds;Carbonyl compounds
9152,Alpha-amino ketones,0.81,CHEMONTID:0000122,6,CHEMONTID:0000118,CHEMONTID:0000000;CHEMONTID:0004603;CHEMONTID:0000323;CHEMONTID:0001831;CHEMONTID:0000118;CHEMONTID:0000122,Organic compounds;Organic oxygen compounds;Organooxygen compounds;Carbonyl compounds;Ketones;Alpha-amino ketones
13550,Alcohols and polyols,0.81,CHEMONTID:0000129,4,CHEMONTID:0000323,CHEMONTID:0000000;CHEMONTID:0004603;CHEMONTID:0000323;CHEMONTID:0000129,Organic compounds;Organic oxygen compounds;Organooxygen compounds;Alcohols and polyols
16402,Carbonyl compounds,0.83,CHEMONTID:0001831,4,CHEMONTID:0000323,CHEMONTID:0000000;CHEMONTID:0004603;CHEMONTID:0000323;CHEMONTID:0001831,Organic compounds;Organic oxygen compounds;Organooxygen compounds;Carbonyl compounds
3509,Carbonyl compounds,0.97,CHEMONTID:0001831,4,CHEMONTID:0000323,CHEMONTID:0000000;CHEMONTID:0004603;CHEMONTID:0000323;CHEMONTID:0001831,Organic compounds;Organic oxygen compounds;Organooxygen compounds;Carbonyl compounds
19857,Alcohols and polyols,0.99,CHEMONTID:0000129,4,CHEMONTID:0000323,CHEMONTID:0000000;CHEMONTID:0004603;CHEMONTID:0000323;CHEMONTID:0000129,Organic compounds;Organic oxygen compounds;Organooxygen compounds;Alcohols and polyols
7102,Carbonyl compounds,0.83,CHEMONTID:0001831,4,CHEMONTID:0000323,CHEMONTID:0000000;CHEMONTID:0004603;CHEMONTID:0000323;CHEMONTID:0001831,Organic compounds;Organic oxygen compounds;Organooxygen compounds;Carbonyl compounds
9119,Carbonyl compounds,0.95,CHEMONTID:0001831,4,CHEMONTID:0000323,CHEMONTID:0000000;CHEMONTID:0004603;CHEMONTID:0000323;CHEMONTID:0001831,Organic compounds;Organic oxygen compounds;Organooxygen compounds;Carbonyl compounds
13103,Carbonyl compounds,0.98,CHEMONTID:0001831,4,CHEMONTID:0000323,CHEMONTID:0000000;CHEMONTID:0004603;CHEMONTID:0000323;CHEMONTID:0001831,Organic compounds;Organic oxygen compounds;Organooxygen compounds;Carbonyl compounds
10331,Carbonyl compounds,0.94,CHEMONTID:0001831,4,CHEMONTID:0000323,CHEMONTID:0000000;CHEMONTID:0004603;CHEMONTID:0000323;CHEMONTID:0001831,Organic compounds;Organic oxygen compounds;Organooxygen compounds;Carbonyl compounds
5115,Alcohols and polyols,0.95,CHEMONTID:0000129,4,CHEMONTID:0000323,CHEMONTID:0000000;CHEMONTID:0004603;CHEMONTID:0000323;CHEMONTID:0000129,Organic compounds;Organic oxygen compounds;Organooxygen compounds;Alcohols and polyols
16381,Alcohols and polyols,1,CHEMONTID:0000129,4,CHEMONTID:0000323,CHEMONTID:0000000;CHEMONTID:0004603;CHEMONTID:0000323;CHEMONTID:0000129,Organic compounds;Organic oxygen compounds;Organooxygen compounds;Alcohols and polyols
5254,Secondary alcohols,0.98,CHEMONTID:0001661,5,CHEMONTID:0000129,CHEMONTID:0000000;CHEMONTID:0004603;CHEMONTID:0000323;CHEMONTID:0000129;CHEMONTID:0001661,Organic compounds;Organic oxygen compounds;Organooxygen compounds;Alcohols and polyols;Secondary alcohols
10524,Carbonyl compounds,0.92,CHEMONTID:0001831,4,CHEMONTID:0000323,CHEMONTID:0000000;CHEMONTID:0004603;CHEMONTID:0000323;CHEMONTID:0001831,Organic compounds;Organic oxygen compounds;Organooxygen compounds;Carbonyl compounds
14059,Carboxylic acids,1,CHEMONTID:0001205,4,CHEMONTID:0000265,CHEMONTID:0000000;CHEMONTID:0000264;CHEMONTID:0000265;CHEMONTID:0001205,Organic compounds;Organic acids and derivatives;Carboxylic acids and derivatives;Carboxylic acids
20249,Amines,0.99,CHEMONTID:0002449,4,CHEMONTID:0000278,CHEMONTID:0000000;CHEMONTID:0004707;CHEMONTID:0000278;CHEMONTID:0002449,Organic compounds;Organic nitrogen compounds;Organonitrogen compounds;Amines
7847,Carbonyl compounds,0.84,CHEMONTID:0001831,4,CHEMONTID:0000323,CHEMONTID:0000000;CHEMONTID:0004603;CHEMONTID:0000323;CHEMONTID:0001831,Organic compounds;Organic oxygen compounds;Organooxygen compounds;Carbonyl compounds
1658,Dialkyl ethers,0.99,CHEMONTID:0001167,5,CHEMONTID:0000254,CHEMONTID:0000000;CHEMONTID:0004603;CHEMONTID:0000323;CHEMONTID:0000254;CHEMONTID:0001167,Organic compounds;Organic oxygen compounds;Organooxygen compounds;Ethers;Dialkyl ethers
921,Monocarboxylic acids and derivatives,0.9,CHEMONTID:0001137,4,CHEMONTID:0000265,CHEMONTID:0000000;CHEMONTID:0000264;CHEMONTID:0000265;CHEMONTID:0001137,Organic compounds;Organic acids and derivatives;Carboxylic acids and derivatives;Monocarboxylic acids and derivatives
19700,Amines,0.98,CHEMONTID:0002449,4,CHEMONTID:0000278,CHEMONTID:0000000;CHEMONTID:0004707;CHEMONTID:0000278;CHEMONTID:0002449,Organic compounds;Organic nitrogen compounds;Organonitrogen compounds;Amines
6686,Carbonyl compounds,0.95,CHEMONTID:0001831,4,CHEMONTID:0000323,CHEMONTID:0000000;CHEMONTID:0004603;CHEMONTID:0000323;CHEMONTID:0001831,Organic compounds;Organic oxygen compounds;Organooxygen compounds;Carbonyl compounds
6472,Alcohols and polyols,0.93,CHEMONTID:0000129,4,CHEMONTID:0000323,CHEMONTID:0000000;CHEMONTID:0004603;CHEMONTID:0000323;CHEMONTID:0000129,Organic compounds;Organic oxygen compounds;Organooxygen compounds;Alcohols and polyols
12360,Amines,0.88,CHEMONTID:0002449,4,CHEMONTID:0000278,CHEMONTID:0000000;CHEMONTID:0004707;CHEMONTID:0000278;CHEMONTID:0002449,Organic compounds;Organic nitrogen compounds;Organonitrogen compounds;Amines
18810,Amines,0.98,CHEMONTID:0002449,4,CHEMONTID:0000278,CHEMONTID:0000000;CHEMONTID:0004707;CHEMONTID:0000278;CHEMONTID:0002449,Organic compounds;Organic nitrogen compounds;Organonitrogen compounds;Amines
17828,Primary amines,0.98,CHEMONTID:0002450,5,CHEMONTID:0002449,CHEMONTID:0000000;CHEMONTID:0004707;CHEMONTID:0000278;CHEMONTID:0002449;CHEMONTID:0002450,Organic compounds;Organic nitrogen compounds;Organonitrogen compounds;Amines;Primary amines
2144,Carbonyl compounds,0.98,CHEMONTID:0001831,4,CHEMONTID:0000323,CHEMONTID:0000000;CHEMONTID:0004603;CHEMONTID:0000323;CHEMONTID:0001831,Organic compounds;Organic oxygen compounds;Organooxygen compounds;Carbonyl compounds
8270,Carboxylic acid derivatives,0.95,CHEMONTID:0001093,4,CHEMONTID:0000265,CHEMONTID:0000000;CHEMONTID:0000264;CHEMONTID:0000265;CHEMONTID:0001093,Organic compounds;Organic acids and derivatives;Carboxylic acids and derivatives;Carboxylic acid derivatives
12127,Dialkyl ethers,0.97,CHEMONTID:0001167,5,CHEMONTID:0000254,CHEMONTID:0000000;CHEMONTID:0004603;CHEMONTID:0000323;CHEMONTID:0000254;CHEMONTID:0001167,Organic compounds;Organic oxygen compounds;Organooxygen compounds;Ethers;Dialkyl ethers
7339,Ethers,0.91,CHEMONTID:0000254,4,CHEMONTID:0000323,CHEMONTID:0000000;CHEMONTID:0004603;CHEMONTID:0000323;CHEMONTID:0000254,Organic compounds;Organic oxygen compounds;Organooxygen compounds;Ethers
12131,Carbonyl compounds,0.92,CHEMONTID:0001831,4,CHEMONTID:0000323,CHEMONTID:0000000;CHEMONTID:0004603;CHEMONTID:0000323;CHEMONTID:0001831,Organic compounds;Organic oxygen compounds;Organooxygen compounds;Carbonyl compounds
6061,Carbonyl compounds,0.82,CHEMONTID:0001831,4,CHEMONTID:0000323,CHEMONTID:0000000;CHEMONTID:0004603;CHEMONTID:0000323;CHEMONTID:0001831,Organic compounds;Organic oxygen compounds;Organooxygen compounds;Carbonyl compounds
7473,Alcohols and polyols,0.87,CHEMONTID:0000129,4,CHEMONTID:0000323,CHEMONTID:0000000;CHEMONTID:0004603;CHEMONTID:0000323;CHEMONTID:0000129,Organic compounds;Organic oxygen compounds;Organooxygen compounds;Alcohols and polyols
9613,Carbonyl compounds,0.9,CHEMONTID:0001831,4,CHEMONTID:0000323,CHEMONTID:0000000;CHEMONTID:0004603;CHEMONTID:0000323;CHEMONTID:0001831,Organic compounds;Organic oxygen compounds;Organooxygen compounds;Carbonyl compounds
10642,Carboxylic acid derivatives,0.97,CHEMONTID:0001093,4,CHEMONTID:0000265,CHEMONTID:0000000;CHEMONTID:0000264;CHEMONTID:0000265;CHEMONTID:0001093,Organic compounds;Organic acids and derivatives;Carboxylic acids and derivatives;Carboxylic acid derivatives
11256,Carbonyl compounds,0.83,CHEMONTID:0001831,4,CHEMONTID:0000323,CHEMONTID:0000000;CHEMONTID:0004603;CHEMONTID:0000323;CHEMONTID:0001831,Organic compounds;Organic oxygen compounds;Organooxygen compounds;Carbonyl compounds
5316,Carbonyl compounds,0.98,CHEMONTID:0001831,4,CHEMONTID:0000323,CHEMONTID:0000000;CHEMONTID:0004603;CHEMONTID:0000323;CHEMONTID:0001831,Organic compounds;Organic oxygen compounds;Organooxygen compounds;Carbonyl compounds
6562,Carbohydrates and carbohydrate conjugates,0.99,CHEMONTID:0000011,4,CHEMONTID:0000323,CHEMONTID:0000000;CHEMONTID:0004603;CHEMONTID:0000323;CHEMONTID:0000011,Organic compounds;Organic oxygen compounds;Organooxygen compounds;Carbohydrates and carbohydrate conjugates
13876,Amines,1,CHEMONTID:0002449,4,CHEMONTID:0000278,CHEMONTID:0000000;CHEMONTID:0004707;CHEMONTID:0000278;CHEMONTID:0002449,Organic compounds;Organic nitrogen compounds;Organonitrogen compounds;Amines
2907,Monoalkylamines,0.97,CHEMONTID:0000469,6,CHEMONTID:0002450,CHEMONTID:0000000;CHEMONTID:0004707;CHEMONTID:0000278;CHEMONTID:0002449;CHEMONTID:0002450;CHEMONTID:0000469,Organic compounds;Organic nitrogen compounds;Organonitrogen compounds;Amines;Primary amines;Monoalkylamines
13130,Amino fatty acids,0.85,CHEMONTID:0000489,5,CHEMONTID:0000262,CHEMONTID:0000000;CHEMONTID:0000012;CHEMONTID:0003909;CHEMONTID:0000262;CHEMONTID:0000489,Organic compounds;Lipids and lipid-like molecules;Fatty Acyls;Fatty acids and conjugates;Amino fatty acids
14786,Fatty amides,0.82,CHEMONTID:0000331,4,CHEMONTID:0003909,CHEMONTID:0000000;CHEMONTID:0000012;CHEMONTID:0003909;CHEMONTID:0000331,Organic compounds;Lipids and lipid-like molecules;Fatty Acyls;Fatty amides
13127,Amines,0.96,CHEMONTID:0002449,4,CHEMONTID:0000278,CHEMONTID:0000000;CHEMONTID:0004707;CHEMONTID:0000278;CHEMONTID:0002449,Organic compounds;Organic nitrogen compounds;Organonitrogen compounds;Amines
10461,Carbonyl compounds,0.82,CHEMONTID:0001831,4,CHEMONTID:0000323,CHEMONTID:0000000;CHEMONTID:0004603;CHEMONTID:0000323;CHEMONTID:0001831,Organic compounds;Organic oxygen compounds;Organooxygen compounds;Carbonyl compounds
20417,Carbonyl compounds,0.97,CHEMONTID:0001831,4,CHEMONTID:0000323,CHEMONTID:0000000;CHEMONTID:0004603;CHEMONTID:0000323;CHEMONTID:0001831,Organic compounds;Organic oxygen compounds;Organooxygen compounds;Carbonyl compounds
10387,Dialkyl ethers,0.99,CHEMONTID:0001167,5,CHEMONTID:0000254,CHEMONTID:0000000;CHEMONTID:0004603;CHEMONTID:0000323;CHEMONTID:0000254;CHEMONTID:0001167,Organic compounds;Organic oxygen compounds;Organooxygen compounds;Ethers;Dialkyl ethers
10070,Pyrimidines and pyrimidine derivatives,0.96,CHEMONTID:0000075,4,CHEMONTID:0001346,CHEMONTID:0000000;CHEMONTID:0000002;CHEMONTID:0001346;CHEMONTID:0000075,Organic compounds;Organoheterocyclic compounds;Diazines;Pyrimidines and pyrimidine derivatives
11601,Carboxylic acid derivatives,1,CHEMONTID:0001093,4,CHEMONTID:0000265,CHEMONTID:0000000;CHEMONTID:0000264;CHEMONTID:0000265;CHEMONTID:0001093,Organic compounds;Organic acids and derivatives;Carboxylic acids and derivatives;Carboxylic acid derivatives
10067,Phosphate esters,0.89,CHEMONTID:0000408,4,CHEMONTID:0000402,CHEMONTID:0000000;CHEMONTID:0000264;CHEMONTID:0000402;CHEMONTID:0000408,Organic compounds;Organic acids and derivatives;Organic phosphoric acids and derivatives;Phosphate esters
6007,Carbohydrates and carbohydrate conjugates,1,CHEMONTID:0000011,4,CHEMONTID:0000323,CHEMONTID:0000000;CHEMONTID:0004603;CHEMONTID:0000323;CHEMONTID:0000011,Organic compounds;Organic oxygen compounds;Organooxygen compounds;Carbohydrates and carbohydrate conjugates
4558,Carbonyl compounds,0.97,CHEMONTID:0001831,4,CHEMONTID:0000323,CHEMONTID:0000000;CHEMONTID:0004603;CHEMONTID:0000323;CHEMONTID:0001831,Organic compounds;Organic oxygen compounds;Organooxygen compounds;Carbonyl compounds
13984,Carbonyl compounds,0.87,CHEMONTID:0001831,4,CHEMONTID:0000323,CHEMONTID:0000000;CHEMONTID:0004603;CHEMONTID:0000323;CHEMONTID:0001831,Organic compounds;Organic oxygen compounds;Organooxygen compounds;Carbonyl compounds
12664,Carbonyl compounds,0.93,CHEMONTID:0001831,4,CHEMONTID:0000323,CHEMONTID:0000000;CHEMONTID:0004603;CHEMONTID:0000323;CHEMONTID:0001831,Organic compounds;Organic oxygen compounds;Organooxygen compounds;Carbonyl compounds
4589,Ethers,0.91,CHEMONTID:0000254,4,CHEMONTID:0000323,CHEMONTID:0000000;CHEMONTID:0004603;CHEMONTID:0000323;CHEMONTID:0000254,Organic compounds;Organic oxygen compounds;Organooxygen compounds;Ethers
19783,Primary amines,0.94,CHEMONTID:0002450,5,CHEMONTID:0002449,CHEMONTID:0000000;CHEMONTID:0004707;CHEMONTID:0000278;CHEMONTID:0002449;CHEMONTID:0002450,Organic compounds;Organic nitrogen compounds;Organonitrogen compounds;Amines;Primary amines
8972,Amines,0.96,CHEMONTID:0002449,4,CHEMONTID:0000278,CHEMONTID:0000000;CHEMONTID:0004707;CHEMONTID:0000278;CHEMONTID:0002449,Organic compounds;Organic nitrogen compounds;Organonitrogen compounds;Amines
5069,Alkyl phosphates,0.98,CHEMONTID:0003457,5,CHEMONTID:0000408,CHEMONTID:0000000;CHEMONTID:0000264;CHEMONTID:0000402;CHEMONTID:0000408;CHEMONTID:0003457,Organic compounds;Organic acids and derivatives;Organic phosphoric acids and derivatives;Phosphate esters;Alkyl phosphates
12471,Amines,0.92,CHEMONTID:0002449,4,CHEMONTID:0000278,CHEMONTID:0000000;CHEMONTID:0004707;CHEMONTID:0000278;CHEMONTID:0002449,Organic compounds;Organic nitrogen compounds;Organonitrogen compounds;Amines
10285,Guanidines,1,CHEMONTID:0000375,4,CHEMONTID:0000278,CHEMONTID:0000000;CHEMONTID:0004707;CHEMONTID:0000278;CHEMONTID:0000375,Organic compounds;Organic nitrogen compounds;Organonitrogen compounds;Guanidines
9263,Carbonyl compounds,0.83,CHEMONTID:0001831,4,CHEMONTID:0000323,CHEMONTID:0000000;CHEMONTID:0004603;CHEMONTID:0000323;CHEMONTID:0001831,Organic compounds;Organic oxygen compounds;Organooxygen compounds;Carbonyl compounds
18550,Ethers,0.98,CHEMONTID:0000254,4,CHEMONTID:0000323,CHEMONTID:0000000;CHEMONTID:0004603;CHEMONTID:0000323;CHEMONTID:0000254,Organic compounds;Organic oxygen compounds;Organooxygen compounds;Ethers
12601,N-acyl amines,0.87,CHEMONTID:0001096,5,CHEMONTID:0000331,CHEMONTID:0000000;CHEMONTID:0000012;CHEMONTID:0003909;CHEMONTID:0000331;CHEMONTID:0001096,Organic compounds;Lipids and lipid-like molecules;Fatty Acyls;Fatty amides;N-acyl amines
18722,Carbonyl compounds,0.9,CHEMONTID:0001831,4,CHEMONTID:0000323,CHEMONTID:0000000;CHEMONTID:0004603;CHEMONTID:0000323;CHEMONTID:0001831,Organic compounds;Organic oxygen compounds;Organooxygen compounds;Carbonyl compounds
15803,Monocarboxylic acids and derivatives,0.92,CHEMONTID:0001137,4,CHEMONTID:0000265,CHEMONTID:0000000;CHEMONTID:0000264;CHEMONTID:0000265;CHEMONTID:0001137,Organic compounds;Organic acids and derivatives;Carboxylic acids and derivatives;Monocarboxylic acids and derivatives
1737,Amines,1,CHEMONTID:0002449,4,CHEMONTID:0000278,CHEMONTID:0000000;CHEMONTID:0004707;CHEMONTID:0000278;CHEMONTID:0002449,Organic compounds;Organic nitrogen compounds;Organonitrogen compounds;Amines
16031,Alcohols and polyols,0.86,CHEMONTID:0000129,4,CHEMONTID:0000323,CHEMONTID:0000000;CHEMONTID:0004603;CHEMONTID:0000323;CHEMONTID:0000129,Organic compounds;Organic oxygen compounds;Organooxygen compounds;Alcohols and polyols
1803,Alcohols and polyols,0.96,CHEMONTID:0000129,4,CHEMONTID:0000323,CHEMONTID:0000000;CHEMONTID:0004603;CHEMONTID:0000323;CHEMONTID:0000129,Organic compounds;Organic oxygen compounds;Organooxygen compounds;Alcohols and polyols
11289,Guanidines,0.99,CHEMONTID:0000375,4,CHEMONTID:0000278,CHEMONTID:0000000;CHEMONTID:0004707;CHEMONTID:0000278;CHEMONTID:0000375,Organic compounds;Organic nitrogen compounds;Organonitrogen compounds;Guanidines
14681,Monocarboxylic acids and derivatives,0.85,CHEMONTID:0001137,4,CHEMONTID:0000265,CHEMONTID:0000000;CHEMONTID:0000264;CHEMONTID:0000265;CHEMONTID:0001137,Organic compounds;Organic acids and derivatives;Carboxylic acids and derivatives;Monocarboxylic acids and derivatives
15485,Pyranones and derivatives,0.9,CHEMONTID:0000481,4,CHEMONTID:0000086,CHEMONTID:0000000;CHEMONTID:0000002;CHEMONTID:0000086;CHEMONTID:0000481,Organic compounds;Organoheterocyclic compounds;Pyrans;Pyranones and derivatives
4995,Carboxylic acid derivatives,0.9,CHEMONTID:0001093,4,CHEMONTID:0000265,CHEMONTID:0000000;CHEMONTID:0000264;CHEMONTID:0000265;CHEMONTID:0001093,Organic compounds;Organic acids and derivatives;Carboxylic acids and derivatives;Carboxylic acid derivatives
2890,Glycosyl compounds,1,CHEMONTID:0002105,5,CHEMONTID:0000011,CHEMONTID:0000000;CHEMONTID:0004603;CHEMONTID:0000323;CHEMONTID:0000011;CHEMONTID:0002105,Organic compounds;Organic oxygen compounds;Organooxygen compounds;Carbohydrates and carbohydrate conjugates;Glycosyl compounds
957,Carboxylic acid derivatives,0.92,CHEMONTID:0001093,4,CHEMONTID:0000265,CHEMONTID:0000000;CHEMONTID:0000264;CHEMONTID:0000265;CHEMONTID:0001093,Organic compounds;Organic acids and derivatives;Carboxylic acids and derivatives;Carboxylic acid derivatives
7087,Carboxylic acid derivatives,0.95,CHEMONTID:0001093,4,CHEMONTID:0000265,CHEMONTID:0000000;CHEMONTID:0000264;CHEMONTID:0000265;CHEMONTID:0001093,Organic compounds;Organic acids and derivatives;Carboxylic acids and derivatives;Carboxylic acid derivatives
13058,Fatty amides,0.81,CHEMONTID:0000331,4,CHEMONTID:0003909,CHEMONTID:0000000;CHEMONTID:0000012;CHEMONTID:0003909;CHEMONTID:0000331,Organic compounds;Lipids and lipid-like molecules;Fatty Acyls;Fatty amides
20598,"Amino acids, peptides, and analogues",0.99,CHEMONTID:0000013,4,CHEMONTID:0000265,CHEMONTID:0000000;CHEMONTID:0000264;CHEMONTID:0000265;CHEMONTID:0000013,"Organic compounds;Organic acids and derivatives;Carboxylic acids and derivatives;Amino acids, peptides, and analogues"
9182,Carboxylic acid derivatives,0.97,CHEMONTID:0001093,4,CHEMONTID:0000265,CHEMONTID:0000000;CHEMONTID:0000264;CHEMONTID:0000265;CHEMONTID:0001093,Organic compounds;Organic acids and derivatives;Carboxylic acids and derivatives;Carboxylic acid derivatives
20742,Alcohols and polyols,0.84,CHEMONTID:0000129,4,CHEMONTID:0000323,CHEMONTID:0000000;CHEMONTID:0004603;CHEMONTID:0000323;CHEMONTID:0000129,Organic compounds;Organic oxygen compounds;Organooxygen compounds;Alcohols and polyols
17721,Purines and purine derivatives,0.99,CHEMONTID:0000245,4,CHEMONTID:0001797,CHEMONTID:0000000;CHEMONTID:0000002;CHEMONTID:0001797;CHEMONTID:0000245,Organic compounds;Organoheterocyclic compounds;Imidazopyrimidines;Purines and purine derivatives
13440,Carbonyl compounds,0.88,CHEMONTID:0001831,4,CHEMONTID:0000323,CHEMONTID:0000000;CHEMONTID:0004603;CHEMONTID:0000323;CHEMONTID:0001831,Organic compounds;Organic oxygen compounds;Organooxygen compounds;Carbonyl compounds
9486,Alkyl phosphates,0.99,CHEMONTID:0003457,5,CHEMONTID:0000408,CHEMONTID:0000000;CHEMONTID:0000264;CHEMONTID:0000402;CHEMONTID:0000408;CHEMONTID:0003457,Organic compounds;Organic acids and derivatives;Organic phosphoric acids and derivatives;Phosphate esters;Alkyl phosphates
8261,Carbonyl compounds,0.94,CHEMONTID:0001831,4,CHEMONTID:0000323,CHEMONTID:0000000;CHEMONTID:0004603;CHEMONTID:0000323;CHEMONTID:0001831,Organic compounds;Organic oxygen compounds;Organooxygen compounds;Carbonyl compounds
9500,Amines,0.93,CHEMONTID:0002449,4,CHEMONTID:0000278,CHEMONTID:0000000;CHEMONTID:0004707;CHEMONTID:0000278;CHEMONTID:0002449,Organic compounds;Organic nitrogen compounds;Organonitrogen compounds;Amines
6463,Carbonyl compounds,0.84,CHEMONTID:0001831,4,CHEMONTID:0000323,CHEMONTID:0000000;CHEMONTID:0004603;CHEMONTID:0000323;CHEMONTID:0001831,Organic compounds;Organic oxygen compounds;Organooxygen compounds;Carbonyl compounds
6573,Carboxylic acids,0.83,CHEMONTID:0001205,4,CHEMONTID:0000265,CHEMONTID:0000000;CHEMONTID:0000264;CHEMONTID:0000265;CHEMONTID:0001205,Organic compounds;Organic acids and derivatives;Carboxylic acids and derivatives;Carboxylic acids
17507,Carboxylic acids,0.99,CHEMONTID:0001205,4,CHEMONTID:0000265,CHEMONTID:0000000;CHEMONTID:0000264;CHEMONTID:0000265;CHEMONTID:0001205,Organic compounds;Organic acids and derivatives;Carboxylic acids and derivatives;Carboxylic acids
18070,Carboxylic acid derivatives,0.98,CHEMONTID:0001093,4,CHEMONTID:0000265,CHEMONTID:0000000;CHEMONTID:0000264;CHEMONTID:0000265;CHEMONTID:0001093,Organic compounds;Organic acids and derivatives;Carboxylic acids and derivatives;Carboxylic acid derivatives
5307,Carbonyl compounds,0.92,CHEMONTID:0001831,4,CHEMONTID:0000323,CHEMONTID:0000000;CHEMONTID:0004603;CHEMONTID:0000323;CHEMONTID:0001831,Organic compounds;Organic oxygen compounds;Organooxygen compounds;Carbonyl compounds
14172,Carbonyl compounds,0.84,CHEMONTID:0001831,4,CHEMONTID:0000323,CHEMONTID:0000000;CHEMONTID:0004603;CHEMONTID:0000323;CHEMONTID:0001831,Organic compounds;Organic oxygen compounds;Organooxygen compounds;Carbonyl compounds
11934,Monoalkylamines,0.99,CHEMONTID:0000469,6,CHEMONTID:0002450,CHEMONTID:0000000;CHEMONTID:0004707;CHEMONTID:0000278;CHEMONTID:0002449;CHEMONTID:0002450;CHEMONTID:0000469,Organic compounds;Organic nitrogen compounds;Organonitrogen compounds;Amines;Primary amines;Monoalkylamines
4656,Dialkyl phosphates,1,CHEMONTID:0003459,6,CHEMONTID:0003457,CHEMONTID:0000000;CHEMONTID:0000264;CHEMONTID:0000402;CHEMONTID:0000408;CHEMONTID:0003457;CHEMONTID:0003459,Organic compounds;Organic acids and derivatives;Organic phosphoric acids and derivatives;Phosphate esters;Alkyl phosphates;Dialkyl phosphates
7462,Amino acids and derivatives,0.9,CHEMONTID:0000347,5,CHEMONTID:0000013,CHEMONTID:0000000;CHEMONTID:0000264;CHEMONTID:0000265;CHEMONTID:0000013;CHEMONTID:0000347,"Organic compounds;Organic acids and derivatives;Carboxylic acids and derivatives;Amino acids, peptides, and analogues;Amino acids and derivatives"
1783,Amines,0.92,CHEMONTID:0002449,4,CHEMONTID:0000278,CHEMONTID:0000000;CHEMONTID:0004707;CHEMONTID:0000278;CHEMONTID:0002449,Organic compounds;Organic nitrogen compounds;Organonitrogen compounds;Amines
7052,Tertiary amines,0.86,CHEMONTID:0002452,5,CHEMONTID:0002449,CHEMONTID:0000000;CHEMONTID:0004707;CHEMONTID:0000278;CHEMONTID:0002449;CHEMONTID:0002452,Organic compounds;Organic nitrogen compounds;Organonitrogen compounds;Amines;Tertiary amines
7162,Carbonyl compounds,0.89,CHEMONTID:0001831,4,CHEMONTID:0000323,CHEMONTID:0000000;CHEMONTID:0004603;CHEMONTID:0000323;CHEMONTID:0001831,Organic compounds;Organic oxygen compounds;Organooxygen compounds;Carbonyl compounds
10002,Carboxylic acid derivatives,0.96,CHEMONTID:0001093,4,CHEMONTID:0000265,CHEMONTID:0000000;CHEMONTID:0000264;CHEMONTID:0000265;CHEMONTID:0001093,Organic compounds;Organic acids and derivatives;Carboxylic acids and derivatives;Carboxylic acid derivatives
1949,Dialkyl phosphates,1,CHEMONTID:0003459,6,CHEMONTID:0003457,CHEMONTID:0000000;CHEMONTID:0000264;CHEMONTID:0000402;CHEMONTID:0000408;CHEMONTID:0003457;CHEMONTID:0003459,Organic compounds;Organic acids and derivatives;Organic phosphoric acids and derivatives;Phosphate esters;Alkyl phosphates;Dialkyl phosphates
11367,Trialkylamines,0.86,CHEMONTID:0002239,6,CHEMONTID:0002452,CHEMONTID:0000000;CHEMONTID:0004707;CHEMONTID:0000278;CHEMONTID:0002449;CHEMONTID:0002452;CHEMONTID:0002239,Organic compounds;Organic nitrogen compounds;Organonitrogen compounds;Amines;Tertiary amines;Trialkylamines
5245,Alcohols and polyols,0.97,CHEMONTID:0000129,4,CHEMONTID:0000323,CHEMONTID:0000000;CHEMONTID:0004603;CHEMONTID:0000323;CHEMONTID:0000129,Organic compounds;Organic oxygen compounds;Organooxygen compounds;Alcohols and polyols
8396,Carbonyl compounds,0.95,CHEMONTID:0001831,4,CHEMONTID:0000323,CHEMONTID:0000000;CHEMONTID:0004603;CHEMONTID:0000323;CHEMONTID:0001831,Organic compounds;Organic oxygen compounds;Organooxygen compounds;Carbonyl compounds
12466,Monoalkylamines,0.99,CHEMONTID:0000469,6,CHEMONTID:0002450,CHEMONTID:0000000;CHEMONTID:0004707;CHEMONTID:0000278;CHEMONTID:0002449;CHEMONTID:0002450;CHEMONTID:0000469,Organic compounds;Organic nitrogen compounds;Organonitrogen compounds;Amines;Primary amines;Monoalkylamines
13505,Carbonyl compounds,0.88,CHEMONTID:0001831,4,CHEMONTID:0000323,CHEMONTID:0000000;CHEMONTID:0004603;CHEMONTID:0000323;CHEMONTID:0001831,Organic compounds;Organic oxygen compounds;Organooxygen compounds;Carbonyl compounds
5900,Monosaccharide phosphates,1,CHEMONTID:0001541,6,CHEMONTID:0001540,CHEMONTID:0000000;CHEMONTID:0004603;CHEMONTID:0000323;CHEMONTID:0000011;CHEMONTID:0001540;CHEMONTID:0001541,Organic compounds;Organic oxygen compounds;Organooxygen compounds;Carbohydrates and carbohydrate conjugates;Monosaccharides;Monosaccharide phosphates
12017,N-acyl-alpha amino acids,1,CHEMONTID:0002402,8,CHEMONTID:0001189,CHEMONTID:0000000;CHEMONTID:0000264;CHEMONTID:0000265;CHEMONTID:0000013;CHEMONTID:0000347;CHEMONTID:0000060;CHEMONTID:0001189;CHEMONTID:0002402,"Organic compounds;Organic acids and derivatives;Carboxylic acids and derivatives;Amino acids, peptides, and analogues;Amino acids and derivatives;Alpha amino acids and derivatives;N-acyl-alpha amino acids and derivatives;N-acyl-alpha amino acids"
14678,Monocarboxylic acids and derivatives,0.85,CHEMONTID:0001137,4,CHEMONTID:0000265,CHEMONTID:0000000;CHEMONTID:0000264;CHEMONTID:0000265;CHEMONTID:0001137,Organic compounds;Organic acids and derivatives;Carboxylic acids and derivatives;Monocarboxylic acids and derivatives
14267,Monoalkylamines,1,CHEMONTID:0000469,6,CHEMONTID:0002450,CHEMONTID:0000000;CHEMONTID:0004707;CHEMONTID:0000278;CHEMONTID:0002449;CHEMONTID:0002450;CHEMONTID:0000469,Organic compounds;Organic nitrogen compounds;Organonitrogen compounds;Amines;Primary amines;Monoalkylamines
4951,Carboxylic acid derivatives,0.83,CHEMONTID:0001093,4,CHEMONTID:0000265,CHEMONTID:0000000;CHEMONTID:0000264;CHEMONTID:0000265;CHEMONTID:0001093,Organic compounds;Organic acids and derivatives;Carboxylic acids and derivatives;Carboxylic acid derivatives
7763,Carbonyl compounds,0.89,CHEMONTID:0001831,4,CHEMONTID:0000323,CHEMONTID:0000000;CHEMONTID:0004603;CHEMONTID:0000323;CHEMONTID:0001831,Organic compounds;Organic oxygen compounds;Organooxygen compounds;Carbonyl compounds
3792,N-substituted imidazoles,0.99,CHEMONTID:0002311,6,CHEMONTID:0002310,CHEMONTID:0000000;CHEMONTID:0000002;CHEMONTID:0000436;CHEMONTID:0000078;CHEMONTID:0002310;CHEMONTID:0002311,Organic compounds;Organoheterocyclic compounds;Azoles;Imidazoles;Substituted imidazoles;N-substituted imidazoles
16321,Primary amines,0.97,CHEMONTID:0002450,5,CHEMONTID:0002449,CHEMONTID:0000000;CHEMONTID:0004707;CHEMONTID:0000278;CHEMONTID:0002449;CHEMONTID:0002450,Organic compounds;Organic nitrogen compounds;Organonitrogen compounds;Amines;Primary amines
12117,Monocarboxylic acids and derivatives,0.88,CHEMONTID:0001137,4,CHEMONTID:0000265,CHEMONTID:0000000;CHEMONTID:0000264;CHEMONTID:0000265;CHEMONTID:0001137,Organic compounds;Organic acids and derivatives;Carboxylic acids and derivatives;Monocarboxylic acids and derivatives
12891,Carbonyl compounds,0.84,CHEMONTID:0001831,4,CHEMONTID:0000323,CHEMONTID:0000000;CHEMONTID:0004603;CHEMONTID:0000323;CHEMONTID:0001831,Organic compounds;Organic oxygen compounds;Organooxygen compounds;Carbonyl compounds
9705,Secondary alcohols,0.97,CHEMONTID:0001661,5,CHEMONTID:0000129,CHEMONTID:0000000;CHEMONTID:0004603;CHEMONTID:0000323;CHEMONTID:0000129;CHEMONTID:0001661,Organic compounds;Organic oxygen compounds;Organooxygen compounds;Alcohols and polyols;Secondary alcohols
14195,Ethers,0.92,CHEMONTID:0000254,4,CHEMONTID:0000323,CHEMONTID:0000000;CHEMONTID:0004603;CHEMONTID:0000323;CHEMONTID:0000254,Organic compounds;Organic oxygen compounds;Organooxygen compounds;Ethers
9314,Alcohols and polyols,0.89,CHEMONTID:0000129,4,CHEMONTID:0000323,CHEMONTID:0000000;CHEMONTID:0004603;CHEMONTID:0000323;CHEMONTID:0000129,Organic compounds;Organic oxygen compounds;Organooxygen compounds;Alcohols and polyols
2566,Carbonyl compounds,0.86,CHEMONTID:0001831,4,CHEMONTID:0000323,CHEMONTID:0000000;CHEMONTID:0004603;CHEMONTID:0000323;CHEMONTID:0001831,Organic compounds;Organic oxygen compounds;Organooxygen compounds;Carbonyl compounds
13656,Carbonyl compounds,0.9,CHEMONTID:0001831,4,CHEMONTID:0000323,CHEMONTID:0000000;CHEMONTID:0004603;CHEMONTID:0000323;CHEMONTID:0001831,Organic compounds;Organic oxygen compounds;Organooxygen compounds;Carbonyl compounds
15685,Monoalkylamines,1,CHEMONTID:0000469,6,CHEMONTID:0002450,CHEMONTID:0000000;CHEMONTID:0004707;CHEMONTID:0000278;CHEMONTID:0002449;CHEMONTID:0002450;CHEMONTID:0000469,Organic compounds;Organic nitrogen compounds;Organonitrogen compounds;Amines;Primary amines;Monoalkylamines
14047,Carbonyl compounds,0.97,CHEMONTID:0001831,4,CHEMONTID:0000323,CHEMONTID:0000000;CHEMONTID:0004603;CHEMONTID:0000323;CHEMONTID:0001831,Organic compounds;Organic oxygen compounds;Organooxygen compounds;Carbonyl compounds
12370,Carbonyl compounds,0.98,CHEMONTID:0001831,4,CHEMONTID:0000323,CHEMONTID:0000000;CHEMONTID:0004603;CHEMONTID:0000323;CHEMONTID:0001831,Organic compounds;Organic oxygen compounds;Organooxygen compounds;Carbonyl compounds
761,Primary amines,0.83,CHEMONTID:0002450,5,CHEMONTID:0002449,CHEMONTID:0000000;CHEMONTID:0004707;CHEMONTID:0000278;CHEMONTID:0002449;CHEMONTID:0002450,Organic compounds;Organic nitrogen compounds;Organonitrogen compounds;Amines;Primary amines
9100,Alcohols and polyols,0.91,CHEMONTID:0000129,4,CHEMONTID:0000323,CHEMONTID:0000000;CHEMONTID:0004603;CHEMONTID:0000323;CHEMONTID:0000129,Organic compounds;Organic oxygen compounds;Organooxygen compounds;Alcohols and polyols
12101,Carboxylic acid derivatives,0.91,CHEMONTID:0001093,4,CHEMONTID:0000265,CHEMONTID:0000000;CHEMONTID:0000264;CHEMONTID:0000265;CHEMONTID:0001093,Organic compounds;Organic acids and derivatives;Carboxylic acids and derivatives;Carboxylic acid derivatives
16565,Purines and purine derivatives,0.95,CHEMONTID:0000245,4,CHEMONTID:0001797,CHEMONTID:0000000;CHEMONTID:0000002;CHEMONTID:0001797;CHEMONTID:0000245,Organic compounds;Organoheterocyclic compounds;Imidazopyrimidines;Purines and purine derivatives
19747,Carboxylic acid derivatives,0.95,CHEMONTID:0001093,4,CHEMONTID:0000265,CHEMONTID:0000000;CHEMONTID:0000264;CHEMONTID:0000265;CHEMONTID:0001093,Organic compounds;Organic acids and derivatives;Carboxylic acids and derivatives;Carboxylic acid derivatives
8599,Monoalkylamines,0.98,CHEMONTID:0000469,6,CHEMONTID:0002450,CHEMONTID:0000000;CHEMONTID:0004707;CHEMONTID:0000278;CHEMONTID:0002449;CHEMONTID:0002450;CHEMONTID:0000469,Organic compounds;Organic nitrogen compounds;Organonitrogen compounds;Amines;Primary amines;Monoalkylamines
11928,Carbonyl compounds,1,CHEMONTID:0001831,4,CHEMONTID:0000323,CHEMONTID:0000000;CHEMONTID:0004603;CHEMONTID:0000323;CHEMONTID:0001831,Organic compounds;Organic oxygen compounds;Organooxygen compounds;Carbonyl compounds
15087,Alpha amino acids and derivatives,1,CHEMONTID:0000060,6,CHEMONTID:0000347,CHEMONTID:0000000;CHEMONTID:0000264;CHEMONTID:0000265;CHEMONTID:0000013;CHEMONTID:0000347;CHEMONTID:0000060,"Organic compounds;Organic acids and derivatives;Carboxylic acids and derivatives;Amino acids, peptides, and analogues;Amino acids and derivatives;Alpha amino acids and derivatives"
17743,Amines,0.95,CHEMONTID:0002449,4,CHEMONTID:0000278,CHEMONTID:0000000;CHEMONTID:0004707;CHEMONTID:0000278;CHEMONTID:0002449,Organic compounds;Organic nitrogen compounds;Organonitrogen compounds;Amines
19474,Carbonyl compounds,0.88,CHEMONTID:0001831,4,CHEMONTID:0000323,CHEMONTID:0000000;CHEMONTID:0004603;CHEMONTID:0000323;CHEMONTID:0001831,Organic compounds;Organic oxygen compounds;Organooxygen compounds;Carbonyl compounds
8833,Monocarboxylic acids and derivatives,0.96,CHEMONTID:0001137,4,CHEMONTID:0000265,CHEMONTID:0000000;CHEMONTID:0000264;CHEMONTID:0000265;CHEMONTID:0001137,Organic compounds;Organic acids and derivatives;Carboxylic acids and derivatives;Monocarboxylic acids and derivatives
19560,Primary amines,0.95,CHEMONTID:0002450,5,CHEMONTID:0002449,CHEMONTID:0000000;CHEMONTID:0004707;CHEMONTID:0000278;CHEMONTID:0002449;CHEMONTID:0002450,Organic compounds;Organic nitrogen compounds;Organonitrogen compounds;Amines;Primary amines
4537,Carboxylic acid derivatives,0.82,CHEMONTID:0001093,4,CHEMONTID:0000265,CHEMONTID:0000000;CHEMONTID:0000264;CHEMONTID:0000265;CHEMONTID:0001093,Organic compounds;Organic acids and derivatives;Carboxylic acids and derivatives;Carboxylic acid derivatives
11315,Monoalkylamines,1,CHEMONTID:0000469,6,CHEMONTID:0002450,CHEMONTID:0000000;CHEMONTID:0004707;CHEMONTID:0000278;CHEMONTID:0002449;CHEMONTID:0002450;CHEMONTID:0000469,Organic compounds;Organic nitrogen compounds;Organonitrogen compounds;Amines;Primary amines;Monoalkylamines
9085,Bicyclic monoterpenoids,0.85,CHEMONTID:0001564,5,CHEMONTID:0001549,CHEMONTID:0000000;CHEMONTID:0000012;CHEMONTID:0000259;CHEMONTID:0001549;CHEMONTID:0001564,Organic compounds;Lipids and lipid-like molecules;Prenol lipids;Monoterpenoids;Bicyclic monoterpenoids
16391,Fatty acids and conjugates,0.97,CHEMONTID:0000262,4,CHEMONTID:0003909,CHEMONTID:0000000;CHEMONTID:0000012;CHEMONTID:0003909;CHEMONTID:0000262,Organic compounds;Lipids and lipid-like molecules;Fatty Acyls;Fatty acids and conjugates
8643,Ethers,0.97,CHEMONTID:0000254,4,CHEMONTID:0000323,CHEMONTID:0000000;CHEMONTID:0004603;CHEMONTID:0000323;CHEMONTID:0000254,Organic compounds;Organic oxygen compounds;Organooxygen compounds;Ethers
1987,Carbonyl compounds,0.95,CHEMONTID:0001831,4,CHEMONTID:0000323,CHEMONTID:0000000;CHEMONTID:0004603;CHEMONTID:0000323;CHEMONTID:0001831,Organic compounds;Organic oxygen compounds;Organooxygen compounds;Carbonyl compounds
14718,Carbonyl compounds,0.93,CHEMONTID:0001831,4,CHEMONTID:0000323,CHEMONTID:0000000;CHEMONTID:0004603;CHEMONTID:0000323;CHEMONTID:0001831,Organic compounds;Organic oxygen compounds;Organooxygen compounds;Carbonyl compounds
16271,Amines,1,CHEMONTID:0002449,4,CHEMONTID:0000278,CHEMONTID:0000000;CHEMONTID:0004707;CHEMONTID:0000278;CHEMONTID:0002449,Organic compounds;Organic nitrogen compounds;Organonitrogen compounds;Amines
11105,Carboxylic acid derivatives,0.96,CHEMONTID:0001093,4,CHEMONTID:0000265,CHEMONTID:0000000;CHEMONTID:0000264;CHEMONTID:0000265;CHEMONTID:0001093,Organic compounds;Organic acids and derivatives;Carboxylic acids and derivatives;Carboxylic acid derivatives
17571,Amines,0.94,CHEMONTID:0002449,4,CHEMONTID:0000278,CHEMONTID:0000000;CHEMONTID:0004707;CHEMONTID:0000278;CHEMONTID:0002449,Organic compounds;Organic nitrogen compounds;Organonitrogen compounds;Amines
895,Carbonyl compounds,0.83,CHEMONTID:0001831,4,CHEMONTID:0000323,CHEMONTID:0000000;CHEMONTID:0004603;CHEMONTID:0000323;CHEMONTID:0001831,Organic compounds;Organic oxygen compounds;Organooxygen compounds;Carbonyl compounds
6154,Carbonyl compounds,0.94,CHEMONTID:0001831,4,CHEMONTID:0000323,CHEMONTID:0000000;CHEMONTID:0004603;CHEMONTID:0000323;CHEMONTID:0001831,Organic compounds;Organic oxygen compounds;Organooxygen compounds;Carbonyl compounds
12674,Alcohols and polyols,0.9,CHEMONTID:0000129,4,CHEMONTID:0000323,CHEMONTID:0000000;CHEMONTID:0004603;CHEMONTID:0000323;CHEMONTID:0000129,Organic compounds;Organic oxygen compounds;Organooxygen compounds;Alcohols and polyols
17795,Primary amines,0.96,CHEMONTID:0002450,5,CHEMONTID:0002449,CHEMONTID:0000000;CHEMONTID:0004707;CHEMONTID:0000278;CHEMONTID:0002449;CHEMONTID:0002450,Organic compounds;Organic nitrogen compounds;Organonitrogen compounds;Amines;Primary amines
10569,Carbonyl compounds,0.9,CHEMONTID:0001831,4,CHEMONTID:0000323,CHEMONTID:0000000;CHEMONTID:0004603;CHEMONTID:0000323;CHEMONTID:0001831,Organic compounds;Organic oxygen compounds;Organooxygen compounds;Carbonyl compounds
1349,Amines,0.98,CHEMONTID:0002449,4,CHEMONTID:0000278,CHEMONTID:0000000;CHEMONTID:0004707;CHEMONTID:0000278;CHEMONTID:0002449,Organic compounds;Organic nitrogen compounds;Organonitrogen compounds;Amines
9696,Alcohols and polyols,0.96,CHEMONTID:0000129,4,CHEMONTID:0000323,CHEMONTID:0000000;CHEMONTID:0004603;CHEMONTID:0000323;CHEMONTID:0000129,Organic compounds;Organic oxygen compounds;Organooxygen compounds;Alcohols and polyols
11113,Alcohols and polyols,0.89,CHEMONTID:0000129,4,CHEMONTID:0000323,CHEMONTID:0000000;CHEMONTID:0004603;CHEMONTID:0000323;CHEMONTID:0000129,Organic compounds;Organic oxygen compounds;Organooxygen compounds;Alcohols and polyols
2830,Pyrimidines and pyrimidine derivatives,0.9,CHEMONTID:0000075,4,CHEMONTID:0001346,CHEMONTID:0000000;CHEMONTID:0000002;CHEMONTID:0001346;CHEMONTID:0000075,Organic compounds;Organoheterocyclic compounds;Diazines;Pyrimidines and pyrimidine derivatives
6999,Carbonyl compounds,0.83,CHEMONTID:0001831,4,CHEMONTID:0000323,CHEMONTID:0000000;CHEMONTID:0004603;CHEMONTID:0000323;CHEMONTID:0001831,Organic compounds;Organic oxygen compounds;Organooxygen compounds;Carbonyl compounds
11806,Ethers,0.89,CHEMONTID:0000254,4,CHEMONTID:0000323,CHEMONTID:0000000;CHEMONTID:0004603;CHEMONTID:0000323;CHEMONTID:0000254,Organic compounds;Organic oxygen compounds;Organooxygen compounds;Ethers
16103,Secondary alcohols,0.87,CHEMONTID:0001661,5,CHEMONTID:0000129,CHEMONTID:0000000;CHEMONTID:0004603;CHEMONTID:0000323;CHEMONTID:0000129;CHEMONTID:0001661,Organic compounds;Organic oxygen compounds;Organooxygen compounds;Alcohols and polyols;Secondary alcohols
8760,Carbonyl compounds,0.99,CHEMONTID:0001831,4,CHEMONTID:0000323,CHEMONTID:0000000;CHEMONTID:0004603;CHEMONTID:0000323;CHEMONTID:0001831,Organic compounds;Organic oxygen compounds;Organooxygen compounds;Carbonyl compounds
18931,Monoalkylamines,1,CHEMONTID:0000469,6,CHEMONTID:0002450,CHEMONTID:0000000;CHEMONTID:0004707;CHEMONTID:0000278;CHEMONTID:0002449;CHEMONTID:0002450;CHEMONTID:0000469,Organic compounds;Organic nitrogen compounds;Organonitrogen compounds;Amines;Primary amines;Monoalkylamines
9303,Dialkyl ethers,0.95,CHEMONTID:0001167,5,CHEMONTID:0000254,CHEMONTID:0000000;CHEMONTID:0004603;CHEMONTID:0000323;CHEMONTID:0000254;CHEMONTID:0001167,Organic compounds;Organic oxygen compounds;Organooxygen compounds;Ethers;Dialkyl ethers
3909,Carbonyl compounds,0.94,CHEMONTID:0001831,4,CHEMONTID:0000323,CHEMONTID:0000000;CHEMONTID:0004603;CHEMONTID:0000323;CHEMONTID:0001831,Organic compounds;Organic oxygen compounds;Organooxygen compounds;Carbonyl compounds
10625,Carboxylic acids,0.95,CHEMONTID:0001205,4,CHEMONTID:0000265,CHEMONTID:0000000;CHEMONTID:0000264;CHEMONTID:0000265;CHEMONTID:0001205,Organic compounds;Organic acids and derivatives;Carboxylic acids and derivatives;Carboxylic acids
846,Alcohols and polyols,0.9,CHEMONTID:0000129,4,CHEMONTID:0000323,CHEMONTID:0000000;CHEMONTID:0004603;CHEMONTID:0000323;CHEMONTID:0000129,Organic compounds;Organic oxygen compounds;Organooxygen compounds;Alcohols and polyols
7261,Amines,1,CHEMONTID:0002449,4,CHEMONTID:0000278,CHEMONTID:0000000;CHEMONTID:0004707;CHEMONTID:0000278;CHEMONTID:0002449,Organic compounds;Organic nitrogen compounds;Organonitrogen compounds;Amines
8302,Carboxylic acid derivatives,0.95,CHEMONTID:0001093,4,CHEMONTID:0000265,CHEMONTID:0000000;CHEMONTID:0000264;CHEMONTID:0000265;CHEMONTID:0001093,Organic compounds;Organic acids and derivatives;Carboxylic acids and derivatives;Carboxylic acid derivatives
19985,Primary amines,0.94,CHEMONTID:0002450,5,CHEMONTID:0002449,CHEMONTID:0000000;CHEMONTID:0004707;CHEMONTID:0000278;CHEMONTID:0002449;CHEMONTID:0002450,Organic compounds;Organic nitrogen compounds;Organonitrogen compounds;Amines;Primary amines
15917,Amines,0.97,CHEMONTID:0002449,4,CHEMONTID:0000278,CHEMONTID:0000000;CHEMONTID:0004707;CHEMONTID:0000278;CHEMONTID:0002449,Organic compounds;Organic nitrogen compounds;Organonitrogen compounds;Amines
6333,Alcohols and polyols,1,CHEMONTID:0000129,4,CHEMONTID:0000323,CHEMONTID:0000000;CHEMONTID:0004603;CHEMONTID:0000323;CHEMONTID:0000129,Organic compounds;Organic oxygen compounds;Organooxygen compounds;Alcohols and polyols
19200,Peptides,0.98,CHEMONTID:0000348,5,CHEMONTID:0000013,CHEMONTID:0000000;CHEMONTID:0000264;CHEMONTID:0000265;CHEMONTID:0000013;CHEMONTID:0000348,"Organic compounds;Organic acids and derivatives;Carboxylic acids and derivatives;Amino acids, peptides, and analogues;Peptides"
8349,Carbonyl compounds,0.93,CHEMONTID:0001831,4,CHEMONTID:0000323,CHEMONTID:0000000;CHEMONTID:0004603;CHEMONTID:0000323;CHEMONTID:0001831,Organic compounds;Organic oxygen compounds;Organooxygen compounds;Carbonyl compounds
6974,Carboxylic acid derivatives,0.8,CHEMONTID:0001093,4,CHEMONTID:0000265,CHEMONTID:0000000;CHEMONTID:0000264;CHEMONTID:0000265;CHEMONTID:0001093,Organic compounds;Organic acids and derivatives;Carboxylic acids and derivatives;Carboxylic acid derivatives
17443,Primary amines,0.83,CHEMONTID:0002450,5,CHEMONTID:0002449,CHEMONTID:0000000;CHEMONTID:0004707;CHEMONTID:0000278;CHEMONTID:0002449;CHEMONTID:0002450,Organic compounds;Organic nitrogen compounds;Organonitrogen compounds;Amines;Primary amines
8657,Carbonyl compounds,0.83,CHEMONTID:0001831,4,CHEMONTID:0000323,CHEMONTID:0000000;CHEMONTID:0004603;CHEMONTID:0000323;CHEMONTID:0001831,Organic compounds;Organic oxygen compounds;Organooxygen compounds;Carbonyl compounds
11129,Monocarboxylic acids and derivatives,0.91,CHEMONTID:0001137,4,CHEMONTID:0000265,CHEMONTID:0000000;CHEMONTID:0000264;CHEMONTID:0000265;CHEMONTID:0001137,Organic compounds;Organic acids and derivatives;Carboxylic acids and derivatives;Monocarboxylic acids and derivatives
16937,Alcohols and polyols,0.92,CHEMONTID:0000129,4,CHEMONTID:0000323,CHEMONTID:0000000;CHEMONTID:0004603;CHEMONTID:0000323;CHEMONTID:0000129,Organic compounds;Organic oxygen compounds;Organooxygen compounds;Alcohols and polyols
4215,Carboxylic acid derivatives,1,CHEMONTID:0001093,4,CHEMONTID:0000265,CHEMONTID:0000000;CHEMONTID:0000264;CHEMONTID:0000265;CHEMONTID:0001093,Organic compounds;Organic acids and derivatives;Carboxylic acids and derivatives;Carboxylic acid derivatives
141,Organic nitro compounds,0.87,CHEMONTID:0001152,4,CHEMONTID:0003631,CHEMONTID:0000000;CHEMONTID:0003630;CHEMONTID:0003631;CHEMONTID:0001152,"Organic compounds;Organic 1,3-dipolar compounds;Allyl-type 1,3-dipolar organic compounds;Organic nitro compounds"
196,Carbonyl compounds,0.95,CHEMONTID:0001831,4,CHEMONTID:0000323,CHEMONTID:0000000;CHEMONTID:0004603;CHEMONTID:0000323;CHEMONTID:0001831,Organic compounds;Organic oxygen compounds;Organooxygen compounds;Carbonyl compounds
7601,Carbonyl compounds,0.92,CHEMONTID:0001831,4,CHEMONTID:0000323,CHEMONTID:0000000;CHEMONTID:0004603;CHEMONTID:0000323;CHEMONTID:0001831,Organic compounds;Organic oxygen compounds;Organooxygen compounds;Carbonyl compounds
20588,Carbonyl compounds,0.93,CHEMONTID:0001831,4,CHEMONTID:0000323,CHEMONTID:0000000;CHEMONTID:0004603;CHEMONTID:0000323;CHEMONTID:0001831,Organic compounds;Organic oxygen compounds;Organooxygen compounds;Carbonyl compounds
11427,Alpha amino acids and derivatives,0.99,CHEMONTID:0000060,6,CHEMONTID:0000347,CHEMONTID:0000000;CHEMONTID:0000264;CHEMONTID:0000265;CHEMONTID:0000013;CHEMONTID:0000347;CHEMONTID:0000060,"Organic compounds;Organic acids and derivatives;Carboxylic acids and derivatives;Amino acids, peptides, and analogues;Amino acids and derivatives;Alpha amino acids and derivatives"
16869,Carboxylic acid derivatives,0.98,CHEMONTID:0001093,4,CHEMONTID:0000265,CHEMONTID:0000000;CHEMONTID:0000264;CHEMONTID:0000265;CHEMONTID:0001093,Organic compounds;Organic acids and derivatives;Carboxylic acids and derivatives;Carboxylic acid derivatives
8771,Alcohols and polyols,0.88,CHEMONTID:0000129,4,CHEMONTID:0000323,CHEMONTID:0000000;CHEMONTID:0004603;CHEMONTID:0000323;CHEMONTID:0000129,Organic compounds;Organic oxygen compounds;Organooxygen compounds;Alcohols and polyols
6959,6-aminopurines,0.89,CHEMONTID:0002987,5,CHEMONTID:0000245,CHEMONTID:0000000;CHEMONTID:0000002;CHEMONTID:0001797;CHEMONTID:0000245;CHEMONTID:0002987,Organic compounds;Organoheterocyclic compounds;Imidazopyrimidines;Purines and purine derivatives;6-aminopurines
4228,Carbonyl compounds,0.97,CHEMONTID:0001831,4,CHEMONTID:0000323,CHEMONTID:0000000;CHEMONTID:0004603;CHEMONTID:0000323;CHEMONTID:0001831,Organic compounds;Organic oxygen compounds;Organooxygen compounds;Carbonyl compounds
5169,Guanidines,0.85,CHEMONTID:0000375,4,CHEMONTID:0000278,CHEMONTID:0000000;CHEMONTID:0004707;CHEMONTID:0000278;CHEMONTID:0000375,Organic compounds;Organic nitrogen compounds;Organonitrogen compounds;Guanidines
8046,Monoalkylamines,0.99,CHEMONTID:0000469,6,CHEMONTID:0002450,CHEMONTID:0000000;CHEMONTID:0004707;CHEMONTID:0000278;CHEMONTID:0002449;CHEMONTID:0002450;CHEMONTID:0000469,Organic compounds;Organic nitrogen compounds;Organonitrogen compounds;Amines;Primary amines;Monoalkylamines
4639,Monocarboxylic acids and derivatives,0.83,CHEMONTID:0001137,4,CHEMONTID:0000265,CHEMONTID:0000000;CHEMONTID:0000264;CHEMONTID:0000265;CHEMONTID:0001137,Organic compounds;Organic acids and derivatives;Carboxylic acids and derivatives;Monocarboxylic acids and derivatives
18593,Dialkyl ethers,0.98,CHEMONTID:0001167,5,CHEMONTID:0000254,CHEMONTID:0000000;CHEMONTID:0004603;CHEMONTID:0000323;CHEMONTID:0000254;CHEMONTID:0001167,Organic compounds;Organic oxygen compounds;Organooxygen compounds;Ethers;Dialkyl ethers
5745,Carbonyl compounds,1,CHEMONTID:0001831,4,CHEMONTID:0000323,CHEMONTID:0000000;CHEMONTID:0004603;CHEMONTID:0000323;CHEMONTID:0001831,Organic compounds;Organic oxygen compounds;Organooxygen compounds;Carbonyl compounds
3399,Carbonyl compounds,0.99,CHEMONTID:0001831,4,CHEMONTID:0000323,CHEMONTID:0000000;CHEMONTID:0004603;CHEMONTID:0000323;CHEMONTID:0001831,Organic compounds;Organic oxygen compounds;Organooxygen compounds;Carbonyl compounds
7943,Phosphate esters,0.91,CHEMONTID:0000408,4,CHEMONTID:0000402,CHEMONTID:0000000;CHEMONTID:0000264;CHEMONTID:0000402;CHEMONTID:0000408,Organic compounds;Organic acids and derivatives;Organic phosphoric acids and derivatives;Phosphate esters
20278,Secondary alcohols,1,CHEMONTID:0001661,5,CHEMONTID:0000129,CHEMONTID:0000000;CHEMONTID:0004603;CHEMONTID:0000323;CHEMONTID:0000129;CHEMONTID:0001661,Organic compounds;Organic oxygen compounds;Organooxygen compounds;Alcohols and polyols;Secondary alcohols
14254,Alcohols and polyols,0.96,CHEMONTID:0000129,4,CHEMONTID:0000323,CHEMONTID:0000000;CHEMONTID:0004603;CHEMONTID:0000323;CHEMONTID:0000129,Organic compounds;Organic oxygen compounds;Organooxygen compounds;Alcohols and polyols
10629,Primary amines,1,CHEMONTID:0002450,5,CHEMONTID:0002449,CHEMONTID:0000000;CHEMONTID:0004707;CHEMONTID:0000278;CHEMONTID:0002449;CHEMONTID:0002450,Organic compounds;Organic nitrogen compounds;Organonitrogen compounds;Amines;Primary amines
2160,Carbonyl compounds,0.86,CHEMONTID:0001831,4,CHEMONTID:0000323,CHEMONTID:0000000;CHEMONTID:0004603;CHEMONTID:0000323;CHEMONTID:0001831,Organic compounds;Organic oxygen compounds;Organooxygen compounds;Carbonyl compounds
18202,Carbonyl compounds,0.82,CHEMONTID:0001831,4,CHEMONTID:0000323,CHEMONTID:0000000;CHEMONTID:0004603;CHEMONTID:0000323;CHEMONTID:0001831,Organic compounds;Organic oxygen compounds;Organooxygen compounds;Carbonyl compounds
4260,Dialkyl ethers,0.9,CHEMONTID:0001167,5,CHEMONTID:0000254,CHEMONTID:0000000;CHEMONTID:0004603;CHEMONTID:0000323;CHEMONTID:0000254;CHEMONTID:0001167,Organic compounds;Organic oxygen compounds;Organooxygen compounds;Ethers;Dialkyl ethers
8652,Alcohols and polyols,0.96,CHEMONTID:0000129,4,CHEMONTID:0000323,CHEMONTID:0000000;CHEMONTID:0004603;CHEMONTID:0000323;CHEMONTID:0000129,Organic compounds;Organic oxygen compounds;Organooxygen compounds;Alcohols and polyols
10996,Amines,0.98,CHEMONTID:0002449,4,CHEMONTID:0000278,CHEMONTID:0000000;CHEMONTID:0004707;CHEMONTID:0000278;CHEMONTID:0002449,Organic compounds;Organic nitrogen compounds;Organonitrogen compounds;Amines
7727,Amines,1,CHEMONTID:0002449,4,CHEMONTID:0000278,CHEMONTID:0000000;CHEMONTID:0004707;CHEMONTID:0000278;CHEMONTID:0002449,Organic compounds;Organic nitrogen compounds;Organonitrogen compounds;Amines
5801,Carbonyl compounds,0.99,CHEMONTID:0001831,4,CHEMONTID:0000323,CHEMONTID:0000000;CHEMONTID:0004603;CHEMONTID:0000323;CHEMONTID:0001831,Organic compounds;Organic oxygen compounds;Organooxygen compounds;Carbonyl compounds
2821,Carbonyl compounds,0.81,CHEMONTID:0001831,4,CHEMONTID:0000323,CHEMONTID:0000000;CHEMONTID:0004603;CHEMONTID:0000323;CHEMONTID:0001831,Organic compounds;Organic oxygen compounds;Organooxygen compounds;Carbonyl compounds
8868,Carbonyl compounds,0.92,CHEMONTID:0001831,4,CHEMONTID:0000323,CHEMONTID:0000000;CHEMONTID:0004603;CHEMONTID:0000323;CHEMONTID:0001831,Organic compounds;Organic oxygen compounds;Organooxygen compounds;Carbonyl compounds
4357,Monocarboxylic acids and derivatives,0.9,CHEMONTID:0001137,4,CHEMONTID:0000265,CHEMONTID:0000000;CHEMONTID:0000264;CHEMONTID:0000265;CHEMONTID:0001137,Organic compounds;Organic acids and derivatives;Carboxylic acids and derivatives;Monocarboxylic acids and derivatives
14759,Amino acids and derivatives,0.97,CHEMONTID:0000347,5,CHEMONTID:0000013,CHEMONTID:0000000;CHEMONTID:0000264;CHEMONTID:0000265;CHEMONTID:0000013;CHEMONTID:0000347,"Organic compounds;Organic acids and derivatives;Carboxylic acids and derivatives;Amino acids, peptides, and analogues;Amino acids and derivatives"
18989,Guanidines,0.91,CHEMONTID:0000375,4,CHEMONTID:0000278,CHEMONTID:0000000;CHEMONTID:0004707;CHEMONTID:0000278;CHEMONTID:0000375,Organic compounds;Organic nitrogen compounds;Organonitrogen compounds;Guanidines
5099,Carbonyl compounds,0.91,CHEMONTID:0001831,4,CHEMONTID:0000323,CHEMONTID:0000000;CHEMONTID:0004603;CHEMONTID:0000323;CHEMONTID:0001831,Organic compounds;Organic oxygen compounds;Organooxygen compounds;Carbonyl compounds
9991,Carbohydrates and carbohydrate conjugates,1,CHEMONTID:0000011,4,CHEMONTID:0000323,CHEMONTID:0000000;CHEMONTID:0004603;CHEMONTID:0000323;CHEMONTID:0000011,Organic compounds;Organic oxygen compounds;Organooxygen compounds;Carbohydrates and carbohydrate conjugates
15833,Guanidines,0.97,CHEMONTID:0000375,4,CHEMONTID:0000278,CHEMONTID:0000000;CHEMONTID:0004707;CHEMONTID:0000278;CHEMONTID:0000375,Organic compounds;Organic nitrogen compounds;Organonitrogen compounds;Guanidines
9209,Carboxylic acid derivatives,0.91,CHEMONTID:0001093,4,CHEMONTID:0000265,CHEMONTID:0000000;CHEMONTID:0000264;CHEMONTID:0000265;CHEMONTID:0001093,Organic compounds;Organic acids and derivatives;Carboxylic acids and derivatives;Carboxylic acid derivatives
8564,Dialkyldisulfides,0.99,CHEMONTID:0004089,4,CHEMONTID:0002800,CHEMONTID:0000000;CHEMONTID:0000004;CHEMONTID:0002800;CHEMONTID:0004089,Organic compounds;Organosulfur compounds;Organic disulfides;Dialkyldisulfides
17729,Alcohols and polyols,0.98,CHEMONTID:0000129,4,CHEMONTID:0000323,CHEMONTID:0000000;CHEMONTID:0004603;CHEMONTID:0000323;CHEMONTID:0000129,Organic compounds;Organic oxygen compounds;Organooxygen compounds;Alcohols and polyols
1866,Carbonyl compounds,0.94,CHEMONTID:0001831,4,CHEMONTID:0000323,CHEMONTID:0000000;CHEMONTID:0004603;CHEMONTID:0000323;CHEMONTID:0001831,Organic compounds;Organic oxygen compounds;Organooxygen compounds;Carbonyl compounds
9428,Carbonyl compounds,0.86,CHEMONTID:0001831,4,CHEMONTID:0000323,CHEMONTID:0000000;CHEMONTID:0004603;CHEMONTID:0000323;CHEMONTID:0001831,Organic compounds;Organic oxygen compounds;Organooxygen compounds;Carbonyl compounds
10190,Pyrimidines and pyrimidine derivatives,0.97,CHEMONTID:0000075,4,CHEMONTID:0001346,CHEMONTID:0000000;CHEMONTID:0000002;CHEMONTID:0001346;CHEMONTID:0000075,Organic compounds;Organoheterocyclic compounds;Diazines;Pyrimidines and pyrimidine derivatives
15013,Alcohols and polyols,0.95,CHEMONTID:0000129,4,CHEMONTID:0000323,CHEMONTID:0000000;CHEMONTID:0004603;CHEMONTID:0000323;CHEMONTID:0000129,Organic compounds;Organic oxygen compounds;Organooxygen compounds;Alcohols and polyols
9094,Carbonyl compounds,0.99,CHEMONTID:0001831,4,CHEMONTID:0000323,CHEMONTID:0000000;CHEMONTID:0004603;CHEMONTID:0000323;CHEMONTID:0001831,Organic compounds;Organic oxygen compounds;Organooxygen compounds;Carbonyl compounds
12643,Carbonyl compounds,0.91,CHEMONTID:0001831,4,CHEMONTID:0000323,CHEMONTID:0000000;CHEMONTID:0004603;CHEMONTID:0000323;CHEMONTID:0001831,Organic compounds;Organic oxygen compounds;Organooxygen compounds;Carbonyl compounds
5137,Carbonyl compounds,0.83,CHEMONTID:0001831,4,CHEMONTID:0000323,CHEMONTID:0000000;CHEMONTID:0004603;CHEMONTID:0000323;CHEMONTID:0001831,Organic compounds;Organic oxygen compounds;Organooxygen compounds;Carbonyl compounds
12024,Amines,0.95,CHEMONTID:0002449,4,CHEMONTID:0000278,CHEMONTID:0000000;CHEMONTID:0004707;CHEMONTID:0000278;CHEMONTID:0002449,Organic compounds;Organic nitrogen compounds;Organonitrogen compounds;Amines
17780,Imidazoles,0.91,CHEMONTID:0000078,4,CHEMONTID:0000436,CHEMONTID:0000000;CHEMONTID:0000002;CHEMONTID:0000436;CHEMONTID:0000078,Organic compounds;Organoheterocyclic compounds;Azoles;Imidazoles
8822,Carbonyl compounds,0.97,CHEMONTID:0001831,4,CHEMONTID:0000323,CHEMONTID:0000000;CHEMONTID:0004603;CHEMONTID:0000323;CHEMONTID:0001831,Organic compounds;Organic oxygen compounds;Organooxygen compounds;Carbonyl compounds
14556,Carboxylic acid derivatives,1,CHEMONTID:0001093,4,CHEMONTID:0000265,CHEMONTID:0000000;CHEMONTID:0000264;CHEMONTID:0000265;CHEMONTID:0001093,Organic compounds;Organic acids and derivatives;Carboxylic acids and derivatives;Carboxylic acid derivatives
8068,Ethers,0.95,CHEMONTID:0000254,4,CHEMONTID:0000323,CHEMONTID:0000000;CHEMONTID:0004603;CHEMONTID:0000323;CHEMONTID:0000254,Organic compounds;Organic oxygen compounds;Organooxygen compounds;Ethers
11904,Carbonyl compounds,0.99,CHEMONTID:0001831,4,CHEMONTID:0000323,CHEMONTID:0000000;CHEMONTID:0004603;CHEMONTID:0000323;CHEMONTID:0001831,Organic compounds;Organic oxygen compounds;Organooxygen compounds;Carbonyl compounds
12239,Amines,1,CHEMONTID:0002449,4,CHEMONTID:0000278,CHEMONTID:0000000;CHEMONTID:0004707;CHEMONTID:0000278;CHEMONTID:0002449,Organic compounds;Organic nitrogen compounds;Organonitrogen compounds;Amines
20073,Alcohols and polyols,1,CHEMONTID:0000129,4,CHEMONTID:0000323,CHEMONTID:0000000;CHEMONTID:0004603;CHEMONTID:0000323;CHEMONTID:0000129,Organic compounds;Organic oxygen compounds;Organooxygen compounds;Alcohols and polyols
9938,Carbonyl compounds,0.93,CHEMONTID:0001831,4,CHEMONTID:0000323,CHEMONTID:0000000;CHEMONTID:0004603;CHEMONTID:0000323;CHEMONTID:0001831,Organic compounds;Organic oxygen compounds;Organooxygen compounds;Carbonyl compounds
9556,Alcohols and polyols,0.83,CHEMONTID:0000129,4,CHEMONTID:0000323,CHEMONTID:0000000;CHEMONTID:0004603;CHEMONTID:0000323;CHEMONTID:0000129,Organic compounds;Organic oxygen compounds;Organooxygen compounds;Alcohols and polyols
9290,Pyrimidines and pyrimidine derivatives,0.91,CHEMONTID:0000075,4,CHEMONTID:0001346,CHEMONTID:0000000;CHEMONTID:0000002;CHEMONTID:0001346;CHEMONTID:0000075,Organic compounds;Organoheterocyclic compounds;Diazines;Pyrimidines and pyrimidine derivatives
11379,Carbonyl compounds,0.99,CHEMONTID:0001831,4,CHEMONTID:0000323,CHEMONTID:0000000;CHEMONTID:0004603;CHEMONTID:0000323;CHEMONTID:0001831,Organic compounds;Organic oxygen compounds;Organooxygen compounds;Carbonyl compounds
16056,Monoalkylamines,0.99,CHEMONTID:0000469,6,CHEMONTID:0002450,CHEMONTID:0000000;CHEMONTID:0004707;CHEMONTID:0000278;CHEMONTID:0002449;CHEMONTID:0002450;CHEMONTID:0000469,Organic compounds;Organic nitrogen compounds;Organonitrogen compounds;Amines;Primary amines;Monoalkylamines
8125,Fatty amides,0.92,CHEMONTID:0000331,4,CHEMONTID:0003909,CHEMONTID:0000000;CHEMONTID:0000012;CHEMONTID:0003909;CHEMONTID:0000331,Organic compounds;Lipids and lipid-like molecules;Fatty Acyls;Fatty amides
11080,Carboxylic acid derivatives,0.98,CHEMONTID:0001093,4,CHEMONTID:0000265,CHEMONTID:0000000;CHEMONTID:0000264;CHEMONTID:0000265;CHEMONTID:0001093,Organic compounds;Organic acids and derivatives;Carboxylic acids and derivatives;Carboxylic acid derivatives
2734,Carboxylic acid derivatives,1,CHEMONTID:0001093,4,CHEMONTID:0000265,CHEMONTID:0000000;CHEMONTID:0000264;CHEMONTID:0000265;CHEMONTID:0001093,Organic compounds;Organic acids and derivatives;Carboxylic acids and derivatives;Carboxylic acid derivatives
5489,Organic phosphonic acids,0.88,CHEMONTID:0001302,4,CHEMONTID:0000419,CHEMONTID:0000000;CHEMONTID:0000264;CHEMONTID:0000419;CHEMONTID:0001302,Organic compounds;Organic acids and derivatives;Organic phosphonic acids and derivatives;Organic phosphonic acids
12590,Alpha amino acid amides,1,CHEMONTID:0002309,7,CHEMONTID:0000060,CHEMONTID:0000000;CHEMONTID:0000264;CHEMONTID:0000265;CHEMONTID:0000013;CHEMONTID:0000347;CHEMONTID:0000060;CHEMONTID:0002309,"Organic compounds;Organic acids and derivatives;Carboxylic acids and derivatives;Amino acids, peptides, and analogues;Amino acids and derivatives;Alpha amino acids and derivatives;Alpha amino acid amides"
4313,Ethers,0.91,CHEMONTID:0000254,4,CHEMONTID:0000323,CHEMONTID:0000000;CHEMONTID:0004603;CHEMONTID:0000323;CHEMONTID:0000254,Organic compounds;Organic oxygen compounds;Organooxygen compounds;Ethers
3482,Carbonyl compounds,0.9,CHEMONTID:0001831,4,CHEMONTID:0000323,CHEMONTID:0000000;CHEMONTID:0004603;CHEMONTID:0000323;CHEMONTID:0001831,Organic compounds;Organic oxygen compounds;Organooxygen compounds;Carbonyl compounds
16954,Pyrimidines and pyrimidine derivatives,1,CHEMONTID:0000075,4,CHEMONTID:0001346,CHEMONTID:0000000;CHEMONTID:0000002;CHEMONTID:0001346;CHEMONTID:0000075,Organic compounds;Organoheterocyclic compounds;Diazines;Pyrimidines and pyrimidine derivatives
15969,Carboxylic acid derivatives,0.84,CHEMONTID:0001093,4,CHEMONTID:0000265,CHEMONTID:0000000;CHEMONTID:0000264;CHEMONTID:0000265;CHEMONTID:0001093,Organic compounds;Organic acids and derivatives;Carboxylic acids and derivatives;Carboxylic acid derivatives
10887,Carboxylic acid derivatives,0.97,CHEMONTID:0001093,4,CHEMONTID:0000265,CHEMONTID:0000000;CHEMONTID:0000264;CHEMONTID:0000265;CHEMONTID:0001093,Organic compounds;Organic acids and derivatives;Carboxylic acids and derivatives;Carboxylic acid derivatives
5824,Carbonyl compounds,1,CHEMONTID:0001831,4,CHEMONTID:0000323,CHEMONTID:0000000;CHEMONTID:0004603;CHEMONTID:0000323;CHEMONTID:0001831,Organic compounds;Organic oxygen compounds;Organooxygen compounds;Carbonyl compounds
18160,Carboxylic acid derivatives,0.99,CHEMONTID:0001093,4,CHEMONTID:0000265,CHEMONTID:0000000;CHEMONTID:0000264;CHEMONTID:0000265;CHEMONTID:0001093,Organic compounds;Organic acids and derivatives;Carboxylic acids and derivatives;Carboxylic acid derivatives
1345,Amines,1,CHEMONTID:0002449,4,CHEMONTID:0000278,CHEMONTID:0000000;CHEMONTID:0004707;CHEMONTID:0000278;CHEMONTID:0002449,Organic compounds;Organic nitrogen compounds;Organonitrogen compounds;Amines
11322,Carbonyl compounds,0.94,CHEMONTID:0001831,4,CHEMONTID:0000323,CHEMONTID:0000000;CHEMONTID:0004603;CHEMONTID:0000323;CHEMONTID:0001831,Organic compounds;Organic oxygen compounds;Organooxygen compounds;Carbonyl compounds
14824,Monoalkylamines,0.96,CHEMONTID:0000469,6,CHEMONTID:0002450,CHEMONTID:0000000;CHEMONTID:0004707;CHEMONTID:0000278;CHEMONTID:0002449;CHEMONTID:0002450;CHEMONTID:0000469,Organic compounds;Organic nitrogen compounds;Organonitrogen compounds;Amines;Primary amines;Monoalkylamines
20480,Alkyl aryl ethers,0.95,CHEMONTID:0000128,5,CHEMONTID:0000254,CHEMONTID:0000000;CHEMONTID:0004603;CHEMONTID:0000323;CHEMONTID:0000254;CHEMONTID:0000128,Organic compounds;Organic oxygen compounds;Organooxygen compounds;Ethers;Alkyl aryl ethers
16978,Carbonyl compounds,0.96,CHEMONTID:0001831,4,CHEMONTID:0000323,CHEMONTID:0000000;CHEMONTID:0004603;CHEMONTID:0000323;CHEMONTID:0001831,Organic compounds;Organic oxygen compounds;Organooxygen compounds;Carbonyl compounds
1849,Monoalkylamines,0.99,CHEMONTID:0000469,6,CHEMONTID:0002450,CHEMONTID:0000000;CHEMONTID:0004707;CHEMONTID:0000278;CHEMONTID:0002449;CHEMONTID:0002450;CHEMONTID:0000469,Organic compounds;Organic nitrogen compounds;Organonitrogen compounds;Amines;Primary amines;Monoalkylamines
10585,Monoalkylamines,0.96,CHEMONTID:0000469,6,CHEMONTID:0002450,CHEMONTID:0000000;CHEMONTID:0004707;CHEMONTID:0000278;CHEMONTID:0002449;CHEMONTID:0002450;CHEMONTID:0000469,Organic compounds;Organic nitrogen compounds;Organonitrogen compounds;Amines;Primary amines;Monoalkylamines
530,Carbonyl compounds,0.99,CHEMONTID:0001831,4,CHEMONTID:0000323,CHEMONTID:0000000;CHEMONTID:0004603;CHEMONTID:0000323;CHEMONTID:0001831,Organic compounds;Organic oxygen compounds;Organooxygen compounds;Carbonyl compounds
8864,Carbonyl compounds,0.9,CHEMONTID:0001831,4,CHEMONTID:0000323,CHEMONTID:0000000;CHEMONTID:0004603;CHEMONTID:0000323;CHEMONTID:0001831,Organic compounds;Organic oxygen compounds;Organooxygen compounds;Carbonyl compounds
10541,Carboxylic acid derivatives,0.99,CHEMONTID:0001093,4,CHEMONTID:0000265,CHEMONTID:0000000;CHEMONTID:0000264;CHEMONTID:0000265;CHEMONTID:0001093,Organic compounds;Organic acids and derivatives;Carboxylic acids and derivatives;Carboxylic acid derivatives
2074,Amino acids,0.94,CHEMONTID:0004176,6,CHEMONTID:0000347,CHEMONTID:0000000;CHEMONTID:0000264;CHEMONTID:0000265;CHEMONTID:0000013;CHEMONTID:0000347;CHEMONTID:0004176,"Organic compounds;Organic acids and derivatives;Carboxylic acids and derivatives;Amino acids, peptides, and analogues;Amino acids and derivatives;Amino acids"
13402,"Amino acids, peptides, and analogues",0.88,CHEMONTID:0000013,4,CHEMONTID:0000265,CHEMONTID:0000000;CHEMONTID:0000264;CHEMONTID:0000265;CHEMONTID:0000013,"Organic compounds;Organic acids and derivatives;Carboxylic acids and derivatives;Amino acids, peptides, and analogues"
15439,Amines,0.98,CHEMONTID:0002449,4,CHEMONTID:0000278,CHEMONTID:0000000;CHEMONTID:0004707;CHEMONTID:0000278;CHEMONTID:0002449,Organic compounds;Organic nitrogen compounds;Organonitrogen compounds;Amines
12434,Carbonyl compounds,0.82,CHEMONTID:0001831,4,CHEMONTID:0000323,CHEMONTID:0000000;CHEMONTID:0004603;CHEMONTID:0000323;CHEMONTID:0001831,Organic compounds;Organic oxygen compounds;Organooxygen compounds;Carbonyl compounds
7695,"Amino acids, peptides, and analogues",0.99,CHEMONTID:0000013,4,CHEMONTID:0000265,CHEMONTID:0000000;CHEMONTID:0000264;CHEMONTID:0000265;CHEMONTID:0000013,"Organic compounds;Organic acids and derivatives;Carboxylic acids and derivatives;Amino acids, peptides, and analogues"
18496,Carbonyl compounds,0.87,CHEMONTID:0001831,4,CHEMONTID:0000323,CHEMONTID:0000000;CHEMONTID:0004603;CHEMONTID:0000323;CHEMONTID:0001831,Organic compounds;Organic oxygen compounds;Organooxygen compounds;Carbonyl compounds
13547,Carboxylic acid derivatives,0.9,CHEMONTID:0001093,4,CHEMONTID:0000265,CHEMONTID:0000000;CHEMONTID:0000264;CHEMONTID:0000265;CHEMONTID:0001093,Organic compounds;Organic acids and derivatives;Carboxylic acids and derivatives;Carboxylic acid derivatives
14079,Carboxylic acid derivatives,0.99,CHEMONTID:0001093,4,CHEMONTID:0000265,CHEMONTID:0000000;CHEMONTID:0000264;CHEMONTID:0000265;CHEMONTID:0001093,Organic compounds;Organic acids and derivatives;Carboxylic acids and derivatives;Carboxylic acid derivatives
11945,Primary amines,0.96,CHEMONTID:0002450,5,CHEMONTID:0002449,CHEMONTID:0000000;CHEMONTID:0004707;CHEMONTID:0000278;CHEMONTID:0002449;CHEMONTID:0002450,Organic compounds;Organic nitrogen compounds;Organonitrogen compounds;Amines;Primary amines
15557,Monoalkylamines,1,CHEMONTID:0000469,6,CHEMONTID:0002450,CHEMONTID:0000000;CHEMONTID:0004707;CHEMONTID:0000278;CHEMONTID:0002449;CHEMONTID:0002450;CHEMONTID:0000469,Organic compounds;Organic nitrogen compounds;Organonitrogen compounds;Amines;Primary amines;Monoalkylamines
10910,Guanidines,0.93,CHEMONTID:0000375,4,CHEMONTID:0000278,CHEMONTID:0000000;CHEMONTID:0004707;CHEMONTID:0000278;CHEMONTID:0000375,Organic compounds;Organic nitrogen compounds;Organonitrogen compounds;Guanidines
3238,Pyrimidines and pyrimidine derivatives,0.97,CHEMONTID:0000075,4,CHEMONTID:0001346,CHEMONTID:0000000;CHEMONTID:0000002;CHEMONTID:0001346;CHEMONTID:0000075,Organic compounds;Organoheterocyclic compounds;Diazines;Pyrimidines and pyrimidine derivatives
3273,Carbonyl compounds,0.99,CHEMONTID:0001831,4,CHEMONTID:0000323,CHEMONTID:0000000;CHEMONTID:0004603;CHEMONTID:0000323;CHEMONTID:0001831,Organic compounds;Organic oxygen compounds;Organooxygen compounds;Carbonyl compounds
2838,Alcohols and polyols,1,CHEMONTID:0000129,4,CHEMONTID:0000323,CHEMONTID:0000000;CHEMONTID:0004603;CHEMONTID:0000323;CHEMONTID:0000129,Organic compounds;Organic oxygen compounds;Organooxygen compounds;Alcohols and polyols
20032,Methyl esters,0.92,CHEMONTID:0003416,6,CHEMONTID:0001238,CHEMONTID:0000000;CHEMONTID:0000264;CHEMONTID:0000265;CHEMONTID:0001093;CHEMONTID:0001238;CHEMONTID:0003416,Organic compounds;Organic acids and derivatives;Carboxylic acids and derivatives;Carboxylic acid derivatives;Carboxylic acid esters;Methyl esters
11966,Carbonyl compounds,0.85,CHEMONTID:0001831,4,CHEMONTID:0000323,CHEMONTID:0000000;CHEMONTID:0004603;CHEMONTID:0000323;CHEMONTID:0001831,Organic compounds;Organic oxygen compounds;Organooxygen compounds;Carbonyl compounds
15187,Carboximidamides,1,CHEMONTID:0003152,4,CHEMONTID:0000278,CHEMONTID:0000000;CHEMONTID:0004707;CHEMONTID:0000278;CHEMONTID:0003152,Organic compounds;Organic nitrogen compounds;Organonitrogen compounds;Carboximidamides
9752,Carbonyl compounds,0.94,CHEMONTID:0001831,4,CHEMONTID:0000323,CHEMONTID:0000000;CHEMONTID:0004603;CHEMONTID:0000323;CHEMONTID:0001831,Organic compounds;Organic oxygen compounds;Organooxygen compounds;Carbonyl compounds
16489,Carbonyl compounds,0.85,CHEMONTID:0001831,4,CHEMONTID:0000323,CHEMONTID:0000000;CHEMONTID:0004603;CHEMONTID:0000323;CHEMONTID:0001831,Organic compounds;Organic oxygen compounds;Organooxygen compounds;Carbonyl compounds
16791,Alcohols and polyols,0.97,CHEMONTID:0000129,4,CHEMONTID:0000323,CHEMONTID:0000000;CHEMONTID:0004603;CHEMONTID:0000323;CHEMONTID:0000129,Organic compounds;Organic oxygen compounds;Organooxygen compounds;Alcohols and polyols
14025,Carbonyl compounds,0.98,CHEMONTID:0001831,4,CHEMONTID:0000323,CHEMONTID:0000000;CHEMONTID:0004603;CHEMONTID:0000323;CHEMONTID:0001831,Organic compounds;Organic oxygen compounds;Organooxygen compounds;Carbonyl compounds
13384,Monoalkylamines,0.98,CHEMONTID:0000469,6,CHEMONTID:0002450,CHEMONTID:0000000;CHEMONTID:0004707;CHEMONTID:0000278;CHEMONTID:0002449;CHEMONTID:0002450;CHEMONTID:0000469,Organic compounds;Organic nitrogen compounds;Organonitrogen compounds;Amines;Primary amines;Monoalkylamines
11043,Ethers,0.91,CHEMONTID:0000254,4,CHEMONTID:0000323,CHEMONTID:0000000;CHEMONTID:0004603;CHEMONTID:0000323;CHEMONTID:0000254,Organic compounds;Organic oxygen compounds;Organooxygen compounds;Ethers
18336,Carbohydrates and carbohydrate conjugates,1,CHEMONTID:0000011,4,CHEMONTID:0000323,CHEMONTID:0000000;CHEMONTID:0004603;CHEMONTID:0000323;CHEMONTID:0000011,Organic compounds;Organic oxygen compounds;Organooxygen compounds;Carbohydrates and carbohydrate conjugates
3958,Amines,0.98,CHEMONTID:0002449,4,CHEMONTID:0000278,CHEMONTID:0000000;CHEMONTID:0004707;CHEMONTID:0000278;CHEMONTID:0002449,Organic compounds;Organic nitrogen compounds;Organonitrogen compounds;Amines
12140,Carbonyl compounds,0.93,CHEMONTID:0001831,4,CHEMONTID:0000323,CHEMONTID:0000000;CHEMONTID:0004603;CHEMONTID:0000323;CHEMONTID:0001831,Organic compounds;Organic oxygen compounds;Organooxygen compounds;Carbonyl compounds
3229,Alcohols and polyols,0.81,CHEMONTID:0000129,4,CHEMONTID:0000323,CHEMONTID:0000000;CHEMONTID:0004603;CHEMONTID:0000323;CHEMONTID:0000129,Organic compounds;Organic oxygen compounds;Organooxygen compounds;Alcohols and polyols
824,Carbonyl compounds,0.87,CHEMONTID:0001831,4,CHEMONTID:0000323,CHEMONTID:0000000;CHEMONTID:0004603;CHEMONTID:0000323;CHEMONTID:0001831,Organic compounds;Organic oxygen compounds;Organooxygen compounds;Carbonyl compounds
9318,Primary amines,1,CHEMONTID:0002450,5,CHEMONTID:0002449,CHEMONTID:0000000;CHEMONTID:0004707;CHEMONTID:0000278;CHEMONTID:0002449;CHEMONTID:0002450,Organic compounds;Organic nitrogen compounds;Organonitrogen compounds;Amines;Primary amines
3989,Carbonyl compounds,0.88,CHEMONTID:0001831,4,CHEMONTID:0000323,CHEMONTID:0000000;CHEMONTID:0004603;CHEMONTID:0000323;CHEMONTID:0001831,Organic compounds;Organic oxygen compounds;Organooxygen compounds;Carbonyl compounds
2054,Carbonyl compounds,0.94,CHEMONTID:0001831,4,CHEMONTID:0000323,CHEMONTID:0000000;CHEMONTID:0004603;CHEMONTID:0000323;CHEMONTID:0001831,Organic compounds;Organic oxygen compounds;Organooxygen compounds;Carbonyl compounds
12156,Monoalkylamines,0.99,CHEMONTID:0000469,6,CHEMONTID:0002450,CHEMONTID:0000000;CHEMONTID:0004707;CHEMONTID:0000278;CHEMONTID:0002449;CHEMONTID:0002450;CHEMONTID:0000469,Organic compounds;Organic nitrogen compounds;Organonitrogen compounds;Amines;Primary amines;Monoalkylamines
14476,Primary amines,0.99,CHEMONTID:0002450,5,CHEMONTID:0002449,CHEMONTID:0000000;CHEMONTID:0004707;CHEMONTID:0000278;CHEMONTID:0002449;CHEMONTID:0002450,Organic compounds;Organic nitrogen compounds;Organonitrogen compounds;Amines;Primary amines
5633,Carbonyl compounds,0.81,CHEMONTID:0001831,4,CHEMONTID:0000323,CHEMONTID:0000000;CHEMONTID:0004603;CHEMONTID:0000323;CHEMONTID:0001831,Organic compounds;Organic oxygen compounds;Organooxygen compounds;Carbonyl compounds
7093,Guanidines,0.84,CHEMONTID:0000375,4,CHEMONTID:0000278,CHEMONTID:0000000;CHEMONTID:0004707;CHEMONTID:0000278;CHEMONTID:0000375,Organic compounds;Organic nitrogen compounds;Organonitrogen compounds;Guanidines
4771,Carbonyl compounds,0.99,CHEMONTID:0001831,4,CHEMONTID:0000323,CHEMONTID:0000000;CHEMONTID:0004603;CHEMONTID:0000323;CHEMONTID:0001831,Organic compounds;Organic oxygen compounds;Organooxygen compounds;Carbonyl compounds
4417,Carbonyl compounds,0.98,CHEMONTID:0001831,4,CHEMONTID:0000323,CHEMONTID:0000000;CHEMONTID:0004603;CHEMONTID:0000323;CHEMONTID:0001831,Organic compounds;Organic oxygen compounds;Organooxygen compounds;Carbonyl compounds
2120,Guanidines,0.98,CHEMONTID:0000375,4,CHEMONTID:0000278,CHEMONTID:0000000;CHEMONTID:0004707;CHEMONTID:0000278;CHEMONTID:0000375,Organic compounds;Organic nitrogen compounds;Organonitrogen compounds;Guanidines
9741,Amines,0.92,CHEMONTID:0002449,4,CHEMONTID:0000278,CHEMONTID:0000000;CHEMONTID:0004707;CHEMONTID:0000278;CHEMONTID:0002449,Organic compounds;Organic nitrogen compounds;Organonitrogen compounds;Amines
16227,Amines,0.8,CHEMONTID:0002449,4,CHEMONTID:0000278,CHEMONTID:0000000;CHEMONTID:0004707;CHEMONTID:0000278;CHEMONTID:0002449,Organic compounds;Organic nitrogen compounds;Organonitrogen compounds;Amines
7684,Primary amines,0.92,CHEMONTID:0002450,5,CHEMONTID:0002449,CHEMONTID:0000000;CHEMONTID:0004707;CHEMONTID:0000278;CHEMONTID:0002449;CHEMONTID:0002450,Organic compounds;Organic nitrogen compounds;Organonitrogen compounds;Amines;Primary amines
17527,Carboxylic acid derivatives,0.92,CHEMONTID:0001093,4,CHEMONTID:0000265,CHEMONTID:0000000;CHEMONTID:0000264;CHEMONTID:0000265;CHEMONTID:0001093,Organic compounds;Organic acids and derivatives;Carboxylic acids and derivatives;Carboxylic acid derivatives
18050,"1,2-aminoalcohols",0.9,CHEMONTID:0001897,6,CHEMONTID:0002460,CHEMONTID:0000000;CHEMONTID:0004707;CHEMONTID:0000278;CHEMONTID:0002449;CHEMONTID:0002460;CHEMONTID:0001897,"Organic compounds;Organic nitrogen compounds;Organonitrogen compounds;Amines;Alkanolamines;1,2-aminoalcohols"
17209,Primary amines,0.99,CHEMONTID:0002450,5,CHEMONTID:0002449,CHEMONTID:0000000;CHEMONTID:0004707;CHEMONTID:0000278;CHEMONTID:0002449;CHEMONTID:0002450,Organic compounds;Organic nitrogen compounds;Organonitrogen compounds;Amines;Primary amines
13302,Carbonyl compounds,0.99,CHEMONTID:0001831,4,CHEMONTID:0000323,CHEMONTID:0000000;CHEMONTID:0004603;CHEMONTID:0000323;CHEMONTID:0001831,Organic compounds;Organic oxygen compounds;Organooxygen compounds;Carbonyl compounds
9492,Monoalkylamines,1,CHEMONTID:0000469,6,CHEMONTID:0002450,CHEMONTID:0000000;CHEMONTID:0004707;CHEMONTID:0000278;CHEMONTID:0002449;CHEMONTID:0002450;CHEMONTID:0000469,Organic compounds;Organic nitrogen compounds;Organonitrogen compounds;Amines;Primary amines;Monoalkylamines
1194,Alcohols and polyols,0.85,CHEMONTID:0000129,4,CHEMONTID:0000323,CHEMONTID:0000000;CHEMONTID:0004603;CHEMONTID:0000323;CHEMONTID:0000129,Organic compounds;Organic oxygen compounds;Organooxygen compounds;Alcohols and polyols
16230,Amines,0.94,CHEMONTID:0002449,4,CHEMONTID:0000278,CHEMONTID:0000000;CHEMONTID:0004707;CHEMONTID:0000278;CHEMONTID:0002449,Organic compounds;Organic nitrogen compounds;Organonitrogen compounds;Amines
18646,Primary amines,0.97,CHEMONTID:0002450,5,CHEMONTID:0002449,CHEMONTID:0000000;CHEMONTID:0004707;CHEMONTID:0000278;CHEMONTID:0002449;CHEMONTID:0002450,Organic compounds;Organic nitrogen compounds;Organonitrogen compounds;Amines;Primary amines
8423,Carbonyl compounds,0.94,CHEMONTID:0001831,4,CHEMONTID:0000323,CHEMONTID:0000000;CHEMONTID:0004603;CHEMONTID:0000323;CHEMONTID:0001831,Organic compounds;Organic oxygen compounds;Organooxygen compounds;Carbonyl compounds
8875,Carbonyl compounds,0.94,CHEMONTID:0001831,4,CHEMONTID:0000323,CHEMONTID:0000000;CHEMONTID:0004603;CHEMONTID:0000323;CHEMONTID:0001831,Organic compounds;Organic oxygen compounds;Organooxygen compounds;Carbonyl compounds
19099,Primary amines,0.94,CHEMONTID:0002450,5,CHEMONTID:0002449,CHEMONTID:0000000;CHEMONTID:0004707;CHEMONTID:0000278;CHEMONTID:0002449;CHEMONTID:0002450,Organic compounds;Organic nitrogen compounds;Organonitrogen compounds;Amines;Primary amines
1397,Amines,0.99,CHEMONTID:0002449,4,CHEMONTID:0000278,CHEMONTID:0000000;CHEMONTID:0004707;CHEMONTID:0000278;CHEMONTID:0002449,Organic compounds;Organic nitrogen compounds;Organonitrogen compounds;Amines
15743,Phosphate esters,0.97,CHEMONTID:0000408,4,CHEMONTID:0000402,CHEMONTID:0000000;CHEMONTID:0000264;CHEMONTID:0000402;CHEMONTID:0000408,Organic compounds;Organic acids and derivatives;Organic phosphoric acids and derivatives;Phosphate esters
2725,Amines,0.92,CHEMONTID:0002449,4,CHEMONTID:0000278,CHEMONTID:0000000;CHEMONTID:0004707;CHEMONTID:0000278;CHEMONTID:0002449,Organic compounds;Organic nitrogen compounds;Organonitrogen compounds;Amines
140,Carbonyl compounds,0.94,CHEMONTID:0001831,4,CHEMONTID:0000323,CHEMONTID:0000000;CHEMONTID:0004603;CHEMONTID:0000323;CHEMONTID:0001831,Organic compounds;Organic oxygen compounds;Organooxygen compounds;Carbonyl compounds
197,Carbonyl compounds,0.96,CHEMONTID:0001831,4,CHEMONTID:0000323,CHEMONTID:0000000;CHEMONTID:0004603;CHEMONTID:0000323;CHEMONTID:0001831,Organic compounds;Organic oxygen compounds;Organooxygen compounds;Carbonyl compounds
4234,Alcohols and polyols,0.98,CHEMONTID:0000129,4,CHEMONTID:0000323,CHEMONTID:0000000;CHEMONTID:0004603;CHEMONTID:0000323;CHEMONTID:0000129,Organic compounds;Organic oxygen compounds;Organooxygen compounds;Alcohols and polyols
14900,Dialkylthioethers,0.91,CHEMONTID:0003862,4,CHEMONTID:0001202,CHEMONTID:0000000;CHEMONTID:0000004;CHEMONTID:0001202;CHEMONTID:0003862,Organic compounds;Organosulfur compounds;Thioethers;Dialkylthioethers
11644,Carbonyl compounds,0.97,CHEMONTID:0001831,4,CHEMONTID:0000323,CHEMONTID:0000000;CHEMONTID:0004603;CHEMONTID:0000323;CHEMONTID:0001831,Organic compounds;Organic oxygen compounds;Organooxygen compounds;Carbonyl compounds
17650,Dialkyl ethers,0.93,CHEMONTID:0001167,5,CHEMONTID:0000254,CHEMONTID:0000000;CHEMONTID:0004603;CHEMONTID:0000323;CHEMONTID:0000254;CHEMONTID:0001167,Organic compounds;Organic oxygen compounds;Organooxygen compounds;Ethers;Dialkyl ethers
3552,Amphetamines and derivatives,1,CHEMONTID:0000188,5,CHEMONTID:0000186,CHEMONTID:0000000;CHEMONTID:0002448;CHEMONTID:0002279;CHEMONTID:0000186;CHEMONTID:0000188,Organic compounds;Benzenoids;Benzene and substituted derivatives;Phenethylamines;Amphetamines and derivatives
6978,Carbohydrates and carbohydrate conjugates,0.92,CHEMONTID:0000011,4,CHEMONTID:0000323,CHEMONTID:0000000;CHEMONTID:0004603;CHEMONTID:0000323;CHEMONTID:0000011,Organic compounds;Organic oxygen compounds;Organooxygen compounds;Carbohydrates and carbohydrate conjugates
16042,Alpha amino acids and derivatives,1,CHEMONTID:0000060,6,CHEMONTID:0000347,CHEMONTID:0000000;CHEMONTID:0000264;CHEMONTID:0000265;CHEMONTID:0000013;CHEMONTID:0000347;CHEMONTID:0000060,"Organic compounds;Organic acids and derivatives;Carboxylic acids and derivatives;Amino acids, peptides, and analogues;Amino acids and derivatives;Alpha amino acids and derivatives"
2274,Dialkyl ethers,0.97,CHEMONTID:0001167,5,CHEMONTID:0000254,CHEMONTID:0000000;CHEMONTID:0004603;CHEMONTID:0000323;CHEMONTID:0000254;CHEMONTID:0001167,Organic compounds;Organic oxygen compounds;Organooxygen compounds;Ethers;Dialkyl ethers
9420,Carbonyl compounds,0.85,CHEMONTID:0001831,4,CHEMONTID:0000323,CHEMONTID:0000000;CHEMONTID:0004603;CHEMONTID:0000323;CHEMONTID:0001831,Organic compounds;Organic oxygen compounds;Organooxygen compounds;Carbonyl compounds
1014,Carbonyl compounds,0.86,CHEMONTID:0001831,4,CHEMONTID:0000323,CHEMONTID:0000000;CHEMONTID:0004603;CHEMONTID:0000323;CHEMONTID:0001831,Organic compounds;Organic oxygen compounds;Organooxygen compounds;Carbonyl compounds
4131,Carbonyl compounds,0.99,CHEMONTID:0001831,4,CHEMONTID:0000323,CHEMONTID:0000000;CHEMONTID:0004603;CHEMONTID:0000323;CHEMONTID:0001831,Organic compounds;Organic oxygen compounds;Organooxygen compounds;Carbonyl compounds
4184,Carbohydrates and carbohydrate conjugates,1,CHEMONTID:0000011,4,CHEMONTID:0000323,CHEMONTID:0000000;CHEMONTID:0004603;CHEMONTID:0000323;CHEMONTID:0000011,Organic compounds;Organic oxygen compounds;Organooxygen compounds;Carbohydrates and carbohydrate conjugates
6047,Alcohols and polyols,0.95,CHEMONTID:0000129,4,CHEMONTID:0000323,CHEMONTID:0000000;CHEMONTID:0004603;CHEMONTID:0000323;CHEMONTID:0000129,Organic compounds;Organic oxygen compounds;Organooxygen compounds;Alcohols and polyols
10704,Alcohols and polyols,0.96,CHEMONTID:0000129,4,CHEMONTID:0000323,CHEMONTID:0000000;CHEMONTID:0004603;CHEMONTID:0000323;CHEMONTID:0000129,Organic compounds;Organic oxygen compounds;Organooxygen compounds;Alcohols and polyols
3081,Carbonyl compounds,0.93,CHEMONTID:0001831,4,CHEMONTID:0000323,CHEMONTID:0000000;CHEMONTID:0004603;CHEMONTID:0000323;CHEMONTID:0001831,Organic compounds;Organic oxygen compounds;Organooxygen compounds;Carbonyl compounds
3854,Carbonyl compounds,0.94,CHEMONTID:0001831,4,CHEMONTID:0000323,CHEMONTID:0000000;CHEMONTID:0004603;CHEMONTID:0000323;CHEMONTID:0001831,Organic compounds;Organic oxygen compounds;Organooxygen compounds;Carbonyl compounds
10684,Primary amines,0.96,CHEMONTID:0002450,5,CHEMONTID:0002449,CHEMONTID:0000000;CHEMONTID:0004707;CHEMONTID:0000278;CHEMONTID:0002449;CHEMONTID:0002450,Organic compounds;Organic nitrogen compounds;Organonitrogen compounds;Amines;Primary amines
10472,Alcohols and polyols,0.87,CHEMONTID:0000129,4,CHEMONTID:0000323,CHEMONTID:0000000;CHEMONTID:0004603;CHEMONTID:0000323;CHEMONTID:0000129,Organic compounds;Organic oxygen compounds;Organooxygen compounds;Alcohols and polyols
10105,Carbonyl compounds,0.83,CHEMONTID:0001831,4,CHEMONTID:0000323,CHEMONTID:0000000;CHEMONTID:0004603;CHEMONTID:0000323;CHEMONTID:0001831,Organic compounds;Organic oxygen compounds;Organooxygen compounds;Carbonyl compounds
1777,Ethers,0.99,CHEMONTID:0000254,4,CHEMONTID:0000323,CHEMONTID:0000000;CHEMONTID:0004603;CHEMONTID:0000323;CHEMONTID:0000254,Organic compounds;Organic oxygen compounds;Organooxygen compounds;Ethers
18991,Alcohols and polyols,0.95,CHEMONTID:0000129,4,CHEMONTID:0000323,CHEMONTID:0000000;CHEMONTID:0004603;CHEMONTID:0000323;CHEMONTID:0000129,Organic compounds;Organic oxygen compounds;Organooxygen compounds;Alcohols and polyols
1230,Aralkylamines,0.8,CHEMONTID:0003899,5,CHEMONTID:0002449,CHEMONTID:0000000;CHEMONTID:0004707;CHEMONTID:0000278;CHEMONTID:0002449;CHEMONTID:0003899,Organic compounds;Organic nitrogen compounds;Organonitrogen compounds;Amines;Aralkylamines
16944,Carbonyl compounds,0.88,CHEMONTID:0001831,4,CHEMONTID:0000323,CHEMONTID:0000000;CHEMONTID:0004603;CHEMONTID:0000323;CHEMONTID:0001831,Organic compounds;Organic oxygen compounds;Organooxygen compounds;Carbonyl compounds
9032,Carbonyl compounds,0.85,CHEMONTID:0001831,4,CHEMONTID:0000323,CHEMONTID:0000000;CHEMONTID:0004603;CHEMONTID:0000323;CHEMONTID:0001831,Organic compounds;Organic oxygen compounds;Organooxygen compounds;Carbonyl compounds
311,Amines,0.96,CHEMONTID:0002449,4,CHEMONTID:0000278,CHEMONTID:0000000;CHEMONTID:0004707;CHEMONTID:0000278;CHEMONTID:0002449,Organic compounds;Organic nitrogen compounds;Organonitrogen compounds;Amines
14306,Carbonyl compounds,0.96,CHEMONTID:0001831,4,CHEMONTID:0000323,CHEMONTID:0000000;CHEMONTID:0004603;CHEMONTID:0000323;CHEMONTID:0001831,Organic compounds;Organic oxygen compounds;Organooxygen compounds;Carbonyl compounds
8243,Amines,0.93,CHEMONTID:0002449,4,CHEMONTID:0000278,CHEMONTID:0000000;CHEMONTID:0004707;CHEMONTID:0000278;CHEMONTID:0002449,Organic compounds;Organic nitrogen compounds;Organonitrogen compounds;Amines
1707,Carbonyl compounds,0.97,CHEMONTID:0001831,4,CHEMONTID:0000323,CHEMONTID:0000000;CHEMONTID:0004603;CHEMONTID:0000323;CHEMONTID:0001831,Organic compounds;Organic oxygen compounds;Organooxygen compounds;Carbonyl compounds
12781,Carbonyl compounds,0.93,CHEMONTID:0001831,4,CHEMONTID:0000323,CHEMONTID:0000000;CHEMONTID:0004603;CHEMONTID:0000323;CHEMONTID:0001831,Organic compounds;Organic oxygen compounds;Organooxygen compounds;Carbonyl compounds
8686,Primary amines,0.83,CHEMONTID:0002450,5,CHEMONTID:0002449,CHEMONTID:0000000;CHEMONTID:0004707;CHEMONTID:0000278;CHEMONTID:0002449;CHEMONTID:0002450,Organic compounds;Organic nitrogen compounds;Organonitrogen compounds;Amines;Primary amines
4332,Alkanesulfonic acids and derivatives,0.91,CHEMONTID:0003136,5,CHEMONTID:0000270,CHEMONTID:0000000;CHEMONTID:0000264;CHEMONTID:0004434;CHEMONTID:0000270;CHEMONTID:0003136,Organic compounds;Organic acids and derivatives;Organic sulfonic acids and derivatives;Organosulfonic acids and derivatives;Alkanesulfonic acids and derivatives
10728,Monocarboxylic acids and derivatives,0.82,CHEMONTID:0001137,4,CHEMONTID:0000265,CHEMONTID:0000000;CHEMONTID:0000264;CHEMONTID:0000265;CHEMONTID:0001137,Organic compounds;Organic acids and derivatives;Carboxylic acids and derivatives;Monocarboxylic acids and derivatives
8208,Carbonyl compounds,0.89,CHEMONTID:0001831,4,CHEMONTID:0000323,CHEMONTID:0000000;CHEMONTID:0004603;CHEMONTID:0000323;CHEMONTID:0001831,Organic compounds;Organic oxygen compounds;Organooxygen compounds;Carbonyl compounds
19514,Imidazoles,0.97,CHEMONTID:0000078,4,CHEMONTID:0000436,CHEMONTID:0000000;CHEMONTID:0000002;CHEMONTID:0000436;CHEMONTID:0000078,Organic compounds;Organoheterocyclic compounds;Azoles;Imidazoles
10549,Carboxylic acid derivatives,1,CHEMONTID:0001093,4,CHEMONTID:0000265,CHEMONTID:0000000;CHEMONTID:0000264;CHEMONTID:0000265;CHEMONTID:0001093,Organic compounds;Organic acids and derivatives;Carboxylic acids and derivatives;Carboxylic acid derivatives
4550,Carbonyl compounds,0.83,CHEMONTID:0001831,4,CHEMONTID:0000323,CHEMONTID:0000000;CHEMONTID:0004603;CHEMONTID:0000323;CHEMONTID:0001831,Organic compounds;Organic oxygen compounds;Organooxygen compounds;Carbonyl compounds
4915,Carbonyl compounds,0.97,CHEMONTID:0001831,4,CHEMONTID:0000323,CHEMONTID:0000000;CHEMONTID:0004603;CHEMONTID:0000323;CHEMONTID:0001831,Organic compounds;Organic oxygen compounds;Organooxygen compounds;Carbonyl compounds
9682,Alcohols and polyols,0.94,CHEMONTID:0000129,4,CHEMONTID:0000323,CHEMONTID:0000000;CHEMONTID:0004603;CHEMONTID:0000323;CHEMONTID:0000129,Organic compounds;Organic oxygen compounds;Organooxygen compounds;Alcohols and polyols
9198,Carbonyl compounds,0.92,CHEMONTID:0001831,4,CHEMONTID:0000323,CHEMONTID:0000000;CHEMONTID:0004603;CHEMONTID:0000323;CHEMONTID:0001831,Organic compounds;Organic oxygen compounds;Organooxygen compounds;Carbonyl compounds
1609,Ethers,0.96,CHEMONTID:0000254,4,CHEMONTID:0000323,CHEMONTID:0000000;CHEMONTID:0004603;CHEMONTID:0000323;CHEMONTID:0000254,Organic compounds;Organic oxygen compounds;Organooxygen compounds;Ethers
16530,Primary amines,1,CHEMONTID:0002450,5,CHEMONTID:0002449,CHEMONTID:0000000;CHEMONTID:0004707;CHEMONTID:0000278;CHEMONTID:0002449;CHEMONTID:0002450,Organic compounds;Organic nitrogen compounds;Organonitrogen compounds;Amines;Primary amines
15547,Carbonyl compounds,0.97,CHEMONTID:0001831,4,CHEMONTID:0000323,CHEMONTID:0000000;CHEMONTID:0004603;CHEMONTID:0000323;CHEMONTID:0001831,Organic compounds;Organic oxygen compounds;Organooxygen compounds;Carbonyl compounds
11235,Monoalkylamines,0.84,CHEMONTID:0000469,6,CHEMONTID:0002450,CHEMONTID:0000000;CHEMONTID:0004707;CHEMONTID:0000278;CHEMONTID:0002449;CHEMONTID:0002450;CHEMONTID:0000469,Organic compounds;Organic nitrogen compounds;Organonitrogen compounds;Amines;Primary amines;Monoalkylamines
1295,Monoalkylamines,0.93,CHEMONTID:0000469,6,CHEMONTID:0002450,CHEMONTID:0000000;CHEMONTID:0004707;CHEMONTID:0000278;CHEMONTID:0002449;CHEMONTID:0002450;CHEMONTID:0000469,Organic compounds;Organic nitrogen compounds;Organonitrogen compounds;Amines;Primary amines;Monoalkylamines
1469,Dialkyl ethers,0.92,CHEMONTID:0001167,5,CHEMONTID:0000254,CHEMONTID:0000000;CHEMONTID:0004603;CHEMONTID:0000323;CHEMONTID:0000254;CHEMONTID:0001167,Organic compounds;Organic oxygen compounds;Organooxygen compounds;Ethers;Dialkyl ethers
19452,Dialkyl ethers,0.96,CHEMONTID:0001167,5,CHEMONTID:0000254,CHEMONTID:0000000;CHEMONTID:0004603;CHEMONTID:0000323;CHEMONTID:0000254;CHEMONTID:0001167,Organic compounds;Organic oxygen compounds;Organooxygen compounds;Ethers;Dialkyl ethers
10919,Amines,0.97,CHEMONTID:0002449,4,CHEMONTID:0000278,CHEMONTID:0000000;CHEMONTID:0004707;CHEMONTID:0000278;CHEMONTID:0002449,Organic compounds;Organic nitrogen compounds;Organonitrogen compounds;Amines
2297,Monoalkylamines,0.97,CHEMONTID:0000469,6,CHEMONTID:0002450,CHEMONTID:0000000;CHEMONTID:0004707;CHEMONTID:0000278;CHEMONTID:0002449;CHEMONTID:0002450;CHEMONTID:0000469,Organic compounds;Organic nitrogen compounds;Organonitrogen compounds;Amines;Primary amines;Monoalkylamines
1694,Carbonyl compounds,0.98,CHEMONTID:0001831,4,CHEMONTID:0000323,CHEMONTID:0000000;CHEMONTID:0004603;CHEMONTID:0000323;CHEMONTID:0001831,Organic compounds;Organic oxygen compounds;Organooxygen compounds;Carbonyl compounds
17248,Purines and purine derivatives,1,CHEMONTID:0000245,4,CHEMONTID:0001797,CHEMONTID:0000000;CHEMONTID:0000002;CHEMONTID:0001797;CHEMONTID:0000245,Organic compounds;Organoheterocyclic compounds;Imidazopyrimidines;Purines and purine derivatives
5343,Amines,0.81,CHEMONTID:0002449,4,CHEMONTID:0000278,CHEMONTID:0000000;CHEMONTID:0004707;CHEMONTID:0000278;CHEMONTID:0002449,Organic compounds;Organic nitrogen compounds;Organonitrogen compounds;Amines
274,Monocarboxylic acids and derivatives,0.89,CHEMONTID:0001137,4,CHEMONTID:0000265,CHEMONTID:0000000;CHEMONTID:0000264;CHEMONTID:0000265;CHEMONTID:0001137,Organic compounds;Organic acids and derivatives;Carboxylic acids and derivatives;Monocarboxylic acids and derivatives
17574,Fatty acid esters,0.92,CHEMONTID:0000324,4,CHEMONTID:0003909,CHEMONTID:0000000;CHEMONTID:0000012;CHEMONTID:0003909;CHEMONTID:0000324,Organic compounds;Lipids and lipid-like molecules;Fatty Acyls;Fatty acid esters
4753,Guanidines,0.84,CHEMONTID:0000375,4,CHEMONTID:0000278,CHEMONTID:0000000;CHEMONTID:0004707;CHEMONTID:0000278;CHEMONTID:0000375,Organic compounds;Organic nitrogen compounds;Organonitrogen compounds;Guanidines
16316,Primary amines,0.98,CHEMONTID:0002450,5,CHEMONTID:0002449,CHEMONTID:0000000;CHEMONTID:0004707;CHEMONTID:0000278;CHEMONTID:0002449;CHEMONTID:0002450,Organic compounds;Organic nitrogen compounds;Organonitrogen compounds;Amines;Primary amines
13819,Alcohols and polyols,0.98,CHEMONTID:0000129,4,CHEMONTID:0000323,CHEMONTID:0000000;CHEMONTID:0004603;CHEMONTID:0000323;CHEMONTID:0000129,Organic compounds;Organic oxygen compounds;Organooxygen compounds;Alcohols and polyols
15229,Alcohols and polyols,0.99,CHEMONTID:0000129,4,CHEMONTID:0000323,CHEMONTID:0000000;CHEMONTID:0004603;CHEMONTID:0000323;CHEMONTID:0000129,Organic compounds;Organic oxygen compounds;Organooxygen compounds;Alcohols and polyols
3990,Alcohols and polyols,1,CHEMONTID:0000129,4,CHEMONTID:0000323,CHEMONTID:0000000;CHEMONTID:0004603;CHEMONTID:0000323;CHEMONTID:0000129,Organic compounds;Organic oxygen compounds;Organooxygen compounds;Alcohols and polyols
19331,Alcohols and polyols,0.98,CHEMONTID:0000129,4,CHEMONTID:0000323,CHEMONTID:0000000;CHEMONTID:0004603;CHEMONTID:0000323;CHEMONTID:0000129,Organic compounds;Organic oxygen compounds;Organooxygen compounds;Alcohols and polyols
9544,Carboxylic acid derivatives,0.91,CHEMONTID:0001093,4,CHEMONTID:0000265,CHEMONTID:0000000;CHEMONTID:0000264;CHEMONTID:0000265;CHEMONTID:0001093,Organic compounds;Organic acids and derivatives;Carboxylic acids and derivatives;Carboxylic acid derivatives
12168,"1,3,5-triazines",1,CHEMONTID:0004105,4,CHEMONTID:0000098,CHEMONTID:0000000;CHEMONTID:0000002;CHEMONTID:0000098;CHEMONTID:0004105,"Organic compounds;Organoheterocyclic compounds;Triazines;1,3,5-triazines"
11751,Carbonyl compounds,0.94,CHEMONTID:0001831,4,CHEMONTID:0000323,CHEMONTID:0000000;CHEMONTID:0004603;CHEMONTID:0000323;CHEMONTID:0001831,Organic compounds;Organic oxygen compounds;Organooxygen compounds;Carbonyl compounds
18601,N-acyl amines,0.88,CHEMONTID:0001096,5,CHEMONTID:0000331,CHEMONTID:0000000;CHEMONTID:0000012;CHEMONTID:0003909;CHEMONTID:0000331;CHEMONTID:0001096,Organic compounds;Lipids and lipid-like molecules;Fatty Acyls;Fatty amides;N-acyl amines
5352,Carbonyl compounds,0.88,CHEMONTID:0001831,4,CHEMONTID:0000323,CHEMONTID:0000000;CHEMONTID:0004603;CHEMONTID:0000323;CHEMONTID:0001831,Organic compounds;Organic oxygen compounds;Organooxygen compounds;Carbonyl compounds
11350,Primary amines,0.98,CHEMONTID:0002450,5,CHEMONTID:0002449,CHEMONTID:0000000;CHEMONTID:0004707;CHEMONTID:0000278;CHEMONTID:0002449;CHEMONTID:0002450,Organic compounds;Organic nitrogen compounds;Organonitrogen compounds;Amines;Primary amines
8621,Amines,0.97,CHEMONTID:0002449,4,CHEMONTID:0000278,CHEMONTID:0000000;CHEMONTID:0004707;CHEMONTID:0000278;CHEMONTID:0002449,Organic compounds;Organic nitrogen compounds;Organonitrogen compounds;Amines
910,Amines,1,CHEMONTID:0002449,4,CHEMONTID:0000278,CHEMONTID:0000000;CHEMONTID:0004707;CHEMONTID:0000278;CHEMONTID:0002449,Organic compounds;Organic nitrogen compounds;Organonitrogen compounds;Amines
8112,"Amino acids, peptides, and analogues",0.97,CHEMONTID:0000013,4,CHEMONTID:0000265,CHEMONTID:0000000;CHEMONTID:0000264;CHEMONTID:0000265;CHEMONTID:0000013,"Organic compounds;Organic acids and derivatives;Carboxylic acids and derivatives;Amino acids, peptides, and analogues"
4509,Carbonyl compounds,0.94,CHEMONTID:0001831,4,CHEMONTID:0000323,CHEMONTID:0000000;CHEMONTID:0004603;CHEMONTID:0000323;CHEMONTID:0001831,Organic compounds;Organic oxygen compounds;Organooxygen compounds;Carbonyl compounds
9979,Carbonyl compounds,0.95,CHEMONTID:0001831,4,CHEMONTID:0000323,CHEMONTID:0000000;CHEMONTID:0004603;CHEMONTID:0000323;CHEMONTID:0001831,Organic compounds;Organic oxygen compounds;Organooxygen compounds;Carbonyl compounds
5928,Monoalkylamines,0.85,CHEMONTID:0000469,6,CHEMONTID:0002450,CHEMONTID:0000000;CHEMONTID:0004707;CHEMONTID:0000278;CHEMONTID:0002449;CHEMONTID:0002450;CHEMONTID:0000469,Organic compounds;Organic nitrogen compounds;Organonitrogen compounds;Amines;Primary amines;Monoalkylamines
2898,Amino acids and derivatives,0.89,CHEMONTID:0000347,5,CHEMONTID:0000013,CHEMONTID:0000000;CHEMONTID:0000264;CHEMONTID:0000265;CHEMONTID:0000013;CHEMONTID:0000347,"Organic compounds;Organic acids and derivatives;Carboxylic acids and derivatives;Amino acids, peptides, and analogues;Amino acids and derivatives"
14636,"1,3,5-triazines",1,CHEMONTID:0004105,4,CHEMONTID:0000098,CHEMONTID:0000000;CHEMONTID:0000002;CHEMONTID:0000098;CHEMONTID:0004105,"Organic compounds;Organoheterocyclic compounds;Triazines;1,3,5-triazines"
20160,Alcohols and polyols,0.94,CHEMONTID:0000129,4,CHEMONTID:0000323,CHEMONTID:0000000;CHEMONTID:0004603;CHEMONTID:0000323;CHEMONTID:0000129,Organic compounds;Organic oxygen compounds;Organooxygen compounds;Alcohols and polyols
5972,Amines,0.99,CHEMONTID:0002449,4,CHEMONTID:0000278,CHEMONTID:0000000;CHEMONTID:0004707;CHEMONTID:0000278;CHEMONTID:0002449,Organic compounds;Organic nitrogen compounds;Organonitrogen compounds;Amines
12428,Carboxylic acid derivatives,0.89,CHEMONTID:0001093,4,CHEMONTID:0000265,CHEMONTID:0000000;CHEMONTID:0000264;CHEMONTID:0000265;CHEMONTID:0001093,Organic compounds;Organic acids and derivatives;Carboxylic acids and derivatives;Carboxylic acid derivatives
5151,Carbonyl compounds,0.99,CHEMONTID:0001831,4,CHEMONTID:0000323,CHEMONTID:0000000;CHEMONTID:0004603;CHEMONTID:0000323;CHEMONTID:0001831,Organic compounds;Organic oxygen compounds;Organooxygen compounds;Carbonyl compounds
14498,Alkyl aryl ethers,0.94,CHEMONTID:0000128,5,CHEMONTID:0000254,CHEMONTID:0000000;CHEMONTID:0004603;CHEMONTID:0000323;CHEMONTID:0000254;CHEMONTID:0000128,Organic compounds;Organic oxygen compounds;Organooxygen compounds;Ethers;Alkyl aryl ethers
12321,Carbonyl compounds,0.86,CHEMONTID:0001831,4,CHEMONTID:0000323,CHEMONTID:0000000;CHEMONTID:0004603;CHEMONTID:0000323;CHEMONTID:0001831,Organic compounds;Organic oxygen compounds;Organooxygen compounds;Carbonyl compounds
1284,Ethers,0.91,CHEMONTID:0000254,4,CHEMONTID:0000323,CHEMONTID:0000000;CHEMONTID:0004603;CHEMONTID:0000323;CHEMONTID:0000254,Organic compounds;Organic oxygen compounds;Organooxygen compounds;Ethers
10236,Carbonyl compounds,0.96,CHEMONTID:0001831,4,CHEMONTID:0000323,CHEMONTID:0000000;CHEMONTID:0004603;CHEMONTID:0000323;CHEMONTID:0001831,Organic compounds;Organic oxygen compounds;Organooxygen compounds;Carbonyl compounds
3166,Carboxylic acid derivatives,0.83,CHEMONTID:0001093,4,CHEMONTID:0000265,CHEMONTID:0000000;CHEMONTID:0000264;CHEMONTID:0000265;CHEMONTID:0001093,Organic compounds;Organic acids and derivatives;Carboxylic acids and derivatives;Carboxylic acid derivatives
1990,Primary amines,0.99,CHEMONTID:0002450,5,CHEMONTID:0002449,CHEMONTID:0000000;CHEMONTID:0004707;CHEMONTID:0000278;CHEMONTID:0002449;CHEMONTID:0002450,Organic compounds;Organic nitrogen compounds;Organonitrogen compounds;Amines;Primary amines
4725,Dialkyl ethers,0.96,CHEMONTID:0001167,5,CHEMONTID:0000254,CHEMONTID:0000000;CHEMONTID:0004603;CHEMONTID:0000323;CHEMONTID:0000254;CHEMONTID:0001167,Organic compounds;Organic oxygen compounds;Organooxygen compounds;Ethers;Dialkyl ethers
329,Organic phosphonic acids,0.87,CHEMONTID:0001302,4,CHEMONTID:0000419,CHEMONTID:0000000;CHEMONTID:0000264;CHEMONTID:0000419;CHEMONTID:0001302,Organic compounds;Organic acids and derivatives;Organic phosphonic acids and derivatives;Organic phosphonic acids
15175,Guanidines,0.97,CHEMONTID:0000375,4,CHEMONTID:0000278,CHEMONTID:0000000;CHEMONTID:0004707;CHEMONTID:0000278;CHEMONTID:0000375,Organic compounds;Organic nitrogen compounds;Organonitrogen compounds;Guanidines
10423,Primary amines,0.92,CHEMONTID:0002450,5,CHEMONTID:0002449,CHEMONTID:0000000;CHEMONTID:0004707;CHEMONTID:0000278;CHEMONTID:0002449;CHEMONTID:0002450,Organic compounds;Organic nitrogen compounds;Organonitrogen compounds;Amines;Primary amines
7354,Monoalkylamines,0.99,CHEMONTID:0000469,6,CHEMONTID:0002450,CHEMONTID:0000000;CHEMONTID:0004707;CHEMONTID:0000278;CHEMONTID:0002449;CHEMONTID:0002450;CHEMONTID:0000469,Organic compounds;Organic nitrogen compounds;Organonitrogen compounds;Amines;Primary amines;Monoalkylamines
9901,Dialkyl ethers,0.92,CHEMONTID:0001167,5,CHEMONTID:0000254,CHEMONTID:0000000;CHEMONTID:0004603;CHEMONTID:0000323;CHEMONTID:0000254;CHEMONTID:0001167,Organic compounds;Organic oxygen compounds;Organooxygen compounds;Ethers;Dialkyl ethers
4959,Acetamides,0.88,CHEMONTID:0003922,6,CHEMONTID:0000475,CHEMONTID:0000000;CHEMONTID:0000264;CHEMONTID:0000265;CHEMONTID:0001093;CHEMONTID:0000475;CHEMONTID:0003922,Organic compounds;Organic acids and derivatives;Carboxylic acids and derivatives;Carboxylic acid derivatives;Carboxylic acid amides;Acetamides
13171,Amines,0.88,CHEMONTID:0002449,4,CHEMONTID:0000278,CHEMONTID:0000000;CHEMONTID:0004707;CHEMONTID:0000278;CHEMONTID:0002449,Organic compounds;Organic nitrogen compounds;Organonitrogen compounds;Amines
8107,Amino acids and derivatives,0.95,CHEMONTID:0000347,5,CHEMONTID:0000013,CHEMONTID:0000000;CHEMONTID:0000264;CHEMONTID:0000265;CHEMONTID:0000013;CHEMONTID:0000347,"Organic compounds;Organic acids and derivatives;Carboxylic acids and derivatives;Amino acids, peptides, and analogues;Amino acids and derivatives"
11654,Carbonyl compounds,0.92,CHEMONTID:0001831,4,CHEMONTID:0000323,CHEMONTID:0000000;CHEMONTID:0004603;CHEMONTID:0000323;CHEMONTID:0001831,Organic compounds;Organic oxygen compounds;Organooxygen compounds;Carbonyl compounds
3831,Carbonyl compounds,0.95,CHEMONTID:0001831,4,CHEMONTID:0000323,CHEMONTID:0000000;CHEMONTID:0004603;CHEMONTID:0000323;CHEMONTID:0001831,Organic compounds;Organic oxygen compounds;Organooxygen compounds;Carbonyl compounds
3090,Amines,0.95,CHEMONTID:0002449,4,CHEMONTID:0000278,CHEMONTID:0000000;CHEMONTID:0004707;CHEMONTID:0000278;CHEMONTID:0002449,Organic compounds;Organic nitrogen compounds;Organonitrogen compounds;Amines
827,Carbonyl compounds,0.96,CHEMONTID:0001831,4,CHEMONTID:0000323,CHEMONTID:0000000;CHEMONTID:0004603;CHEMONTID:0000323;CHEMONTID:0001831,Organic compounds;Organic oxygen compounds;Organooxygen compounds;Carbonyl compounds
18532,Carbonyl compounds,0.96,CHEMONTID:0001831,4,CHEMONTID:0000323,CHEMONTID:0000000;CHEMONTID:0004603;CHEMONTID:0000323;CHEMONTID:0001831,Organic compounds;Organic oxygen compounds;Organooxygen compounds;Carbonyl compounds
9284,Amines,0.98,CHEMONTID:0002449,4,CHEMONTID:0000278,CHEMONTID:0000000;CHEMONTID:0004707;CHEMONTID:0000278;CHEMONTID:0002449,Organic compounds;Organic nitrogen compounds;Organonitrogen compounds;Amines
18959,Glycosyl compounds,1,CHEMONTID:0002105,5,CHEMONTID:0000011,CHEMONTID:0000000;CHEMONTID:0004603;CHEMONTID:0000323;CHEMONTID:0000011;CHEMONTID:0002105,Organic compounds;Organic oxygen compounds;Organooxygen compounds;Carbohydrates and carbohydrate conjugates;Glycosyl compounds
4120,Carbonyl compounds,0.96,CHEMONTID:0001831,4,CHEMONTID:0000323,CHEMONTID:0000000;CHEMONTID:0004603;CHEMONTID:0000323;CHEMONTID:0001831,Organic compounds;Organic oxygen compounds;Organooxygen compounds;Carbonyl compounds
15975,Trialkylamines,0.98,CHEMONTID:0002239,6,CHEMONTID:0002452,CHEMONTID:0000000;CHEMONTID:0004707;CHEMONTID:0000278;CHEMONTID:0002449;CHEMONTID:0002452;CHEMONTID:0002239,Organic compounds;Organic nitrogen compounds;Organonitrogen compounds;Amines;Tertiary amines;Trialkylamines
11048,Carbonyl compounds,0.97,CHEMONTID:0001831,4,CHEMONTID:0000323,CHEMONTID:0000000;CHEMONTID:0004603;CHEMONTID:0000323;CHEMONTID:0001831,Organic compounds;Organic oxygen compounds;Organooxygen compounds;Carbonyl compounds
10710,Guanidines,0.98,CHEMONTID:0000375,4,CHEMONTID:0000278,CHEMONTID:0000000;CHEMONTID:0004707;CHEMONTID:0000278;CHEMONTID:0000375,Organic compounds;Organic nitrogen compounds;Organonitrogen compounds;Guanidines
16150,Monoalkylamines,0.97,CHEMONTID:0000469,6,CHEMONTID:0002450,CHEMONTID:0000000;CHEMONTID:0004707;CHEMONTID:0000278;CHEMONTID:0002449;CHEMONTID:0002450;CHEMONTID:0000469,Organic compounds;Organic nitrogen compounds;Organonitrogen compounds;Amines;Primary amines;Monoalkylamines
11586,Carbonyl compounds,0.81,CHEMONTID:0001831,4,CHEMONTID:0000323,CHEMONTID:0000000;CHEMONTID:0004603;CHEMONTID:0000323;CHEMONTID:0001831,Organic compounds;Organic oxygen compounds;Organooxygen compounds;Carbonyl compounds
20669,Alkyl phosphates,0.96,CHEMONTID:0003457,5,CHEMONTID:0000408,CHEMONTID:0000000;CHEMONTID:0000264;CHEMONTID:0000402;CHEMONTID:0000408;CHEMONTID:0003457,Organic compounds;Organic acids and derivatives;Organic phosphoric acids and derivatives;Phosphate esters;Alkyl phosphates
9635,Carbonyl compounds,0.87,CHEMONTID:0001831,4,CHEMONTID:0000323,CHEMONTID:0000000;CHEMONTID:0004603;CHEMONTID:0000323;CHEMONTID:0001831,Organic compounds;Organic oxygen compounds;Organooxygen compounds;Carbonyl compounds
6532,Carboxylic acid amides,0.87,CHEMONTID:0000475,5,CHEMONTID:0001093,CHEMONTID:0000000;CHEMONTID:0000264;CHEMONTID:0000265;CHEMONTID:0001093;CHEMONTID:0000475,Organic compounds;Organic acids and derivatives;Carboxylic acids and derivatives;Carboxylic acid derivatives;Carboxylic acid amides
5587,Dialkyl ethers,0.83,CHEMONTID:0001167,5,CHEMONTID:0000254,CHEMONTID:0000000;CHEMONTID:0004603;CHEMONTID:0000323;CHEMONTID:0000254;CHEMONTID:0001167,Organic compounds;Organic oxygen compounds;Organooxygen compounds;Ethers;Dialkyl ethers
18471,Alcohols and polyols,0.97,CHEMONTID:0000129,4,CHEMONTID:0000323,CHEMONTID:0000000;CHEMONTID:0004603;CHEMONTID:0000323;CHEMONTID:0000129,Organic compounds;Organic oxygen compounds;Organooxygen compounds;Alcohols and polyols
14663,Carbonyl compounds,0.99,CHEMONTID:0001831,4,CHEMONTID:0000323,CHEMONTID:0000000;CHEMONTID:0004603;CHEMONTID:0000323;CHEMONTID:0001831,Organic compounds;Organic oxygen compounds;Organooxygen compounds;Carbonyl compounds
15467,Carboxylic acid derivatives,0.96,CHEMONTID:0001093,4,CHEMONTID:0000265,CHEMONTID:0000000;CHEMONTID:0000264;CHEMONTID:0000265;CHEMONTID:0001093,Organic compounds;Organic acids and derivatives;Carboxylic acids and derivatives;Carboxylic acid derivatives
6745,Dialkyl ethers,0.91,CHEMONTID:0001167,5,CHEMONTID:0000254,CHEMONTID:0000000;CHEMONTID:0004603;CHEMONTID:0000323;CHEMONTID:0000254;CHEMONTID:0001167,Organic compounds;Organic oxygen compounds;Organooxygen compounds;Ethers;Dialkyl ethers
19077,Dialkyl ethers,0.98,CHEMONTID:0001167,5,CHEMONTID:0000254,CHEMONTID:0000000;CHEMONTID:0004603;CHEMONTID:0000323;CHEMONTID:0000254;CHEMONTID:0001167,Organic compounds;Organic oxygen compounds;Organooxygen compounds;Ethers;Dialkyl ethers
11901,Carbonyl compounds,0.98,CHEMONTID:0001831,4,CHEMONTID:0000323,CHEMONTID:0000000;CHEMONTID:0004603;CHEMONTID:0000323;CHEMONTID:0001831,Organic compounds;Organic oxygen compounds;Organooxygen compounds;Carbonyl compounds
5497,Carbonyl compounds,0.9,CHEMONTID:0001831,4,CHEMONTID:0000323,CHEMONTID:0000000;CHEMONTID:0004603;CHEMONTID:0000323;CHEMONTID:0001831,Organic compounds;Organic oxygen compounds;Organooxygen compounds;Carbonyl compounds
6068,Alcohols and polyols,0.88,CHEMONTID:0000129,4,CHEMONTID:0000323,CHEMONTID:0000000;CHEMONTID:0004603;CHEMONTID:0000323;CHEMONTID:0000129,Organic compounds;Organic oxygen compounds;Organooxygen compounds;Alcohols and polyols
19022,Carbonyl compounds,0.95,CHEMONTID:0001831,4,CHEMONTID:0000323,CHEMONTID:0000000;CHEMONTID:0004603;CHEMONTID:0000323;CHEMONTID:0001831,Organic compounds;Organic oxygen compounds;Organooxygen compounds;Carbonyl compounds
5201,Alcohols and polyols,0.87,CHEMONTID:0000129,4,CHEMONTID:0000323,CHEMONTID:0000000;CHEMONTID:0004603;CHEMONTID:0000323;CHEMONTID:0000129,Organic compounds;Organic oxygen compounds;Organooxygen compounds;Alcohols and polyols
8091,Carbonyl compounds,0.88,CHEMONTID:0001831,4,CHEMONTID:0000323,CHEMONTID:0000000;CHEMONTID:0004603;CHEMONTID:0000323;CHEMONTID:0001831,Organic compounds;Organic oxygen compounds;Organooxygen compounds;Carbonyl compounds
10153,Alcohols and polyols,0.98,CHEMONTID:0000129,4,CHEMONTID:0000323,CHEMONTID:0000000;CHEMONTID:0004603;CHEMONTID:0000323;CHEMONTID:0000129,Organic compounds;Organic oxygen compounds;Organooxygen compounds;Alcohols and polyols
17423,Amines,0.88,CHEMONTID:0002449,4,CHEMONTID:0000278,CHEMONTID:0000000;CHEMONTID:0004707;CHEMONTID:0000278;CHEMONTID:0002449,Organic compounds;Organic nitrogen compounds;Organonitrogen compounds;Amines
9243,Carbonyl compounds,0.82,CHEMONTID:0001831,4,CHEMONTID:0000323,CHEMONTID:0000000;CHEMONTID:0004603;CHEMONTID:0000323;CHEMONTID:0001831,Organic compounds;Organic oxygen compounds;Organooxygen compounds;Carbonyl compounds
10804,Alcohols and polyols,1,CHEMONTID:0000129,4,CHEMONTID:0000323,CHEMONTID:0000000;CHEMONTID:0004603;CHEMONTID:0000323;CHEMONTID:0000129,Organic compounds;Organic oxygen compounds;Organooxygen compounds;Alcohols and polyols
13219,Primary amines,0.98,CHEMONTID:0002450,5,CHEMONTID:0002449,CHEMONTID:0000000;CHEMONTID:0004707;CHEMONTID:0000278;CHEMONTID:0002449;CHEMONTID:0002450,Organic compounds;Organic nitrogen compounds;Organonitrogen compounds;Amines;Primary amines
7746,Carbonyl compounds,0.85,CHEMONTID:0001831,4,CHEMONTID:0000323,CHEMONTID:0000000;CHEMONTID:0004603;CHEMONTID:0000323;CHEMONTID:0001831,Organic compounds;Organic oxygen compounds;Organooxygen compounds;Carbonyl compounds
16281,Alcohols and polyols,0.91,CHEMONTID:0000129,4,CHEMONTID:0000323,CHEMONTID:0000000;CHEMONTID:0004603;CHEMONTID:0000323;CHEMONTID:0000129,Organic compounds;Organic oxygen compounds;Organooxygen compounds;Alcohols and polyols
19228,Carboxylic acid derivatives,0.9,CHEMONTID:0001093,4,CHEMONTID:0000265,CHEMONTID:0000000;CHEMONTID:0000264;CHEMONTID:0000265;CHEMONTID:0001093,Organic compounds;Organic acids and derivatives;Carboxylic acids and derivatives;Carboxylic acid derivatives
10145,Carboxylic acid derivatives,0.93,CHEMONTID:0001093,4,CHEMONTID:0000265,CHEMONTID:0000000;CHEMONTID:0000264;CHEMONTID:0000265;CHEMONTID:0001093,Organic compounds;Organic acids and derivatives;Carboxylic acids and derivatives;Carboxylic acid derivatives
12626,Alcohols and polyols,0.85,CHEMONTID:0000129,4,CHEMONTID:0000323,CHEMONTID:0000000;CHEMONTID:0004603;CHEMONTID:0000323;CHEMONTID:0000129,Organic compounds;Organic oxygen compounds;Organooxygen compounds;Alcohols and polyols
17435,Amines,0.98,CHEMONTID:0002449,4,CHEMONTID:0000278,CHEMONTID:0000000;CHEMONTID:0004707;CHEMONTID:0000278;CHEMONTID:0002449,Organic compounds;Organic nitrogen compounds;Organonitrogen compounds;Amines
13424,Carboxylic acid derivatives,0.88,CHEMONTID:0001093,4,CHEMONTID:0000265,CHEMONTID:0000000;CHEMONTID:0000264;CHEMONTID:0000265;CHEMONTID:0001093,Organic compounds;Organic acids and derivatives;Carboxylic acids and derivatives;Carboxylic acid derivatives
7418,Fatty amides,0.9,CHEMONTID:0000331,4,CHEMONTID:0003909,CHEMONTID:0000000;CHEMONTID:0000012;CHEMONTID:0003909;CHEMONTID:0000331,Organic compounds;Lipids and lipid-like molecules;Fatty Acyls;Fatty amides
5272,Carbonyl compounds,0.99,CHEMONTID:0001831,4,CHEMONTID:0000323,CHEMONTID:0000000;CHEMONTID:0004603;CHEMONTID:0000323;CHEMONTID:0001831,Organic compounds;Organic oxygen compounds;Organooxygen compounds;Carbonyl compounds
12021,Alcohols and polyols,0.9,CHEMONTID:0000129,4,CHEMONTID:0000323,CHEMONTID:0000000;CHEMONTID:0004603;CHEMONTID:0000323;CHEMONTID:0000129,Organic compounds;Organic oxygen compounds;Organooxygen compounds;Alcohols and polyols
11384,Amines,0.91,CHEMONTID:0002449,4,CHEMONTID:0000278,CHEMONTID:0000000;CHEMONTID:0004707;CHEMONTID:0000278;CHEMONTID:0002449,Organic compounds;Organic nitrogen compounds;Organonitrogen compounds;Amines
9166,Amines,0.89,CHEMONTID:0002449,4,CHEMONTID:0000278,CHEMONTID:0000000;CHEMONTID:0004707;CHEMONTID:0000278;CHEMONTID:0002449,Organic compounds;Organic nitrogen compounds;Organonitrogen compounds;Amines
3113,Fatty amides,0.93,CHEMONTID:0000331,4,CHEMONTID:0003909,CHEMONTID:0000000;CHEMONTID:0000012;CHEMONTID:0003909;CHEMONTID:0000331,Organic compounds;Lipids and lipid-like molecules;Fatty Acyls;Fatty amides
11404,Carbonyl compounds,0.85,CHEMONTID:0001831,4,CHEMONTID:0000323,CHEMONTID:0000000;CHEMONTID:0004603;CHEMONTID:0000323;CHEMONTID:0001831,Organic compounds;Organic oxygen compounds;Organooxygen compounds;Carbonyl compounds
659,Monoalkylamines,0.83,CHEMONTID:0000469,6,CHEMONTID:0002450,CHEMONTID:0000000;CHEMONTID:0004707;CHEMONTID:0000278;CHEMONTID:0002449;CHEMONTID:0002450;CHEMONTID:0000469,Organic compounds;Organic nitrogen compounds;Organonitrogen compounds;Amines;Primary amines;Monoalkylamines
14914,Primary amines,0.8,CHEMONTID:0002450,5,CHEMONTID:0002449,CHEMONTID:0000000;CHEMONTID:0004707;CHEMONTID:0000278;CHEMONTID:0002449;CHEMONTID:0002450,Organic compounds;Organic nitrogen compounds;Organonitrogen compounds;Amines;Primary amines
3287,Monoalkylamines,1,CHEMONTID:0000469,6,CHEMONTID:0002450,CHEMONTID:0000000;CHEMONTID:0004707;CHEMONTID:0000278;CHEMONTID:0002449;CHEMONTID:0002450;CHEMONTID:0000469,Organic compounds;Organic nitrogen compounds;Organonitrogen compounds;Amines;Primary amines;Monoalkylamines
19322,Alcohols and polyols,0.99,CHEMONTID:0000129,4,CHEMONTID:0000323,CHEMONTID:0000000;CHEMONTID:0004603;CHEMONTID:0000323;CHEMONTID:0000129,Organic compounds;Organic oxygen compounds;Organooxygen compounds;Alcohols and polyols
6648,Phosphate esters,0.9,CHEMONTID:0000408,4,CHEMONTID:0000402,CHEMONTID:0000000;CHEMONTID:0000264;CHEMONTID:0000402;CHEMONTID:0000408,Organic compounds;Organic acids and derivatives;Organic phosphoric acids and derivatives;Phosphate esters
12399,Carboxylic acid derivatives,0.82,CHEMONTID:0001093,4,CHEMONTID:0000265,CHEMONTID:0000000;CHEMONTID:0000264;CHEMONTID:0000265;CHEMONTID:0001093,Organic compounds;Organic acids and derivatives;Carboxylic acids and derivatives;Carboxylic acid derivatives
9246,Monocarboxylic acids and derivatives,0.97,CHEMONTID:0001137,4,CHEMONTID:0000265,CHEMONTID:0000000;CHEMONTID:0000264;CHEMONTID:0000265;CHEMONTID:0001137,Organic compounds;Organic acids and derivatives;Carboxylic acids and derivatives;Monocarboxylic acids and derivatives
7265,Monoalkylamines,0.99,CHEMONTID:0000469,6,CHEMONTID:0002450,CHEMONTID:0000000;CHEMONTID:0004707;CHEMONTID:0000278;CHEMONTID:0002449;CHEMONTID:0002450;CHEMONTID:0000469,Organic compounds;Organic nitrogen compounds;Organonitrogen compounds;Amines;Primary amines;Monoalkylamines
19640,Carbonyl compounds,0.95,CHEMONTID:0001831,4,CHEMONTID:0000323,CHEMONTID:0000000;CHEMONTID:0004603;CHEMONTID:0000323;CHEMONTID:0001831,Organic compounds;Organic oxygen compounds;Organooxygen compounds;Carbonyl compounds
12419,Alcohols and polyols,0.94,CHEMONTID:0000129,4,CHEMONTID:0000323,CHEMONTID:0000000;CHEMONTID:0004603;CHEMONTID:0000323;CHEMONTID:0000129,Organic compounds;Organic oxygen compounds;Organooxygen compounds;Alcohols and polyols
9620,Alcohols and polyols,0.86,CHEMONTID:0000129,4,CHEMONTID:0000323,CHEMONTID:0000000;CHEMONTID:0004603;CHEMONTID:0000323;CHEMONTID:0000129,Organic compounds;Organic oxygen compounds;Organooxygen compounds;Alcohols and polyols
8914,Fatty acid methyl esters,0.92,CHEMONTID:0003417,5,CHEMONTID:0000324,CHEMONTID:0000000;CHEMONTID:0000012;CHEMONTID:0003909;CHEMONTID:0000324;CHEMONTID:0003417,Organic compounds;Lipids and lipid-like molecules;Fatty Acyls;Fatty acid esters;Fatty acid methyl esters
9775,Alcohols and polyols,0.99,CHEMONTID:0000129,4,CHEMONTID:0000323,CHEMONTID:0000000;CHEMONTID:0004603;CHEMONTID:0000323;CHEMONTID:0000129,Organic compounds;Organic oxygen compounds;Organooxygen compounds;Alcohols and polyols
9477,Carboxylic acid derivatives,0.95,CHEMONTID:0001093,4,CHEMONTID:0000265,CHEMONTID:0000000;CHEMONTID:0000264;CHEMONTID:0000265;CHEMONTID:0001093,Organic compounds;Organic acids and derivatives;Carboxylic acids and derivatives;Carboxylic acid derivatives
291,Carbonyl compounds,0.82,CHEMONTID:0001831,4,CHEMONTID:0000323,CHEMONTID:0000000;CHEMONTID:0004603;CHEMONTID:0000323;CHEMONTID:0001831,Organic compounds;Organic oxygen compounds;Organooxygen compounds;Carbonyl compounds
11422,Carbonyl compounds,0.91,CHEMONTID:0001831,4,CHEMONTID:0000323,CHEMONTID:0000000;CHEMONTID:0004603;CHEMONTID:0000323;CHEMONTID:0001831,Organic compounds;Organic oxygen compounds;Organooxygen compounds;Carbonyl compounds
18739,N-acyl amines,0.82,CHEMONTID:0001096,5,CHEMONTID:0000331,CHEMONTID:0000000;CHEMONTID:0000012;CHEMONTID:0003909;CHEMONTID:0000331;CHEMONTID:0001096,Organic compounds;Lipids and lipid-like molecules;Fatty Acyls;Fatty amides;N-acyl amines
3880,Alcohols and polyols,0.97,CHEMONTID:0000129,4,CHEMONTID:0000323,CHEMONTID:0000000;CHEMONTID:0004603;CHEMONTID:0000323;CHEMONTID:0000129,Organic compounds;Organic oxygen compounds;Organooxygen compounds;Alcohols and polyols
1858,Amines,0.91,CHEMONTID:0002449,4,CHEMONTID:0000278,CHEMONTID:0000000;CHEMONTID:0004707;CHEMONTID:0000278;CHEMONTID:0002449,Organic compounds;Organic nitrogen compounds;Organonitrogen compounds;Amines
12989,Alcohols and polyols,1,CHEMONTID:0000129,4,CHEMONTID:0000323,CHEMONTID:0000000;CHEMONTID:0004603;CHEMONTID:0000323;CHEMONTID:0000129,Organic compounds;Organic oxygen compounds;Organooxygen compounds;Alcohols and polyols
15905,Alkyl phosphates,0.99,CHEMONTID:0003457,5,CHEMONTID:0000408,CHEMONTID:0000000;CHEMONTID:0000264;CHEMONTID:0000402;CHEMONTID:0000408;CHEMONTID:0003457,Organic compounds;Organic acids and derivatives;Organic phosphoric acids and derivatives;Phosphate esters;Alkyl phosphates
20083,Primary amines,0.98,CHEMONTID:0002450,5,CHEMONTID:0002449,CHEMONTID:0000000;CHEMONTID:0004707;CHEMONTID:0000278;CHEMONTID:0002449;CHEMONTID:0002450,Organic compounds;Organic nitrogen compounds;Organonitrogen compounds;Amines;Primary amines
4336,Carbonyl compounds,0.89,CHEMONTID:0001831,4,CHEMONTID:0000323,CHEMONTID:0000000;CHEMONTID:0004603;CHEMONTID:0000323;CHEMONTID:0001831,Organic compounds;Organic oxygen compounds;Organooxygen compounds;Carbonyl compounds
13003,N-acyl amines,0.82,CHEMONTID:0001096,5,CHEMONTID:0000331,CHEMONTID:0000000;CHEMONTID:0000012;CHEMONTID:0003909;CHEMONTID:0000331;CHEMONTID:0001096,Organic compounds;Lipids and lipid-like molecules;Fatty Acyls;Fatty amides;N-acyl amines
16438,Carboxylic acid derivatives,0.85,CHEMONTID:0001093,4,CHEMONTID:0000265,CHEMONTID:0000000;CHEMONTID:0000264;CHEMONTID:0000265;CHEMONTID:0001093,Organic compounds;Organic acids and derivatives;Carboxylic acids and derivatives;Carboxylic acid derivatives
6289,Amines,0.99,CHEMONTID:0002449,4,CHEMONTID:0000278,CHEMONTID:0000000;CHEMONTID:0004707;CHEMONTID:0000278;CHEMONTID:0002449,Organic compounds;Organic nitrogen compounds;Organonitrogen compounds;Amines
11463,Primary amines,0.96,CHEMONTID:0002450,5,CHEMONTID:0002449,CHEMONTID:0000000;CHEMONTID:0004707;CHEMONTID:0000278;CHEMONTID:0002449;CHEMONTID:0002450,Organic compounds;Organic nitrogen compounds;Organonitrogen compounds;Amines;Primary amines
12863,Carboxylic acid derivatives,0.92,CHEMONTID:0001093,4,CHEMONTID:0000265,CHEMONTID:0000000;CHEMONTID:0000264;CHEMONTID:0000265;CHEMONTID:0001093,Organic compounds;Organic acids and derivatives;Carboxylic acids and derivatives;Carboxylic acid derivatives
5962,Alcohols and polyols,0.98,CHEMONTID:0000129,4,CHEMONTID:0000323,CHEMONTID:0000000;CHEMONTID:0004603;CHEMONTID:0000323;CHEMONTID:0000129,Organic compounds;Organic oxygen compounds;Organooxygen compounds;Alcohols and polyols
15565,Organic isocyanides,0.87,CHEMONTID:0001306,4,CHEMONTID:0000278,CHEMONTID:0000000;CHEMONTID:0004707;CHEMONTID:0000278;CHEMONTID:0001306,Organic compounds;Organic nitrogen compounds;Organonitrogen compounds;Organic isocyanides
9854,Alcohols and polyols,0.96,CHEMONTID:0000129,4,CHEMONTID:0000323,CHEMONTID:0000000;CHEMONTID:0004603;CHEMONTID:0000323;CHEMONTID:0000129,Organic compounds;Organic oxygen compounds;Organooxygen compounds;Alcohols and polyols
20645,Phosphate esters,0.89,CHEMONTID:0000408,4,CHEMONTID:0000402,CHEMONTID:0000000;CHEMONTID:0000264;CHEMONTID:0000402;CHEMONTID:0000408,Organic compounds;Organic acids and derivatives;Organic phosphoric acids and derivatives;Phosphate esters
17787,Carbonyl compounds,0.97,CHEMONTID:0001831,4,CHEMONTID:0000323,CHEMONTID:0000000;CHEMONTID:0004603;CHEMONTID:0000323;CHEMONTID:0001831,Organic compounds;Organic oxygen compounds;Organooxygen compounds;Carbonyl compounds
3102,Carbonyl compounds,0.96,CHEMONTID:0001831,4,CHEMONTID:0000323,CHEMONTID:0000000;CHEMONTID:0004603;CHEMONTID:0000323;CHEMONTID:0001831,Organic compounds;Organic oxygen compounds;Organooxygen compounds;Carbonyl compounds
3475,Carboxylic acid derivatives,1,CHEMONTID:0001093,4,CHEMONTID:0000265,CHEMONTID:0000000;CHEMONTID:0000264;CHEMONTID:0000265;CHEMONTID:0001093,Organic compounds;Organic acids and derivatives;Carboxylic acids and derivatives;Carboxylic acid derivatives
16816,Amines,0.96,CHEMONTID:0002449,4,CHEMONTID:0000278,CHEMONTID:0000000;CHEMONTID:0004707;CHEMONTID:0000278;CHEMONTID:0002449,Organic compounds;Organic nitrogen compounds;Organonitrogen compounds;Amines
10833,Monoalkylamines,0.96,CHEMONTID:0000469,6,CHEMONTID:0002450,CHEMONTID:0000000;CHEMONTID:0004707;CHEMONTID:0000278;CHEMONTID:0002449;CHEMONTID:0002450;CHEMONTID:0000469,Organic compounds;Organic nitrogen compounds;Organonitrogen compounds;Amines;Primary amines;Monoalkylamines
17750,N-substituted imidazoles,0.98,CHEMONTID:0002311,6,CHEMONTID:0002310,CHEMONTID:0000000;CHEMONTID:0000002;CHEMONTID:0000436;CHEMONTID:0000078;CHEMONTID:0002310;CHEMONTID:0002311,Organic compounds;Organoheterocyclic compounds;Azoles;Imidazoles;Substituted imidazoles;N-substituted imidazoles
4135,Carbonyl compounds,0.9,CHEMONTID:0001831,4,CHEMONTID:0000323,CHEMONTID:0000000;CHEMONTID:0004603;CHEMONTID:0000323;CHEMONTID:0001831,Organic compounds;Organic oxygen compounds;Organooxygen compounds;Carbonyl compounds
14955,Cyclic alcohols and derivatives,0.91,CHEMONTID:0001292,5,CHEMONTID:0000129,CHEMONTID:0000000;CHEMONTID:0004603;CHEMONTID:0000323;CHEMONTID:0000129;CHEMONTID:0001292,Organic compounds;Organic oxygen compounds;Organooxygen compounds;Alcohols and polyols;Cyclic alcohols and derivatives
8520,Carbonyl compounds,0.94,CHEMONTID:0001831,4,CHEMONTID:0000323,CHEMONTID:0000000;CHEMONTID:0004603;CHEMONTID:0000323;CHEMONTID:0001831,Organic compounds;Organic oxygen compounds;Organooxygen compounds;Carbonyl compounds
2306,Primary amines,0.92,CHEMONTID:0002450,5,CHEMONTID:0002449,CHEMONTID:0000000;CHEMONTID:0004707;CHEMONTID:0000278;CHEMONTID:0002449;CHEMONTID:0002450,Organic compounds;Organic nitrogen compounds;Organonitrogen compounds;Amines;Primary amines
17881,Amines,0.97,CHEMONTID:0002449,4,CHEMONTID:0000278,CHEMONTID:0000000;CHEMONTID:0004707;CHEMONTID:0000278;CHEMONTID:0002449,Organic compounds;Organic nitrogen compounds;Organonitrogen compounds;Amines
2280,Alcohols and polyols,0.91,CHEMONTID:0000129,4,CHEMONTID:0000323,CHEMONTID:0000000;CHEMONTID:0004603;CHEMONTID:0000323;CHEMONTID:0000129,Organic compounds;Organic oxygen compounds;Organooxygen compounds;Alcohols and polyols
12667,Carboxylic acid derivatives,0.95,CHEMONTID:0001093,4,CHEMONTID:0000265,CHEMONTID:0000000;CHEMONTID:0000264;CHEMONTID:0000265;CHEMONTID:0001093,Organic compounds;Organic acids and derivatives;Carboxylic acids and derivatives;Carboxylic acid derivatives
12925,Methyl esters,0.95,CHEMONTID:0003416,6,CHEMONTID:0001238,CHEMONTID:0000000;CHEMONTID:0000264;CHEMONTID:0000265;CHEMONTID:0001093;CHEMONTID:0001238;CHEMONTID:0003416,Organic compounds;Organic acids and derivatives;Carboxylic acids and derivatives;Carboxylic acid derivatives;Carboxylic acid esters;Methyl esters
20653,Alcohols and polyols,0.99,CHEMONTID:0000129,4,CHEMONTID:0000323,CHEMONTID:0000000;CHEMONTID:0004603;CHEMONTID:0000323;CHEMONTID:0000129,Organic compounds;Organic oxygen compounds;Organooxygen compounds;Alcohols and polyols
11513,Androstane steroids,0.81,CHEMONTID:0003568,4,CHEMONTID:0000258,CHEMONTID:0000000;CHEMONTID:0000012;CHEMONTID:0000258;CHEMONTID:0003568,Organic compounds;Lipids and lipid-like molecules;Steroids and steroid derivatives;Androstane steroids
18573,Carbonyl compounds,0.98,CHEMONTID:0001831,4,CHEMONTID:0000323,CHEMONTID:0000000;CHEMONTID:0004603;CHEMONTID:0000323;CHEMONTID:0001831,Organic compounds;Organic oxygen compounds;Organooxygen compounds;Carbonyl compounds
19979,Carbonyl compounds,0.86,CHEMONTID:0001831,4,CHEMONTID:0000323,CHEMONTID:0000000;CHEMONTID:0004603;CHEMONTID:0000323;CHEMONTID:0001831,Organic compounds;Organic oxygen compounds;Organooxygen compounds;Carbonyl compounds
16122,Carbonyl compounds,0.98,CHEMONTID:0001831,4,CHEMONTID:0000323,CHEMONTID:0000000;CHEMONTID:0004603;CHEMONTID:0000323;CHEMONTID:0001831,Organic compounds;Organic oxygen compounds;Organooxygen compounds;Carbonyl compounds
7409,Dialkyl ethers,0.96,CHEMONTID:0001167,5,CHEMONTID:0000254,CHEMONTID:0000000;CHEMONTID:0004603;CHEMONTID:0000323;CHEMONTID:0000254;CHEMONTID:0001167,Organic compounds;Organic oxygen compounds;Organooxygen compounds;Ethers;Dialkyl ethers
5263,Carboxylic acid derivatives,1,CHEMONTID:0001093,4,CHEMONTID:0000265,CHEMONTID:0000000;CHEMONTID:0000264;CHEMONTID:0000265;CHEMONTID:0001093,Organic compounds;Organic acids and derivatives;Carboxylic acids and derivatives;Carboxylic acid derivatives
4578,Alcohols and polyols,0.94,CHEMONTID:0000129,4,CHEMONTID:0000323,CHEMONTID:0000000;CHEMONTID:0004603;CHEMONTID:0000323;CHEMONTID:0000129,Organic compounds;Organic oxygen compounds;Organooxygen compounds;Alcohols and polyols
20288,"Amino acids, peptides, and analogues",0.99,CHEMONTID:0000013,4,CHEMONTID:0000265,CHEMONTID:0000000;CHEMONTID:0000264;CHEMONTID:0000265;CHEMONTID:0000013,"Organic compounds;Organic acids and derivatives;Carboxylic acids and derivatives;Amino acids, peptides, and analogues"
1576,Amines,0.84,CHEMONTID:0002449,4,CHEMONTID:0000278,CHEMONTID:0000000;CHEMONTID:0004707;CHEMONTID:0000278;CHEMONTID:0002449,Organic compounds;Organic nitrogen compounds;Organonitrogen compounds;Amines
10845,Carboxylic acid derivatives,0.99,CHEMONTID:0001093,4,CHEMONTID:0000265,CHEMONTID:0000000;CHEMONTID:0000264;CHEMONTID:0000265;CHEMONTID:0001093,Organic compounds;Organic acids and derivatives;Carboxylic acids and derivatives;Carboxylic acid derivatives
16996,Carbonyl compounds,0.88,CHEMONTID:0001831,4,CHEMONTID:0000323,CHEMONTID:0000000;CHEMONTID:0004603;CHEMONTID:0000323;CHEMONTID:0001831,Organic compounds;Organic oxygen compounds;Organooxygen compounds;Carbonyl compounds
19036,Carboxylic acid derivatives,0.93,CHEMONTID:0001093,4,CHEMONTID:0000265,CHEMONTID:0000000;CHEMONTID:0000264;CHEMONTID:0000265;CHEMONTID:0001093,Organic compounds;Organic acids and derivatives;Carboxylic acids and derivatives;Carboxylic acid derivatives
13644,Carbonyl compounds,0.9,CHEMONTID:0001831,4,CHEMONTID:0000323,CHEMONTID:0000000;CHEMONTID:0004603;CHEMONTID:0000323;CHEMONTID:0001831,Organic compounds;Organic oxygen compounds;Organooxygen compounds;Carbonyl compounds
6662,Dialkyl ethers,0.8,CHEMONTID:0001167,5,CHEMONTID:0000254,CHEMONTID:0000000;CHEMONTID:0004603;CHEMONTID:0000323;CHEMONTID:0000254;CHEMONTID:0001167,Organic compounds;Organic oxygen compounds;Organooxygen compounds;Ethers;Dialkyl ethers
12356,Carbonyl compounds,0.99,CHEMONTID:0001831,4,CHEMONTID:0000323,CHEMONTID:0000000;CHEMONTID:0004603;CHEMONTID:0000323;CHEMONTID:0001831,Organic compounds;Organic oxygen compounds;Organooxygen compounds;Carbonyl compounds
6239,Alcohols and polyols,0.92,CHEMONTID:0000129,4,CHEMONTID:0000323,CHEMONTID:0000000;CHEMONTID:0004603;CHEMONTID:0000323;CHEMONTID:0000129,Organic compounds;Organic oxygen compounds;Organooxygen compounds;Alcohols and polyols
7554,Carbonyl compounds,0.92,CHEMONTID:0001831,4,CHEMONTID:0000323,CHEMONTID:0000000;CHEMONTID:0004603;CHEMONTID:0000323;CHEMONTID:0001831,Organic compounds;Organic oxygen compounds;Organooxygen compounds;Carbonyl compounds
11260,Monoalkylamines,0.96,CHEMONTID:0000469,6,CHEMONTID:0002450,CHEMONTID:0000000;CHEMONTID:0004707;CHEMONTID:0000278;CHEMONTID:0002449;CHEMONTID:0002450;CHEMONTID:0000469,Organic compounds;Organic nitrogen compounds;Organonitrogen compounds;Amines;Primary amines;Monoalkylamines
3139,Carbonyl compounds,0.85,CHEMONTID:0001831,4,CHEMONTID:0000323,CHEMONTID:0000000;CHEMONTID:0004603;CHEMONTID:0000323;CHEMONTID:0001831,Organic compounds;Organic oxygen compounds;Organooxygen compounds;Carbonyl compounds
18430,Carbonyl compounds,0.84,CHEMONTID:0001831,4,CHEMONTID:0000323,CHEMONTID:0000000;CHEMONTID:0004603;CHEMONTID:0000323;CHEMONTID:0001831,Organic compounds;Organic oxygen compounds;Organooxygen compounds;Carbonyl compounds
16189,Pyrimidines and pyrimidine derivatives,1,CHEMONTID:0000075,4,CHEMONTID:0001346,CHEMONTID:0000000;CHEMONTID:0000002;CHEMONTID:0001346;CHEMONTID:0000075,Organic compounds;Organoheterocyclic compounds;Diazines;Pyrimidines and pyrimidine derivatives
66,Alcohols and polyols,0.98,CHEMONTID:0000129,4,CHEMONTID:0000323,CHEMONTID:0000000;CHEMONTID:0004603;CHEMONTID:0000323;CHEMONTID:0000129,Organic compounds;Organic oxygen compounds;Organooxygen compounds;Alcohols and polyols
4860,Secondary alcohols,1,CHEMONTID:0001661,5,CHEMONTID:0000129,CHEMONTID:0000000;CHEMONTID:0004603;CHEMONTID:0000323;CHEMONTID:0000129;CHEMONTID:0001661,Organic compounds;Organic oxygen compounds;Organooxygen compounds;Alcohols and polyols;Secondary alcohols
8815,Alcohols and polyols,0.94,CHEMONTID:0000129,4,CHEMONTID:0000323,CHEMONTID:0000000;CHEMONTID:0004603;CHEMONTID:0000323;CHEMONTID:0000129,Organic compounds;Organic oxygen compounds;Organooxygen compounds;Alcohols and polyols
11126,Monocarboxylic acids and derivatives,0.83,CHEMONTID:0001137,4,CHEMONTID:0000265,CHEMONTID:0000000;CHEMONTID:0000264;CHEMONTID:0000265;CHEMONTID:0001137,Organic compounds;Organic acids and derivatives;Carboxylic acids and derivatives;Monocarboxylic acids and derivatives
11228,Amines,0.91,CHEMONTID:0002449,4,CHEMONTID:0000278,CHEMONTID:0000000;CHEMONTID:0004707;CHEMONTID:0000278;CHEMONTID:0002449,Organic compounds;Organic nitrogen compounds;Organonitrogen compounds;Amines
1554,Alcohols and polyols,0.94,CHEMONTID:0000129,4,CHEMONTID:0000323,CHEMONTID:0000000;CHEMONTID:0004603;CHEMONTID:0000323;CHEMONTID:0000129,Organic compounds;Organic oxygen compounds;Organooxygen compounds;Alcohols and polyols
10481,Carbonyl compounds,0.95,CHEMONTID:0001831,4,CHEMONTID:0000323,CHEMONTID:0000000;CHEMONTID:0004603;CHEMONTID:0000323;CHEMONTID:0001831,Organic compounds;Organic oxygen compounds;Organooxygen compounds;Carbonyl compounds
11716,Organic phosphonic acids,0.91,CHEMONTID:0001302,4,CHEMONTID:0000419,CHEMONTID:0000000;CHEMONTID:0000264;CHEMONTID:0000419;CHEMONTID:0001302,Organic compounds;Organic acids and derivatives;Organic phosphonic acids and derivatives;Organic phosphonic acids
11362,Monosaccharides,0.89,CHEMONTID:0001540,5,CHEMONTID:0000011,CHEMONTID:0000000;CHEMONTID:0004603;CHEMONTID:0000323;CHEMONTID:0000011;CHEMONTID:0001540,Organic compounds;Organic oxygen compounds;Organooxygen compounds;Carbohydrates and carbohydrate conjugates;Monosaccharides
14865,Monoalkylamines,0.96,CHEMONTID:0000469,6,CHEMONTID:0002450,CHEMONTID:0000000;CHEMONTID:0004707;CHEMONTID:0000278;CHEMONTID:0002449;CHEMONTID:0002450;CHEMONTID:0000469,Organic compounds;Organic nitrogen compounds;Organonitrogen compounds;Amines;Primary amines;Monoalkylamines
15810,Carbonyl compounds,0.91,CHEMONTID:0001831,4,CHEMONTID:0000323,CHEMONTID:0000000;CHEMONTID:0004603;CHEMONTID:0000323;CHEMONTID:0001831,Organic compounds;Organic oxygen compounds;Organooxygen compounds;Carbonyl compounds
9136,Primary amines,0.87,CHEMONTID:0002450,5,CHEMONTID:0002449,CHEMONTID:0000000;CHEMONTID:0004707;CHEMONTID:0000278;CHEMONTID:0002449;CHEMONTID:0002450,Organic compounds;Organic nitrogen compounds;Organonitrogen compounds;Amines;Primary amines
10500,Amines,0.97,CHEMONTID:0002449,4,CHEMONTID:0000278,CHEMONTID:0000000;CHEMONTID:0004707;CHEMONTID:0000278;CHEMONTID:0002449,Organic compounds;Organic nitrogen compounds;Organonitrogen compounds;Amines
4377,Monocarboxylic acids and derivatives,0.82,CHEMONTID:0001137,4,CHEMONTID:0000265,CHEMONTID:0000000;CHEMONTID:0000264;CHEMONTID:0000265;CHEMONTID:0001137,Organic compounds;Organic acids and derivatives;Carboxylic acids and derivatives;Monocarboxylic acids and derivatives
17024,Guanidines,0.97,CHEMONTID:0000375,4,CHEMONTID:0000278,CHEMONTID:0000000;CHEMONTID:0004707;CHEMONTID:0000278;CHEMONTID:0000375,Organic compounds;Organic nitrogen compounds;Organonitrogen compounds;Guanidines
20523,Carboxylic acid derivatives,0.89,CHEMONTID:0001093,4,CHEMONTID:0000265,CHEMONTID:0000000;CHEMONTID:0000264;CHEMONTID:0000265;CHEMONTID:0001093,Organic compounds;Organic acids and derivatives;Carboxylic acids and derivatives;Carboxylic acid derivatives
352,Dialkyl ethers,0.82,CHEMONTID:0001167,5,CHEMONTID:0000254,CHEMONTID:0000000;CHEMONTID:0004603;CHEMONTID:0000323;CHEMONTID:0000254;CHEMONTID:0001167,Organic compounds;Organic oxygen compounds;Organooxygen compounds;Ethers;Dialkyl ethers
18912,Amines,0.93,CHEMONTID:0002449,4,CHEMONTID:0000278,CHEMONTID:0000000;CHEMONTID:0004707;CHEMONTID:0000278;CHEMONTID:0002449,Organic compounds;Organic nitrogen compounds;Organonitrogen compounds;Amines
9070,Fatty acid methyl esters,0.95,CHEMONTID:0003417,5,CHEMONTID:0000324,CHEMONTID:0000000;CHEMONTID:0000012;CHEMONTID:0003909;CHEMONTID:0000324;CHEMONTID:0003417,Organic compounds;Lipids and lipid-like molecules;Fatty Acyls;Fatty acid esters;Fatty acid methyl esters
19004,Carbonyl compounds,0.91,CHEMONTID:0001831,4,CHEMONTID:0000323,CHEMONTID:0000000;CHEMONTID:0004603;CHEMONTID:0000323;CHEMONTID:0001831,Organic compounds;Organic oxygen compounds;Organooxygen compounds;Carbonyl compounds
15314,Carbonyl compounds,0.98,CHEMONTID:0001831,4,CHEMONTID:0000323,CHEMONTID:0000000;CHEMONTID:0004603;CHEMONTID:0000323;CHEMONTID:0001831,Organic compounds;Organic oxygen compounds;Organooxygen compounds;Carbonyl compounds
7576,Carbonyl compounds,0.97,CHEMONTID:0001831,4,CHEMONTID:0000323,CHEMONTID:0000000;CHEMONTID:0004603;CHEMONTID:0000323;CHEMONTID:0001831,Organic compounds;Organic oxygen compounds;Organooxygen compounds;Carbonyl compounds
18695,Alcohols and polyols,0.98,CHEMONTID:0000129,4,CHEMONTID:0000323,CHEMONTID:0000000;CHEMONTID:0004603;CHEMONTID:0000323;CHEMONTID:0000129,Organic compounds;Organic oxygen compounds;Organooxygen compounds;Alcohols and polyols
14560,Carbonyl compounds,0.98,CHEMONTID:0001831,4,CHEMONTID:0000323,CHEMONTID:0000000;CHEMONTID:0004603;CHEMONTID:0000323;CHEMONTID:0001831,Organic compounds;Organic oxygen compounds;Organooxygen compounds;Carbonyl compounds
20294,Alkyl phosphates,1,CHEMONTID:0003457,5,CHEMONTID:0000408,CHEMONTID:0000000;CHEMONTID:0000264;CHEMONTID:0000402;CHEMONTID:0000408;CHEMONTID:0003457,Organic compounds;Organic acids and derivatives;Organic phosphoric acids and derivatives;Phosphate esters;Alkyl phosphates
8746,Carbonyl compounds,0.99,CHEMONTID:0001831,4,CHEMONTID:0000323,CHEMONTID:0000000;CHEMONTID:0004603;CHEMONTID:0000323;CHEMONTID:0001831,Organic compounds;Organic oxygen compounds;Organooxygen compounds;Carbonyl compounds
17002,Alcohols and polyols,0.81,CHEMONTID:0000129,4,CHEMONTID:0000323,CHEMONTID:0000000;CHEMONTID:0004603;CHEMONTID:0000323;CHEMONTID:0000129,Organic compounds;Organic oxygen compounds;Organooxygen compounds;Alcohols and polyols
5448,Carbohydrates and carbohydrate conjugates,1,CHEMONTID:0000011,4,CHEMONTID:0000323,CHEMONTID:0000000;CHEMONTID:0004603;CHEMONTID:0000323;CHEMONTID:0000011,Organic compounds;Organic oxygen compounds;Organooxygen compounds;Carbohydrates and carbohydrate conjugates
17983,Carboxylic acid derivatives,0.8,CHEMONTID:0001093,4,CHEMONTID:0000265,CHEMONTID:0000000;CHEMONTID:0000264;CHEMONTID:0000265;CHEMONTID:0001093,Organic compounds;Organic acids and derivatives;Carboxylic acids and derivatives;Carboxylic acid derivatives
9332,Amines,0.86,CHEMONTID:0002449,4,CHEMONTID:0000278,CHEMONTID:0000000;CHEMONTID:0004707;CHEMONTID:0000278;CHEMONTID:0002449,Organic compounds;Organic nitrogen compounds;Organonitrogen compounds;Amines
12844,Amines,0.93,CHEMONTID:0002449,4,CHEMONTID:0000278,CHEMONTID:0000000;CHEMONTID:0004707;CHEMONTID:0000278;CHEMONTID:0002449,Organic compounds;Organic nitrogen compounds;Organonitrogen compounds;Amines
17846,Imidazoles,0.95,CHEMONTID:0000078,4,CHEMONTID:0000436,CHEMONTID:0000000;CHEMONTID:0000002;CHEMONTID:0000436;CHEMONTID:0000078,Organic compounds;Organoheterocyclic compounds;Azoles;Imidazoles
5128,Primary amines,0.99,CHEMONTID:0002450,5,CHEMONTID:0002449,CHEMONTID:0000000;CHEMONTID:0004707;CHEMONTID:0000278;CHEMONTID:0002449;CHEMONTID:0002450,Organic compounds;Organic nitrogen compounds;Organonitrogen compounds;Amines;Primary amines
8179,Monoalkylamines,0.94,CHEMONTID:0000469,6,CHEMONTID:0002450,CHEMONTID:0000000;CHEMONTID:0004707;CHEMONTID:0000278;CHEMONTID:0002449;CHEMONTID:0002450;CHEMONTID:0000469,Organic compounds;Organic nitrogen compounds;Organonitrogen compounds;Amines;Primary amines;Monoalkylamines
17329,Carbonyl compounds,0.88,CHEMONTID:0001831,4,CHEMONTID:0000323,CHEMONTID:0000000;CHEMONTID:0004603;CHEMONTID:0000323;CHEMONTID:0001831,Organic compounds;Organic oxygen compounds;Organooxygen compounds;Carbonyl compounds
8324,Primary amines,1,CHEMONTID:0002450,5,CHEMONTID:0002449,CHEMONTID:0000000;CHEMONTID:0004707;CHEMONTID:0000278;CHEMONTID:0002449;CHEMONTID:0002450,Organic compounds;Organic nitrogen compounds;Organonitrogen compounds;Amines;Primary amines
15112,Carbonyl compounds,0.97,CHEMONTID:0001831,4,CHEMONTID:0000323,CHEMONTID:0000000;CHEMONTID:0004603;CHEMONTID:0000323;CHEMONTID:0001831,Organic compounds;Organic oxygen compounds;Organooxygen compounds;Carbonyl compounds
12048,Carbonyl compounds,0.97,CHEMONTID:0001831,4,CHEMONTID:0000323,CHEMONTID:0000000;CHEMONTID:0004603;CHEMONTID:0000323;CHEMONTID:0001831,Organic compounds;Organic oxygen compounds;Organooxygen compounds;Carbonyl compounds
14684,Carbonyl compounds,0.94,CHEMONTID:0001831,4,CHEMONTID:0000323,CHEMONTID:0000000;CHEMONTID:0004603;CHEMONTID:0000323;CHEMONTID:0001831,Organic compounds;Organic oxygen compounds;Organooxygen compounds;Carbonyl compounds
6713,Ethers,0.95,CHEMONTID:0000254,4,CHEMONTID:0000323,CHEMONTID:0000000;CHEMONTID:0004603;CHEMONTID:0000323;CHEMONTID:0000254,Organic compounds;Organic oxygen compounds;Organooxygen compounds;Ethers
11003,Monoalkylamines,0.99,CHEMONTID:0000469,6,CHEMONTID:0002450,CHEMONTID:0000000;CHEMONTID:0004707;CHEMONTID:0000278;CHEMONTID:0002449;CHEMONTID:0002450;CHEMONTID:0000469,Organic compounds;Organic nitrogen compounds;Organonitrogen compounds;Amines;Primary amines;Monoalkylamines
17568,Amines,0.99,CHEMONTID:0002449,4,CHEMONTID:0000278,CHEMONTID:0000000;CHEMONTID:0004707;CHEMONTID:0000278;CHEMONTID:0002449,Organic compounds;Organic nitrogen compounds;Organonitrogen compounds;Amines
8186,Carbonyl compounds,0.99,CHEMONTID:0001831,4,CHEMONTID:0000323,CHEMONTID:0000000;CHEMONTID:0004603;CHEMONTID:0000323;CHEMONTID:0001831,Organic compounds;Organic oxygen compounds;Organooxygen compounds;Carbonyl compounds
8340,Cyclic olefins,0.96,CHEMONTID:0002840,5,CHEMONTID:0002838,CHEMONTID:0000000;CHEMONTID:0002837;CHEMONTID:0004475;CHEMONTID:0002838;CHEMONTID:0002840,Organic compounds;Hydrocarbons;Unsaturated hydrocarbons;Olefins;Cyclic olefins
14534,Carbonyl compounds,0.84,CHEMONTID:0001831,4,CHEMONTID:0000323,CHEMONTID:0000000;CHEMONTID:0004603;CHEMONTID:0000323;CHEMONTID:0001831,Organic compounds;Organic oxygen compounds;Organooxygen compounds;Carbonyl compounds
16739,Tertiary amines,1,CHEMONTID:0002452,5,CHEMONTID:0002449,CHEMONTID:0000000;CHEMONTID:0004707;CHEMONTID:0000278;CHEMONTID:0002449;CHEMONTID:0002452,Organic compounds;Organic nitrogen compounds;Organonitrogen compounds;Amines;Tertiary amines
8456,Carbohydrates and carbohydrate conjugates,0.98,CHEMONTID:0000011,4,CHEMONTID:0000323,CHEMONTID:0000000;CHEMONTID:0004603;CHEMONTID:0000323;CHEMONTID:0000011,Organic compounds;Organic oxygen compounds;Organooxygen compounds;Carbohydrates and carbohydrate conjugates
19693,N-substituted imidazoles,0.99,CHEMONTID:0002311,6,CHEMONTID:0002310,CHEMONTID:0000000;CHEMONTID:0000002;CHEMONTID:0000436;CHEMONTID:0000078;CHEMONTID:0002310;CHEMONTID:0002311,Organic compounds;Organoheterocyclic compounds;Azoles;Imidazoles;Substituted imidazoles;N-substituted imidazoles
19482,Alcohols and polyols,0.96,CHEMONTID:0000129,4,CHEMONTID:0000323,CHEMONTID:0000000;CHEMONTID:0004603;CHEMONTID:0000323;CHEMONTID:0000129,Organic compounds;Organic oxygen compounds;Organooxygen compounds;Alcohols and polyols
13009,Monoalkylamines,0.9,CHEMONTID:0000469,6,CHEMONTID:0002450,CHEMONTID:0000000;CHEMONTID:0004707;CHEMONTID:0000278;CHEMONTID:0002449;CHEMONTID:0002450;CHEMONTID:0000469,Organic compounds;Organic nitrogen compounds;Organonitrogen compounds;Amines;Primary amines;Monoalkylamines
7669,Carbonyl compounds,0.84,CHEMONTID:0001831,4,CHEMONTID:0000323,CHEMONTID:0000000;CHEMONTID:0004603;CHEMONTID:0000323;CHEMONTID:0001831,Organic compounds;Organic oxygen compounds;Organooxygen compounds;Carbonyl compounds
4886,Carbonyl compounds,0.85,CHEMONTID:0001831,4,CHEMONTID:0000323,CHEMONTID:0000000;CHEMONTID:0004603;CHEMONTID:0000323;CHEMONTID:0001831,Organic compounds;Organic oxygen compounds;Organooxygen compounds;Carbonyl compounds
16432,Alpha amino acids and derivatives,1,CHEMONTID:0000060,6,CHEMONTID:0000347,CHEMONTID:0000000;CHEMONTID:0000264;CHEMONTID:0000265;CHEMONTID:0000013;CHEMONTID:0000347;CHEMONTID:0000060,"Organic compounds;Organic acids and derivatives;Carboxylic acids and derivatives;Amino acids, peptides, and analogues;Amino acids and derivatives;Alpha amino acids and derivatives"
16763,"Amino acids, peptides, and analogues",1,CHEMONTID:0000013,4,CHEMONTID:0000265,CHEMONTID:0000000;CHEMONTID:0000264;CHEMONTID:0000265;CHEMONTID:0000013,"Organic compounds;Organic acids and derivatives;Carboxylic acids and derivatives;Amino acids, peptides, and analogues"
7287,Carbonyl compounds,0.98,CHEMONTID:0001831,4,CHEMONTID:0000323,CHEMONTID:0000000;CHEMONTID:0004603;CHEMONTID:0000323;CHEMONTID:0001831,Organic compounds;Organic oxygen compounds;Organooxygen compounds;Carbonyl compounds
3217,Carbonyl compounds,0.95,CHEMONTID:0001831,4,CHEMONTID:0000323,CHEMONTID:0000000;CHEMONTID:0004603;CHEMONTID:0000323;CHEMONTID:0001831,Organic compounds;Organic oxygen compounds;Organooxygen compounds;Carbonyl compounds
9211,Alcohols and polyols,0.85,CHEMONTID:0000129,4,CHEMONTID:0000323,CHEMONTID:0000000;CHEMONTID:0004603;CHEMONTID:0000323;CHEMONTID:0000129,Organic compounds;Organic oxygen compounds;Organooxygen compounds;Alcohols and polyols
12604,Carbonyl compounds,1,CHEMONTID:0001831,4,CHEMONTID:0000323,CHEMONTID:0000000;CHEMONTID:0004603;CHEMONTID:0000323;CHEMONTID:0001831,Organic compounds;Organic oxygen compounds;Organooxygen compounds;Carbonyl compounds
9004,Monocarboxylic acids and derivatives,0.8,CHEMONTID:0001137,4,CHEMONTID:0000265,CHEMONTID:0000000;CHEMONTID:0000264;CHEMONTID:0000265;CHEMONTID:0001137,Organic compounds;Organic acids and derivatives;Carboxylic acids and derivatives;Monocarboxylic acids and derivatives
8795,Carboxylic acid derivatives,0.85,CHEMONTID:0001093,4,CHEMONTID:0000265,CHEMONTID:0000000;CHEMONTID:0000264;CHEMONTID:0000265;CHEMONTID:0001093,Organic compounds;Organic acids and derivatives;Carboxylic acids and derivatives;Carboxylic acid derivatives
10297,Alcohols and polyols,0.96,CHEMONTID:0000129,4,CHEMONTID:0000323,CHEMONTID:0000000;CHEMONTID:0004603;CHEMONTID:0000323;CHEMONTID:0000129,Organic compounds;Organic oxygen compounds;Organooxygen compounds;Alcohols and polyols
7678,Carboxylic acid derivatives,0.98,CHEMONTID:0001093,4,CHEMONTID:0000265,CHEMONTID:0000000;CHEMONTID:0000264;CHEMONTID:0000265;CHEMONTID:0001093,Organic compounds;Organic acids and derivatives;Carboxylic acids and derivatives;Carboxylic acid derivatives
12236,Phosphate esters,0.91,CHEMONTID:0000408,4,CHEMONTID:0000402,CHEMONTID:0000000;CHEMONTID:0000264;CHEMONTID:0000402;CHEMONTID:0000408,Organic compounds;Organic acids and derivatives;Organic phosphoric acids and derivatives;Phosphate esters
12086,Carbonyl compounds,0.92,CHEMONTID:0001831,4,CHEMONTID:0000323,CHEMONTID:0000000;CHEMONTID:0004603;CHEMONTID:0000323;CHEMONTID:0001831,Organic compounds;Organic oxygen compounds;Organooxygen compounds;Carbonyl compounds
9924,Carbonyl compounds,0.9,CHEMONTID:0001831,4,CHEMONTID:0000323,CHEMONTID:0000000;CHEMONTID:0004603;CHEMONTID:0000323;CHEMONTID:0001831,Organic compounds;Organic oxygen compounds;Organooxygen compounds;Carbonyl compounds
6990,Carbonyl compounds,0.9,CHEMONTID:0001831,4,CHEMONTID:0000323,CHEMONTID:0000000;CHEMONTID:0004603;CHEMONTID:0000323;CHEMONTID:0001831,Organic compounds;Organic oxygen compounds;Organooxygen compounds;Carbonyl compounds
7255,Carbonyl compounds,0.86,CHEMONTID:0001831,4,CHEMONTID:0000323,CHEMONTID:0000000;CHEMONTID:0004603;CHEMONTID:0000323;CHEMONTID:0001831,Organic compounds;Organic oxygen compounds;Organooxygen compounds;Carbonyl compounds
13476,Monocarboxylic acids and derivatives,0.92,CHEMONTID:0001137,4,CHEMONTID:0000265,CHEMONTID:0000000;CHEMONTID:0000264;CHEMONTID:0000265;CHEMONTID:0001137,Organic compounds;Organic acids and derivatives;Carboxylic acids and derivatives;Monocarboxylic acids and derivatives
2488,Amines,0.92,CHEMONTID:0002449,4,CHEMONTID:0000278,CHEMONTID:0000000;CHEMONTID:0004707;CHEMONTID:0000278;CHEMONTID:0002449,Organic compounds;Organic nitrogen compounds;Organonitrogen compounds;Amines
8784,Carboxylic acid derivatives,0.96,CHEMONTID:0001093,4,CHEMONTID:0000265,CHEMONTID:0000000;CHEMONTID:0000264;CHEMONTID:0000265;CHEMONTID:0001093,Organic compounds;Organic acids and derivatives;Carboxylic acids and derivatives;Carboxylic acid derivatives
12703,Cyclic alcohols and derivatives,0.93,CHEMONTID:0001292,5,CHEMONTID:0000129,CHEMONTID:0000000;CHEMONTID:0004603;CHEMONTID:0000323;CHEMONTID:0000129;CHEMONTID:0001292,Organic compounds;Organic oxygen compounds;Organooxygen compounds;Alcohols and polyols;Cyclic alcohols and derivatives
3206,Carbonyl compounds,0.81,CHEMONTID:0001831,4,CHEMONTID:0000323,CHEMONTID:0000000;CHEMONTID:0004603;CHEMONTID:0000323;CHEMONTID:0001831,Organic compounds;Organic oxygen compounds;Organooxygen compounds;Carbonyl compounds
7296,Alkyl phosphates,1,CHEMONTID:0003457,5,CHEMONTID:0000408,CHEMONTID:0000000;CHEMONTID:0000264;CHEMONTID:0000402;CHEMONTID:0000408;CHEMONTID:0003457,Organic compounds;Organic acids and derivatives;Organic phosphoric acids and derivatives;Phosphate esters;Alkyl phosphates
10395,Glycosylamines,1,CHEMONTID:0002203,6,CHEMONTID:0002105,CHEMONTID:0000000;CHEMONTID:0004603;CHEMONTID:0000323;CHEMONTID:0000011;CHEMONTID:0002105;CHEMONTID:0002203,Organic compounds;Organic oxygen compounds;Organooxygen compounds;Carbohydrates and carbohydrate conjugates;Glycosyl compounds;Glycosylamines
10515,Alcohols and polyols,0.94,CHEMONTID:0000129,4,CHEMONTID:0000323,CHEMONTID:0000000;CHEMONTID:0004603;CHEMONTID:0000323;CHEMONTID:0000129,Organic compounds;Organic oxygen compounds;Organooxygen compounds;Alcohols and polyols
13274,Alcohols and polyols,0.83,CHEMONTID:0000129,4,CHEMONTID:0000323,CHEMONTID:0000000;CHEMONTID:0004603;CHEMONTID:0000323;CHEMONTID:0000129,Organic compounds;Organic oxygen compounds;Organooxygen compounds;Alcohols and polyols
12873,Alcohols and polyols,0.99,CHEMONTID:0000129,4,CHEMONTID:0000323,CHEMONTID:0000000;CHEMONTID:0004603;CHEMONTID:0000323;CHEMONTID:0000129,Organic compounds;Organic oxygen compounds;Organooxygen compounds;Alcohols and polyols
14575,Monocarboxylic acids and derivatives,0.93,CHEMONTID:0001137,4,CHEMONTID:0000265,CHEMONTID:0000000;CHEMONTID:0000264;CHEMONTID:0000265;CHEMONTID:0001137,Organic compounds;Organic acids and derivatives;Carboxylic acids and derivatives;Monocarboxylic acids and derivatives
17494,Trialkylamines,1,CHEMONTID:0002239,6,CHEMONTID:0002452,CHEMONTID:0000000;CHEMONTID:0004707;CHEMONTID:0000278;CHEMONTID:0002449;CHEMONTID:0002452;CHEMONTID:0002239,Organic compounds;Organic nitrogen compounds;Organonitrogen compounds;Amines;Tertiary amines;Trialkylamines
2546,Carbonyl compounds,0.99,CHEMONTID:0001831,4,CHEMONTID:0000323,CHEMONTID:0000000;CHEMONTID:0004603;CHEMONTID:0000323;CHEMONTID:0001831,Organic compounds;Organic oxygen compounds;Organooxygen compounds;Carbonyl compounds
12958,Carbohydrates and carbohydrate conjugates,0.91,CHEMONTID:0000011,4,CHEMONTID:0000323,CHEMONTID:0000000;CHEMONTID:0004603;CHEMONTID:0000323;CHEMONTID:0000011,Organic compounds;Organic oxygen compounds;Organooxygen compounds;Carbohydrates and carbohydrate conjugates
14996,Amines,0.99,CHEMONTID:0002449,4,CHEMONTID:0000278,CHEMONTID:0000000;CHEMONTID:0004707;CHEMONTID:0000278;CHEMONTID:0002449,Organic compounds;Organic nitrogen compounds;Organonitrogen compounds;Amines
6316,Carbonyl compounds,0.99,CHEMONTID:0001831,4,CHEMONTID:0000323,CHEMONTID:0000000;CHEMONTID:0004603;CHEMONTID:0000323;CHEMONTID:0001831,Organic compounds;Organic oxygen compounds;Organooxygen compounds;Carbonyl compounds
799,Alcohols and polyols,0.92,CHEMONTID:0000129,4,CHEMONTID:0000323,CHEMONTID:0000000;CHEMONTID:0004603;CHEMONTID:0000323;CHEMONTID:0000129,Organic compounds;Organic oxygen compounds;Organooxygen compounds;Alcohols and polyols
14909,Carbonyl compounds,0.87,CHEMONTID:0001831,4,CHEMONTID:0000323,CHEMONTID:0000000;CHEMONTID:0004603;CHEMONTID:0000323;CHEMONTID:0001831,Organic compounds;Organic oxygen compounds;Organooxygen compounds;Carbonyl compounds
13587,Carbonyl compounds,0.93,CHEMONTID:0001831,4,CHEMONTID:0000323,CHEMONTID:0000000;CHEMONTID:0004603;CHEMONTID:0000323;CHEMONTID:0001831,Organic compounds;Organic oxygen compounds;Organooxygen compounds;Carbonyl compounds
13350,Monoalkylamines,0.97,CHEMONTID:0000469,6,CHEMONTID:0002450,CHEMONTID:0000000;CHEMONTID:0004707;CHEMONTID:0000278;CHEMONTID:0002449;CHEMONTID:0002450;CHEMONTID:0000469,Organic compounds;Organic nitrogen compounds;Organonitrogen compounds;Amines;Primary amines;Monoalkylamines
8351,Carboxylic acid derivatives,1,CHEMONTID:0001093,4,CHEMONTID:0000265,CHEMONTID:0000000;CHEMONTID:0000264;CHEMONTID:0000265;CHEMONTID:0001093,Organic compounds;Organic acids and derivatives;Carboxylic acids and derivatives;Carboxylic acid derivatives
2032,Dialkyl ethers,0.97,CHEMONTID:0001167,5,CHEMONTID:0000254,CHEMONTID:0000000;CHEMONTID:0004603;CHEMONTID:0000323;CHEMONTID:0000254;CHEMONTID:0001167,Organic compounds;Organic oxygen compounds;Organooxygen compounds;Ethers;Dialkyl ethers
2239,Carbonyl compounds,0.91,CHEMONTID:0001831,4,CHEMONTID:0000323,CHEMONTID:0000000;CHEMONTID:0004603;CHEMONTID:0000323;CHEMONTID:0001831,Organic compounds;Organic oxygen compounds;Organooxygen compounds;Carbonyl compounds
17888,Monoalkylamines,0.96,CHEMONTID:0000469,6,CHEMONTID:0002450,CHEMONTID:0000000;CHEMONTID:0004707;CHEMONTID:0000278;CHEMONTID:0002449;CHEMONTID:0002450;CHEMONTID:0000469,Organic compounds;Organic nitrogen compounds;Organonitrogen compounds;Amines;Primary amines;Monoalkylamines
7567,Carbonyl compounds,0.96,CHEMONTID:0001831,4,CHEMONTID:0000323,CHEMONTID:0000000;CHEMONTID:0004603;CHEMONTID:0000323;CHEMONTID:0001831,Organic compounds;Organic oxygen compounds;Organooxygen compounds;Carbonyl compounds
4388,Carbonyl compounds,0.94,CHEMONTID:0001831,4,CHEMONTID:0000323,CHEMONTID:0000000;CHEMONTID:0004603;CHEMONTID:0000323;CHEMONTID:0001831,Organic compounds;Organic oxygen compounds;Organooxygen compounds;Carbonyl compounds
9061,Amines,0.85,CHEMONTID:0002449,4,CHEMONTID:0000278,CHEMONTID:0000000;CHEMONTID:0004707;CHEMONTID:0000278;CHEMONTID:0002449,Organic compounds;Organic nitrogen compounds;Organonitrogen compounds;Amines
9141,"Amino acids, peptides, and analogues",0.84,CHEMONTID:0000013,4,CHEMONTID:0000265,CHEMONTID:0000000;CHEMONTID:0000264;CHEMONTID:0000265;CHEMONTID:0000013,"Organic compounds;Organic acids and derivatives;Carboxylic acids and derivatives;Amino acids, peptides, and analogues"
9828,Amines,0.95,CHEMONTID:0002449,4,CHEMONTID:0000278,CHEMONTID:0000000;CHEMONTID:0004707;CHEMONTID:0000278;CHEMONTID:0002449,Organic compounds;Organic nitrogen compounds;Organonitrogen compounds;Amines
2352,Carbonyl compounds,0.94,CHEMONTID:0001831,4,CHEMONTID:0000323,CHEMONTID:0000000;CHEMONTID:0004603;CHEMONTID:0000323;CHEMONTID:0001831,Organic compounds;Organic oxygen compounds;Organooxygen compounds;Carbonyl compounds
11485,Phosphate esters,0.9,CHEMONTID:0000408,4,CHEMONTID:0000402,CHEMONTID:0000000;CHEMONTID:0000264;CHEMONTID:0000402;CHEMONTID:0000408,Organic compounds;Organic acids and derivatives;Organic phosphoric acids and derivatives;Phosphate esters
16633,Dialkyl ethers,0.97,CHEMONTID:0001167,5,CHEMONTID:0000254,CHEMONTID:0000000;CHEMONTID:0004603;CHEMONTID:0000323;CHEMONTID:0000254;CHEMONTID:0001167,Organic compounds;Organic oxygen compounds;Organooxygen compounds;Ethers;Dialkyl ethers
2379,Carbohydrates and carbohydrate conjugates,0.99,CHEMONTID:0000011,4,CHEMONTID:0000323,CHEMONTID:0000000;CHEMONTID:0004603;CHEMONTID:0000323;CHEMONTID:0000011,Organic compounds;Organic oxygen compounds;Organooxygen compounds;Carbohydrates and carbohydrate conjugates
8757,Ethers,0.87,CHEMONTID:0000254,4,CHEMONTID:0000323,CHEMONTID:0000000;CHEMONTID:0004603;CHEMONTID:0000323;CHEMONTID:0000254,Organic compounds;Organic oxygen compounds;Organooxygen compounds;Ethers
10738,Alpha amino acid amides,0.99,CHEMONTID:0002309,7,CHEMONTID:0000060,CHEMONTID:0000000;CHEMONTID:0000264;CHEMONTID:0000265;CHEMONTID:0000013;CHEMONTID:0000347;CHEMONTID:0000060;CHEMONTID:0002309,"Organic compounds;Organic acids and derivatives;Carboxylic acids and derivatives;Amino acids, peptides, and analogues;Amino acids and derivatives;Alpha amino acids and derivatives;Alpha amino acid amides"
10647,Amines,0.87,CHEMONTID:0002449,4,CHEMONTID:0000278,CHEMONTID:0000000;CHEMONTID:0004707;CHEMONTID:0000278;CHEMONTID:0002449,Organic compounds;Organic nitrogen compounds;Organonitrogen compounds;Amines
12808,Carboxylic acid derivatives,0.93,CHEMONTID:0001093,4,CHEMONTID:0000265,CHEMONTID:0000000;CHEMONTID:0000264;CHEMONTID:0000265;CHEMONTID:0001093,Organic compounds;Organic acids and derivatives;Carboxylic acids and derivatives;Carboxylic acid derivatives
20663,Carbonyl compounds,0.96,CHEMONTID:0001831,4,CHEMONTID:0000323,CHEMONTID:0000000;CHEMONTID:0004603;CHEMONTID:0000323;CHEMONTID:0001831,Organic compounds;Organic oxygen compounds;Organooxygen compounds;Carbonyl compounds
1184,Carbonyl compounds,0.85,CHEMONTID:0001831,4,CHEMONTID:0000323,CHEMONTID:0000000;CHEMONTID:0004603;CHEMONTID:0000323;CHEMONTID:0001831,Organic compounds;Organic oxygen compounds;Organooxygen compounds;Carbonyl compounds
6945,Alcohols and polyols,0.99,CHEMONTID:0000129,4,CHEMONTID:0000323,CHEMONTID:0000000;CHEMONTID:0004603;CHEMONTID:0000323;CHEMONTID:0000129,Organic compounds;Organic oxygen compounds;Organooxygen compounds;Alcohols and polyols
20701,Carboxylic acid derivatives,0.81,CHEMONTID:0001093,4,CHEMONTID:0000265,CHEMONTID:0000000;CHEMONTID:0000264;CHEMONTID:0000265;CHEMONTID:0001093,Organic compounds;Organic acids and derivatives;Carboxylic acids and derivatives;Carboxylic acid derivatives
8804,Carbonyl compounds,0.96,CHEMONTID:0001831,4,CHEMONTID:0000323,CHEMONTID:0000000;CHEMONTID:0004603;CHEMONTID:0000323;CHEMONTID:0001831,Organic compounds;Organic oxygen compounds;Organooxygen compounds;Carbonyl compounds
20017,Carboxylic acid derivatives,0.93,CHEMONTID:0001093,4,CHEMONTID:0000265,CHEMONTID:0000000;CHEMONTID:0000264;CHEMONTID:0000265;CHEMONTID:0001093,Organic compounds;Organic acids and derivatives;Carboxylic acids and derivatives;Carboxylic acid derivatives
2267,Carbonyl compounds,0.89,CHEMONTID:0001831,4,CHEMONTID:0000323,CHEMONTID:0000000;CHEMONTID:0004603;CHEMONTID:0000323;CHEMONTID:0001831,Organic compounds;Organic oxygen compounds;Organooxygen compounds;Carbonyl compounds
13065,Alcohols and polyols,0.97,CHEMONTID:0000129,4,CHEMONTID:0000323,CHEMONTID:0000000;CHEMONTID:0004603;CHEMONTID:0000323;CHEMONTID:0000129,Organic compounds;Organic oxygen compounds;Organooxygen compounds;Alcohols and polyols
11269,Alcohols and polyols,0.89,CHEMONTID:0000129,4,CHEMONTID:0000323,CHEMONTID:0000000;CHEMONTID:0004603;CHEMONTID:0000323;CHEMONTID:0000129,Organic compounds;Organic oxygen compounds;Organooxygen compounds;Alcohols and polyols
8699,Alcohols and polyols,0.98,CHEMONTID:0000129,4,CHEMONTID:0000323,CHEMONTID:0000000;CHEMONTID:0004603;CHEMONTID:0000323;CHEMONTID:0000129,Organic compounds;Organic oxygen compounds;Organooxygen compounds;Alcohols and polyols
19705,Monoalkylamines,1,CHEMONTID:0000469,6,CHEMONTID:0002450,CHEMONTID:0000000;CHEMONTID:0004707;CHEMONTID:0000278;CHEMONTID:0002449;CHEMONTID:0002450;CHEMONTID:0000469,Organic compounds;Organic nitrogen compounds;Organonitrogen compounds;Amines;Primary amines;Monoalkylamines
20000,Guanidines,0.94,CHEMONTID:0000375,4,CHEMONTID:0000278,CHEMONTID:0000000;CHEMONTID:0004707;CHEMONTID:0000278;CHEMONTID:0000375,Organic compounds;Organic nitrogen compounds;Organonitrogen compounds;Guanidines
19556,Amines,0.99,CHEMONTID:0002449,4,CHEMONTID:0000278,CHEMONTID:0000000;CHEMONTID:0004707;CHEMONTID:0000278;CHEMONTID:0002449,Organic compounds;Organic nitrogen compounds;Organonitrogen compounds;Amines
7716,Carbonyl compounds,0.83,CHEMONTID:0001831,4,CHEMONTID:0000323,CHEMONTID:0000000;CHEMONTID:0004603;CHEMONTID:0000323;CHEMONTID:0001831,Organic compounds;Organic oxygen compounds;Organooxygen compounds;Carbonyl compounds
12442,Monoalkylamines,1,CHEMONTID:0000469,6,CHEMONTID:0002450,CHEMONTID:0000000;CHEMONTID:0004707;CHEMONTID:0000278;CHEMONTID:0002449;CHEMONTID:0002450;CHEMONTID:0000469,Organic compounds;Organic nitrogen compounds;Organonitrogen compounds;Amines;Primary amines;Monoalkylamines
9127,Carboxylic acid derivatives,0.92,CHEMONTID:0001093,4,CHEMONTID:0000265,CHEMONTID:0000000;CHEMONTID:0000264;CHEMONTID:0000265;CHEMONTID:0001093,Organic compounds;Organic acids and derivatives;Carboxylic acids and derivatives;Carboxylic acid derivatives
14200,Carbonyl compounds,0.98,CHEMONTID:0001831,4,CHEMONTID:0000323,CHEMONTID:0000000;CHEMONTID:0004603;CHEMONTID:0000323;CHEMONTID:0001831,Organic compounds;Organic oxygen compounds;Organooxygen compounds;Carbonyl compounds
5780,Phosphate esters,1,CHEMONTID:0000408,4,CHEMONTID:0000402,CHEMONTID:0000000;CHEMONTID:0000264;CHEMONTID:0000402;CHEMONTID:0000408,Organic compounds;Organic acids and derivatives;Organic phosphoric acids and derivatives;Phosphate esters
14697,Carboxylic acid derivatives,0.91,CHEMONTID:0001093,4,CHEMONTID:0000265,CHEMONTID:0000000;CHEMONTID:0000264;CHEMONTID:0000265;CHEMONTID:0001093,Organic compounds;Organic acids and derivatives;Carboxylic acids and derivatives;Carboxylic acid derivatives
6792,Alcohols and polyols,0.94,CHEMONTID:0000129,4,CHEMONTID:0000323,CHEMONTID:0000000;CHEMONTID:0004603;CHEMONTID:0000323;CHEMONTID:0000129,Organic compounds;Organic oxygen compounds;Organooxygen compounds;Alcohols and polyols
12301,Alcohols and polyols,0.99,CHEMONTID:0000129,4,CHEMONTID:0000323,CHEMONTID:0000000;CHEMONTID:0004603;CHEMONTID:0000323;CHEMONTID:0000129,Organic compounds;Organic oxygen compounds;Organooxygen compounds;Alcohols and polyols
16852,Thiadiazoles,0.94,CHEMONTID:0000093,4,CHEMONTID:0000436,CHEMONTID:0000000;CHEMONTID:0000002;CHEMONTID:0000436;CHEMONTID:0000093,Organic compounds;Organoheterocyclic compounds;Azoles;Thiadiazoles
277,Carboxylic acid derivatives,1,CHEMONTID:0001093,4,CHEMONTID:0000265,CHEMONTID:0000000;CHEMONTID:0000264;CHEMONTID:0000265;CHEMONTID:0001093,Organic compounds;Organic acids and derivatives;Carboxylic acids and derivatives;Carboxylic acid derivatives
8788,Ethers,0.98,CHEMONTID:0000254,4,CHEMONTID:0000323,CHEMONTID:0000000;CHEMONTID:0004603;CHEMONTID:0000323;CHEMONTID:0000254,Organic compounds;Organic oxygen compounds;Organooxygen compounds;Ethers
4340,Alkyl phosphates,0.99,CHEMONTID:0003457,5,CHEMONTID:0000408,CHEMONTID:0000000;CHEMONTID:0000264;CHEMONTID:0000402;CHEMONTID:0000408;CHEMONTID:0003457,Organic compounds;Organic acids and derivatives;Organic phosphoric acids and derivatives;Phosphate esters;Alkyl phosphates
7629,"1,3,5-triazines",0.88,CHEMONTID:0004105,4,CHEMONTID:0000098,CHEMONTID:0000000;CHEMONTID:0000002;CHEMONTID:0000098;CHEMONTID:0004105,"Organic compounds;Organoheterocyclic compounds;Triazines;1,3,5-triazines"
2484,Monoalkylamines,1,CHEMONTID:0000469,6,CHEMONTID:0002450,CHEMONTID:0000000;CHEMONTID:0004707;CHEMONTID:0000278;CHEMONTID:0002449;CHEMONTID:0002450;CHEMONTID:0000469,Organic compounds;Organic nitrogen compounds;Organonitrogen compounds;Amines;Primary amines;Monoalkylamines
587,Amines,0.99,CHEMONTID:0002449,4,CHEMONTID:0000278,CHEMONTID:0000000;CHEMONTID:0004707;CHEMONTID:0000278;CHEMONTID:0002449,Organic compounds;Organic nitrogen compounds;Organonitrogen compounds;Amines
16588,Monoalkylamines,0.99,CHEMONTID:0000469,6,CHEMONTID:0002450,CHEMONTID:0000000;CHEMONTID:0004707;CHEMONTID:0000278;CHEMONTID:0002449;CHEMONTID:0002450;CHEMONTID:0000469,Organic compounds;Organic nitrogen compounds;Organonitrogen compounds;Amines;Primary amines;Monoalkylamines
3978,Carbonyl compounds,0.92,CHEMONTID:0001831,4,CHEMONTID:0000323,CHEMONTID:0000000;CHEMONTID:0004603;CHEMONTID:0000323;CHEMONTID:0001831,Organic compounds;Organic oxygen compounds;Organooxygen compounds;Carbonyl compounds
10933,Primary amines,0.94,CHEMONTID:0002450,5,CHEMONTID:0002449,CHEMONTID:0000000;CHEMONTID:0004707;CHEMONTID:0000278;CHEMONTID:0002449;CHEMONTID:0002450,Organic compounds;Organic nitrogen compounds;Organonitrogen compounds;Amines;Primary amines
8891,Phosphate esters,0.94,CHEMONTID:0000408,4,CHEMONTID:0000402,CHEMONTID:0000000;CHEMONTID:0000264;CHEMONTID:0000402;CHEMONTID:0000408,Organic compounds;Organic acids and derivatives;Organic phosphoric acids and derivatives;Phosphate esters
19151,Carbonyl compounds,0.97,CHEMONTID:0001831,4,CHEMONTID:0000323,CHEMONTID:0000000;CHEMONTID:0004603;CHEMONTID:0000323;CHEMONTID:0001831,Organic compounds;Organic oxygen compounds;Organooxygen compounds;Carbonyl compounds
6393,Carbonyl compounds,0.91,CHEMONTID:0001831,4,CHEMONTID:0000323,CHEMONTID:0000000;CHEMONTID:0004603;CHEMONTID:0000323;CHEMONTID:0001831,Organic compounds;Organic oxygen compounds;Organooxygen compounds;Carbonyl compounds
10211,Amino acids and derivatives,0.99,CHEMONTID:0000347,5,CHEMONTID:0000013,CHEMONTID:0000000;CHEMONTID:0000264;CHEMONTID:0000265;CHEMONTID:0000013;CHEMONTID:0000347,"Organic compounds;Organic acids and derivatives;Carboxylic acids and derivatives;Amino acids, peptides, and analogues;Amino acids and derivatives"
8008,Carboxylic acid derivatives,0.95,CHEMONTID:0001093,4,CHEMONTID:0000265,CHEMONTID:0000000;CHEMONTID:0000264;CHEMONTID:0000265;CHEMONTID:0001093,Organic compounds;Organic acids and derivatives;Carboxylic acids and derivatives;Carboxylic acid derivatives
12617,Carboxylic acid derivatives,0.99,CHEMONTID:0001093,4,CHEMONTID:0000265,CHEMONTID:0000000;CHEMONTID:0000264;CHEMONTID:0000265;CHEMONTID:0001093,Organic compounds;Organic acids and derivatives;Carboxylic acids and derivatives;Carboxylic acid derivatives
14149,Fatty amides,0.87,CHEMONTID:0000331,4,CHEMONTID:0003909,CHEMONTID:0000000;CHEMONTID:0000012;CHEMONTID:0003909;CHEMONTID:0000331,Organic compounds;Lipids and lipid-like molecules;Fatty Acyls;Fatty amides
18194,Alpha amino acids and derivatives,1,CHEMONTID:0000060,6,CHEMONTID:0000347,CHEMONTID:0000000;CHEMONTID:0000264;CHEMONTID:0000265;CHEMONTID:0000013;CHEMONTID:0000347;CHEMONTID:0000060,"Organic compounds;Organic acids and derivatives;Carboxylic acids and derivatives;Amino acids, peptides, and analogues;Amino acids and derivatives;Alpha amino acids and derivatives"
353,Amines,0.94,CHEMONTID:0002449,4,CHEMONTID:0000278,CHEMONTID:0000000;CHEMONTID:0004707;CHEMONTID:0000278;CHEMONTID:0002449,Organic compounds;Organic nitrogen compounds;Organonitrogen compounds;Amines
1823,Monoalkylamines,0.94,CHEMONTID:0000469,6,CHEMONTID:0002450,CHEMONTID:0000000;CHEMONTID:0004707;CHEMONTID:0000278;CHEMONTID:0002449;CHEMONTID:0002450;CHEMONTID:0000469,Organic compounds;Organic nitrogen compounds;Organonitrogen compounds;Amines;Primary amines;Monoalkylamines
6396,Carbonyl compounds,0.96,CHEMONTID:0001831,4,CHEMONTID:0000323,CHEMONTID:0000000;CHEMONTID:0004603;CHEMONTID:0000323;CHEMONTID:0001831,Organic compounds;Organic oxygen compounds;Organooxygen compounds;Carbonyl compounds
10173,Monoalkylamines,0.99,CHEMONTID:0000469,6,CHEMONTID:0002450,CHEMONTID:0000000;CHEMONTID:0004707;CHEMONTID:0000278;CHEMONTID:0002449;CHEMONTID:0002450;CHEMONTID:0000469,Organic compounds;Organic nitrogen compounds;Organonitrogen compounds;Amines;Primary amines;Monoalkylamines
3572,Amines,0.94,CHEMONTID:0002449,4,CHEMONTID:0000278,CHEMONTID:0000000;CHEMONTID:0004707;CHEMONTID:0000278;CHEMONTID:0002449,Organic compounds;Organic nitrogen compounds;Organonitrogen compounds;Amines
17403,Amines,1,CHEMONTID:0002449,4,CHEMONTID:0000278,CHEMONTID:0000000;CHEMONTID:0004707;CHEMONTID:0000278;CHEMONTID:0002449,Organic compounds;Organic nitrogen compounds;Organonitrogen compounds;Amines
1167,Carbonyl compounds,0.99,CHEMONTID:0001831,4,CHEMONTID:0000323,CHEMONTID:0000000;CHEMONTID:0004603;CHEMONTID:0000323;CHEMONTID:0001831,Organic compounds;Organic oxygen compounds;Organooxygen compounds;Carbonyl compounds
3024,Carbohydrates and carbohydrate conjugates,0.93,CHEMONTID:0000011,4,CHEMONTID:0000323,CHEMONTID:0000000;CHEMONTID:0004603;CHEMONTID:0000323;CHEMONTID:0000011,Organic compounds;Organic oxygen compounds;Organooxygen compounds;Carbohydrates and carbohydrate conjugates
11168,Carbonyl compounds,0.8,CHEMONTID:0001831,4,CHEMONTID:0000323,CHEMONTID:0000000;CHEMONTID:0004603;CHEMONTID:0000323;CHEMONTID:0001831,Organic compounds;Organic oxygen compounds;Organooxygen compounds;Carbonyl compounds
10165,N-acyl-alpha amino acids and derivatives,1,CHEMONTID:0001189,7,CHEMONTID:0000060,CHEMONTID:0000000;CHEMONTID:0000264;CHEMONTID:0000265;CHEMONTID:0000013;CHEMONTID:0000347;CHEMONTID:0000060;CHEMONTID:0001189,"Organic compounds;Organic acids and derivatives;Carboxylic acids and derivatives;Amino acids, peptides, and analogues;Amino acids and derivatives;Alpha amino acids and derivatives;N-acyl-alpha amino acids and derivatives"
15889,Amines,1,CHEMONTID:0002449,4,CHEMONTID:0000278,CHEMONTID:0000000;CHEMONTID:0004707;CHEMONTID:0000278;CHEMONTID:0002449,Organic compounds;Organic nitrogen compounds;Organonitrogen compounds;Amines
17415,Primary amines,0.91,CHEMONTID:0002450,5,CHEMONTID:0002449,CHEMONTID:0000000;CHEMONTID:0004707;CHEMONTID:0000278;CHEMONTID:0002449;CHEMONTID:0002450,Organic compounds;Organic nitrogen compounds;Organonitrogen compounds;Amines;Primary amines
12327,Guanidines,0.96,CHEMONTID:0000375,4,CHEMONTID:0000278,CHEMONTID:0000000;CHEMONTID:0004707;CHEMONTID:0000278;CHEMONTID:0000375,Organic compounds;Organic nitrogen compounds;Organonitrogen compounds;Guanidines
12767,Carbonyl compounds,0.89,CHEMONTID:0001831,4,CHEMONTID:0000323,CHEMONTID:0000000;CHEMONTID:0004603;CHEMONTID:0000323;CHEMONTID:0001831,Organic compounds;Organic oxygen compounds;Organooxygen compounds;Carbonyl compounds
2254,Carbonyl compounds,0.98,CHEMONTID:0001831,4,CHEMONTID:0000323,CHEMONTID:0000000;CHEMONTID:0004603;CHEMONTID:0000323;CHEMONTID:0001831,Organic compounds;Organic oxygen compounds;Organooxygen compounds;Carbonyl compounds
15214,Monoalkylamines,0.99,CHEMONTID:0000469,6,CHEMONTID:0002450,CHEMONTID:0000000;CHEMONTID:0004707;CHEMONTID:0000278;CHEMONTID:0002449;CHEMONTID:0002450;CHEMONTID:0000469,Organic compounds;Organic nitrogen compounds;Organonitrogen compounds;Amines;Primary amines;Monoalkylamines
18863,Carbonyl compounds,0.83,CHEMONTID:0001831,4,CHEMONTID:0000323,CHEMONTID:0000000;CHEMONTID:0004603;CHEMONTID:0000323;CHEMONTID:0001831,Organic compounds;Organic oxygen compounds;Organooxygen compounds;Carbonyl compounds
623,Amines,0.89,CHEMONTID:0002449,4,CHEMONTID:0000278,CHEMONTID:0000000;CHEMONTID:0004707;CHEMONTID:0000278;CHEMONTID:0002449,Organic compounds;Organic nitrogen compounds;Organonitrogen compounds;Amines
6721,Primary amines,0.98,CHEMONTID:0002450,5,CHEMONTID:0002449,CHEMONTID:0000000;CHEMONTID:0004707;CHEMONTID:0000278;CHEMONTID:0002449;CHEMONTID:0002450,Organic compounds;Organic nitrogen compounds;Organonitrogen compounds;Amines;Primary amines
10097,Alcohols and polyols,0.96,CHEMONTID:0000129,4,CHEMONTID:0000323,CHEMONTID:0000000;CHEMONTID:0004603;CHEMONTID:0000323;CHEMONTID:0000129,Organic compounds;Organic oxygen compounds;Organooxygen compounds;Alcohols and polyols
6596,Carboxylic acid derivatives,0.85,CHEMONTID:0001093,4,CHEMONTID:0000265,CHEMONTID:0000000;CHEMONTID:0000264;CHEMONTID:0000265;CHEMONTID:0001093,Organic compounds;Organic acids and derivatives;Carboxylic acids and derivatives;Carboxylic acid derivatives
4522,Carboxylic acid derivatives,0.94,CHEMONTID:0001093,4,CHEMONTID:0000265,CHEMONTID:0000000;CHEMONTID:0000264;CHEMONTID:0000265;CHEMONTID:0001093,Organic compounds;Organic acids and derivatives;Carboxylic acids and derivatives;Carboxylic acid derivatives
4967,Carbonyl compounds,0.82,CHEMONTID:0001831,4,CHEMONTID:0000323,CHEMONTID:0000000;CHEMONTID:0004603;CHEMONTID:0000323;CHEMONTID:0001831,Organic compounds;Organic oxygen compounds;Organooxygen compounds;Carbonyl compounds
11775,Alcohols and polyols,0.94,CHEMONTID:0000129,4,CHEMONTID:0000323,CHEMONTID:0000000;CHEMONTID:0004603;CHEMONTID:0000323;CHEMONTID:0000129,Organic compounds;Organic oxygen compounds;Organooxygen compounds;Alcohols and polyols
13283,Alkyl phosphates,0.98,CHEMONTID:0003457,5,CHEMONTID:0000408,CHEMONTID:0000000;CHEMONTID:0000264;CHEMONTID:0000402;CHEMONTID:0000408;CHEMONTID:0003457,Organic compounds;Organic acids and derivatives;Organic phosphoric acids and derivatives;Phosphate esters;Alkyl phosphates
12728,Carboxylic acid derivatives,0.96,CHEMONTID:0001093,4,CHEMONTID:0000265,CHEMONTID:0000000;CHEMONTID:0000264;CHEMONTID:0000265;CHEMONTID:0001093,Organic compounds;Organic acids and derivatives;Carboxylic acids and derivatives;Carboxylic acid derivatives
16845,Dialkyl ethers,0.97,CHEMONTID:0001167,5,CHEMONTID:0000254,CHEMONTID:0000000;CHEMONTID:0004603;CHEMONTID:0000323;CHEMONTID:0000254;CHEMONTID:0001167,Organic compounds;Organic oxygen compounds;Organooxygen compounds;Ethers;Dialkyl ethers
6967,Primary amines,0.93,CHEMONTID:0002450,5,CHEMONTID:0002449,CHEMONTID:0000000;CHEMONTID:0004707;CHEMONTID:0000278;CHEMONTID:0002449;CHEMONTID:0002450,Organic compounds;Organic nitrogen compounds;Organonitrogen compounds;Amines;Primary amines
8808,Fatty acids and conjugates,0.93,CHEMONTID:0000262,4,CHEMONTID:0003909,CHEMONTID:0000000;CHEMONTID:0000012;CHEMONTID:0003909;CHEMONTID:0000262,Organic compounds;Lipids and lipid-like molecules;Fatty Acyls;Fatty acids and conjugates
7925,Monoalkylamines,1,CHEMONTID:0000469,6,CHEMONTID:0002450,CHEMONTID:0000000;CHEMONTID:0004707;CHEMONTID:0000278;CHEMONTID:0002449;CHEMONTID:0002450;CHEMONTID:0000469,Organic compounds;Organic nitrogen compounds;Organonitrogen compounds;Amines;Primary amines;Monoalkylamines
16143,Monocarboxylic acids and derivatives,0.91,CHEMONTID:0001137,4,CHEMONTID:0000265,CHEMONTID:0000000;CHEMONTID:0000264;CHEMONTID:0000265;CHEMONTID:0001137,Organic compounds;Organic acids and derivatives;Carboxylic acids and derivatives;Monocarboxylic acids and derivatives
6195,Carbonyl compounds,0.88,CHEMONTID:0001831,4,CHEMONTID:0000323,CHEMONTID:0000000;CHEMONTID:0004603;CHEMONTID:0000323;CHEMONTID:0001831,Organic compounds;Organic oxygen compounds;Organooxygen compounds;Carbonyl compounds
10562,Monoalkylamines,0.98,CHEMONTID:0000469,6,CHEMONTID:0002450,CHEMONTID:0000000;CHEMONTID:0004707;CHEMONTID:0000278;CHEMONTID:0002449;CHEMONTID:0002450;CHEMONTID:0000469,Organic compounds;Organic nitrogen compounds;Organonitrogen compounds;Amines;Primary amines;Monoalkylamines
11019,Carbonyl compounds,0.9,CHEMONTID:0001831,4,CHEMONTID:0000323,CHEMONTID:0000000;CHEMONTID:0004603;CHEMONTID:0000323;CHEMONTID:0001831,Organic compounds;Organic oxygen compounds;Organooxygen compounds;Carbonyl compounds
20501,Pentose phosphates,1,CHEMONTID:0002259,7,CHEMONTID:0001497,CHEMONTID:0000000;CHEMONTID:0004603;CHEMONTID:0000323;CHEMONTID:0000011;CHEMONTID:0001540;CHEMONTID:0001497;CHEMONTID:0002259,Organic compounds;Organic oxygen compounds;Organooxygen compounds;Carbohydrates and carbohydrate conjugates;Monosaccharides;Pentoses;Pentose phosphates
10948,6-aminopurines,0.95,CHEMONTID:0002987,5,CHEMONTID:0000245,CHEMONTID:0000000;CHEMONTID:0000002;CHEMONTID:0001797;CHEMONTID:0000245;CHEMONTID:0002987,Organic compounds;Organoheterocyclic compounds;Imidazopyrimidines;Purines and purine derivatives;6-aminopurines
20462,Carbonyl compounds,0.98,CHEMONTID:0001831,4,CHEMONTID:0000323,CHEMONTID:0000000;CHEMONTID:0004603;CHEMONTID:0000323;CHEMONTID:0001831,Organic compounds;Organic oxygen compounds;Organooxygen compounds;Carbonyl compounds
4533,Monoalkylamines,1,CHEMONTID:0000469,6,CHEMONTID:0002450,CHEMONTID:0000000;CHEMONTID:0004707;CHEMONTID:0000278;CHEMONTID:0002449;CHEMONTID:0002450;CHEMONTID:0000469,Organic compounds;Organic nitrogen compounds;Organonitrogen compounds;Amines;Primary amines;Monoalkylamines
16157,Carbonyl compounds,0.91,CHEMONTID:0001831,4,CHEMONTID:0000323,CHEMONTID:0000000;CHEMONTID:0004603;CHEMONTID:0000323;CHEMONTID:0001831,Organic compounds;Organic oxygen compounds;Organooxygen compounds;Carbonyl compounds
16506,Amines,0.88,CHEMONTID:0002449,4,CHEMONTID:0000278,CHEMONTID:0000000;CHEMONTID:0004707;CHEMONTID:0000278;CHEMONTID:0002449,Organic compounds;Organic nitrogen compounds;Organonitrogen compounds;Amines
6587,Pyrimidines and pyrimidine derivatives,0.99,CHEMONTID:0000075,4,CHEMONTID:0001346,CHEMONTID:0000000;CHEMONTID:0000002;CHEMONTID:0001346;CHEMONTID:0000075,Organic compounds;Organoheterocyclic compounds;Diazines;Pyrimidines and pyrimidine derivatives
5870,Carboxylic acid derivatives,0.96,CHEMONTID:0001093,4,CHEMONTID:0000265,CHEMONTID:0000000;CHEMONTID:0000264;CHEMONTID:0000265;CHEMONTID:0001093,Organic compounds;Organic acids and derivatives;Carboxylic acids and derivatives;Carboxylic acid derivatives
16313,Carbonyl compounds,0.89,CHEMONTID:0001831,4,CHEMONTID:0000323,CHEMONTID:0000000;CHEMONTID:0004603;CHEMONTID:0000323;CHEMONTID:0001831,Organic compounds;Organic oxygen compounds;Organooxygen compounds;Carbonyl compounds
10122,Carboxylic acid derivatives,0.98,CHEMONTID:0001093,4,CHEMONTID:0000265,CHEMONTID:0000000;CHEMONTID:0000264;CHEMONTID:0000265;CHEMONTID:0001093,Organic compounds;Organic acids and derivatives;Carboxylic acids and derivatives;Carboxylic acid derivatives
2007,Carboxylic acids,0.8,CHEMONTID:0001205,4,CHEMONTID:0000265,CHEMONTID:0000000;CHEMONTID:0000264;CHEMONTID:0000265;CHEMONTID:0001205,Organic compounds;Organic acids and derivatives;Carboxylic acids and derivatives;Carboxylic acids
463,Amines,0.95,CHEMONTID:0002449,4,CHEMONTID:0000278,CHEMONTID:0000000;CHEMONTID:0004707;CHEMONTID:0000278;CHEMONTID:0002449,Organic compounds;Organic nitrogen compounds;Organonitrogen compounds;Amines
15926,Alkanolamines,0.91,CHEMONTID:0002460,5,CHEMONTID:0002449,CHEMONTID:0000000;CHEMONTID:0004707;CHEMONTID:0000278;CHEMONTID:0002449;CHEMONTID:0002460,Organic compounds;Organic nitrogen compounds;Organonitrogen compounds;Amines;Alkanolamines
7185,Carbonyl compounds,0.86,CHEMONTID:0001831,4,CHEMONTID:0000323,CHEMONTID:0000000;CHEMONTID:0004603;CHEMONTID:0000323;CHEMONTID:0001831,Organic compounds;Organic oxygen compounds;Organooxygen compounds;Carbonyl compounds
9224,Carbonyl compounds,0.89,CHEMONTID:0001831,4,CHEMONTID:0000323,CHEMONTID:0000000;CHEMONTID:0004603;CHEMONTID:0000323;CHEMONTID:0001831,Organic compounds;Organic oxygen compounds;Organooxygen compounds;Carbonyl compounds
9251,Carbonyl compounds,0.81,CHEMONTID:0001831,4,CHEMONTID:0000323,CHEMONTID:0000000;CHEMONTID:0004603;CHEMONTID:0000323;CHEMONTID:0001831,Organic compounds;Organic oxygen compounds;Organooxygen compounds;Carbonyl compounds
13181,Carbonyl compounds,0.98,CHEMONTID:0001831,4,CHEMONTID:0000323,CHEMONTID:0000000;CHEMONTID:0004603;CHEMONTID:0000323;CHEMONTID:0001831,Organic compounds;Organic oxygen compounds;Organooxygen compounds;Carbonyl compounds
10679,Carboxylic acid derivatives,0.95,CHEMONTID:0001093,4,CHEMONTID:0000265,CHEMONTID:0000000;CHEMONTID:0000264;CHEMONTID:0000265;CHEMONTID:0001093,Organic compounds;Organic acids and derivatives;Carboxylic acids and derivatives;Carboxylic acid derivatives
15561,Amines,0.92,CHEMONTID:0002449,4,CHEMONTID:0000278,CHEMONTID:0000000;CHEMONTID:0004707;CHEMONTID:0000278;CHEMONTID:0002449,Organic compounds;Organic nitrogen compounds;Organonitrogen compounds;Amines
16535,Carboximidamides,0.93,CHEMONTID:0003152,4,CHEMONTID:0000278,CHEMONTID:0000000;CHEMONTID:0004707;CHEMONTID:0000278;CHEMONTID:0003152,Organic compounds;Organic nitrogen compounds;Organonitrogen compounds;Carboximidamides
19716,Carboxylic acid derivatives,1,CHEMONTID:0001093,4,CHEMONTID:0000265,CHEMONTID:0000000;CHEMONTID:0000264;CHEMONTID:0000265;CHEMONTID:0001093,Organic compounds;Organic acids and derivatives;Carboxylic acids and derivatives;Carboxylic acid derivatives
14297,Carbonyl compounds,0.88,CHEMONTID:0001831,4,CHEMONTID:0000323,CHEMONTID:0000000;CHEMONTID:0004603;CHEMONTID:0000323;CHEMONTID:0001831,Organic compounds;Organic oxygen compounds;Organooxygen compounds;Carbonyl compounds
19283,Alcohols and polyols,0.94,CHEMONTID:0000129,4,CHEMONTID:0000323,CHEMONTID:0000000;CHEMONTID:0004603;CHEMONTID:0000323;CHEMONTID:0000129,Organic compounds;Organic oxygen compounds;Organooxygen compounds;Alcohols and polyols
13299,Carbonyl compounds,0.98,CHEMONTID:0001831,4,CHEMONTID:0000323,CHEMONTID:0000000;CHEMONTID:0004603;CHEMONTID:0000323;CHEMONTID:0001831,Organic compounds;Organic oxygen compounds;Organooxygen compounds;Carbonyl compounds
19045,Secondary alcohols,0.88,CHEMONTID:0001661,5,CHEMONTID:0000129,CHEMONTID:0000000;CHEMONTID:0004603;CHEMONTID:0000323;CHEMONTID:0000129;CHEMONTID:0001661,Organic compounds;Organic oxygen compounds;Organooxygen compounds;Alcohols and polyols;Secondary alcohols
13196,Primary amines,1,CHEMONTID:0002450,5,CHEMONTID:0002449,CHEMONTID:0000000;CHEMONTID:0004707;CHEMONTID:0000278;CHEMONTID:0002449;CHEMONTID:0002450,Organic compounds;Organic nitrogen compounds;Organonitrogen compounds;Amines;Primary amines
13564,Monocarboxylic acids and derivatives,0.92,CHEMONTID:0001137,4,CHEMONTID:0000265,CHEMONTID:0000000;CHEMONTID:0000264;CHEMONTID:0000265;CHEMONTID:0001137,Organic compounds;Organic acids and derivatives;Carboxylic acids and derivatives;Monocarboxylic acids and derivatives
5491,Carboxylic acid derivatives,0.98,CHEMONTID:0001093,4,CHEMONTID:0000265,CHEMONTID:0000000;CHEMONTID:0000264;CHEMONTID:0000265;CHEMONTID:0001093,Organic compounds;Organic acids and derivatives;Carboxylic acids and derivatives;Carboxylic acid derivatives
18156,Amines,0.85,CHEMONTID:0002449,4,CHEMONTID:0000278,CHEMONTID:0000000;CHEMONTID:0004707;CHEMONTID:0000278;CHEMONTID:0002449,Organic compounds;Organic nitrogen compounds;Organonitrogen compounds;Amines
798,Alcohols and polyols,0.94,CHEMONTID:0000129,4,CHEMONTID:0000323,CHEMONTID:0000000;CHEMONTID:0004603;CHEMONTID:0000323;CHEMONTID:0000129,Organic compounds;Organic oxygen compounds;Organooxygen compounds;Alcohols and polyols
9846,Monoalkylamines,0.98,CHEMONTID:0000469,6,CHEMONTID:0002450,CHEMONTID:0000000;CHEMONTID:0004707;CHEMONTID:0000278;CHEMONTID:0002449;CHEMONTID:0002450;CHEMONTID:0000469,Organic compounds;Organic nitrogen compounds;Organonitrogen compounds;Amines;Primary amines;Monoalkylamines
12278,Alcohols and polyols,0.98,CHEMONTID:0000129,4,CHEMONTID:0000323,CHEMONTID:0000000;CHEMONTID:0004603;CHEMONTID:0000323;CHEMONTID:0000129,Organic compounds;Organic oxygen compounds;Organooxygen compounds;Alcohols and polyols
15150,Carbonyl compounds,0.8,CHEMONTID:0001831,4,CHEMONTID:0000323,CHEMONTID:0000000;CHEMONTID:0004603;CHEMONTID:0000323;CHEMONTID:0001831,Organic compounds;Organic oxygen compounds;Organooxygen compounds;Carbonyl compounds
19915,Primary amines,1,CHEMONTID:0002450,5,CHEMONTID:0002449,CHEMONTID:0000000;CHEMONTID:0004707;CHEMONTID:0000278;CHEMONTID:0002449;CHEMONTID:0002450,Organic compounds;Organic nitrogen compounds;Organonitrogen compounds;Amines;Primary amines
13367,"Amino acids, peptides, and analogues",0.98,CHEMONTID:0000013,4,CHEMONTID:0000265,CHEMONTID:0000000;CHEMONTID:0000264;CHEMONTID:0000265;CHEMONTID:0000013,"Organic compounds;Organic acids and derivatives;Carboxylic acids and derivatives;Amino acids, peptides, and analogues"
13904,Triazoles,0.93,CHEMONTID:0000099,4,CHEMONTID:0000436,CHEMONTID:0000000;CHEMONTID:0000002;CHEMONTID:0000436;CHEMONTID:0000099,Organic compounds;Organoheterocyclic compounds;Azoles;Triazoles
7135,Carbonyl compounds,0.93,CHEMONTID:0001831,4,CHEMONTID:0000323,CHEMONTID:0000000;CHEMONTID:0004603;CHEMONTID:0000323;CHEMONTID:0001831,Organic compounds;Organic oxygen compounds;Organooxygen compounds;Carbonyl compounds
16511,Carbonyl compounds,0.93,CHEMONTID:0001831,4,CHEMONTID:0000323,CHEMONTID:0000000;CHEMONTID:0004603;CHEMONTID:0000323;CHEMONTID:0001831,Organic compounds;Organic oxygen compounds;Organooxygen compounds;Carbonyl compounds
16473,Carbonyl compounds,0.95,CHEMONTID:0001831,4,CHEMONTID:0000323,CHEMONTID:0000000;CHEMONTID:0004603;CHEMONTID:0000323;CHEMONTID:0001831,Organic compounds;Organic oxygen compounds;Organooxygen compounds;Carbonyl compounds
1363,Monocarboxylic acids and derivatives,0.88,CHEMONTID:0001137,4,CHEMONTID:0000265,CHEMONTID:0000000;CHEMONTID:0000264;CHEMONTID:0000265;CHEMONTID:0001137,Organic compounds;Organic acids and derivatives;Carboxylic acids and derivatives;Monocarboxylic acids and derivatives
6342,Carbonyl compounds,0.97,CHEMONTID:0001831,4,CHEMONTID:0000323,CHEMONTID:0000000;CHEMONTID:0004603;CHEMONTID:0000323;CHEMONTID:0001831,Organic compounds;Organic oxygen compounds;Organooxygen compounds;Carbonyl compounds
18751,Carbonyl compounds,0.87,CHEMONTID:0001831,4,CHEMONTID:0000323,CHEMONTID:0000000;CHEMONTID:0004603;CHEMONTID:0000323;CHEMONTID:0001831,Organic compounds;Organic oxygen compounds;Organooxygen compounds;Carbonyl compounds
8405,Amines,0.9,CHEMONTID:0002449,4,CHEMONTID:0000278,CHEMONTID:0000000;CHEMONTID:0004707;CHEMONTID:0000278;CHEMONTID:0002449,Organic compounds;Organic nitrogen compounds;Organonitrogen compounds;Amines
16174,Guanidines,0.87,CHEMONTID:0000375,4,CHEMONTID:0000278,CHEMONTID:0000000;CHEMONTID:0004707;CHEMONTID:0000278;CHEMONTID:0000375,Organic compounds;Organic nitrogen compounds;Organonitrogen compounds;Guanidines
11669,Alcohols and polyols,0.9,CHEMONTID:0000129,4,CHEMONTID:0000323,CHEMONTID:0000000;CHEMONTID:0004603;CHEMONTID:0000323;CHEMONTID:0000129,Organic compounds;Organic oxygen compounds;Organooxygen compounds;Alcohols and polyols
7638,Alcohols and polyols,0.99,CHEMONTID:0000129,4,CHEMONTID:0000323,CHEMONTID:0000000;CHEMONTID:0004603;CHEMONTID:0000323;CHEMONTID:0000129,Organic compounds;Organic oxygen compounds;Organooxygen compounds;Alcohols and polyols
12065,Amines,0.87,CHEMONTID:0002449,4,CHEMONTID:0000278,CHEMONTID:0000000;CHEMONTID:0004707;CHEMONTID:0000278;CHEMONTID:0002449,Organic compounds;Organic nitrogen compounds;Organonitrogen compounds;Amines
16418,Carbonyl compounds,0.92,CHEMONTID:0001831,4,CHEMONTID:0000323,CHEMONTID:0000000;CHEMONTID:0004603;CHEMONTID:0000323;CHEMONTID:0001831,Organic compounds;Organic oxygen compounds;Organooxygen compounds;Carbonyl compounds
15393,Monoalkylamines,0.96,CHEMONTID:0000469,6,CHEMONTID:0002450,CHEMONTID:0000000;CHEMONTID:0004707;CHEMONTID:0000278;CHEMONTID:0002449;CHEMONTID:0002450;CHEMONTID:0000469,Organic compounds;Organic nitrogen compounds;Organonitrogen compounds;Amines;Primary amines;Monoalkylamines
16479,Carbonyl compounds,0.85,CHEMONTID:0001831,4,CHEMONTID:0000323,CHEMONTID:0000000;CHEMONTID:0004603;CHEMONTID:0000323;CHEMONTID:0001831,Organic compounds;Organic oxygen compounds;Organooxygen compounds;Carbonyl compounds
6268,Amines,0.87,CHEMONTID:0002449,4,CHEMONTID:0000278,CHEMONTID:0000000;CHEMONTID:0004707;CHEMONTID:0000278;CHEMONTID:0002449,Organic compounds;Organic nitrogen compounds;Organonitrogen compounds;Amines
17465,Carbonyl compounds,0.87,CHEMONTID:0001831,4,CHEMONTID:0000323,CHEMONTID:0000000;CHEMONTID:0004603;CHEMONTID:0000323;CHEMONTID:0001831,Organic compounds;Organic oxygen compounds;Organooxygen compounds;Carbonyl compounds
9768,Alcohols and polyols,0.8,CHEMONTID:0000129,4,CHEMONTID:0000323,CHEMONTID:0000000;CHEMONTID:0004603;CHEMONTID:0000323;CHEMONTID:0000129,Organic compounds;Organic oxygen compounds;Organooxygen compounds;Alcohols and polyols
5983,Alcohols and polyols,0.85,CHEMONTID:0000129,4,CHEMONTID:0000323,CHEMONTID:0000000;CHEMONTID:0004603;CHEMONTID:0000323;CHEMONTID:0000129,Organic compounds;Organic oxygen compounds;Organooxygen compounds;Alcohols and polyols
126,Carboxylic acid derivatives,0.81,CHEMONTID:0001093,4,CHEMONTID:0000265,CHEMONTID:0000000;CHEMONTID:0000264;CHEMONTID:0000265;CHEMONTID:0001093,Organic compounds;Organic acids and derivatives;Carboxylic acids and derivatives;Carboxylic acid derivatives
8201,Primary amines,0.99,CHEMONTID:0002450,5,CHEMONTID:0002449,CHEMONTID:0000000;CHEMONTID:0004707;CHEMONTID:0000278;CHEMONTID:0002449;CHEMONTID:0002450,Organic compounds;Organic nitrogen compounds;Organonitrogen compounds;Amines;Primary amines
12624,Carboxylic acid derivatives,0.97,CHEMONTID:0001093,4,CHEMONTID:0000265,CHEMONTID:0000000;CHEMONTID:0000264;CHEMONTID:0000265;CHEMONTID:0001093,Organic compounds;Organic acids and derivatives;Carboxylic acids and derivatives;Carboxylic acid derivatives
19847,Phosphate esters,0.99,CHEMONTID:0000408,4,CHEMONTID:0000402,CHEMONTID:0000000;CHEMONTID:0000264;CHEMONTID:0000402;CHEMONTID:0000408,Organic compounds;Organic acids and derivatives;Organic phosphoric acids and derivatives;Phosphate esters
3146,Secondary alcohols,0.99,CHEMONTID:0001661,5,CHEMONTID:0000129,CHEMONTID:0000000;CHEMONTID:0004603;CHEMONTID:0000323;CHEMONTID:0000129;CHEMONTID:0001661,Organic compounds;Organic oxygen compounds;Organooxygen compounds;Alcohols and polyols;Secondary alcohols
16412,Carbohydrates and carbohydrate conjugates,0.87,CHEMONTID:0000011,4,CHEMONTID:0000323,CHEMONTID:0000000;CHEMONTID:0004603;CHEMONTID:0000323;CHEMONTID:0000011,Organic compounds;Organic oxygen compounds;Organooxygen compounds;Carbohydrates and carbohydrate conjugates
5896,Carbonyl compounds,0.96,CHEMONTID:0001831,4,CHEMONTID:0000323,CHEMONTID:0000000;CHEMONTID:0004603;CHEMONTID:0000323;CHEMONTID:0001831,Organic compounds;Organic oxygen compounds;Organooxygen compounds;Carbonyl compounds
2432,Carbonyl compounds,0.97,CHEMONTID:0001831,4,CHEMONTID:0000323,CHEMONTID:0000000;CHEMONTID:0004603;CHEMONTID:0000323;CHEMONTID:0001831,Organic compounds;Organic oxygen compounds;Organooxygen compounds;Carbonyl compounds
9326,Dialkyl ethers,0.98,CHEMONTID:0001167,5,CHEMONTID:0000254,CHEMONTID:0000000;CHEMONTID:0004603;CHEMONTID:0000323;CHEMONTID:0000254;CHEMONTID:0001167,Organic compounds;Organic oxygen compounds;Organooxygen compounds;Ethers;Dialkyl ethers
19909,Primary carboxylic acid amides,1,CHEMONTID:0001662,6,CHEMONTID:0000475,CHEMONTID:0000000;CHEMONTID:0000264;CHEMONTID:0000265;CHEMONTID:0001093;CHEMONTID:0000475;CHEMONTID:0001662,Organic compounds;Organic acids and derivatives;Carboxylic acids and derivatives;Carboxylic acid derivatives;Carboxylic acid amides;Primary carboxylic acid amides
16440,Carboxylic acid derivatives,0.99,CHEMONTID:0001093,4,CHEMONTID:0000265,CHEMONTID:0000000;CHEMONTID:0000264;CHEMONTID:0000265;CHEMONTID:0001093,Organic compounds;Organic acids and derivatives;Carboxylic acids and derivatives;Carboxylic acid derivatives
658,Monocarboxylic acids and derivatives,0.8,CHEMONTID:0001137,4,CHEMONTID:0000265,CHEMONTID:0000000;CHEMONTID:0000264;CHEMONTID:0000265;CHEMONTID:0001137,Organic compounds;Organic acids and derivatives;Carboxylic acids and derivatives;Monocarboxylic acids and derivatives
1592,Amines,0.86,CHEMONTID:0002449,4,CHEMONTID:0000278,CHEMONTID:0000000;CHEMONTID:0004707;CHEMONTID:0000278;CHEMONTID:0002449,Organic compounds;Organic nitrogen compounds;Organonitrogen compounds;Amines
11886,Carbonyl compounds,0.88,CHEMONTID:0001831,4,CHEMONTID:0000323,CHEMONTID:0000000;CHEMONTID:0004603;CHEMONTID:0000323;CHEMONTID:0001831,Organic compounds;Organic oxygen compounds;Organooxygen compounds;Carbonyl compounds
8132,Amines,0.81,CHEMONTID:0002449,4,CHEMONTID:0000278,CHEMONTID:0000000;CHEMONTID:0004707;CHEMONTID:0000278;CHEMONTID:0002449,Organic compounds;Organic nitrogen compounds;Organonitrogen compounds;Amines
19547,Carboxylic acid derivatives,1,CHEMONTID:0001093,4,CHEMONTID:0000265,CHEMONTID:0000000;CHEMONTID:0000264;CHEMONTID:0000265;CHEMONTID:0001093,Organic compounds;Organic acids and derivatives;Carboxylic acids and derivatives;Carboxylic acid derivatives
5043,Carbonyl compounds,0.89,CHEMONTID:0001831,4,CHEMONTID:0000323,CHEMONTID:0000000;CHEMONTID:0004603;CHEMONTID:0000323;CHEMONTID:0001831,Organic compounds;Organic oxygen compounds;Organooxygen compounds;Carbonyl compounds
7894,Carbonyl compounds,0.93,CHEMONTID:0001831,4,CHEMONTID:0000323,CHEMONTID:0000000;CHEMONTID:0004603;CHEMONTID:0000323;CHEMONTID:0001831,Organic compounds;Organic oxygen compounds;Organooxygen compounds;Carbonyl compounds
9988,Amines,1,CHEMONTID:0002449,4,CHEMONTID:0000278,CHEMONTID:0000000;CHEMONTID:0004707;CHEMONTID:0000278;CHEMONTID:0002449,Organic compounds;Organic nitrogen compounds;Organonitrogen compounds;Amines
18643,"Amino acids, peptides, and analogues",0.99,CHEMONTID:0000013,4,CHEMONTID:0000265,CHEMONTID:0000000;CHEMONTID:0000264;CHEMONTID:0000265;CHEMONTID:0000013,"Organic compounds;Organic acids and derivatives;Carboxylic acids and derivatives;Amino acids, peptides, and analogues"
7985,Carbonyl compounds,0.89,CHEMONTID:0001831,4,CHEMONTID:0000323,CHEMONTID:0000000;CHEMONTID:0004603;CHEMONTID:0000323;CHEMONTID:0001831,Organic compounds;Organic oxygen compounds;Organooxygen compounds;Carbonyl compounds
15996,Carbonyl compounds,0.87,CHEMONTID:0001831,4,CHEMONTID:0000323,CHEMONTID:0000000;CHEMONTID:0004603;CHEMONTID:0000323;CHEMONTID:0001831,Organic compounds;Organic oxygen compounds;Organooxygen compounds;Carbonyl compounds
15881,Carbonyl compounds,0.86,CHEMONTID:0001831,4,CHEMONTID:0000323,CHEMONTID:0000000;CHEMONTID:0004603;CHEMONTID:0000323;CHEMONTID:0001831,Organic compounds;Organic oxygen compounds;Organooxygen compounds;Carbonyl compounds
2797,Carbonyl compounds,0.83,CHEMONTID:0001831,4,CHEMONTID:0000323,CHEMONTID:0000000;CHEMONTID:0004603;CHEMONTID:0000323;CHEMONTID:0001831,Organic compounds;Organic oxygen compounds;Organooxygen compounds;Carbonyl compounds
17543,Monoalkylamines,0.96,CHEMONTID:0000469,6,CHEMONTID:0002450,CHEMONTID:0000000;CHEMONTID:0004707;CHEMONTID:0000278;CHEMONTID:0002449;CHEMONTID:0002450;CHEMONTID:0000469,Organic compounds;Organic nitrogen compounds;Organonitrogen compounds;Amines;Primary amines;Monoalkylamines
11564,Amines,0.95,CHEMONTID:0002449,4,CHEMONTID:0000278,CHEMONTID:0000000;CHEMONTID:0004707;CHEMONTID:0000278;CHEMONTID:0002449,Organic compounds;Organic nitrogen compounds;Organonitrogen compounds;Amines
897,Carbonyl compounds,0.96,CHEMONTID:0001831,4,CHEMONTID:0000323,CHEMONTID:0000000;CHEMONTID:0004603;CHEMONTID:0000323;CHEMONTID:0001831,Organic compounds;Organic oxygen compounds;Organooxygen compounds;Carbonyl compounds
13293,Alcohols and polyols,0.93,CHEMONTID:0000129,4,CHEMONTID:0000323,CHEMONTID:0000000;CHEMONTID:0004603;CHEMONTID:0000323;CHEMONTID:0000129,Organic compounds;Organic oxygen compounds;Organooxygen compounds;Alcohols and polyols
4014,Alkyl phosphates,0.94,CHEMONTID:0003457,5,CHEMONTID:0000408,CHEMONTID:0000000;CHEMONTID:0000264;CHEMONTID:0000402;CHEMONTID:0000408;CHEMONTID:0003457,Organic compounds;Organic acids and derivatives;Organic phosphoric acids and derivatives;Phosphate esters;Alkyl phosphates
12777,Carboxylic acid derivatives,0.84,CHEMONTID:0001093,4,CHEMONTID:0000265,CHEMONTID:0000000;CHEMONTID:0000264;CHEMONTID:0000265;CHEMONTID:0001093,Organic compounds;Organic acids and derivatives;Carboxylic acids and derivatives;Carboxylic acid derivatives
15623,Carboxylic acid derivatives,0.9,CHEMONTID:0001093,4,CHEMONTID:0000265,CHEMONTID:0000000;CHEMONTID:0000264;CHEMONTID:0000265;CHEMONTID:0001093,Organic compounds;Organic acids and derivatives;Carboxylic acids and derivatives;Carboxylic acid derivatives
10635,Amines,0.99,CHEMONTID:0002449,4,CHEMONTID:0000278,CHEMONTID:0000000;CHEMONTID:0004707;CHEMONTID:0000278;CHEMONTID:0002449,Organic compounds;Organic nitrogen compounds;Organonitrogen compounds;Amines
19055,Alcohols and polyols,0.97,CHEMONTID:0000129,4,CHEMONTID:0000323,CHEMONTID:0000000;CHEMONTID:0004603;CHEMONTID:0000323;CHEMONTID:0000129,Organic compounds;Organic oxygen compounds;Organooxygen compounds;Alcohols and polyols
17952,Amino acids and derivatives,0.98,CHEMONTID:0000347,5,CHEMONTID:0000013,CHEMONTID:0000000;CHEMONTID:0000264;CHEMONTID:0000265;CHEMONTID:0000013;CHEMONTID:0000347,"Organic compounds;Organic acids and derivatives;Carboxylic acids and derivatives;Amino acids, peptides, and analogues;Amino acids and derivatives"
11051,Carbonyl compounds,0.84,CHEMONTID:0001831,4,CHEMONTID:0000323,CHEMONTID:0000000;CHEMONTID:0004603;CHEMONTID:0000323;CHEMONTID:0001831,Organic compounds;Organic oxygen compounds;Organooxygen compounds;Carbonyl compounds
11940,Carbonyl compounds,0.95,CHEMONTID:0001831,4,CHEMONTID:0000323,CHEMONTID:0000000;CHEMONTID:0004603;CHEMONTID:0000323;CHEMONTID:0001831,Organic compounds;Organic oxygen compounds;Organooxygen compounds;Carbonyl compounds
17105,Alcohols and polyols,0.89,CHEMONTID:0000129,4,CHEMONTID:0000323,CHEMONTID:0000000;CHEMONTID:0004603;CHEMONTID:0000323;CHEMONTID:0000129,Organic compounds;Organic oxygen compounds;Organooxygen compounds;Alcohols and polyols
13594,Carbonyl compounds,0.92,CHEMONTID:0001831,4,CHEMONTID:0000323,CHEMONTID:0000000;CHEMONTID:0004603;CHEMONTID:0000323;CHEMONTID:0001831,Organic compounds;Organic oxygen compounds;Organooxygen compounds;Carbonyl compounds
19725,Carboxylic acid derivatives,0.99,CHEMONTID:0001093,4,CHEMONTID:0000265,CHEMONTID:0000000;CHEMONTID:0000264;CHEMONTID:0000265;CHEMONTID:0001093,Organic compounds;Organic acids and derivatives;Carboxylic acids and derivatives;Carboxylic acid derivatives
19937,Amines,0.89,CHEMONTID:0002449,4,CHEMONTID:0000278,CHEMONTID:0000000;CHEMONTID:0004707;CHEMONTID:0000278;CHEMONTID:0002449,Organic compounds;Organic nitrogen compounds;Organonitrogen compounds;Amines
20020,Alcohols and polyols,0.8,CHEMONTID:0000129,4,CHEMONTID:0000323,CHEMONTID:0000000;CHEMONTID:0004603;CHEMONTID:0000323;CHEMONTID:0000129,Organic compounds;Organic oxygen compounds;Organooxygen compounds;Alcohols and polyols
12736,Ethers,0.99,CHEMONTID:0000254,4,CHEMONTID:0000323,CHEMONTID:0000000;CHEMONTID:0004603;CHEMONTID:0000323;CHEMONTID:0000254,Organic compounds;Organic oxygen compounds;Organooxygen compounds;Ethers
12562,Carboxylic acid derivatives,0.96,CHEMONTID:0001093,4,CHEMONTID:0000265,CHEMONTID:0000000;CHEMONTID:0000264;CHEMONTID:0000265;CHEMONTID:0001093,Organic compounds;Organic acids and derivatives;Carboxylic acids and derivatives;Carboxylic acid derivatives
11570,Phosphate esters,1,CHEMONTID:0000408,4,CHEMONTID:0000402,CHEMONTID:0000000;CHEMONTID:0000264;CHEMONTID:0000402;CHEMONTID:0000408,Organic compounds;Organic acids and derivatives;Organic phosphoric acids and derivatives;Phosphate esters
9217,Carbonyl compounds,0.85,CHEMONTID:0001831,4,CHEMONTID:0000323,CHEMONTID:0000000;CHEMONTID:0004603;CHEMONTID:0000323;CHEMONTID:0001831,Organic compounds;Organic oxygen compounds;Organooxygen compounds;Carbonyl compounds
886,Alcohols and polyols,0.9,CHEMONTID:0000129,4,CHEMONTID:0000323,CHEMONTID:0000000;CHEMONTID:0004603;CHEMONTID:0000323;CHEMONTID:0000129,Organic compounds;Organic oxygen compounds;Organooxygen compounds;Alcohols and polyols
15788,Alcohols and polyols,0.98,CHEMONTID:0000129,4,CHEMONTID:0000323,CHEMONTID:0000000;CHEMONTID:0004603;CHEMONTID:0000323;CHEMONTID:0000129,Organic compounds;Organic oxygen compounds;Organooxygen compounds;Alcohols and polyols
20444,Carbonyl compounds,0.91,CHEMONTID:0001831,4,CHEMONTID:0000323,CHEMONTID:0000000;CHEMONTID:0004603;CHEMONTID:0000323;CHEMONTID:0001831,Organic compounds;Organic oxygen compounds;Organooxygen compounds;Carbonyl compounds
1810,Primary amines,0.99,CHEMONTID:0002450,5,CHEMONTID:0002449,CHEMONTID:0000000;CHEMONTID:0004707;CHEMONTID:0000278;CHEMONTID:0002449;CHEMONTID:0002450,Organic compounds;Organic nitrogen compounds;Organonitrogen compounds;Amines;Primary amines
5374,Amines,0.92,CHEMONTID:0002449,4,CHEMONTID:0000278,CHEMONTID:0000000;CHEMONTID:0004707;CHEMONTID:0000278;CHEMONTID:0002449,Organic compounds;Organic nitrogen compounds;Organonitrogen compounds;Amines
2786,Alcohols and polyols,0.98,CHEMONTID:0000129,4,CHEMONTID:0000323,CHEMONTID:0000000;CHEMONTID:0004603;CHEMONTID:0000323;CHEMONTID:0000129,Organic compounds;Organic oxygen compounds;Organooxygen compounds;Alcohols and polyols
4129,Carbonyl compounds,0.85,CHEMONTID:0001831,4,CHEMONTID:0000323,CHEMONTID:0000000;CHEMONTID:0004603;CHEMONTID:0000323;CHEMONTID:0001831,Organic compounds;Organic oxygen compounds;Organooxygen compounds;Carbonyl compounds
16582,Dialkyl ethers,0.97,CHEMONTID:0001167,5,CHEMONTID:0000254,CHEMONTID:0000000;CHEMONTID:0004603;CHEMONTID:0000323;CHEMONTID:0000254;CHEMONTID:0001167,Organic compounds;Organic oxygen compounds;Organooxygen compounds;Ethers;Dialkyl ethers
13379,Amines,0.98,CHEMONTID:0002449,4,CHEMONTID:0000278,CHEMONTID:0000000;CHEMONTID:0004707;CHEMONTID:0000278;CHEMONTID:0002449,Organic compounds;Organic nitrogen compounds;Organonitrogen compounds;Amines
2168,Carboxylic acid amides,0.82,CHEMONTID:0000475,5,CHEMONTID:0001093,CHEMONTID:0000000;CHEMONTID:0000264;CHEMONTID:0000265;CHEMONTID:0001093;CHEMONTID:0000475,Organic compounds;Organic acids and derivatives;Carboxylic acids and derivatives;Carboxylic acid derivatives;Carboxylic acid amides
1790,Dialkyl ethers,0.87,CHEMONTID:0001167,5,CHEMONTID:0000254,CHEMONTID:0000000;CHEMONTID:0004603;CHEMONTID:0000323;CHEMONTID:0000254;CHEMONTID:0001167,Organic compounds;Organic oxygen compounds;Organooxygen compounds;Ethers;Dialkyl ethers
14937,Amines,0.98,CHEMONTID:0002449,4,CHEMONTID:0000278,CHEMONTID:0000000;CHEMONTID:0004707;CHEMONTID:0000278;CHEMONTID:0002449,Organic compounds;Organic nitrogen compounds;Organonitrogen compounds;Amines
2533,Amines,0.99,CHEMONTID:0002449,4,CHEMONTID:0000278,CHEMONTID:0000000;CHEMONTID:0004707;CHEMONTID:0000278;CHEMONTID:0002449,Organic compounds;Organic nitrogen compounds;Organonitrogen compounds;Amines
9564,Primary amines,0.94,CHEMONTID:0002450,5,CHEMONTID:0002449,CHEMONTID:0000000;CHEMONTID:0004707;CHEMONTID:0000278;CHEMONTID:0002449;CHEMONTID:0002450,Organic compounds;Organic nitrogen compounds;Organonitrogen compounds;Amines;Primary amines
19465,Amines,1,CHEMONTID:0002449,4,CHEMONTID:0000278,CHEMONTID:0000000;CHEMONTID:0004707;CHEMONTID:0000278;CHEMONTID:0002449,Organic compounds;Organic nitrogen compounds;Organonitrogen compounds;Amines
19638,Carbonyl compounds,0.98,CHEMONTID:0001831,4,CHEMONTID:0000323,CHEMONTID:0000000;CHEMONTID:0004603;CHEMONTID:0000323;CHEMONTID:0001831,Organic compounds;Organic oxygen compounds;Organooxygen compounds;Carbonyl compounds
12595,Monoalkylamines,0.95,CHEMONTID:0000469,6,CHEMONTID:0002450,CHEMONTID:0000000;CHEMONTID:0004707;CHEMONTID:0000278;CHEMONTID:0002449;CHEMONTID:0002450;CHEMONTID:0000469,Organic compounds;Organic nitrogen compounds;Organonitrogen compounds;Amines;Primary amines;Monoalkylamines
9779,Carbonyl compounds,0.87,CHEMONTID:0001831,4,CHEMONTID:0000323,CHEMONTID:0000000;CHEMONTID:0004603;CHEMONTID:0000323;CHEMONTID:0001831,Organic compounds;Organic oxygen compounds;Organooxygen compounds;Carbonyl compounds
3730,Carbonyl compounds,0.85,CHEMONTID:0001831,4,CHEMONTID:0000323,CHEMONTID:0000000;CHEMONTID:0004603;CHEMONTID:0000323;CHEMONTID:0001831,Organic compounds;Organic oxygen compounds;Organooxygen compounds;Carbonyl compounds
13554,Monoalkylamines,0.99,CHEMONTID:0000469,6,CHEMONTID:0002450,CHEMONTID:0000000;CHEMONTID:0004707;CHEMONTID:0000278;CHEMONTID:0002449;CHEMONTID:0002450;CHEMONTID:0000469,Organic compounds;Organic nitrogen compounds;Organonitrogen compounds;Amines;Primary amines;Monoalkylamines
12203,"1,3,5-triazines",0.85,CHEMONTID:0004105,4,CHEMONTID:0000098,CHEMONTID:0000000;CHEMONTID:0000002;CHEMONTID:0000098;CHEMONTID:0004105,"Organic compounds;Organoheterocyclic compounds;Triazines;1,3,5-triazines"
9673,Amines,0.91,CHEMONTID:0002449,4,CHEMONTID:0000278,CHEMONTID:0000000;CHEMONTID:0004707;CHEMONTID:0000278;CHEMONTID:0002449,Organic compounds;Organic nitrogen compounds;Organonitrogen compounds;Amines
3157,Dialkyl ethers,0.97,CHEMONTID:0001167,5,CHEMONTID:0000254,CHEMONTID:0000000;CHEMONTID:0004603;CHEMONTID:0000323;CHEMONTID:0000254;CHEMONTID:0001167,Organic compounds;Organic oxygen compounds;Organooxygen compounds;Ethers;Dialkyl ethers
12215,Carbonyl compounds,0.87,CHEMONTID:0001831,4,CHEMONTID:0000323,CHEMONTID:0000000;CHEMONTID:0004603;CHEMONTID:0000323;CHEMONTID:0001831,Organic compounds;Organic oxygen compounds;Organooxygen compounds;Carbonyl compounds
6039,Alcohols and polyols,0.98,CHEMONTID:0000129,4,CHEMONTID:0000323,CHEMONTID:0000000;CHEMONTID:0004603;CHEMONTID:0000323;CHEMONTID:0000129,Organic compounds;Organic oxygen compounds;Organooxygen compounds;Alcohols and polyols
12723,Secondary alcohols,0.97,CHEMONTID:0001661,5,CHEMONTID:0000129,CHEMONTID:0000000;CHEMONTID:0004603;CHEMONTID:0000323;CHEMONTID:0000129;CHEMONTID:0001661,Organic compounds;Organic oxygen compounds;Organooxygen compounds;Alcohols and polyols;Secondary alcohols
8210,Alcohols and polyols,0.88,CHEMONTID:0000129,4,CHEMONTID:0000323,CHEMONTID:0000000;CHEMONTID:0004603;CHEMONTID:0000323;CHEMONTID:0000129,Organic compounds;Organic oxygen compounds;Organooxygen compounds;Alcohols and polyols
753,Carbonyl compounds,0.96,CHEMONTID:0001831,4,CHEMONTID:0000323,CHEMONTID:0000000;CHEMONTID:0004603;CHEMONTID:0000323;CHEMONTID:0001831,Organic compounds;Organic oxygen compounds;Organooxygen compounds;Carbonyl compounds
6951,Guanidines,0.99,CHEMONTID:0000375,4,CHEMONTID:0000278,CHEMONTID:0000000;CHEMONTID:0004707;CHEMONTID:0000278;CHEMONTID:0000375,Organic compounds;Organic nitrogen compounds;Organonitrogen compounds;Guanidines
18351,Carbonyl compounds,0.96,CHEMONTID:0001831,4,CHEMONTID:0000323,CHEMONTID:0000000;CHEMONTID:0004603;CHEMONTID:0000323;CHEMONTID:0001831,Organic compounds;Organic oxygen compounds;Organooxygen compounds;Carbonyl compounds
10316,Alcohols and polyols,0.98,CHEMONTID:0000129,4,CHEMONTID:0000323,CHEMONTID:0000000;CHEMONTID:0004603;CHEMONTID:0000323;CHEMONTID:0000129,Organic compounds;Organic oxygen compounds;Organooxygen compounds;Alcohols and polyols
8153,Monoalkylamines,0.84,CHEMONTID:0000469,6,CHEMONTID:0002450,CHEMONTID:0000000;CHEMONTID:0004707;CHEMONTID:0000278;CHEMONTID:0002449;CHEMONTID:0002450;CHEMONTID:0000469,Organic compounds;Organic nitrogen compounds;Organonitrogen compounds;Amines;Primary amines;Monoalkylamines
7094,Carboxylic acid derivatives,0.87,CHEMONTID:0001093,4,CHEMONTID:0000265,CHEMONTID:0000000;CHEMONTID:0000264;CHEMONTID:0000265;CHEMONTID:0001093,Organic compounds;Organic acids and derivatives;Carboxylic acids and derivatives;Carboxylic acid derivatives
17777,Alcohols and polyols,0.95,CHEMONTID:0000129,4,CHEMONTID:0000323,CHEMONTID:0000000;CHEMONTID:0004603;CHEMONTID:0000323;CHEMONTID:0000129,Organic compounds;Organic oxygen compounds;Organooxygen compounds;Alcohols and polyols
19671,Carbonyl compounds,0.81,CHEMONTID:0001831,4,CHEMONTID:0000323,CHEMONTID:0000000;CHEMONTID:0004603;CHEMONTID:0000323;CHEMONTID:0001831,Organic compounds;Organic oxygen compounds;Organooxygen compounds;Carbonyl compounds
369,Fatty acids and conjugates,0.84,CHEMONTID:0000262,4,CHEMONTID:0003909,CHEMONTID:0000000;CHEMONTID:0000012;CHEMONTID:0003909;CHEMONTID:0000262,Organic compounds;Lipids and lipid-like molecules;Fatty Acyls;Fatty acids and conjugates
19712,Dialkyl ethers,0.96,CHEMONTID:0001167,5,CHEMONTID:0000254,CHEMONTID:0000000;CHEMONTID:0004603;CHEMONTID:0000323;CHEMONTID:0000254;CHEMONTID:0001167,Organic compounds;Organic oxygen compounds;Organooxygen compounds;Ethers;Dialkyl ethers
12135,Carbonyl compounds,0.95,CHEMONTID:0001831,4,CHEMONTID:0000323,CHEMONTID:0000000;CHEMONTID:0004603;CHEMONTID:0000323;CHEMONTID:0001831,Organic compounds;Organic oxygen compounds;Organooxygen compounds;Carbonyl compounds
15240,Monocarboxylic acids and derivatives,0.8,CHEMONTID:0001137,4,CHEMONTID:0000265,CHEMONTID:0000000;CHEMONTID:0000264;CHEMONTID:0000265;CHEMONTID:0001137,Organic compounds;Organic acids and derivatives;Carboxylic acids and derivatives;Monocarboxylic acids and derivatives
10798,Carbonyl compounds,0.99,CHEMONTID:0001831,4,CHEMONTID:0000323,CHEMONTID:0000000;CHEMONTID:0004603;CHEMONTID:0000323;CHEMONTID:0001831,Organic compounds;Organic oxygen compounds;Organooxygen compounds;Carbonyl compounds
10051,Carbonyl compounds,1,CHEMONTID:0001831,4,CHEMONTID:0000323,CHEMONTID:0000000;CHEMONTID:0004603;CHEMONTID:0000323;CHEMONTID:0001831,Organic compounds;Organic oxygen compounds;Organooxygen compounds;Carbonyl compounds
15645,Carbonyl compounds,0.85,CHEMONTID:0001831,4,CHEMONTID:0000323,CHEMONTID:0000000;CHEMONTID:0004603;CHEMONTID:0000323;CHEMONTID:0001831,Organic compounds;Organic oxygen compounds;Organooxygen compounds;Carbonyl compounds
4291,Alcohols and polyols,0.99,CHEMONTID:0000129,4,CHEMONTID:0000323,CHEMONTID:0000000;CHEMONTID:0004603;CHEMONTID:0000323;CHEMONTID:0000129,Organic compounds;Organic oxygen compounds;Organooxygen compounds;Alcohols and polyols
17731,Phosphate esters,0.97,CHEMONTID:0000408,4,CHEMONTID:0000402,CHEMONTID:0000000;CHEMONTID:0000264;CHEMONTID:0000402;CHEMONTID:0000408,Organic compounds;Organic acids and derivatives;Organic phosphoric acids and derivatives;Phosphate esters
15595,Carboxylic acid derivatives,1,CHEMONTID:0001093,4,CHEMONTID:0000265,CHEMONTID:0000000;CHEMONTID:0000264;CHEMONTID:0000265;CHEMONTID:0001093,Organic compounds;Organic acids and derivatives;Carboxylic acids and derivatives;Carboxylic acid derivatives
18796,Piperazines,0.81,CHEMONTID:0000189,4,CHEMONTID:0002389,CHEMONTID:0000000;CHEMONTID:0000002;CHEMONTID:0002389;CHEMONTID:0000189,Organic compounds;Organoheterocyclic compounds;Diazinanes;Piperazines
14291,Carbonyl compounds,0.96,CHEMONTID:0001831,4,CHEMONTID:0000323,CHEMONTID:0000000;CHEMONTID:0004603;CHEMONTID:0000323;CHEMONTID:0001831,Organic compounds;Organic oxygen compounds;Organooxygen compounds;Carbonyl compounds
5634,Carbohydrates and carbohydrate conjugates,1,CHEMONTID:0000011,4,CHEMONTID:0000323,CHEMONTID:0000000;CHEMONTID:0004603;CHEMONTID:0000323;CHEMONTID:0000011,Organic compounds;Organic oxygen compounds;Organooxygen compounds;Carbohydrates and carbohydrate conjugates
12123,Monocarboxylic acids and derivatives,0.91,CHEMONTID:0001137,4,CHEMONTID:0000265,CHEMONTID:0000000;CHEMONTID:0000264;CHEMONTID:0000265;CHEMONTID:0001137,Organic compounds;Organic acids and derivatives;Carboxylic acids and derivatives;Monocarboxylic acids and derivatives
17996,Carbonyl compounds,0.91,CHEMONTID:0001831,4,CHEMONTID:0000323,CHEMONTID:0000000;CHEMONTID:0004603;CHEMONTID:0000323;CHEMONTID:0001831,Organic compounds;Organic oxygen compounds;Organooxygen compounds;Carbonyl compounds
7770,Primary amines,0.92,CHEMONTID:0002450,5,CHEMONTID:0002449,CHEMONTID:0000000;CHEMONTID:0004707;CHEMONTID:0000278;CHEMONTID:0002449;CHEMONTID:0002450,Organic compounds;Organic nitrogen compounds;Organonitrogen compounds;Amines;Primary amines
14563,Tertiary amines,0.85,CHEMONTID:0002452,5,CHEMONTID:0002449,CHEMONTID:0000000;CHEMONTID:0004707;CHEMONTID:0000278;CHEMONTID:0002449;CHEMONTID:0002452,Organic compounds;Organic nitrogen compounds;Organonitrogen compounds;Amines;Tertiary amines
17182,Monoalkylamines,1,CHEMONTID:0000469,6,CHEMONTID:0002450,CHEMONTID:0000000;CHEMONTID:0004707;CHEMONTID:0000278;CHEMONTID:0002449;CHEMONTID:0002450;CHEMONTID:0000469,Organic compounds;Organic nitrogen compounds;Organonitrogen compounds;Amines;Primary amines;Monoalkylamines
582,Carbonyl compounds,1,CHEMONTID:0001831,4,CHEMONTID:0000323,CHEMONTID:0000000;CHEMONTID:0004603;CHEMONTID:0000323;CHEMONTID:0001831,Organic compounds;Organic oxygen compounds;Organooxygen compounds;Carbonyl compounds
5515,Phosphate esters,0.98,CHEMONTID:0000408,4,CHEMONTID:0000402,CHEMONTID:0000000;CHEMONTID:0000264;CHEMONTID:0000402;CHEMONTID:0000408,Organic compounds;Organic acids and derivatives;Organic phosphoric acids and derivatives;Phosphate esters
7401,Amines,0.99,CHEMONTID:0002449,4,CHEMONTID:0000278,CHEMONTID:0000000;CHEMONTID:0004707;CHEMONTID:0000278;CHEMONTID:0002449,Organic compounds;Organic nitrogen compounds;Organonitrogen compounds;Amines
13332,Carbonyl compounds,0.81,CHEMONTID:0001831,4,CHEMONTID:0000323,CHEMONTID:0000000;CHEMONTID:0004603;CHEMONTID:0000323;CHEMONTID:0001831,Organic compounds;Organic oxygen compounds;Organooxygen compounds;Carbonyl compounds
19221,Carbonyl compounds,0.91,CHEMONTID:0001831,4,CHEMONTID:0000323,CHEMONTID:0000000;CHEMONTID:0004603;CHEMONTID:0000323;CHEMONTID:0001831,Organic compounds;Organic oxygen compounds;Organooxygen compounds;Carbonyl compounds
6256,Methyl esters,0.99,CHEMONTID:0003416,6,CHEMONTID:0001238,CHEMONTID:0000000;CHEMONTID:0000264;CHEMONTID:0000265;CHEMONTID:0001093;CHEMONTID:0001238;CHEMONTID:0003416,Organic compounds;Organic acids and derivatives;Carboxylic acids and derivatives;Carboxylic acid derivatives;Carboxylic acid esters;Methyl esters
5763,Monocarboxylic acids and derivatives,0.81,CHEMONTID:0001137,4,CHEMONTID:0000265,CHEMONTID:0000000;CHEMONTID:0000264;CHEMONTID:0000265;CHEMONTID:0001137,Organic compounds;Organic acids and derivatives;Carboxylic acids and derivatives;Monocarboxylic acids and derivatives
3379,Amines,0.95,CHEMONTID:0002449,4,CHEMONTID:0000278,CHEMONTID:0000000;CHEMONTID:0004707;CHEMONTID:0000278;CHEMONTID:0002449,Organic compounds;Organic nitrogen compounds;Organonitrogen compounds;Amines
15415,Carbonyl compounds,0.94,CHEMONTID:0001831,4,CHEMONTID:0000323,CHEMONTID:0000000;CHEMONTID:0004603;CHEMONTID:0000323;CHEMONTID:0001831,Organic compounds;Organic oxygen compounds;Organooxygen compounds;Carbonyl compounds
5473,Carboxylic acid derivatives,0.99,CHEMONTID:0001093,4,CHEMONTID:0000265,CHEMONTID:0000000;CHEMONTID:0000264;CHEMONTID:0000265;CHEMONTID:0001093,Organic compounds;Organic acids and derivatives;Carboxylic acids and derivatives;Carboxylic acid derivatives
461,Monoalkylamines,1,CHEMONTID:0000469,6,CHEMONTID:0002450,CHEMONTID:0000000;CHEMONTID:0004707;CHEMONTID:0000278;CHEMONTID:0002449;CHEMONTID:0002450;CHEMONTID:0000469,Organic compounds;Organic nitrogen compounds;Organonitrogen compounds;Amines;Primary amines;Monoalkylamines
19085,Alcohols and polyols,0.86,CHEMONTID:0000129,4,CHEMONTID:0000323,CHEMONTID:0000000;CHEMONTID:0004603;CHEMONTID:0000323;CHEMONTID:0000129,Organic compounds;Organic oxygen compounds;Organooxygen compounds;Alcohols and polyols
2273,Carbonyl compounds,0.8,CHEMONTID:0001831,4,CHEMONTID:0000323,CHEMONTID:0000000;CHEMONTID:0004603;CHEMONTID:0000323;CHEMONTID:0001831,Organic compounds;Organic oxygen compounds;Organooxygen compounds;Carbonyl compounds
15508,Amines,0.99,CHEMONTID:0002449,4,CHEMONTID:0000278,CHEMONTID:0000000;CHEMONTID:0004707;CHEMONTID:0000278;CHEMONTID:0002449,Organic compounds;Organic nitrogen compounds;Organonitrogen compounds;Amines
2180,Carbonyl compounds,0.8,CHEMONTID:0001831,4,CHEMONTID:0000323,CHEMONTID:0000000;CHEMONTID:0004603;CHEMONTID:0000323;CHEMONTID:0001831,Organic compounds;Organic oxygen compounds;Organooxygen compounds;Carbonyl compounds
8494,Monoalkylamines,0.83,CHEMONTID:0000469,6,CHEMONTID:0002450,CHEMONTID:0000000;CHEMONTID:0004707;CHEMONTID:0000278;CHEMONTID:0002449;CHEMONTID:0002450;CHEMONTID:0000469,Organic compounds;Organic nitrogen compounds;Organonitrogen compounds;Amines;Primary amines;Monoalkylamines
20109,Carboxylic acid esters,0.9,CHEMONTID:0001238,5,CHEMONTID:0001093,CHEMONTID:0000000;CHEMONTID:0000264;CHEMONTID:0000265;CHEMONTID:0001093;CHEMONTID:0001238,Organic compounds;Organic acids and derivatives;Carboxylic acids and derivatives;Carboxylic acid derivatives;Carboxylic acid esters
711,Carbonyl compounds,0.95,CHEMONTID:0001831,4,CHEMONTID:0000323,CHEMONTID:0000000;CHEMONTID:0004603;CHEMONTID:0000323;CHEMONTID:0001831,Organic compounds;Organic oxygen compounds;Organooxygen compounds;Carbonyl compounds
5560,Aryl-phenylketones,0.99,CHEMONTID:0004297,8,CHEMONTID:0004296,CHEMONTID:0000000;CHEMONTID:0004603;CHEMONTID:0000323;CHEMONTID:0001831;CHEMONTID:0000118;CHEMONTID:0003670;CHEMONTID:0004296;CHEMONTID:0004297,Organic compounds;Organic oxygen compounds;Organooxygen compounds;Carbonyl compounds;Ketones;Aryl ketones;Phenylketones;Aryl-phenylketones
1591,Dialkyl ethers,0.86,CHEMONTID:0001167,5,CHEMONTID:0000254,CHEMONTID:0000000;CHEMONTID:0004603;CHEMONTID:0000323;CHEMONTID:0000254;CHEMONTID:0001167,Organic compounds;Organic oxygen compounds;Organooxygen compounds;Ethers;Dialkyl ethers
704,Monoalkylamines,0.98,CHEMONTID:0000469,6,CHEMONTID:0002450,CHEMONTID:0000000;CHEMONTID:0004707;CHEMONTID:0000278;CHEMONTID:0002449;CHEMONTID:0002450;CHEMONTID:0000469,Organic compounds;Organic nitrogen compounds;Organonitrogen compounds;Amines;Primary amines;Monoalkylamines
3131,Carboxylic acid derivatives,0.97,CHEMONTID:0001093,4,CHEMONTID:0000265,CHEMONTID:0000000;CHEMONTID:0000264;CHEMONTID:0000265;CHEMONTID:0001093,Organic compounds;Organic acids and derivatives;Carboxylic acids and derivatives;Carboxylic acid derivatives
1964,Monoalkylamines,0.99,CHEMONTID:0000469,6,CHEMONTID:0002450,CHEMONTID:0000000;CHEMONTID:0004707;CHEMONTID:0000278;CHEMONTID:0002449;CHEMONTID:0002450;CHEMONTID:0000469,Organic compounds;Organic nitrogen compounds;Organonitrogen compounds;Amines;Primary amines;Monoalkylamines
9029,Fatty acid esters,0.97,CHEMONTID:0000324,4,CHEMONTID:0003909,CHEMONTID:0000000;CHEMONTID:0000012;CHEMONTID:0003909;CHEMONTID:0000324,Organic compounds;Lipids and lipid-like molecules;Fatty Acyls;Fatty acid esters
8419,Alcohols and polyols,0.95,CHEMONTID:0000129,4,CHEMONTID:0000323,CHEMONTID:0000000;CHEMONTID:0004603;CHEMONTID:0000323;CHEMONTID:0000129,Organic compounds;Organic oxygen compounds;Organooxygen compounds;Alcohols and polyols
12660,Carboxylic acid esters,0.89,CHEMONTID:0001238,5,CHEMONTID:0001093,CHEMONTID:0000000;CHEMONTID:0000264;CHEMONTID:0000265;CHEMONTID:0001093;CHEMONTID:0001238,Organic compounds;Organic acids and derivatives;Carboxylic acids and derivatives;Carboxylic acid derivatives;Carboxylic acid esters
19791,Carboxylic acid derivatives,0.97,CHEMONTID:0001093,4,CHEMONTID:0000265,CHEMONTID:0000000;CHEMONTID:0000264;CHEMONTID:0000265;CHEMONTID:0001093,Organic compounds;Organic acids and derivatives;Carboxylic acids and derivatives;Carboxylic acid derivatives
15986,Carbonyl compounds,0.86,CHEMONTID:0001831,4,CHEMONTID:0000323,CHEMONTID:0000000;CHEMONTID:0004603;CHEMONTID:0000323;CHEMONTID:0001831,Organic compounds;Organic oxygen compounds;Organooxygen compounds;Carbonyl compounds
15065,Ethers,0.97,CHEMONTID:0000254,4,CHEMONTID:0000323,CHEMONTID:0000000;CHEMONTID:0004603;CHEMONTID:0000323;CHEMONTID:0000254,Organic compounds;Organic oxygen compounds;Organooxygen compounds;Ethers
18732,Carbonyl compounds,0.81,CHEMONTID:0001831,4,CHEMONTID:0000323,CHEMONTID:0000000;CHEMONTID:0004603;CHEMONTID:0000323;CHEMONTID:0001831,Organic compounds;Organic oxygen compounds;Organooxygen compounds;Carbonyl compounds
10074,Dialkyl ethers,0.99,CHEMONTID:0001167,5,CHEMONTID:0000254,CHEMONTID:0000000;CHEMONTID:0004603;CHEMONTID:0000323;CHEMONTID:0000254;CHEMONTID:0001167,Organic compounds;Organic oxygen compounds;Organooxygen compounds;Ethers;Dialkyl ethers
17384,Secondary alcohols,1,CHEMONTID:0001661,5,CHEMONTID:0000129,CHEMONTID:0000000;CHEMONTID:0004603;CHEMONTID:0000323;CHEMONTID:0000129;CHEMONTID:0001661,Organic compounds;Organic oxygen compounds;Organooxygen compounds;Alcohols and polyols;Secondary alcohols
11605,Carbonyl compounds,0.84,CHEMONTID:0001831,4,CHEMONTID:0000323,CHEMONTID:0000000;CHEMONTID:0004603;CHEMONTID:0000323;CHEMONTID:0001831,Organic compounds;Organic oxygen compounds;Organooxygen compounds;Carbonyl compounds
9594,Carbonyl compounds,0.92,CHEMONTID:0001831,4,CHEMONTID:0000323,CHEMONTID:0000000;CHEMONTID:0004603;CHEMONTID:0000323;CHEMONTID:0001831,Organic compounds;Organic oxygen compounds;Organooxygen compounds;Carbonyl compounds
15807,Amines,1,CHEMONTID:0002449,4,CHEMONTID:0000278,CHEMONTID:0000000;CHEMONTID:0004707;CHEMONTID:0000278;CHEMONTID:0002449,Organic compounds;Organic nitrogen compounds;Organonitrogen compounds;Amines
3120,Carbohydrates and carbohydrate conjugates,0.83,CHEMONTID:0000011,4,CHEMONTID:0000323,CHEMONTID:0000000;CHEMONTID:0004603;CHEMONTID:0000323;CHEMONTID:0000011,Organic compounds;Organic oxygen compounds;Organooxygen compounds;Carbohydrates and carbohydrate conjugates
19684,Amines,0.96,CHEMONTID:0002449,4,CHEMONTID:0000278,CHEMONTID:0000000;CHEMONTID:0004707;CHEMONTID:0000278;CHEMONTID:0002449,Organic compounds;Organic nitrogen compounds;Organonitrogen compounds;Amines
17872,"Amino acids, peptides, and analogues",0.81,CHEMONTID:0000013,4,CHEMONTID:0000265,CHEMONTID:0000000;CHEMONTID:0000264;CHEMONTID:0000265;CHEMONTID:0000013,"Organic compounds;Organic acids and derivatives;Carboxylic acids and derivatives;Amino acids, peptides, and analogues"
15024,Amines,0.94,CHEMONTID:0002449,4,CHEMONTID:0000278,CHEMONTID:0000000;CHEMONTID:0004707;CHEMONTID:0000278;CHEMONTID:0002449,Organic compounds;Organic nitrogen compounds;Organonitrogen compounds;Amines
6818,Carbohydrates and carbohydrate conjugates,1,CHEMONTID:0000011,4,CHEMONTID:0000323,CHEMONTID:0000000;CHEMONTID:0004603;CHEMONTID:0000323;CHEMONTID:0000011,Organic compounds;Organic oxygen compounds;Organooxygen compounds;Carbohydrates and carbohydrate conjugates
14846,Carboxylic acid derivatives,0.97,CHEMONTID:0001093,4,CHEMONTID:0000265,CHEMONTID:0000000;CHEMONTID:0000264;CHEMONTID:0000265;CHEMONTID:0001093,Organic compounds;Organic acids and derivatives;Carboxylic acids and derivatives;Carboxylic acid derivatives
568,Primary amines,0.91,CHEMONTID:0002450,5,CHEMONTID:0002449,CHEMONTID:0000000;CHEMONTID:0004707;CHEMONTID:0000278;CHEMONTID:0002449;CHEMONTID:0002450,Organic compounds;Organic nitrogen compounds;Organonitrogen compounds;Amines;Primary amines
7410,Carbonyl compounds,0.88,CHEMONTID:0001831,4,CHEMONTID:0000323,CHEMONTID:0000000;CHEMONTID:0004603;CHEMONTID:0000323;CHEMONTID:0001831,Organic compounds;Organic oxygen compounds;Organooxygen compounds;Carbonyl compounds
20639,Carbonyl compounds,0.89,CHEMONTID:0001831,4,CHEMONTID:0000323,CHEMONTID:0000000;CHEMONTID:0004603;CHEMONTID:0000323;CHEMONTID:0001831,Organic compounds;Organic oxygen compounds;Organooxygen compounds;Carbonyl compounds
4314,Monocarboxylic acids and derivatives,0.86,CHEMONTID:0001137,4,CHEMONTID:0000265,CHEMONTID:0000000;CHEMONTID:0000264;CHEMONTID:0000265;CHEMONTID:0001137,Organic compounds;Organic acids and derivatives;Carboxylic acids and derivatives;Monocarboxylic acids and derivatives
6952,Primary amines,0.98,CHEMONTID:0002450,5,CHEMONTID:0002449,CHEMONTID:0000000;CHEMONTID:0004707;CHEMONTID:0000278;CHEMONTID:0002449;CHEMONTID:0002450,Organic compounds;Organic nitrogen compounds;Organonitrogen compounds;Amines;Primary amines
16035,Phosphate esters,0.85,CHEMONTID:0000408,4,CHEMONTID:0000402,CHEMONTID:0000000;CHEMONTID:0000264;CHEMONTID:0000402;CHEMONTID:0000408,Organic compounds;Organic acids and derivatives;Organic phosphoric acids and derivatives;Phosphate esters
14522,Carbonyl compounds,0.87,CHEMONTID:0001831,4,CHEMONTID:0000323,CHEMONTID:0000000;CHEMONTID:0004603;CHEMONTID:0000323;CHEMONTID:0001831,Organic compounds;Organic oxygen compounds;Organooxygen compounds;Carbonyl compounds
10571,Amines,0.99,CHEMONTID:0002449,4,CHEMONTID:0000278,CHEMONTID:0000000;CHEMONTID:0004707;CHEMONTID:0000278;CHEMONTID:0002449,Organic compounds;Organic nitrogen compounds;Organonitrogen compounds;Amines
5823,Amines,0.97,CHEMONTID:0002449,4,CHEMONTID:0000278,CHEMONTID:0000000;CHEMONTID:0004707;CHEMONTID:0000278;CHEMONTID:0002449,Organic compounds;Organic nitrogen compounds;Organonitrogen compounds;Amines
4329,N-substituted imidazoles,0.92,CHEMONTID:0002311,6,CHEMONTID:0002310,CHEMONTID:0000000;CHEMONTID:0000002;CHEMONTID:0000436;CHEMONTID:0000078;CHEMONTID:0002310;CHEMONTID:0002311,Organic compounds;Organoheterocyclic compounds;Azoles;Imidazoles;Substituted imidazoles;N-substituted imidazoles
222,Alcohols and polyols,0.99,CHEMONTID:0000129,4,CHEMONTID:0000323,CHEMONTID:0000000;CHEMONTID:0004603;CHEMONTID:0000323;CHEMONTID:0000129,Organic compounds;Organic oxygen compounds;Organooxygen compounds;Alcohols and polyols
8099,Carboxylic acid derivatives,0.99,CHEMONTID:0001093,4,CHEMONTID:0000265,CHEMONTID:0000000;CHEMONTID:0000264;CHEMONTID:0000265;CHEMONTID:0001093,Organic compounds;Organic acids and derivatives;Carboxylic acids and derivatives;Carboxylic acid derivatives
12312,Carbonyl compounds,0.92,CHEMONTID:0001831,4,CHEMONTID:0000323,CHEMONTID:0000000;CHEMONTID:0004603;CHEMONTID:0000323;CHEMONTID:0001831,Organic compounds;Organic oxygen compounds;Organooxygen compounds;Carbonyl compounds
14647,Carbonyl compounds,0.93,CHEMONTID:0001831,4,CHEMONTID:0000323,CHEMONTID:0000000;CHEMONTID:0004603;CHEMONTID:0000323;CHEMONTID:0001831,Organic compounds;Organic oxygen compounds;Organooxygen compounds;Carbonyl compounds
9723,Dialkyl ethers,0.96,CHEMONTID:0001167,5,CHEMONTID:0000254,CHEMONTID:0000000;CHEMONTID:0004603;CHEMONTID:0000323;CHEMONTID:0000254;CHEMONTID:0001167,Organic compounds;Organic oxygen compounds;Organooxygen compounds;Ethers;Dialkyl ethers
15277,Dialkyl ethers,0.95,CHEMONTID:0001167,5,CHEMONTID:0000254,CHEMONTID:0000000;CHEMONTID:0004603;CHEMONTID:0000323;CHEMONTID:0000254;CHEMONTID:0001167,Organic compounds;Organic oxygen compounds;Organooxygen compounds;Ethers;Dialkyl ethers
4827,Amines,0.91,CHEMONTID:0002449,4,CHEMONTID:0000278,CHEMONTID:0000000;CHEMONTID:0004707;CHEMONTID:0000278;CHEMONTID:0002449,Organic compounds;Organic nitrogen compounds;Organonitrogen compounds;Amines
17089,Amines,0.88,CHEMONTID:0002449,4,CHEMONTID:0000278,CHEMONTID:0000000;CHEMONTID:0004707;CHEMONTID:0000278;CHEMONTID:0002449,Organic compounds;Organic nitrogen compounds;Organonitrogen compounds;Amines
7880,Alcohols and polyols,0.98,CHEMONTID:0000129,4,CHEMONTID:0000323,CHEMONTID:0000000;CHEMONTID:0004603;CHEMONTID:0000323;CHEMONTID:0000129,Organic compounds;Organic oxygen compounds;Organooxygen compounds;Alcohols and polyols
10010,Carbonyl compounds,0.8,CHEMONTID:0001831,4,CHEMONTID:0000323,CHEMONTID:0000000;CHEMONTID:0004603;CHEMONTID:0000323;CHEMONTID:0001831,Organic compounds;Organic oxygen compounds;Organooxygen compounds;Carbonyl compounds
10652,Primary amines,1,CHEMONTID:0002450,5,CHEMONTID:0002449,CHEMONTID:0000000;CHEMONTID:0004707;CHEMONTID:0000278;CHEMONTID:0002449;CHEMONTID:0002450,Organic compounds;Organic nitrogen compounds;Organonitrogen compounds;Amines;Primary amines
16698,Pyrimidines and pyrimidine derivatives,1,CHEMONTID:0000075,4,CHEMONTID:0001346,CHEMONTID:0000000;CHEMONTID:0000002;CHEMONTID:0001346;CHEMONTID:0000075,Organic compounds;Organoheterocyclic compounds;Diazines;Pyrimidines and pyrimidine derivatives
17515,Carboxylic acid derivatives,0.99,CHEMONTID:0001093,4,CHEMONTID:0000265,CHEMONTID:0000000;CHEMONTID:0000264;CHEMONTID:0000265;CHEMONTID:0001093,Organic compounds;Organic acids and derivatives;Carboxylic acids and derivatives;Carboxylic acid derivatives
585,Monoalkylamines,0.98,CHEMONTID:0000469,6,CHEMONTID:0002450,CHEMONTID:0000000;CHEMONTID:0004707;CHEMONTID:0000278;CHEMONTID:0002449;CHEMONTID:0002450;CHEMONTID:0000469,Organic compounds;Organic nitrogen compounds;Organonitrogen compounds;Amines;Primary amines;Monoalkylamines
9581,Alcohols and polyols,1,CHEMONTID:0000129,4,CHEMONTID:0000323,CHEMONTID:0000000;CHEMONTID:0004603;CHEMONTID:0000323;CHEMONTID:0000129,Organic compounds;Organic oxygen compounds;Organooxygen compounds;Alcohols and polyols
11703,Carboxylic acid derivatives,0.96,CHEMONTID:0001093,4,CHEMONTID:0000265,CHEMONTID:0000000;CHEMONTID:0000264;CHEMONTID:0000265;CHEMONTID:0001093,Organic compounds;Organic acids and derivatives;Carboxylic acids and derivatives;Carboxylic acid derivatives
12682,Amines,0.96,CHEMONTID:0002449,4,CHEMONTID:0000278,CHEMONTID:0000000;CHEMONTID:0004707;CHEMONTID:0000278;CHEMONTID:0002449,Organic compounds;Organic nitrogen compounds;Organonitrogen compounds;Amines
8638,Carbonyl compounds,0.88,CHEMONTID:0001831,4,CHEMONTID:0000323,CHEMONTID:0000000;CHEMONTID:0004603;CHEMONTID:0000323;CHEMONTID:0001831,Organic compounds;Organic oxygen compounds;Organooxygen compounds;Carbonyl compounds
8141,Carboxylic acids,0.89,CHEMONTID:0001205,4,CHEMONTID:0000265,CHEMONTID:0000000;CHEMONTID:0000264;CHEMONTID:0000265;CHEMONTID:0001205,Organic compounds;Organic acids and derivatives;Carboxylic acids and derivatives;Carboxylic acids
5711,Carbonyl compounds,0.95,CHEMONTID:0001831,4,CHEMONTID:0000323,CHEMONTID:0000000;CHEMONTID:0004603;CHEMONTID:0000323;CHEMONTID:0001831,Organic compounds;Organic oxygen compounds;Organooxygen compounds;Carbonyl compounds
7521,Amines,0.99,CHEMONTID:0002449,4,CHEMONTID:0000278,CHEMONTID:0000000;CHEMONTID:0004707;CHEMONTID:0000278;CHEMONTID:0002449,Organic compounds;Organic nitrogen compounds;Organonitrogen compounds;Amines
7009,Alkyl aryl ethers,0.99,CHEMONTID:0000128,5,CHEMONTID:0000254,CHEMONTID:0000000;CHEMONTID:0004603;CHEMONTID:0000323;CHEMONTID:0000254;CHEMONTID:0000128,Organic compounds;Organic oxygen compounds;Organooxygen compounds;Ethers;Alkyl aryl ethers
1118,Dialkyl phosphates,1,CHEMONTID:0003459,6,CHEMONTID:0003457,CHEMONTID:0000000;CHEMONTID:0000264;CHEMONTID:0000402;CHEMONTID:0000408;CHEMONTID:0003457;CHEMONTID:0003459,Organic compounds;Organic acids and derivatives;Organic phosphoric acids and derivatives;Phosphate esters;Alkyl phosphates;Dialkyl phosphates
19764,Carbonyl compounds,0.99,CHEMONTID:0001831,4,CHEMONTID:0000323,CHEMONTID:0000000;CHEMONTID:0004603;CHEMONTID:0000323;CHEMONTID:0001831,Organic compounds;Organic oxygen compounds;Organooxygen compounds;Carbonyl compounds
3888,Carbonyl compounds,0.82,CHEMONTID:0001831,4,CHEMONTID:0000323,CHEMONTID:0000000;CHEMONTID:0004603;CHEMONTID:0000323;CHEMONTID:0001831,Organic compounds;Organic oxygen compounds;Organooxygen compounds;Carbonyl compounds
8193,Amines,0.92,CHEMONTID:0002449,4,CHEMONTID:0000278,CHEMONTID:0000000;CHEMONTID:0004707;CHEMONTID:0000278;CHEMONTID:0002449,Organic compounds;Organic nitrogen compounds;Organonitrogen compounds;Amines
11856,Monoalkylamines,0.88,CHEMONTID:0000469,6,CHEMONTID:0002450,CHEMONTID:0000000;CHEMONTID:0004707;CHEMONTID:0000278;CHEMONTID:0002449;CHEMONTID:0002450;CHEMONTID:0000469,Organic compounds;Organic nitrogen compounds;Organonitrogen compounds;Amines;Primary amines;Monoalkylamines
3571,Alkyl phosphates,0.89,CHEMONTID:0003457,5,CHEMONTID:0000408,CHEMONTID:0000000;CHEMONTID:0000264;CHEMONTID:0000402;CHEMONTID:0000408;CHEMONTID:0003457,Organic compounds;Organic acids and derivatives;Organic phosphoric acids and derivatives;Phosphate esters;Alkyl phosphates
11709,Amines,0.94,CHEMONTID:0002449,4,CHEMONTID:0000278,CHEMONTID:0000000;CHEMONTID:0004707;CHEMONTID:0000278;CHEMONTID:0002449,Organic compounds;Organic nitrogen compounds;Organonitrogen compounds;Amines
13652,Carbonyl compounds,0.99,CHEMONTID:0001831,4,CHEMONTID:0000323,CHEMONTID:0000000;CHEMONTID:0004603;CHEMONTID:0000323;CHEMONTID:0001831,Organic compounds;Organic oxygen compounds;Organooxygen compounds;Carbonyl compounds
15681,Carboxylic acid derivatives,1,CHEMONTID:0001093,4,CHEMONTID:0000265,CHEMONTID:0000000;CHEMONTID:0000264;CHEMONTID:0000265;CHEMONTID:0001093,Organic compounds;Organic acids and derivatives;Carboxylic acids and derivatives;Carboxylic acid derivatives
7006,Carboxylic acid derivatives,0.9,CHEMONTID:0001093,4,CHEMONTID:0000265,CHEMONTID:0000000;CHEMONTID:0000264;CHEMONTID:0000265;CHEMONTID:0001093,Organic compounds;Organic acids and derivatives;Carboxylic acids and derivatives;Carboxylic acid derivatives
6395,Carboxylic acid derivatives,0.89,CHEMONTID:0001093,4,CHEMONTID:0000265,CHEMONTID:0000000;CHEMONTID:0000264;CHEMONTID:0000265;CHEMONTID:0001093,Organic compounds;Organic acids and derivatives;Carboxylic acids and derivatives;Carboxylic acid derivatives
16325,Monoalkylamines,0.93,CHEMONTID:0000469,6,CHEMONTID:0002450,CHEMONTID:0000000;CHEMONTID:0004707;CHEMONTID:0000278;CHEMONTID:0002449;CHEMONTID:0002450;CHEMONTID:0000469,Organic compounds;Organic nitrogen compounds;Organonitrogen compounds;Amines;Primary amines;Monoalkylamines
1926,Alkanolamines,0.99,CHEMONTID:0002460,5,CHEMONTID:0002449,CHEMONTID:0000000;CHEMONTID:0004707;CHEMONTID:0000278;CHEMONTID:0002449;CHEMONTID:0002460,Organic compounds;Organic nitrogen compounds;Organonitrogen compounds;Amines;Alkanolamines
12113,Carbohydrates and carbohydrate conjugates,0.97,CHEMONTID:0000011,4,CHEMONTID:0000323,CHEMONTID:0000000;CHEMONTID:0004603;CHEMONTID:0000323;CHEMONTID:0000011,Organic compounds;Organic oxygen compounds;Organooxygen compounds;Carbohydrates and carbohydrate conjugates
14191,Carbonyl compounds,0.92,CHEMONTID:0001831,4,CHEMONTID:0000323,CHEMONTID:0000000;CHEMONTID:0004603;CHEMONTID:0000323;CHEMONTID:0001831,Organic compounds;Organic oxygen compounds;Organooxygen compounds;Carbonyl compounds
5999,Carbohydrates and carbohydrate conjugates,1,CHEMONTID:0000011,4,CHEMONTID:0000323,CHEMONTID:0000000;CHEMONTID:0004603;CHEMONTID:0000323;CHEMONTID:0000011,Organic compounds;Organic oxygen compounds;Organooxygen compounds;Carbohydrates and carbohydrate conjugates
4040,Primary amines,0.85,CHEMONTID:0002450,5,CHEMONTID:0002449,CHEMONTID:0000000;CHEMONTID:0004707;CHEMONTID:0000278;CHEMONTID:0002449;CHEMONTID:0002450,Organic compounds;Organic nitrogen compounds;Organonitrogen compounds;Amines;Primary amines
17214,Monocarboxylic acids and derivatives,0.86,CHEMONTID:0001137,4,CHEMONTID:0000265,CHEMONTID:0000000;CHEMONTID:0000264;CHEMONTID:0000265;CHEMONTID:0001137,Organic compounds;Organic acids and derivatives;Carboxylic acids and derivatives;Monocarboxylic acids and derivatives
8234,Carboxylic acid derivatives,0.99,CHEMONTID:0001093,4,CHEMONTID:0000265,CHEMONTID:0000000;CHEMONTID:0000264;CHEMONTID:0000265;CHEMONTID:0001093,Organic compounds;Organic acids and derivatives;Carboxylic acids and derivatives;Carboxylic acid derivatives
12900,Amines,0.96,CHEMONTID:0002449,4,CHEMONTID:0000278,CHEMONTID:0000000;CHEMONTID:0004707;CHEMONTID:0000278;CHEMONTID:0002449,Organic compounds;Organic nitrogen compounds;Organonitrogen compounds;Amines
10868,Monoalkylamines,0.98,CHEMONTID:0000469,6,CHEMONTID:0002450,CHEMONTID:0000000;CHEMONTID:0004707;CHEMONTID:0000278;CHEMONTID:0002449;CHEMONTID:0002450;CHEMONTID:0000469,Organic compounds;Organic nitrogen compounds;Organonitrogen compounds;Amines;Primary amines;Monoalkylamines
7202,Amines,1,CHEMONTID:0002449,4,CHEMONTID:0000278,CHEMONTID:0000000;CHEMONTID:0004707;CHEMONTID:0000278;CHEMONTID:0002449,Organic compounds;Organic nitrogen compounds;Organonitrogen compounds;Amines
9047,Monocarboxylic acids and derivatives,0.94,CHEMONTID:0001137,4,CHEMONTID:0000265,CHEMONTID:0000000;CHEMONTID:0000264;CHEMONTID:0000265;CHEMONTID:0001137,Organic compounds;Organic acids and derivatives;Carboxylic acids and derivatives;Monocarboxylic acids and derivatives
17083,Amines,0.91,CHEMONTID:0002449,4,CHEMONTID:0000278,CHEMONTID:0000000;CHEMONTID:0004707;CHEMONTID:0000278;CHEMONTID:0002449,Organic compounds;Organic nitrogen compounds;Organonitrogen compounds;Amines
3772,Monocarboxylic acids and derivatives,0.93,CHEMONTID:0001137,4,CHEMONTID:0000265,CHEMONTID:0000000;CHEMONTID:0000264;CHEMONTID:0000265;CHEMONTID:0001137,Organic compounds;Organic acids and derivatives;Carboxylic acids and derivatives;Monocarboxylic acids and derivatives
3053,Carbonyl compounds,0.8,CHEMONTID:0001831,4,CHEMONTID:0000323,CHEMONTID:0000000;CHEMONTID:0004603;CHEMONTID:0000323;CHEMONTID:0001831,Organic compounds;Organic oxygen compounds;Organooxygen compounds;Carbonyl compounds
18068,Carbonyl compounds,0.86,CHEMONTID:0001831,4,CHEMONTID:0000323,CHEMONTID:0000000;CHEMONTID:0004603;CHEMONTID:0000323;CHEMONTID:0001831,Organic compounds;Organic oxygen compounds;Organooxygen compounds;Carbonyl compounds
10378,Glycosyl compounds,1,CHEMONTID:0002105,5,CHEMONTID:0000011,CHEMONTID:0000000;CHEMONTID:0004603;CHEMONTID:0000323;CHEMONTID:0000011;CHEMONTID:0002105,Organic compounds;Organic oxygen compounds;Organooxygen compounds;Carbohydrates and carbohydrate conjugates;Glycosyl compounds
12653,Carbonyl compounds,0.96,CHEMONTID:0001831,4,CHEMONTID:0000323,CHEMONTID:0000000;CHEMONTID:0004603;CHEMONTID:0000323;CHEMONTID:0001831,Organic compounds;Organic oxygen compounds;Organooxygen compounds;Carbonyl compounds
3678,Carbonyl compounds,0.97,CHEMONTID:0001831,4,CHEMONTID:0000323,CHEMONTID:0000000;CHEMONTID:0004603;CHEMONTID:0000323;CHEMONTID:0001831,Organic compounds;Organic oxygen compounds;Organooxygen compounds;Carbonyl compounds
9887,Carbonyl compounds,0.97,CHEMONTID:0001831,4,CHEMONTID:0000323,CHEMONTID:0000000;CHEMONTID:0004603;CHEMONTID:0000323;CHEMONTID:0001831,Organic compounds;Organic oxygen compounds;Organooxygen compounds;Carbonyl compounds
9283,Alcohols and polyols,0.93,CHEMONTID:0000129,4,CHEMONTID:0000323,CHEMONTID:0000000;CHEMONTID:0004603;CHEMONTID:0000323;CHEMONTID:0000129,Organic compounds;Organic oxygen compounds;Organooxygen compounds;Alcohols and polyols
6791,Carbonyl compounds,0.9,CHEMONTID:0001831,4,CHEMONTID:0000323,CHEMONTID:0000000;CHEMONTID:0004603;CHEMONTID:0000323;CHEMONTID:0001831,Organic compounds;Organic oxygen compounds;Organooxygen compounds;Carbonyl compounds
16263,Amines,0.98,CHEMONTID:0002449,4,CHEMONTID:0000278,CHEMONTID:0000000;CHEMONTID:0004707;CHEMONTID:0000278;CHEMONTID:0002449,Organic compounds;Organic nitrogen compounds;Organonitrogen compounds;Amines
6193,Amines,0.92,CHEMONTID:0002449,4,CHEMONTID:0000278,CHEMONTID:0000000;CHEMONTID:0004707;CHEMONTID:0000278;CHEMONTID:0002449,Organic compounds;Organic nitrogen compounds;Organonitrogen compounds;Amines
9820,Alkyl phosphates,0.98,CHEMONTID:0003457,5,CHEMONTID:0000408,CHEMONTID:0000000;CHEMONTID:0000264;CHEMONTID:0000402;CHEMONTID:0000408;CHEMONTID:0003457,Organic compounds;Organic acids and derivatives;Organic phosphoric acids and derivatives;Phosphate esters;Alkyl phosphates
11310,Carbonyl compounds,0.97,CHEMONTID:0001831,4,CHEMONTID:0000323,CHEMONTID:0000000;CHEMONTID:0004603;CHEMONTID:0000323;CHEMONTID:0001831,Organic compounds;Organic oxygen compounds;Organooxygen compounds;Carbonyl compounds
11101,Monoalkylamines,1,CHEMONTID:0000469,6,CHEMONTID:0002450,CHEMONTID:0000000;CHEMONTID:0004707;CHEMONTID:0000278;CHEMONTID:0002449;CHEMONTID:0002450;CHEMONTID:0000469,Organic compounds;Organic nitrogen compounds;Organonitrogen compounds;Amines;Primary amines;Monoalkylamines
9069,Alcohols and polyols,0.94,CHEMONTID:0000129,4,CHEMONTID:0000323,CHEMONTID:0000000;CHEMONTID:0004603;CHEMONTID:0000323;CHEMONTID:0000129,Organic compounds;Organic oxygen compounds;Organooxygen compounds;Alcohols and polyols
19565,Primary amines,0.88,CHEMONTID:0002450,5,CHEMONTID:0002449,CHEMONTID:0000000;CHEMONTID:0004707;CHEMONTID:0000278;CHEMONTID:0002449;CHEMONTID:0002450,Organic compounds;Organic nitrogen compounds;Organonitrogen compounds;Amines;Primary amines
9533,Alcohols and polyols,0.94,CHEMONTID:0000129,4,CHEMONTID:0000323,CHEMONTID:0000000;CHEMONTID:0004603;CHEMONTID:0000323;CHEMONTID:0000129,Organic compounds;Organic oxygen compounds;Organooxygen compounds;Alcohols and polyols
4718,Carboxylic acid derivatives,0.8,CHEMONTID:0001093,4,CHEMONTID:0000265,CHEMONTID:0000000;CHEMONTID:0000264;CHEMONTID:0000265;CHEMONTID:0001093,Organic compounds;Organic acids and derivatives;Carboxylic acids and derivatives;Carboxylic acid derivatives
11437,Alcohols and polyols,0.94,CHEMONTID:0000129,4,CHEMONTID:0000323,CHEMONTID:0000000;CHEMONTID:0004603;CHEMONTID:0000323;CHEMONTID:0000129,Organic compounds;Organic oxygen compounds;Organooxygen compounds;Alcohols and polyols
8717,Carbonyl compounds,0.83,CHEMONTID:0001831,4,CHEMONTID:0000323,CHEMONTID:0000000;CHEMONTID:0004603;CHEMONTID:0000323;CHEMONTID:0001831,Organic compounds;Organic oxygen compounds;Organooxygen compounds;Carbonyl compounds
2684,Trialkylamines,0.96,CHEMONTID:0002239,6,CHEMONTID:0002452,CHEMONTID:0000000;CHEMONTID:0004707;CHEMONTID:0000278;CHEMONTID:0002449;CHEMONTID:0002452;CHEMONTID:0002239,Organic compounds;Organic nitrogen compounds;Organonitrogen compounds;Amines;Tertiary amines;Trialkylamines
18935,Carbonyl compounds,0.85,CHEMONTID:0001831,4,CHEMONTID:0000323,CHEMONTID:0000000;CHEMONTID:0004603;CHEMONTID:0000323;CHEMONTID:0001831,Organic compounds;Organic oxygen compounds;Organooxygen compounds;Carbonyl compounds
3510,Monocarboxylic acids and derivatives,0.82,CHEMONTID:0001137,4,CHEMONTID:0000265,CHEMONTID:0000000;CHEMONTID:0000264;CHEMONTID:0000265;CHEMONTID:0001137,Organic compounds;Organic acids and derivatives;Carboxylic acids and derivatives;Monocarboxylic acids and derivatives
14727,Amines,0.93,CHEMONTID:0002449,4,CHEMONTID:0000278,CHEMONTID:0000000;CHEMONTID:0004707;CHEMONTID:0000278;CHEMONTID:0002449,Organic compounds;Organic nitrogen compounds;Organonitrogen compounds;Amines
15366,Amino acids and derivatives,0.9,CHEMONTID:0000347,5,CHEMONTID:0000013,CHEMONTID:0000000;CHEMONTID:0000264;CHEMONTID:0000265;CHEMONTID:0000013;CHEMONTID:0000347,"Organic compounds;Organic acids and derivatives;Carboxylic acids and derivatives;Amino acids, peptides, and analogues;Amino acids and derivatives"
6751,Primary amines,1,CHEMONTID:0002450,5,CHEMONTID:0002449,CHEMONTID:0000000;CHEMONTID:0004707;CHEMONTID:0000278;CHEMONTID:0002449;CHEMONTID:0002450,Organic compounds;Organic nitrogen compounds;Organonitrogen compounds;Amines;Primary amines
15285,Monoalkylamines,0.96,CHEMONTID:0000469,6,CHEMONTID:0002450,CHEMONTID:0000000;CHEMONTID:0004707;CHEMONTID:0000278;CHEMONTID:0002449;CHEMONTID:0002450;CHEMONTID:0000469,Organic compounds;Organic nitrogen compounds;Organonitrogen compounds;Amines;Primary amines;Monoalkylamines
8847,Pyrimidines and pyrimidine derivatives,0.98,CHEMONTID:0000075,4,CHEMONTID:0001346,CHEMONTID:0000000;CHEMONTID:0000002;CHEMONTID:0001346;CHEMONTID:0000075,Organic compounds;Organoheterocyclic compounds;Diazines;Pyrimidines and pyrimidine derivatives
5526,Amines,1,CHEMONTID:0002449,4,CHEMONTID:0000278,CHEMONTID:0000000;CHEMONTID:0004707;CHEMONTID:0000278;CHEMONTID:0002449,Organic compounds;Organic nitrogen compounds;Organonitrogen compounds;Amines
4790,Dicarboxylic acids and derivatives,0.81,CHEMONTID:0000346,4,CHEMONTID:0000265,CHEMONTID:0000000;CHEMONTID:0000264;CHEMONTID:0000265;CHEMONTID:0000346,Organic compounds;Organic acids and derivatives;Carboxylic acids and derivatives;Dicarboxylic acids and derivatives
8084,Carbonyl compounds,0.91,CHEMONTID:0001831,4,CHEMONTID:0000323,CHEMONTID:0000000;CHEMONTID:0004603;CHEMONTID:0000323;CHEMONTID:0001831,Organic compounds;Organic oxygen compounds;Organooxygen compounds;Carbonyl compounds
10069,Amines,0.96,CHEMONTID:0002449,4,CHEMONTID:0000278,CHEMONTID:0000000;CHEMONTID:0004707;CHEMONTID:0000278;CHEMONTID:0002449,Organic compounds;Organic nitrogen compounds;Organonitrogen compounds;Amines
5492,Phosphate esters,0.97,CHEMONTID:0000408,4,CHEMONTID:0000402,CHEMONTID:0000000;CHEMONTID:0000264;CHEMONTID:0000402;CHEMONTID:0000408,Organic compounds;Organic acids and derivatives;Organic phosphoric acids and derivatives;Phosphate esters
19607,Monoalkylamines,1,CHEMONTID:0000469,6,CHEMONTID:0002450,CHEMONTID:0000000;CHEMONTID:0004707;CHEMONTID:0000278;CHEMONTID:0002449;CHEMONTID:0002450;CHEMONTID:0000469,Organic compounds;Organic nitrogen compounds;Organonitrogen compounds;Amines;Primary amines;Monoalkylamines
7342,Alkyl phosphates,1,CHEMONTID:0003457,5,CHEMONTID:0000408,CHEMONTID:0000000;CHEMONTID:0000264;CHEMONTID:0000402;CHEMONTID:0000408;CHEMONTID:0003457,Organic compounds;Organic acids and derivatives;Organic phosphoric acids and derivatives;Phosphate esters;Alkyl phosphates
18921,Pyrimidines and pyrimidine derivatives,0.85,CHEMONTID:0000075,4,CHEMONTID:0001346,CHEMONTID:0000000;CHEMONTID:0000002;CHEMONTID:0001346;CHEMONTID:0000075,Organic compounds;Organoheterocyclic compounds;Diazines;Pyrimidines and pyrimidine derivatives
13099,Carbonyl compounds,0.91,CHEMONTID:0001831,4,CHEMONTID:0000323,CHEMONTID:0000000;CHEMONTID:0004603;CHEMONTID:0000323;CHEMONTID:0001831,Organic compounds;Organic oxygen compounds;Organooxygen compounds;Carbonyl compounds
6274,Alcohols and polyols,0.96,CHEMONTID:0000129,4,CHEMONTID:0000323,CHEMONTID:0000000;CHEMONTID:0004603;CHEMONTID:0000323;CHEMONTID:0000129,Organic compounds;Organic oxygen compounds;Organooxygen compounds;Alcohols and polyols
5537,Carbonyl compounds,0.92,CHEMONTID:0001831,4,CHEMONTID:0000323,CHEMONTID:0000000;CHEMONTID:0004603;CHEMONTID:0000323;CHEMONTID:0001831,Organic compounds;Organic oxygen compounds;Organooxygen compounds;Carbonyl compounds
8856,Fatty acid methyl esters,0.99,CHEMONTID:0003417,5,CHEMONTID:0000324,CHEMONTID:0000000;CHEMONTID:0000012;CHEMONTID:0003909;CHEMONTID:0000324;CHEMONTID:0003417,Organic compounds;Lipids and lipid-like molecules;Fatty Acyls;Fatty acid esters;Fatty acid methyl esters
20244,Carbonyl compounds,0.95,CHEMONTID:0001831,4,CHEMONTID:0000323,CHEMONTID:0000000;CHEMONTID:0004603;CHEMONTID:0000323;CHEMONTID:0001831,Organic compounds;Organic oxygen compounds;Organooxygen compounds;Carbonyl compounds
9845,Dialkyl ethers,0.96,CHEMONTID:0001167,5,CHEMONTID:0000254,CHEMONTID:0000000;CHEMONTID:0004603;CHEMONTID:0000323;CHEMONTID:0000254;CHEMONTID:0001167,Organic compounds;Organic oxygen compounds;Organooxygen compounds;Ethers;Dialkyl ethers
17662,Carbonyl compounds,0.96,CHEMONTID:0001831,4,CHEMONTID:0000323,CHEMONTID:0000000;CHEMONTID:0004603;CHEMONTID:0000323;CHEMONTID:0001831,Organic compounds;Organic oxygen compounds;Organooxygen compounds;Carbonyl compounds
7752,Monoalkylamines,0.91,CHEMONTID:0000469,6,CHEMONTID:0002450,CHEMONTID:0000000;CHEMONTID:0004707;CHEMONTID:0000278;CHEMONTID:0002449;CHEMONTID:0002450;CHEMONTID:0000469,Organic compounds;Organic nitrogen compounds;Organonitrogen compounds;Amines;Primary amines;Monoalkylamines
14856,Carbonyl compounds,0.92,CHEMONTID:0001831,4,CHEMONTID:0000323,CHEMONTID:0000000;CHEMONTID:0004603;CHEMONTID:0000323;CHEMONTID:0001831,Organic compounds;Organic oxygen compounds;Organooxygen compounds;Carbonyl compounds
15514,"Amino acids, peptides, and analogues",0.95,CHEMONTID:0000013,4,CHEMONTID:0000265,CHEMONTID:0000000;CHEMONTID:0000264;CHEMONTID:0000265;CHEMONTID:0000013,"Organic compounds;Organic acids and derivatives;Carboxylic acids and derivatives;Amino acids, peptides, and analogues"
11851,Amines,0.99,CHEMONTID:0002449,4,CHEMONTID:0000278,CHEMONTID:0000000;CHEMONTID:0004707;CHEMONTID:0000278;CHEMONTID:0002449,Organic compounds;Organic nitrogen compounds;Organonitrogen compounds;Amines
18210,Primary amines,0.97,CHEMONTID:0002450,5,CHEMONTID:0002449,CHEMONTID:0000000;CHEMONTID:0004707;CHEMONTID:0000278;CHEMONTID:0002449;CHEMONTID:0002450,Organic compounds;Organic nitrogen compounds;Organonitrogen compounds;Amines;Primary amines
4183,Dialkyl ethers,0.98,CHEMONTID:0001167,5,CHEMONTID:0000254,CHEMONTID:0000000;CHEMONTID:0004603;CHEMONTID:0000323;CHEMONTID:0000254;CHEMONTID:0001167,Organic compounds;Organic oxygen compounds;Organooxygen compounds;Ethers;Dialkyl ethers
2086,Amines,0.98,CHEMONTID:0002449,4,CHEMONTID:0000278,CHEMONTID:0000000;CHEMONTID:0004707;CHEMONTID:0000278;CHEMONTID:0002449,Organic compounds;Organic nitrogen compounds;Organonitrogen compounds;Amines
17561,Carbonyl compounds,0.97,CHEMONTID:0001831,4,CHEMONTID:0000323,CHEMONTID:0000000;CHEMONTID:0004603;CHEMONTID:0000323;CHEMONTID:0001831,Organic compounds;Organic oxygen compounds;Organooxygen compounds;Carbonyl compounds
15837,Amphetamines and derivatives,0.99,CHEMONTID:0000188,5,CHEMONTID:0000186,CHEMONTID:0000000;CHEMONTID:0002448;CHEMONTID:0002279;CHEMONTID:0000186;CHEMONTID:0000188,Organic compounds;Benzenoids;Benzene and substituted derivatives;Phenethylamines;Amphetamines and derivatives
13129,Amines,0.94,CHEMONTID:0002449,4,CHEMONTID:0000278,CHEMONTID:0000000;CHEMONTID:0004707;CHEMONTID:0000278;CHEMONTID:0002449,Organic compounds;Organic nitrogen compounds;Organonitrogen compounds;Amines
3853,Primary amines,0.87,CHEMONTID:0002450,5,CHEMONTID:0002449,CHEMONTID:0000000;CHEMONTID:0004707;CHEMONTID:0000278;CHEMONTID:0002449;CHEMONTID:0002450,Organic compounds;Organic nitrogen compounds;Organonitrogen compounds;Amines;Primary amines
20419,1-hydroxy-2-unsubstituted benzenoids,0.9,CHEMONTID:0004646,4,CHEMONTID:0000134,CHEMONTID:0000000;CHEMONTID:0002448;CHEMONTID:0000134;CHEMONTID:0004646,Organic compounds;Benzenoids;Phenols;1-hydroxy-2-unsubstituted benzenoids
15497,Monoalkylamines,0.98,CHEMONTID:0000469,6,CHEMONTID:0002450,CHEMONTID:0000000;CHEMONTID:0004707;CHEMONTID:0000278;CHEMONTID:0002449;CHEMONTID:0002450;CHEMONTID:0000469,Organic compounds;Organic nitrogen compounds;Organonitrogen compounds;Amines;Primary amines;Monoalkylamines
5593,Phosphate esters,0.93,CHEMONTID:0000408,4,CHEMONTID:0000402,CHEMONTID:0000000;CHEMONTID:0000264;CHEMONTID:0000402;CHEMONTID:0000408,Organic compounds;Organic acids and derivatives;Organic phosphoric acids and derivatives;Phosphate esters
9078,Carboxylic acid derivatives,0.85,CHEMONTID:0001093,4,CHEMONTID:0000265,CHEMONTID:0000000;CHEMONTID:0000264;CHEMONTID:0000265;CHEMONTID:0001093,Organic compounds;Organic acids and derivatives;Carboxylic acids and derivatives;Carboxylic acid derivatives
13964,Alcohols and polyols,0.83,CHEMONTID:0000129,4,CHEMONTID:0000323,CHEMONTID:0000000;CHEMONTID:0004603;CHEMONTID:0000323;CHEMONTID:0000129,Organic compounds;Organic oxygen compounds;Organooxygen compounds;Alcohols and polyols
3459,Carbonyl compounds,0.9,CHEMONTID:0001831,4,CHEMONTID:0000323,CHEMONTID:0000000;CHEMONTID:0004603;CHEMONTID:0000323;CHEMONTID:0001831,Organic compounds;Organic oxygen compounds;Organooxygen compounds;Carbonyl compounds
9056,Alcohols and polyols,0.82,CHEMONTID:0000129,4,CHEMONTID:0000323,CHEMONTID:0000000;CHEMONTID:0004603;CHEMONTID:0000323;CHEMONTID:0000129,Organic compounds;Organic oxygen compounds;Organooxygen compounds;Alcohols and polyols
4037,Monocarboxylic acids and derivatives,0.81,CHEMONTID:0001137,4,CHEMONTID:0000265,CHEMONTID:0000000;CHEMONTID:0000264;CHEMONTID:0000265;CHEMONTID:0001137,Organic compounds;Organic acids and derivatives;Carboxylic acids and derivatives;Monocarboxylic acids and derivatives
16215,Carbonyl compounds,0.87,CHEMONTID:0001831,4,CHEMONTID:0000323,CHEMONTID:0000000;CHEMONTID:0004603;CHEMONTID:0000323;CHEMONTID:0001831,Organic compounds;Organic oxygen compounds;Organooxygen compounds;Carbonyl compounds
1252,Monoalkylamines,0.84,CHEMONTID:0000469,6,CHEMONTID:0002450,CHEMONTID:0000000;CHEMONTID:0004707;CHEMONTID:0000278;CHEMONTID:0002449;CHEMONTID:0002450;CHEMONTID:0000469,Organic compounds;Organic nitrogen compounds;Organonitrogen compounds;Amines;Primary amines;Monoalkylamines
695,Carbonyl compounds,0.99,CHEMONTID:0001831,4,CHEMONTID:0000323,CHEMONTID:0000000;CHEMONTID:0004603;CHEMONTID:0000323;CHEMONTID:0001831,Organic compounds;Organic oxygen compounds;Organooxygen compounds;Carbonyl compounds
11938,Guanidines,1,CHEMONTID:0000375,4,CHEMONTID:0000278,CHEMONTID:0000000;CHEMONTID:0004707;CHEMONTID:0000278;CHEMONTID:0000375,Organic compounds;Organic nitrogen compounds;Organonitrogen compounds;Guanidines
11846,Carbonyl compounds,0.83,CHEMONTID:0001831,4,CHEMONTID:0000323,CHEMONTID:0000000;CHEMONTID:0004603;CHEMONTID:0000323;CHEMONTID:0001831,Organic compounds;Organic oxygen compounds;Organooxygen compounds;Carbonyl compounds
18809,N-acyl amines,0.97,CHEMONTID:0001096,5,CHEMONTID:0000331,CHEMONTID:0000000;CHEMONTID:0000012;CHEMONTID:0003909;CHEMONTID:0000331;CHEMONTID:0001096,Organic compounds;Lipids and lipid-like molecules;Fatty Acyls;Fatty amides;N-acyl amines
3623,Carbonyl compounds,0.99,CHEMONTID:0001831,4,CHEMONTID:0000323,CHEMONTID:0000000;CHEMONTID:0004603;CHEMONTID:0000323;CHEMONTID:0001831,Organic compounds;Organic oxygen compounds;Organooxygen compounds;Carbonyl compounds
19757,Methyl esters,0.86,CHEMONTID:0003416,6,CHEMONTID:0001238,CHEMONTID:0000000;CHEMONTID:0000264;CHEMONTID:0000265;CHEMONTID:0001093;CHEMONTID:0001238;CHEMONTID:0003416,Organic compounds;Organic acids and derivatives;Carboxylic acids and derivatives;Carboxylic acid derivatives;Carboxylic acid esters;Methyl esters
16575,Dialkyl ethers,0.98,CHEMONTID:0001167,5,CHEMONTID:0000254,CHEMONTID:0000000;CHEMONTID:0004603;CHEMONTID:0000323;CHEMONTID:0000254;CHEMONTID:0001167,Organic compounds;Organic oxygen compounds;Organooxygen compounds;Ethers;Dialkyl ethers
8227,Pyrimidines and pyrimidine derivatives,0.96,CHEMONTID:0000075,4,CHEMONTID:0001346,CHEMONTID:0000000;CHEMONTID:0000002;CHEMONTID:0001346;CHEMONTID:0000075,Organic compounds;Organoheterocyclic compounds;Diazines;Pyrimidines and pyrimidine derivatives
4754,Carboxylic acid derivatives,0.93,CHEMONTID:0001093,4,CHEMONTID:0000265,CHEMONTID:0000000;CHEMONTID:0000264;CHEMONTID:0000265;CHEMONTID:0001093,Organic compounds;Organic acids and derivatives;Carboxylic acids and derivatives;Carboxylic acid derivatives
3669,Phosphate esters,0.84,CHEMONTID:0000408,4,CHEMONTID:0000402,CHEMONTID:0000000;CHEMONTID:0000264;CHEMONTID:0000402;CHEMONTID:0000408,Organic compounds;Organic acids and derivatives;Organic phosphoric acids and derivatives;Phosphate esters
124,Monocarboxylic acids and derivatives,0.93,CHEMONTID:0001137,4,CHEMONTID:0000265,CHEMONTID:0000000;CHEMONTID:0000264;CHEMONTID:0000265;CHEMONTID:0001137,Organic compounds;Organic acids and derivatives;Carboxylic acids and derivatives;Monocarboxylic acids and derivatives
3042,Primary amines,0.97,CHEMONTID:0002450,5,CHEMONTID:0002449,CHEMONTID:0000000;CHEMONTID:0004707;CHEMONTID:0000278;CHEMONTID:0002449;CHEMONTID:0002450,Organic compounds;Organic nitrogen compounds;Organonitrogen compounds;Amines;Primary amines
12287,Carbonyl compounds,0.97,CHEMONTID:0001831,4,CHEMONTID:0000323,CHEMONTID:0000000;CHEMONTID:0004603;CHEMONTID:0000323;CHEMONTID:0001831,Organic compounds;Organic oxygen compounds;Organooxygen compounds;Carbonyl compounds
8171,Carbonyl compounds,0.89,CHEMONTID:0001831,4,CHEMONTID:0000323,CHEMONTID:0000000;CHEMONTID:0004603;CHEMONTID:0000323;CHEMONTID:0001831,Organic compounds;Organic oxygen compounds;Organooxygen compounds;Carbonyl compounds
15709,Monocarboxylic acids and derivatives,0.87,CHEMONTID:0001137,4,CHEMONTID:0000265,CHEMONTID:0000000;CHEMONTID:0000264;CHEMONTID:0000265;CHEMONTID:0001137,Organic compounds;Organic acids and derivatives;Carboxylic acids and derivatives;Monocarboxylic acids and derivatives
4008,Thiadiazoles,0.99,CHEMONTID:0000093,4,CHEMONTID:0000436,CHEMONTID:0000000;CHEMONTID:0000002;CHEMONTID:0000436;CHEMONTID:0000093,Organic compounds;Organoheterocyclic compounds;Azoles;Thiadiazoles
15331,Carbonyl compounds,0.92,CHEMONTID:0001831,4,CHEMONTID:0000323,CHEMONTID:0000000;CHEMONTID:0004603;CHEMONTID:0000323;CHEMONTID:0001831,Organic compounds;Organic oxygen compounds;Organooxygen compounds;Carbonyl compounds
10329,Carbonyl compounds,0.83,CHEMONTID:0001831,4,CHEMONTID:0000323,CHEMONTID:0000000;CHEMONTID:0004603;CHEMONTID:0000323;CHEMONTID:0001831,Organic compounds;Organic oxygen compounds;Organooxygen compounds;Carbonyl compounds
9252,Monocarboxylic acids and derivatives,0.94,CHEMONTID:0001137,4,CHEMONTID:0000265,CHEMONTID:0000000;CHEMONTID:0000264;CHEMONTID:0000265;CHEMONTID:0001137,Organic compounds;Organic acids and derivatives;Carboxylic acids and derivatives;Monocarboxylic acids and derivatives
8372,Carbonyl compounds,0.92,CHEMONTID:0001831,4,CHEMONTID:0000323,CHEMONTID:0000000;CHEMONTID:0004603;CHEMONTID:0000323;CHEMONTID:0001831,Organic compounds;Organic oxygen compounds;Organooxygen compounds;Carbonyl compounds
12881,Monoalkylamines,1,CHEMONTID:0000469,6,CHEMONTID:0002450,CHEMONTID:0000000;CHEMONTID:0004707;CHEMONTID:0000278;CHEMONTID:0002449;CHEMONTID:0002450;CHEMONTID:0000469,Organic compounds;Organic nitrogen compounds;Organonitrogen compounds;Amines;Primary amines;Monoalkylamines
12794,Phosphate esters,1,CHEMONTID:0000408,4,CHEMONTID:0000402,CHEMONTID:0000000;CHEMONTID:0000264;CHEMONTID:0000402;CHEMONTID:0000408,Organic compounds;Organic acids and derivatives;Organic phosphoric acids and derivatives;Phosphate esters
14544,N-acyl amines,0.9,CHEMONTID:0001096,5,CHEMONTID:0000331,CHEMONTID:0000000;CHEMONTID:0000012;CHEMONTID:0003909;CHEMONTID:0000331;CHEMONTID:0001096,Organic compounds;Lipids and lipid-like molecules;Fatty Acyls;Fatty amides;N-acyl amines
17675,Pyrimidines and pyrimidine derivatives,0.99,CHEMONTID:0000075,4,CHEMONTID:0001346,CHEMONTID:0000000;CHEMONTID:0000002;CHEMONTID:0001346;CHEMONTID:0000075,Organic compounds;Organoheterocyclic compounds;Diazines;Pyrimidines and pyrimidine derivatives
13638,Carbonyl compounds,0.99,CHEMONTID:0001831,4,CHEMONTID:0000323,CHEMONTID:0000000;CHEMONTID:0004603;CHEMONTID:0000323;CHEMONTID:0001831,Organic compounds;Organic oxygen compounds;Organooxygen compounds;Carbonyl compounds
2470,Pyranones and derivatives,0.92,CHEMONTID:0000481,4,CHEMONTID:0000086,CHEMONTID:0000000;CHEMONTID:0000002;CHEMONTID:0000086;CHEMONTID:0000481,Organic compounds;Organoheterocyclic compounds;Pyrans;Pyranones and derivatives
20232,Amines,0.94,CHEMONTID:0002449,4,CHEMONTID:0000278,CHEMONTID:0000000;CHEMONTID:0004707;CHEMONTID:0000278;CHEMONTID:0002449,Organic compounds;Organic nitrogen compounds;Organonitrogen compounds;Amines
14057,Purines and purine derivatives,0.99,CHEMONTID:0000245,4,CHEMONTID:0001797,CHEMONTID:0000000;CHEMONTID:0000002;CHEMONTID:0001797;CHEMONTID:0000245,Organic compounds;Organoheterocyclic compounds;Imidazopyrimidines;Purines and purine derivatives
13957,Dialkyl ethers,0.98,CHEMONTID:0001167,5,CHEMONTID:0000254,CHEMONTID:0000000;CHEMONTID:0004603;CHEMONTID:0000323;CHEMONTID:0000254;CHEMONTID:0001167,Organic compounds;Organic oxygen compounds;Organooxygen compounds;Ethers;Dialkyl ethers
2407,Monoalkylamines,1,CHEMONTID:0000469,6,CHEMONTID:0002450,CHEMONTID:0000000;CHEMONTID:0004707;CHEMONTID:0000278;CHEMONTID:0002449;CHEMONTID:0002450;CHEMONTID:0000469,Organic compounds;Organic nitrogen compounds;Organonitrogen compounds;Amines;Primary amines;Monoalkylamines
3761,Amines,0.99,CHEMONTID:0002449,4,CHEMONTID:0000278,CHEMONTID:0000000;CHEMONTID:0004707;CHEMONTID:0000278;CHEMONTID:0002449,Organic compounds;Organic nitrogen compounds;Organonitrogen compounds;Amines
3407,Carboxylic acids,1,CHEMONTID:0001205,4,CHEMONTID:0000265,CHEMONTID:0000000;CHEMONTID:0000264;CHEMONTID:0000265;CHEMONTID:0001205,Organic compounds;Organic acids and derivatives;Carboxylic acids and derivatives;Carboxylic acids
1804,Dialkyl ethers,0.98,CHEMONTID:0001167,5,CHEMONTID:0000254,CHEMONTID:0000000;CHEMONTID:0004603;CHEMONTID:0000323;CHEMONTID:0000254;CHEMONTID:0001167,Organic compounds;Organic oxygen compounds;Organooxygen compounds;Ethers;Dialkyl ethers
13542,Primary amines,0.94,CHEMONTID:0002450,5,CHEMONTID:0002449,CHEMONTID:0000000;CHEMONTID:0004707;CHEMONTID:0000278;CHEMONTID:0002449;CHEMONTID:0002450,Organic compounds;Organic nitrogen compounds;Organonitrogen compounds;Amines;Primary amines
16950,Carbonyl compounds,0.83,CHEMONTID:0001831,4,CHEMONTID:0000323,CHEMONTID:0000000;CHEMONTID:0004603;CHEMONTID:0000323;CHEMONTID:0001831,Organic compounds;Organic oxygen compounds;Organooxygen compounds;Carbonyl compounds
11455,Monoalkylamines,1,CHEMONTID:0000469,6,CHEMONTID:0002450,CHEMONTID:0000000;CHEMONTID:0004707;CHEMONTID:0000278;CHEMONTID:0002449;CHEMONTID:0002450;CHEMONTID:0000469,Organic compounds;Organic nitrogen compounds;Organonitrogen compounds;Amines;Primary amines;Monoalkylamines
20129,Carboxylic acids,0.93,CHEMONTID:0001205,4,CHEMONTID:0000265,CHEMONTID:0000000;CHEMONTID:0000264;CHEMONTID:0000265;CHEMONTID:0001205,Organic compounds;Organic acids and derivatives;Carboxylic acids and derivatives;Carboxylic acids
3897,Guanidines,0.93,CHEMONTID:0000375,4,CHEMONTID:0000278,CHEMONTID:0000000;CHEMONTID:0004707;CHEMONTID:0000278;CHEMONTID:0000375,Organic compounds;Organic nitrogen compounds;Organonitrogen compounds;Guanidines
10054,Carbonyl compounds,0.83,CHEMONTID:0001831,4,CHEMONTID:0000323,CHEMONTID:0000000;CHEMONTID:0004603;CHEMONTID:0000323;CHEMONTID:0001831,Organic compounds;Organic oxygen compounds;Organooxygen compounds;Carbonyl compounds
17253,Phosphate esters,0.97,CHEMONTID:0000408,4,CHEMONTID:0000402,CHEMONTID:0000000;CHEMONTID:0000264;CHEMONTID:0000402;CHEMONTID:0000408,Organic compounds;Organic acids and derivatives;Organic phosphoric acids and derivatives;Phosphate esters
18173,Guanidines,0.96,CHEMONTID:0000375,4,CHEMONTID:0000278,CHEMONTID:0000000;CHEMONTID:0004707;CHEMONTID:0000278;CHEMONTID:0000375,Organic compounds;Organic nitrogen compounds;Organonitrogen compounds;Guanidines
16052,Primary amines,0.98,CHEMONTID:0002450,5,CHEMONTID:0002449,CHEMONTID:0000000;CHEMONTID:0004707;CHEMONTID:0000278;CHEMONTID:0002449;CHEMONTID:0002450,Organic compounds;Organic nitrogen compounds;Organonitrogen compounds;Amines;Primary amines
7879,Carbonyl compounds,0.87,CHEMONTID:0001831,4,CHEMONTID:0000323,CHEMONTID:0000000;CHEMONTID:0004603;CHEMONTID:0000323;CHEMONTID:0001831,Organic compounds;Organic oxygen compounds;Organooxygen compounds;Carbonyl compounds
16859,Amines,0.98,CHEMONTID:0002449,4,CHEMONTID:0000278,CHEMONTID:0000000;CHEMONTID:0004707;CHEMONTID:0000278;CHEMONTID:0002449,Organic compounds;Organic nitrogen compounds;Organonitrogen compounds;Amines
13312,"Amino acids, peptides, and analogues",0.89,CHEMONTID:0000013,4,CHEMONTID:0000265,CHEMONTID:0000000;CHEMONTID:0000264;CHEMONTID:0000265;CHEMONTID:0000013,"Organic compounds;Organic acids and derivatives;Carboxylic acids and derivatives;Amino acids, peptides, and analogues"
8513,Monoalkylamines,0.98,CHEMONTID:0000469,6,CHEMONTID:0002450,CHEMONTID:0000000;CHEMONTID:0004707;CHEMONTID:0000278;CHEMONTID:0002449;CHEMONTID:0002450;CHEMONTID:0000469,Organic compounds;Organic nitrogen compounds;Organonitrogen compounds;Amines;Primary amines;Monoalkylamines
11787,Carboximidamides,0.9,CHEMONTID:0003152,4,CHEMONTID:0000278,CHEMONTID:0000000;CHEMONTID:0004707;CHEMONTID:0000278;CHEMONTID:0003152,Organic compounds;Organic nitrogen compounds;Organonitrogen compounds;Carboximidamides
9264,Carbonyl compounds,0.83,CHEMONTID:0001831,4,CHEMONTID:0000323,CHEMONTID:0000000;CHEMONTID:0004603;CHEMONTID:0000323;CHEMONTID:0001831,Organic compounds;Organic oxygen compounds;Organooxygen compounds;Carbonyl compounds
20484,Amines,0.87,CHEMONTID:0002449,4,CHEMONTID:0000278,CHEMONTID:0000000;CHEMONTID:0004707;CHEMONTID:0000278;CHEMONTID:0002449,Organic compounds;Organic nitrogen compounds;Organonitrogen compounds;Amines
20712,Carboxylic acid derivatives,0.92,CHEMONTID:0001093,4,CHEMONTID:0000265,CHEMONTID:0000000;CHEMONTID:0000264;CHEMONTID:0000265;CHEMONTID:0001093,Organic compounds;Organic acids and derivatives;Carboxylic acids and derivatives;Carboxylic acid derivatives
9212,Purines and purine derivatives,1,CHEMONTID:0000245,4,CHEMONTID:0001797,CHEMONTID:0000000;CHEMONTID:0000002;CHEMONTID:0001797;CHEMONTID:0000245,Organic compounds;Organoheterocyclic compounds;Imidazopyrimidines;Purines and purine derivatives
4739,Monocarboxylic acids and derivatives,0.93,CHEMONTID:0001137,4,CHEMONTID:0000265,CHEMONTID:0000000;CHEMONTID:0000264;CHEMONTID:0000265;CHEMONTID:0001137,Organic compounds;Organic acids and derivatives;Carboxylic acids and derivatives;Monocarboxylic acids and derivatives
5328,Alcohols and polyols,0.88,CHEMONTID:0000129,4,CHEMONTID:0000323,CHEMONTID:0000000;CHEMONTID:0004603;CHEMONTID:0000323;CHEMONTID:0000129,Organic compounds;Organic oxygen compounds;Organooxygen compounds;Alcohols and polyols
4885,Carbonyl compounds,0.88,CHEMONTID:0001831,4,CHEMONTID:0000323,CHEMONTID:0000000;CHEMONTID:0004603;CHEMONTID:0000323;CHEMONTID:0001831,Organic compounds;Organic oxygen compounds;Organooxygen compounds;Carbonyl compounds
13168,Amines,0.97,CHEMONTID:0002449,4,CHEMONTID:0000278,CHEMONTID:0000000;CHEMONTID:0004707;CHEMONTID:0000278;CHEMONTID:0002449,Organic compounds;Organic nitrogen compounds;Organonitrogen compounds;Amines
2806,Alcohols and polyols,0.99,CHEMONTID:0000129,4,CHEMONTID:0000323,CHEMONTID:0000000;CHEMONTID:0004603;CHEMONTID:0000323;CHEMONTID:0000129,Organic compounds;Organic oxygen compounds;Organooxygen compounds;Alcohols and polyols
18362,Dialkyl ethers,0.96,CHEMONTID:0001167,5,CHEMONTID:0000254,CHEMONTID:0000000;CHEMONTID:0004603;CHEMONTID:0000323;CHEMONTID:0000254;CHEMONTID:0001167,Organic compounds;Organic oxygen compounds;Organooxygen compounds;Ethers;Dialkyl ethers
3443,Phosphate esters,1,CHEMONTID:0000408,4,CHEMONTID:0000402,CHEMONTID:0000000;CHEMONTID:0000264;CHEMONTID:0000402;CHEMONTID:0000408,Organic compounds;Organic acids and derivatives;Organic phosphoric acids and derivatives;Phosphate esters
3725,Carbonyl compounds,0.83,CHEMONTID:0001831,4,CHEMONTID:0000323,CHEMONTID:0000000;CHEMONTID:0004603;CHEMONTID:0000323;CHEMONTID:0001831,Organic compounds;Organic oxygen compounds;Organooxygen compounds;Carbonyl compounds
5777,Carbonyl compounds,0.99,CHEMONTID:0001831,4,CHEMONTID:0000323,CHEMONTID:0000000;CHEMONTID:0004603;CHEMONTID:0000323;CHEMONTID:0001831,Organic compounds;Organic oxygen compounds;Organooxygen compounds;Carbonyl compounds
16522,"Amino acids, peptides, and analogues",0.91,CHEMONTID:0000013,4,CHEMONTID:0000265,CHEMONTID:0000000;CHEMONTID:0000264;CHEMONTID:0000265;CHEMONTID:0000013,"Organic compounds;Organic acids and derivatives;Carboxylic acids and derivatives;Amino acids, peptides, and analogues"
17060,Monocarboxylic acids and derivatives,0.91,CHEMONTID:0001137,4,CHEMONTID:0000265,CHEMONTID:0000000;CHEMONTID:0000264;CHEMONTID:0000265;CHEMONTID:0001137,Organic compounds;Organic acids and derivatives;Carboxylic acids and derivatives;Monocarboxylic acids and derivatives
17288,Alcohols and polyols,0.84,CHEMONTID:0000129,4,CHEMONTID:0000323,CHEMONTID:0000000;CHEMONTID:0004603;CHEMONTID:0000323;CHEMONTID:0000129,Organic compounds;Organic oxygen compounds;Organooxygen compounds;Alcohols and polyols
12225,Carboxylic acid derivatives,0.99,CHEMONTID:0001093,4,CHEMONTID:0000265,CHEMONTID:0000000;CHEMONTID:0000264;CHEMONTID:0000265;CHEMONTID:0001093,Organic compounds;Organic acids and derivatives;Carboxylic acids and derivatives;Carboxylic acid derivatives
14142,Pyrimidines and pyrimidine derivatives,0.95,CHEMONTID:0000075,4,CHEMONTID:0001346,CHEMONTID:0000000;CHEMONTID:0000002;CHEMONTID:0001346;CHEMONTID:0000075,Organic compounds;Organoheterocyclic compounds;Diazines;Pyrimidines and pyrimidine derivatives
2527,Carboxylic acid derivatives,0.97,CHEMONTID:0001093,4,CHEMONTID:0000265,CHEMONTID:0000000;CHEMONTID:0000264;CHEMONTID:0000265;CHEMONTID:0001093,Organic compounds;Organic acids and derivatives;Carboxylic acids and derivatives;Carboxylic acid derivatives
7533,Monoalkylamines,0.93,CHEMONTID:0000469,6,CHEMONTID:0002450,CHEMONTID:0000000;CHEMONTID:0004707;CHEMONTID:0000278;CHEMONTID:0002449;CHEMONTID:0002450;CHEMONTID:0000469,Organic compounds;Organic nitrogen compounds;Organonitrogen compounds;Amines;Primary amines;Monoalkylamines
8274,Alcohols and polyols,0.95,CHEMONTID:0000129,4,CHEMONTID:0000323,CHEMONTID:0000000;CHEMONTID:0004603;CHEMONTID:0000323;CHEMONTID:0000129,Organic compounds;Organic oxygen compounds;Organooxygen compounds;Alcohols and polyols
6225,Carbonyl compounds,0.92,CHEMONTID:0001831,4,CHEMONTID:0000323,CHEMONTID:0000000;CHEMONTID:0004603;CHEMONTID:0000323;CHEMONTID:0001831,Organic compounds;Organic oxygen compounds;Organooxygen compounds;Carbonyl compounds
3006,Cyclic olefins,0.8,CHEMONTID:0002840,5,CHEMONTID:0002838,CHEMONTID:0000000;CHEMONTID:0002837;CHEMONTID:0004475;CHEMONTID:0002838;CHEMONTID:0002840,Organic compounds;Hydrocarbons;Unsaturated hydrocarbons;Olefins;Cyclic olefins
10903,Carbonyl compounds,0.8,CHEMONTID:0001831,4,CHEMONTID:0000323,CHEMONTID:0000000;CHEMONTID:0004603;CHEMONTID:0000323;CHEMONTID:0001831,Organic compounds;Organic oxygen compounds;Organooxygen compounds;Carbonyl compounds
7158,Androstane steroids,0.89,CHEMONTID:0003568,4,CHEMONTID:0000258,CHEMONTID:0000000;CHEMONTID:0000012;CHEMONTID:0000258;CHEMONTID:0003568,Organic compounds;Lipids and lipid-like molecules;Steroids and steroid derivatives;Androstane steroids
14021,Carbonyl compounds,0.87,CHEMONTID:0001831,4,CHEMONTID:0000323,CHEMONTID:0000000;CHEMONTID:0004603;CHEMONTID:0000323;CHEMONTID:0001831,Organic compounds;Organic oxygen compounds;Organooxygen compounds;Carbonyl compounds
6548,Amines,1,CHEMONTID:0002449,4,CHEMONTID:0000278,CHEMONTID:0000000;CHEMONTID:0004707;CHEMONTID:0000278;CHEMONTID:0002449,Organic compounds;Organic nitrogen compounds;Organonitrogen compounds;Amines
4643,Methyl esters,0.97,CHEMONTID:0003416,6,CHEMONTID:0001238,CHEMONTID:0000000;CHEMONTID:0000264;CHEMONTID:0000265;CHEMONTID:0001093;CHEMONTID:0001238;CHEMONTID:0003416,Organic compounds;Organic acids and derivatives;Carboxylic acids and derivatives;Carboxylic acid derivatives;Carboxylic acid esters;Methyl esters
9331,Carbonyl compounds,0.96,CHEMONTID:0001831,4,CHEMONTID:0000323,CHEMONTID:0000000;CHEMONTID:0004603;CHEMONTID:0000323;CHEMONTID:0001831,Organic compounds;Organic oxygen compounds;Organooxygen compounds;Carbonyl compounds
19732,Carboxylic acid derivatives,0.99,CHEMONTID:0001093,4,CHEMONTID:0000265,CHEMONTID:0000000;CHEMONTID:0000264;CHEMONTID:0000265;CHEMONTID:0001093,Organic compounds;Organic acids and derivatives;Carboxylic acids and derivatives;Carboxylic acid derivatives
8506,Pyrimidines and pyrimidine derivatives,0.96,CHEMONTID:0000075,4,CHEMONTID:0001346,CHEMONTID:0000000;CHEMONTID:0000002;CHEMONTID:0001346;CHEMONTID:0000075,Organic compounds;Organoheterocyclic compounds;Diazines;Pyrimidines and pyrimidine derivatives
1784,Carboxylic acid amides,0.82,CHEMONTID:0000475,5,CHEMONTID:0001093,CHEMONTID:0000000;CHEMONTID:0000264;CHEMONTID:0000265;CHEMONTID:0001093;CHEMONTID:0000475,Organic compounds;Organic acids and derivatives;Carboxylic acids and derivatives;Carboxylic acid derivatives;Carboxylic acid amides
12152,Ureas,0.87,CHEMONTID:0000517,4,CHEMONTID:0000364,CHEMONTID:0000000;CHEMONTID:0000264;CHEMONTID:0000364;CHEMONTID:0000517,Organic compounds;Organic acids and derivatives;Organic carbonic acids and derivatives;Ureas
13529,Guanidines,0.97,CHEMONTID:0000375,4,CHEMONTID:0000278,CHEMONTID:0000000;CHEMONTID:0004707;CHEMONTID:0000278;CHEMONTID:0000375,Organic compounds;Organic nitrogen compounds;Organonitrogen compounds;Guanidines
2143,Carbonyl compounds,0.95,CHEMONTID:0001831,4,CHEMONTID:0000323,CHEMONTID:0000000;CHEMONTID:0004603;CHEMONTID:0000323;CHEMONTID:0001831,Organic compounds;Organic oxygen compounds;Organooxygen compounds;Carbonyl compounds
18325,Amines,0.93,CHEMONTID:0002449,4,CHEMONTID:0000278,CHEMONTID:0000000;CHEMONTID:0004707;CHEMONTID:0000278;CHEMONTID:0002449,Organic compounds;Organic nitrogen compounds;Organonitrogen compounds;Amines
19850,Pyrimidines and pyrimidine derivatives,0.94,CHEMONTID:0000075,4,CHEMONTID:0001346,CHEMONTID:0000000;CHEMONTID:0000002;CHEMONTID:0001346;CHEMONTID:0000075,Organic compounds;Organoheterocyclic compounds;Diazines;Pyrimidines and pyrimidine derivatives
13869,Alkyl phosphates,0.99,CHEMONTID:0003457,5,CHEMONTID:0000408,CHEMONTID:0000000;CHEMONTID:0000264;CHEMONTID:0000402;CHEMONTID:0000408;CHEMONTID:0003457,Organic compounds;Organic acids and derivatives;Organic phosphoric acids and derivatives;Phosphate esters;Alkyl phosphates
5100,Carbonyl compounds,0.95,CHEMONTID:0001831,4,CHEMONTID:0000323,CHEMONTID:0000000;CHEMONTID:0004603;CHEMONTID:0000323;CHEMONTID:0001831,Organic compounds;Organic oxygen compounds;Organooxygen compounds;Carbonyl compounds
14325,Ethers,0.96,CHEMONTID:0000254,4,CHEMONTID:0000323,CHEMONTID:0000000;CHEMONTID:0004603;CHEMONTID:0000323;CHEMONTID:0000254,Organic compounds;Organic oxygen compounds;Organooxygen compounds;Ethers
12514,Carbonyl compounds,0.97,CHEMONTID:0001831,4,CHEMONTID:0000323,CHEMONTID:0000000;CHEMONTID:0004603;CHEMONTID:0000323;CHEMONTID:0001831,Organic compounds;Organic oxygen compounds;Organooxygen compounds;Carbonyl compounds
11748,Monocarboxylic acids and derivatives,0.81,CHEMONTID:0001137,4,CHEMONTID:0000265,CHEMONTID:0000000;CHEMONTID:0000264;CHEMONTID:0000265;CHEMONTID:0001137,Organic compounds;Organic acids and derivatives;Carboxylic acids and derivatives;Monocarboxylic acids and derivatives
5705,Carbohydrates and carbohydrate conjugates,1,CHEMONTID:0000011,4,CHEMONTID:0000323,CHEMONTID:0000000;CHEMONTID:0004603;CHEMONTID:0000323;CHEMONTID:0000011,Organic compounds;Organic oxygen compounds;Organooxygen compounds;Carbohydrates and carbohydrate conjugates
15231,Carbonyl compounds,0.97,CHEMONTID:0001831,4,CHEMONTID:0000323,CHEMONTID:0000000;CHEMONTID:0004603;CHEMONTID:0000323;CHEMONTID:0001831,Organic compounds;Organic oxygen compounds;Organooxygen compounds;Carbonyl compounds
2351,Amines,0.99,CHEMONTID:0002449,4,CHEMONTID:0000278,CHEMONTID:0000000;CHEMONTID:0004707;CHEMONTID:0000278;CHEMONTID:0002449,Organic compounds;Organic nitrogen compounds;Organonitrogen compounds;Amines
5788,Glycosyl compounds,1,CHEMONTID:0002105,5,CHEMONTID:0000011,CHEMONTID:0000000;CHEMONTID:0004603;CHEMONTID:0000323;CHEMONTID:0000011;CHEMONTID:0002105,Organic compounds;Organic oxygen compounds;Organooxygen compounds;Carbohydrates and carbohydrate conjugates;Glycosyl compounds
12144,Carbonyl compounds,0.95,CHEMONTID:0001831,4,CHEMONTID:0000323,CHEMONTID:0000000;CHEMONTID:0004603;CHEMONTID:0000323;CHEMONTID:0001831,Organic compounds;Organic oxygen compounds;Organooxygen compounds;Carbonyl compounds
15429,Alcohols and polyols,0.9,CHEMONTID:0000129,4,CHEMONTID:0000323,CHEMONTID:0000000;CHEMONTID:0004603;CHEMONTID:0000323;CHEMONTID:0000129,Organic compounds;Organic oxygen compounds;Organooxygen compounds;Alcohols and polyols
5837,Alcohols and polyols,0.91,CHEMONTID:0000129,4,CHEMONTID:0000323,CHEMONTID:0000000;CHEMONTID:0004603;CHEMONTID:0000323;CHEMONTID:0000129,Organic compounds;Organic oxygen compounds;Organooxygen compounds;Alcohols and polyols
4164,Primary amines,0.99,CHEMONTID:0002450,5,CHEMONTID:0002449,CHEMONTID:0000000;CHEMONTID:0004707;CHEMONTID:0000278;CHEMONTID:0002449;CHEMONTID:0002450,Organic compounds;Organic nitrogen compounds;Organonitrogen compounds;Amines;Primary amines
11344,Amino fatty acids,0.91,CHEMONTID:0000489,5,CHEMONTID:0000262,CHEMONTID:0000000;CHEMONTID:0000012;CHEMONTID:0003909;CHEMONTID:0000262;CHEMONTID:0000489,Organic compounds;Lipids and lipid-like molecules;Fatty Acyls;Fatty acids and conjugates;Amino fatty acids
293,Amines,0.99,CHEMONTID:0002449,4,CHEMONTID:0000278,CHEMONTID:0000000;CHEMONTID:0004707;CHEMONTID:0000278;CHEMONTID:0002449,Organic compounds;Organic nitrogen compounds;Organonitrogen compounds;Amines
14594,Monocarboxylic acids and derivatives,0.89,CHEMONTID:0001137,4,CHEMONTID:0000265,CHEMONTID:0000000;CHEMONTID:0000264;CHEMONTID:0000265;CHEMONTID:0001137,Organic compounds;Organic acids and derivatives;Carboxylic acids and derivatives;Monocarboxylic acids and derivatives
2179,Primary amines,0.99,CHEMONTID:0002450,5,CHEMONTID:0002449,CHEMONTID:0000000;CHEMONTID:0004707;CHEMONTID:0000278;CHEMONTID:0002449;CHEMONTID:0002450,Organic compounds;Organic nitrogen compounds;Organonitrogen compounds;Amines;Primary amines
5290,Monocarboxylic acids and derivatives,0.86,CHEMONTID:0001137,4,CHEMONTID:0000265,CHEMONTID:0000000;CHEMONTID:0000264;CHEMONTID:0000265;CHEMONTID:0001137,Organic compounds;Organic acids and derivatives;Carboxylic acids and derivatives;Monocarboxylic acids and derivatives
3596,Thioesters,1,CHEMONTID:0001200,4,CHEMONTID:0001112,CHEMONTID:0000000;CHEMONTID:0000264;CHEMONTID:0001112;CHEMONTID:0001200,Organic compounds;Organic acids and derivatives;Thiocarboxylic acids and derivatives;Thioesters
8000,Primary amines,1,CHEMONTID:0002450,5,CHEMONTID:0002449,CHEMONTID:0000000;CHEMONTID:0004707;CHEMONTID:0000278;CHEMONTID:0002449;CHEMONTID:0002450,Organic compounds;Organic nitrogen compounds;Organonitrogen compounds;Amines;Primary amines
5085,Carbonyl compounds,0.95,CHEMONTID:0001831,4,CHEMONTID:0000323,CHEMONTID:0000000;CHEMONTID:0004603;CHEMONTID:0000323;CHEMONTID:0001831,Organic compounds;Organic oxygen compounds;Organooxygen compounds;Carbonyl compounds
258,Carbonyl compounds,0.83,CHEMONTID:0001831,4,CHEMONTID:0000323,CHEMONTID:0000000;CHEMONTID:0004603;CHEMONTID:0000323;CHEMONTID:0001831,Organic compounds;Organic oxygen compounds;Organooxygen compounds;Carbonyl compounds
6946,Primary amines,0.89,CHEMONTID:0002450,5,CHEMONTID:0002449,CHEMONTID:0000000;CHEMONTID:0004707;CHEMONTID:0000278;CHEMONTID:0002449;CHEMONTID:0002450,Organic compounds;Organic nitrogen compounds;Organonitrogen compounds;Amines;Primary amines
14156,Amines,0.89,CHEMONTID:0002449,4,CHEMONTID:0000278,CHEMONTID:0000000;CHEMONTID:0004707;CHEMONTID:0000278;CHEMONTID:0002449,Organic compounds;Organic nitrogen compounds;Organonitrogen compounds;Amines
12579,Carbonyl compounds,0.99,CHEMONTID:0001831,4,CHEMONTID:0000323,CHEMONTID:0000000;CHEMONTID:0004603;CHEMONTID:0000323;CHEMONTID:0001831,Organic compounds;Organic oxygen compounds;Organooxygen compounds;Carbonyl compounds
10672,Carbonyl compounds,0.98,CHEMONTID:0001831,4,CHEMONTID:0000323,CHEMONTID:0000000;CHEMONTID:0004603;CHEMONTID:0000323;CHEMONTID:0001831,Organic compounds;Organic oxygen compounds;Organooxygen compounds;Carbonyl compounds
17535,Carbonyl compounds,0.88,CHEMONTID:0001831,4,CHEMONTID:0000323,CHEMONTID:0000000;CHEMONTID:0004603;CHEMONTID:0000323;CHEMONTID:0001831,Organic compounds;Organic oxygen compounds;Organooxygen compounds;Carbonyl compounds
3970,Carbonyl compounds,0.91,CHEMONTID:0001831,4,CHEMONTID:0000323,CHEMONTID:0000000;CHEMONTID:0004603;CHEMONTID:0000323;CHEMONTID:0001831,Organic compounds;Organic oxygen compounds;Organooxygen compounds;Carbonyl compounds
7767,Monoalkylamines,0.98,CHEMONTID:0000469,6,CHEMONTID:0002450,CHEMONTID:0000000;CHEMONTID:0004707;CHEMONTID:0000278;CHEMONTID:0002449;CHEMONTID:0002450;CHEMONTID:0000469,Organic compounds;Organic nitrogen compounds;Organonitrogen compounds;Amines;Primary amines;Monoalkylamines
4496,Carboxylic acid derivatives,0.96,CHEMONTID:0001093,4,CHEMONTID:0000265,CHEMONTID:0000000;CHEMONTID:0000264;CHEMONTID:0000265;CHEMONTID:0001093,Organic compounds;Organic acids and derivatives;Carboxylic acids and derivatives;Carboxylic acid derivatives
9397,Carbonyl compounds,0.8,CHEMONTID:0001831,4,CHEMONTID:0000323,CHEMONTID:0000000;CHEMONTID:0004603;CHEMONTID:0000323;CHEMONTID:0001831,Organic compounds;Organic oxygen compounds;Organooxygen compounds;Carbonyl compounds
7256,Carbonyl compounds,0.91,CHEMONTID:0001831,4,CHEMONTID:0000323,CHEMONTID:0000000;CHEMONTID:0004603;CHEMONTID:0000323;CHEMONTID:0001831,Organic compounds;Organic oxygen compounds;Organooxygen compounds;Carbonyl compounds
16968,Carboxylic acid derivatives,0.98,CHEMONTID:0001093,4,CHEMONTID:0000265,CHEMONTID:0000000;CHEMONTID:0000264;CHEMONTID:0000265;CHEMONTID:0001093,Organic compounds;Organic acids and derivatives;Carboxylic acids and derivatives;Carboxylic acid derivatives
8935,Carbonyl compounds,0.96,CHEMONTID:0001831,4,CHEMONTID:0000323,CHEMONTID:0000000;CHEMONTID:0004603;CHEMONTID:0000323;CHEMONTID:0001831,Organic compounds;Organic oxygen compounds;Organooxygen compounds;Carbonyl compounds
6360,Carbonyl compounds,1,CHEMONTID:0001831,4,CHEMONTID:0000323,CHEMONTID:0000000;CHEMONTID:0004603;CHEMONTID:0000323;CHEMONTID:0001831,Organic compounds;Organic oxygen compounds;Organooxygen compounds;Carbonyl compounds
11332,Carbonyl compounds,0.97,CHEMONTID:0001831,4,CHEMONTID:0000323,CHEMONTID:0000000;CHEMONTID:0004603;CHEMONTID:0000323;CHEMONTID:0001831,Organic compounds;Organic oxygen compounds;Organooxygen compounds;Carbonyl compounds
14834,Monocarboxylic acids and derivatives,0.85,CHEMONTID:0001137,4,CHEMONTID:0000265,CHEMONTID:0000000;CHEMONTID:0000264;CHEMONTID:0000265;CHEMONTID:0001137,Organic compounds;Organic acids and derivatives;Carboxylic acids and derivatives;Monocarboxylic acids and derivatives
16835,Carboxylic acid derivatives,0.97,CHEMONTID:0001093,4,CHEMONTID:0000265,CHEMONTID:0000000;CHEMONTID:0000264;CHEMONTID:0000265;CHEMONTID:0001093,Organic compounds;Organic acids and derivatives;Carboxylic acids and derivatives;Carboxylic acid derivatives
9737,Carboxylic acid derivatives,0.97,CHEMONTID:0001093,4,CHEMONTID:0000265,CHEMONTID:0000000;CHEMONTID:0000264;CHEMONTID:0000265;CHEMONTID:0001093,Organic compounds;Organic acids and derivatives;Carboxylic acids and derivatives;Carboxylic acid derivatives
6770,Amines,0.97,CHEMONTID:0002449,4,CHEMONTID:0000278,CHEMONTID:0000000;CHEMONTID:0004707;CHEMONTID:0000278;CHEMONTID:0002449,Organic compounds;Organic nitrogen compounds;Organonitrogen compounds;Amines
2746,Carbonyl compounds,0.96,CHEMONTID:0001831,4,CHEMONTID:0000323,CHEMONTID:0000000;CHEMONTID:0004603;CHEMONTID:0000323;CHEMONTID:0001831,Organic compounds;Organic oxygen compounds;Organooxygen compounds;Carbonyl compounds
10551,Carbonyl compounds,0.8,CHEMONTID:0001831,4,CHEMONTID:0000323,CHEMONTID:0000000;CHEMONTID:0004603;CHEMONTID:0000323;CHEMONTID:0001831,Organic compounds;Organic oxygen compounds;Organooxygen compounds;Carbonyl compounds
5339,Polyols,0.91,CHEMONTID:0002286,5,CHEMONTID:0000129,CHEMONTID:0000000;CHEMONTID:0004603;CHEMONTID:0000323;CHEMONTID:0000129;CHEMONTID:0002286,Organic compounds;Organic oxygen compounds;Organooxygen compounds;Alcohols and polyols;Polyols
17582,Carboxylic acid derivatives,0.96,CHEMONTID:0001093,4,CHEMONTID:0000265,CHEMONTID:0000000;CHEMONTID:0000264;CHEMONTID:0000265;CHEMONTID:0001093,Organic compounds;Organic acids and derivatives;Carboxylic acids and derivatives;Carboxylic acid derivatives
16241,Carbonyl compounds,0.99,CHEMONTID:0001831,4,CHEMONTID:0000323,CHEMONTID:0000000;CHEMONTID:0004603;CHEMONTID:0000323;CHEMONTID:0001831,Organic compounds;Organic oxygen compounds;Organooxygen compounds;Carbonyl compounds
16222,Alcohols and polyols,0.83,CHEMONTID:0000129,4,CHEMONTID:0000323,CHEMONTID:0000000;CHEMONTID:0004603;CHEMONTID:0000323;CHEMONTID:0000129,Organic compounds;Organic oxygen compounds;Organooxygen compounds;Alcohols and polyols
13239,Carbonyl compounds,0.9,CHEMONTID:0001831,4,CHEMONTID:0000323,CHEMONTID:0000000;CHEMONTID:0004603;CHEMONTID:0000323;CHEMONTID:0001831,Organic compounds;Organic oxygen compounds;Organooxygen compounds;Carbonyl compounds
2545,3-alkylindoles,1,CHEMONTID:0004196,5,CHEMONTID:0002497,CHEMONTID:0000000;CHEMONTID:0000002;CHEMONTID:0000211;CHEMONTID:0002497;CHEMONTID:0004196,Organic compounds;Organoheterocyclic compounds;Indoles and derivatives;Indoles;3-alkylindoles
1753,Amines,0.94,CHEMONTID:0002449,4,CHEMONTID:0000278,CHEMONTID:0000000;CHEMONTID:0004707;CHEMONTID:0000278;CHEMONTID:0002449,Organic compounds;Organic nitrogen compounds;Organonitrogen compounds;Amines
6315,Alcohols and polyols,0.99,CHEMONTID:0000129,4,CHEMONTID:0000323,CHEMONTID:0000000;CHEMONTID:0004603;CHEMONTID:0000323;CHEMONTID:0000129,Organic compounds;Organic oxygen compounds;Organooxygen compounds;Alcohols and polyols
7990,Monoalkylamines,0.98,CHEMONTID:0000469,6,CHEMONTID:0002450,CHEMONTID:0000000;CHEMONTID:0004707;CHEMONTID:0000278;CHEMONTID:0002449;CHEMONTID:0002450;CHEMONTID:0000469,Organic compounds;Organic nitrogen compounds;Organonitrogen compounds;Amines;Primary amines;Monoalkylamines
2688,Peptides,0.95,CHEMONTID:0000348,5,CHEMONTID:0000013,CHEMONTID:0000000;CHEMONTID:0000264;CHEMONTID:0000265;CHEMONTID:0000013;CHEMONTID:0000348,"Organic compounds;Organic acids and derivatives;Carboxylic acids and derivatives;Amino acids, peptides, and analogues;Peptides"
13777,Alcohols and polyols,0.97,CHEMONTID:0000129,4,CHEMONTID:0000323,CHEMONTID:0000000;CHEMONTID:0004603;CHEMONTID:0000323;CHEMONTID:0000129,Organic compounds;Organic oxygen compounds;Organooxygen compounds;Alcohols and polyols
15751,Carbonyl compounds,0.92,CHEMONTID:0001831,4,CHEMONTID:0000323,CHEMONTID:0000000;CHEMONTID:0004603;CHEMONTID:0000323;CHEMONTID:0001831,Organic compounds;Organic oxygen compounds;Organooxygen compounds;Carbonyl compounds
16046,Amines,0.87,CHEMONTID:0002449,4,CHEMONTID:0000278,CHEMONTID:0000000;CHEMONTID:0004707;CHEMONTID:0000278;CHEMONTID:0002449,Organic compounds;Organic nitrogen compounds;Organonitrogen compounds;Amines
8015,Primary amines,1,CHEMONTID:0002450,5,CHEMONTID:0002449,CHEMONTID:0000000;CHEMONTID:0004707;CHEMONTID:0000278;CHEMONTID:0002449;CHEMONTID:0002450,Organic compounds;Organic nitrogen compounds;Organonitrogen compounds;Amines;Primary amines
10476,"Amino acids, peptides, and analogues",0.87,CHEMONTID:0000013,4,CHEMONTID:0000265,CHEMONTID:0000000;CHEMONTID:0000264;CHEMONTID:0000265;CHEMONTID:0000013,"Organic compounds;Organic acids and derivatives;Carboxylic acids and derivatives;Amino acids, peptides, and analogues"
1983,Fatty acids and conjugates,0.81,CHEMONTID:0000262,4,CHEMONTID:0003909,CHEMONTID:0000000;CHEMONTID:0000012;CHEMONTID:0003909;CHEMONTID:0000262,Organic compounds;Lipids and lipid-like molecules;Fatty Acyls;Fatty acids and conjugates
10101,Phosphate esters,1,CHEMONTID:0000408,4,CHEMONTID:0000402,CHEMONTID:0000000;CHEMONTID:0000264;CHEMONTID:0000402;CHEMONTID:0000408,Organic compounds;Organic acids and derivatives;Organic phosphoric acids and derivatives;Phosphate esters
17649,Ethers,0.93,CHEMONTID:0000254,4,CHEMONTID:0000323,CHEMONTID:0000000;CHEMONTID:0004603;CHEMONTID:0000323;CHEMONTID:0000254,Organic compounds;Organic oxygen compounds;Organooxygen compounds;Ethers
9598,Carbonyl compounds,0.88,CHEMONTID:0001831,4,CHEMONTID:0000323,CHEMONTID:0000000;CHEMONTID:0004603;CHEMONTID:0000323;CHEMONTID:0001831,Organic compounds;Organic oxygen compounds;Organooxygen compounds;Carbonyl compounds
705,Dialkyl ethers,0.92,CHEMONTID:0001167,5,CHEMONTID:0000254,CHEMONTID:0000000;CHEMONTID:0004603;CHEMONTID:0000323;CHEMONTID:0000254;CHEMONTID:0001167,Organic compounds;Organic oxygen compounds;Organooxygen compounds;Ethers;Dialkyl ethers
4493,Carbonyl compounds,0.97,CHEMONTID:0001831,4,CHEMONTID:0000323,CHEMONTID:0000000;CHEMONTID:0004603;CHEMONTID:0000323;CHEMONTID:0001831,Organic compounds;Organic oxygen compounds;Organooxygen compounds;Carbonyl compounds
10680,Carbonyl compounds,0.96,CHEMONTID:0001831,4,CHEMONTID:0000323,CHEMONTID:0000000;CHEMONTID:0004603;CHEMONTID:0000323;CHEMONTID:0001831,Organic compounds;Organic oxygen compounds;Organooxygen compounds;Carbonyl compounds
20494,"Amino acids, peptides, and analogues",0.98,CHEMONTID:0000013,4,CHEMONTID:0000265,CHEMONTID:0000000;CHEMONTID:0000264;CHEMONTID:0000265;CHEMONTID:0000013,"Organic compounds;Organic acids and derivatives;Carboxylic acids and derivatives;Amino acids, peptides, and analogues"
13178,Fatty acid methyl esters,0.95,CHEMONTID:0003417,5,CHEMONTID:0000324,CHEMONTID:0000000;CHEMONTID:0000012;CHEMONTID:0003909;CHEMONTID:0000324;CHEMONTID:0003417,Organic compounds;Lipids and lipid-like molecules;Fatty Acyls;Fatty acid esters;Fatty acid methyl esters
5541,Carbonyl compounds,0.88,CHEMONTID:0001831,4,CHEMONTID:0000323,CHEMONTID:0000000;CHEMONTID:0004603;CHEMONTID:0000323;CHEMONTID:0001831,Organic compounds;Organic oxygen compounds;Organooxygen compounds;Carbonyl compounds
7249,Hydroquinolines,0.9,CHEMONTID:0001715,4,CHEMONTID:0001253,CHEMONTID:0000000;CHEMONTID:0000002;CHEMONTID:0001253;CHEMONTID:0001715,Organic compounds;Organoheterocyclic compounds;Quinolines and derivatives;Hydroquinolines
18995,Amino acids and derivatives,0.94,CHEMONTID:0000347,5,CHEMONTID:0000013,CHEMONTID:0000000;CHEMONTID:0000264;CHEMONTID:0000265;CHEMONTID:0000013;CHEMONTID:0000347,"Organic compounds;Organic acids and derivatives;Carboxylic acids and derivatives;Amino acids, peptides, and analogues;Amino acids and derivatives"
7266,Carboxylic acid derivatives,0.89,CHEMONTID:0001093,4,CHEMONTID:0000265,CHEMONTID:0000000;CHEMONTID:0000264;CHEMONTID:0000265;CHEMONTID:0001093,Organic compounds;Organic acids and derivatives;Carboxylic acids and derivatives;Carboxylic acid derivatives
10755,Carbonyl compounds,0.86,CHEMONTID:0001831,4,CHEMONTID:0000323,CHEMONTID:0000000;CHEMONTID:0004603;CHEMONTID:0000323;CHEMONTID:0001831,Organic compounds;Organic oxygen compounds;Organooxygen compounds;Carbonyl compounds
9245,Carboxylic acid derivatives,0.88,CHEMONTID:0001093,4,CHEMONTID:0000265,CHEMONTID:0000000;CHEMONTID:0000264;CHEMONTID:0000265;CHEMONTID:0001093,Organic compounds;Organic acids and derivatives;Carboxylic acids and derivatives;Carboxylic acid derivatives
12073,Carboxylic acid derivatives,0.87,CHEMONTID:0001093,4,CHEMONTID:0000265,CHEMONTID:0000000;CHEMONTID:0000264;CHEMONTID:0000265;CHEMONTID:0001093,Organic compounds;Organic acids and derivatives;Carboxylic acids and derivatives;Carboxylic acid derivatives
20640,Carboxylic acid derivatives,0.96,CHEMONTID:0001093,4,CHEMONTID:0000265,CHEMONTID:0000000;CHEMONTID:0000264;CHEMONTID:0000265;CHEMONTID:0001093,Organic compounds;Organic acids and derivatives;Carboxylic acids and derivatives;Carboxylic acid derivatives
19596,"1,3,5-triazines",0.97,CHEMONTID:0004105,4,CHEMONTID:0000098,CHEMONTID:0000000;CHEMONTID:0000002;CHEMONTID:0000098;CHEMONTID:0004105,"Organic compounds;Organoheterocyclic compounds;Triazines;1,3,5-triazines"
7392,Carbonyl compounds,0.96,CHEMONTID:0001831,4,CHEMONTID:0000323,CHEMONTID:0000000;CHEMONTID:0004603;CHEMONTID:0000323;CHEMONTID:0001831,Organic compounds;Organic oxygen compounds;Organooxygen compounds;Carbonyl compounds
8488,Monoalkylamines,0.9,CHEMONTID:0000469,6,CHEMONTID:0002450,CHEMONTID:0000000;CHEMONTID:0004707;CHEMONTID:0000278;CHEMONTID:0002449;CHEMONTID:0002450;CHEMONTID:0000469,Organic compounds;Organic nitrogen compounds;Organonitrogen compounds;Amines;Primary amines;Monoalkylamines
17961,3-alkylindoles,0.99,CHEMONTID:0004196,5,CHEMONTID:0002497,CHEMONTID:0000000;CHEMONTID:0000002;CHEMONTID:0000211;CHEMONTID:0002497;CHEMONTID:0004196,Organic compounds;Organoheterocyclic compounds;Indoles and derivatives;Indoles;3-alkylindoles
2218,Benzoyl derivatives,0.99,CHEMONTID:0000321,4,CHEMONTID:0002279,CHEMONTID:0000000;CHEMONTID:0002448;CHEMONTID:0002279;CHEMONTID:0000321,Organic compounds;Benzenoids;Benzene and substituted derivatives;Benzoyl derivatives
15165,Guanidines,0.98,CHEMONTID:0000375,4,CHEMONTID:0000278,CHEMONTID:0000000;CHEMONTID:0004707;CHEMONTID:0000278;CHEMONTID:0000375,Organic compounds;Organic nitrogen compounds;Organonitrogen compounds;Guanidines
16940,Amines,0.94,CHEMONTID:0002449,4,CHEMONTID:0000278,CHEMONTID:0000000;CHEMONTID:0004707;CHEMONTID:0000278;CHEMONTID:0002449,Organic compounds;Organic nitrogen compounds;Organonitrogen compounds;Amines
14516,Amines,0.89,CHEMONTID:0002449,4,CHEMONTID:0000278,CHEMONTID:0000000;CHEMONTID:0004707;CHEMONTID:0000278;CHEMONTID:0002449,Organic compounds;Organic nitrogen compounds;Organonitrogen compounds;Amines
15542,Monoalkylamines,0.96,CHEMONTID:0000469,6,CHEMONTID:0002450,CHEMONTID:0000000;CHEMONTID:0004707;CHEMONTID:0000278;CHEMONTID:0002449;CHEMONTID:0002450;CHEMONTID:0000469,Organic compounds;Organic nitrogen compounds;Organonitrogen compounds;Amines;Primary amines;Monoalkylamines
6337,Secondary carboxylic acid amides,0.84,CHEMONTID:0001663,6,CHEMONTID:0000475,CHEMONTID:0000000;CHEMONTID:0000264;CHEMONTID:0000265;CHEMONTID:0001093;CHEMONTID:0000475;CHEMONTID:0001663,Organic compounds;Organic acids and derivatives;Carboxylic acids and derivatives;Carboxylic acid derivatives;Carboxylic acid amides;Secondary carboxylic acid amides
460,Amines,0.94,CHEMONTID:0002449,4,CHEMONTID:0000278,CHEMONTID:0000000;CHEMONTID:0004707;CHEMONTID:0000278;CHEMONTID:0002449,Organic compounds;Organic nitrogen compounds;Organonitrogen compounds;Amines
17296,Carboxylic acid derivatives,1,CHEMONTID:0001093,4,CHEMONTID:0000265,CHEMONTID:0000000;CHEMONTID:0000264;CHEMONTID:0000265;CHEMONTID:0001093,Organic compounds;Organic acids and derivatives;Carboxylic acids and derivatives;Carboxylic acid derivatives
7944,Carbonyl compounds,0.97,CHEMONTID:0001831,4,CHEMONTID:0000323,CHEMONTID:0000000;CHEMONTID:0004603;CHEMONTID:0000323;CHEMONTID:0001831,Organic compounds;Organic oxygen compounds;Organooxygen compounds;Carbonyl compounds
8995,Glycosyl compounds,0.99,CHEMONTID:0002105,5,CHEMONTID:0000011,CHEMONTID:0000000;CHEMONTID:0004603;CHEMONTID:0000323;CHEMONTID:0000011;CHEMONTID:0002105,Organic compounds;Organic oxygen compounds;Organooxygen compounds;Carbohydrates and carbohydrate conjugates;Glycosyl compounds
13913,Carbonyl compounds,0.8,CHEMONTID:0001831,4,CHEMONTID:0000323,CHEMONTID:0000000;CHEMONTID:0004603;CHEMONTID:0000323;CHEMONTID:0001831,Organic compounds;Organic oxygen compounds;Organooxygen compounds;Carbonyl compounds
15423,Carbonyl compounds,0.85,CHEMONTID:0001831,4,CHEMONTID:0000323,CHEMONTID:0000000;CHEMONTID:0004603;CHEMONTID:0000323;CHEMONTID:0001831,Organic compounds;Organic oxygen compounds;Organooxygen compounds;Carbonyl compounds
9527,"1,2-diacylglycerols",0.83,CHEMONTID:0001644,6,CHEMONTID:0001129,CHEMONTID:0000000;CHEMONTID:0000012;CHEMONTID:0000175;CHEMONTID:0003809;CHEMONTID:0001129;CHEMONTID:0001644,"Organic compounds;Lipids and lipid-like molecules;Glycerolipids;Diradylglycerols;Diacylglycerols;1,2-diacylglycerols"
13847,Alkyl phosphates,0.99,CHEMONTID:0003457,5,CHEMONTID:0000408,CHEMONTID:0000000;CHEMONTID:0000264;CHEMONTID:0000402;CHEMONTID:0000408;CHEMONTID:0003457,Organic compounds;Organic acids and derivatives;Organic phosphoric acids and derivatives;Phosphate esters;Alkyl phosphates
20170,Carbonyl compounds,0.93,CHEMONTID:0001831,4,CHEMONTID:0000323,CHEMONTID:0000000;CHEMONTID:0004603;CHEMONTID:0000323;CHEMONTID:0001831,Organic compounds;Organic oxygen compounds;Organooxygen compounds;Carbonyl compounds
15340,Amines,0.98,CHEMONTID:0002449,4,CHEMONTID:0000278,CHEMONTID:0000000;CHEMONTID:0004707;CHEMONTID:0000278;CHEMONTID:0002449,Organic compounds;Organic nitrogen compounds;Organonitrogen compounds;Amines
10358,Carbonyl compounds,0.86,CHEMONTID:0001831,4,CHEMONTID:0000323,CHEMONTID:0000000;CHEMONTID:0004603;CHEMONTID:0000323;CHEMONTID:0001831,Organic compounds;Organic oxygen compounds;Organooxygen compounds;Carbonyl compounds
14031,Carbonyl compounds,0.98,CHEMONTID:0001831,4,CHEMONTID:0000323,CHEMONTID:0000000;CHEMONTID:0004603;CHEMONTID:0000323;CHEMONTID:0001831,Organic compounds;Organic oxygen compounds;Organooxygen compounds;Carbonyl compounds
12546,Alcohols and polyols,0.86,CHEMONTID:0000129,4,CHEMONTID:0000323,CHEMONTID:0000000;CHEMONTID:0004603;CHEMONTID:0000323;CHEMONTID:0000129,Organic compounds;Organic oxygen compounds;Organooxygen compounds;Alcohols and polyols
14813,Carboxylic acid derivatives,0.88,CHEMONTID:0001093,4,CHEMONTID:0000265,CHEMONTID:0000000;CHEMONTID:0000264;CHEMONTID:0000265;CHEMONTID:0001093,Organic compounds;Organic acids and derivatives;Carboxylic acids and derivatives;Carboxylic acid derivatives
7745,Primary amines,0.96,CHEMONTID:0002450,5,CHEMONTID:0002449,CHEMONTID:0000000;CHEMONTID:0004707;CHEMONTID:0000278;CHEMONTID:0002449;CHEMONTID:0002450,Organic compounds;Organic nitrogen compounds;Organonitrogen compounds;Amines;Primary amines
627,Primary alcohols,0.86,CHEMONTID:0000286,5,CHEMONTID:0000129,CHEMONTID:0000000;CHEMONTID:0004603;CHEMONTID:0000323;CHEMONTID:0000129;CHEMONTID:0000286,Organic compounds;Organic oxygen compounds;Organooxygen compounds;Alcohols and polyols;Primary alcohols
12508,Primary amines,0.96,CHEMONTID:0002450,5,CHEMONTID:0002449,CHEMONTID:0000000;CHEMONTID:0004707;CHEMONTID:0000278;CHEMONTID:0002449;CHEMONTID:0002450,Organic compounds;Organic nitrogen compounds;Organonitrogen compounds;Amines;Primary amines
12920,Primary amines,1,CHEMONTID:0002450,5,CHEMONTID:0002449,CHEMONTID:0000000;CHEMONTID:0004707;CHEMONTID:0000278;CHEMONTID:0002449;CHEMONTID:0002450,Organic compounds;Organic nitrogen compounds;Organonitrogen compounds;Amines;Primary amines
8022,Monoalkylamines,0.96,CHEMONTID:0000469,6,CHEMONTID:0002450,CHEMONTID:0000000;CHEMONTID:0004707;CHEMONTID:0000278;CHEMONTID:0002449;CHEMONTID:0002450;CHEMONTID:0000469,Organic compounds;Organic nitrogen compounds;Organonitrogen compounds;Amines;Primary amines;Monoalkylamines
12280,Carbonyl compounds,0.99,CHEMONTID:0001831,4,CHEMONTID:0000323,CHEMONTID:0000000;CHEMONTID:0004603;CHEMONTID:0000323;CHEMONTID:0001831,Organic compounds;Organic oxygen compounds;Organooxygen compounds;Carbonyl compounds
8608,Carbonyl compounds,0.96,CHEMONTID:0001831,4,CHEMONTID:0000323,CHEMONTID:0000000;CHEMONTID:0004603;CHEMONTID:0000323;CHEMONTID:0001831,Organic compounds;Organic oxygen compounds;Organooxygen compounds;Carbonyl compounds
13535,Monocarboxylic acids and derivatives,0.95,CHEMONTID:0001137,4,CHEMONTID:0000265,CHEMONTID:0000000;CHEMONTID:0000264;CHEMONTID:0000265;CHEMONTID:0001137,Organic compounds;Organic acids and derivatives;Carboxylic acids and derivatives;Monocarboxylic acids and derivatives
17258,Carbonyl compounds,0.97,CHEMONTID:0001831,4,CHEMONTID:0000323,CHEMONTID:0000000;CHEMONTID:0004603;CHEMONTID:0000323;CHEMONTID:0001831,Organic compounds;Organic oxygen compounds;Organooxygen compounds;Carbonyl compounds
7014,Imidazoles,0.87,CHEMONTID:0000078,4,CHEMONTID:0000436,CHEMONTID:0000000;CHEMONTID:0000002;CHEMONTID:0000436;CHEMONTID:0000078,Organic compounds;Organoheterocyclic compounds;Azoles;Imidazoles
5670,Carbonyl compounds,0.92,CHEMONTID:0001831,4,CHEMONTID:0000323,CHEMONTID:0000000;CHEMONTID:0004603;CHEMONTID:0000323;CHEMONTID:0001831,Organic compounds;Organic oxygen compounds;Organooxygen compounds;Carbonyl compounds
2305,Fatty acid esters,0.98,CHEMONTID:0000324,4,CHEMONTID:0003909,CHEMONTID:0000000;CHEMONTID:0000012;CHEMONTID:0003909;CHEMONTID:0000324,Organic compounds;Lipids and lipid-like molecules;Fatty Acyls;Fatty acid esters
15007,Amines,0.89,CHEMONTID:0002449,4,CHEMONTID:0000278,CHEMONTID:0000000;CHEMONTID:0004707;CHEMONTID:0000278;CHEMONTID:0002449,Organic compounds;Organic nitrogen compounds;Organonitrogen compounds;Amines
10909,Pentose phosphates,1,CHEMONTID:0002259,7,CHEMONTID:0001497,CHEMONTID:0000000;CHEMONTID:0004603;CHEMONTID:0000323;CHEMONTID:0000011;CHEMONTID:0001540;CHEMONTID:0001497;CHEMONTID:0002259,Organic compounds;Organic oxygen compounds;Organooxygen compounds;Carbohydrates and carbohydrate conjugates;Monosaccharides;Pentoses;Pentose phosphates
19442,Phosphocholines,1,CHEMONTID:0001250,6,CHEMONTID:0001012,CHEMONTID:0000000;CHEMONTID:0004707;CHEMONTID:0000278;CHEMONTID:0000503;CHEMONTID:0001012;CHEMONTID:0001250,Organic compounds;Organic nitrogen compounds;Organonitrogen compounds;Quaternary ammonium salts;Cholines;Phosphocholines
13348,Methyl esters,0.96,CHEMONTID:0003416,6,CHEMONTID:0001238,CHEMONTID:0000000;CHEMONTID:0000264;CHEMONTID:0000265;CHEMONTID:0001093;CHEMONTID:0001238;CHEMONTID:0003416,Organic compounds;Organic acids and derivatives;Carboxylic acids and derivatives;Carboxylic acid derivatives;Carboxylic acid esters;Methyl esters
14077,Carbonyl compounds,0.87,CHEMONTID:0001831,4,CHEMONTID:0000323,CHEMONTID:0000000;CHEMONTID:0004603;CHEMONTID:0000323;CHEMONTID:0001831,Organic compounds;Organic oxygen compounds;Organooxygen compounds;Carbonyl compounds
11354,Amines,1,CHEMONTID:0002449,4,CHEMONTID:0000278,CHEMONTID:0000000;CHEMONTID:0004707;CHEMONTID:0000278;CHEMONTID:0002449,Organic compounds;Organic nitrogen compounds;Organonitrogen compounds;Amines
15239,N-acyl amines,0.92,CHEMONTID:0001096,5,CHEMONTID:0000331,CHEMONTID:0000000;CHEMONTID:0000012;CHEMONTID:0003909;CHEMONTID:0000331;CHEMONTID:0001096,Organic compounds;Lipids and lipid-like molecules;Fatty Acyls;Fatty amides;N-acyl amines
11758,6-aminopurines,0.98,CHEMONTID:0002987,5,CHEMONTID:0000245,CHEMONTID:0000000;CHEMONTID:0000002;CHEMONTID:0001797;CHEMONTID:0000245;CHEMONTID:0002987,Organic compounds;Organoheterocyclic compounds;Imidazopyrimidines;Purines and purine derivatives;6-aminopurines
10232,Alkyl aryl ethers,0.86,CHEMONTID:0000128,5,CHEMONTID:0000254,CHEMONTID:0000000;CHEMONTID:0004603;CHEMONTID:0000323;CHEMONTID:0000254;CHEMONTID:0000128,Organic compounds;Organic oxygen compounds;Organooxygen compounds;Ethers;Alkyl aryl ethers
15309,Primary amines,0.85,CHEMONTID:0002450,5,CHEMONTID:0002449,CHEMONTID:0000000;CHEMONTID:0004707;CHEMONTID:0000278;CHEMONTID:0002449;CHEMONTID:0002450,Organic compounds;Organic nitrogen compounds;Organonitrogen compounds;Amines;Primary amines
20240,Carbonyl compounds,0.95,CHEMONTID:0001831,4,CHEMONTID:0000323,CHEMONTID:0000000;CHEMONTID:0004603;CHEMONTID:0000323;CHEMONTID:0001831,Organic compounds;Organic oxygen compounds;Organooxygen compounds;Carbonyl compounds
16421,Carbonyl compounds,0.98,CHEMONTID:0001831,4,CHEMONTID:0000323,CHEMONTID:0000000;CHEMONTID:0004603;CHEMONTID:0000323;CHEMONTID:0001831,Organic compounds;Organic oxygen compounds;Organooxygen compounds;Carbonyl compounds
14968,Primary amines,0.98,CHEMONTID:0002450,5,CHEMONTID:0002449,CHEMONTID:0000000;CHEMONTID:0004707;CHEMONTID:0000278;CHEMONTID:0002449;CHEMONTID:0002450,Organic compounds;Organic nitrogen compounds;Organonitrogen compounds;Amines;Primary amines
3847,Amino acids and derivatives,0.98,CHEMONTID:0000347,5,CHEMONTID:0000013,CHEMONTID:0000000;CHEMONTID:0000264;CHEMONTID:0000265;CHEMONTID:0000013;CHEMONTID:0000347,"Organic compounds;Organic acids and derivatives;Carboxylic acids and derivatives;Amino acids, peptides, and analogues;Amino acids and derivatives"
5638,Carboxylic acid derivatives,0.93,CHEMONTID:0001093,4,CHEMONTID:0000265,CHEMONTID:0000000;CHEMONTID:0000264;CHEMONTID:0000265;CHEMONTID:0001093,Organic compounds;Organic acids and derivatives;Carboxylic acids and derivatives;Carboxylic acid derivatives
2843,Alcohols and polyols,0.8,CHEMONTID:0000129,4,CHEMONTID:0000323,CHEMONTID:0000000;CHEMONTID:0004603;CHEMONTID:0000323;CHEMONTID:0000129,Organic compounds;Organic oxygen compounds;Organooxygen compounds;Alcohols and polyols
13318,Carboxylic acid derivatives,0.98,CHEMONTID:0001093,4,CHEMONTID:0000265,CHEMONTID:0000000;CHEMONTID:0000264;CHEMONTID:0000265;CHEMONTID:0001093,Organic compounds;Organic acids and derivatives;Carboxylic acids and derivatives;Carboxylic acid derivatives
5193,Primary amines,0.8,CHEMONTID:0002450,5,CHEMONTID:0002449,CHEMONTID:0000000;CHEMONTID:0004707;CHEMONTID:0000278;CHEMONTID:0002449;CHEMONTID:0002450,Organic compounds;Organic nitrogen compounds;Organonitrogen compounds;Amines;Primary amines
13175,Monoalkylamines,0.99,CHEMONTID:0000469,6,CHEMONTID:0002450,CHEMONTID:0000000;CHEMONTID:0004707;CHEMONTID:0000278;CHEMONTID:0002449;CHEMONTID:0002450;CHEMONTID:0000469,Organic compounds;Organic nitrogen compounds;Organonitrogen compounds;Amines;Primary amines;Monoalkylamines
2920,Carboxylic acid derivatives,0.99,CHEMONTID:0001093,4,CHEMONTID:0000265,CHEMONTID:0000000;CHEMONTID:0000264;CHEMONTID:0000265;CHEMONTID:0001093,Organic compounds;Organic acids and derivatives;Carboxylic acids and derivatives;Carboxylic acid derivatives
20611,Primary amines,0.84,CHEMONTID:0002450,5,CHEMONTID:0002449,CHEMONTID:0000000;CHEMONTID:0004707;CHEMONTID:0000278;CHEMONTID:0002449;CHEMONTID:0002450,Organic compounds;Organic nitrogen compounds;Organonitrogen compounds;Amines;Primary amines
13479,Alcohols and polyols,0.92,CHEMONTID:0000129,4,CHEMONTID:0000323,CHEMONTID:0000000;CHEMONTID:0004603;CHEMONTID:0000323;CHEMONTID:0000129,Organic compounds;Organic oxygen compounds;Organooxygen compounds;Alcohols and polyols
9110,Primary amines,0.97,CHEMONTID:0002450,5,CHEMONTID:0002449,CHEMONTID:0000000;CHEMONTID:0004707;CHEMONTID:0000278;CHEMONTID:0002449;CHEMONTID:0002450,Organic compounds;Organic nitrogen compounds;Organonitrogen compounds;Amines;Primary amines
13372,Carbonyl compounds,0.97,CHEMONTID:0001831,4,CHEMONTID:0000323,CHEMONTID:0000000;CHEMONTID:0004603;CHEMONTID:0000323;CHEMONTID:0001831,Organic compounds;Organic oxygen compounds;Organooxygen compounds;Carbonyl compounds
5961,Carbonyl compounds,0.86,CHEMONTID:0001831,4,CHEMONTID:0000323,CHEMONTID:0000000;CHEMONTID:0004603;CHEMONTID:0000323;CHEMONTID:0001831,Organic compounds;Organic oxygen compounds;Organooxygen compounds;Carbonyl compounds
2758,Carboxylic acid derivatives,0.91,CHEMONTID:0001093,4,CHEMONTID:0000265,CHEMONTID:0000000;CHEMONTID:0000264;CHEMONTID:0000265;CHEMONTID:0001093,Organic compounds;Organic acids and derivatives;Carboxylic acids and derivatives;Carboxylic acid derivatives
17592,Carboxylic acid derivatives,0.99,CHEMONTID:0001093,4,CHEMONTID:0000265,CHEMONTID:0000000;CHEMONTID:0000264;CHEMONTID:0000265;CHEMONTID:0001093,Organic compounds;Organic acids and derivatives;Carboxylic acids and derivatives;Carboxylic acid derivatives
10714,Carbonyl compounds,0.97,CHEMONTID:0001831,4,CHEMONTID:0000323,CHEMONTID:0000000;CHEMONTID:0004603;CHEMONTID:0000323;CHEMONTID:0001831,Organic compounds;Organic oxygen compounds;Organooxygen compounds;Carbonyl compounds
18893,Carboxylic acid derivatives,0.98,CHEMONTID:0001093,4,CHEMONTID:0000265,CHEMONTID:0000000;CHEMONTID:0000264;CHEMONTID:0000265;CHEMONTID:0001093,Organic compounds;Organic acids and derivatives;Carboxylic acids and derivatives;Carboxylic acid derivatives
3476,Monoalkylamines,0.98,CHEMONTID:0000469,6,CHEMONTID:0002450,CHEMONTID:0000000;CHEMONTID:0004707;CHEMONTID:0000278;CHEMONTID:0002449;CHEMONTID:0002450;CHEMONTID:0000469,Organic compounds;Organic nitrogen compounds;Organonitrogen compounds;Amines;Primary amines;Monoalkylamines
4482,Guanidines,0.99,CHEMONTID:0000375,4,CHEMONTID:0000278,CHEMONTID:0000000;CHEMONTID:0004707;CHEMONTID:0000278;CHEMONTID:0000375,Organic compounds;Organic nitrogen compounds;Organonitrogen compounds;Guanidines
6153,Carboxylic acid derivatives,0.97,CHEMONTID:0001093,4,CHEMONTID:0000265,CHEMONTID:0000000;CHEMONTID:0000264;CHEMONTID:0000265;CHEMONTID:0001093,Organic compounds;Organic acids and derivatives;Carboxylic acids and derivatives;Carboxylic acid derivatives
10741,Alcohols and polyols,0.91,CHEMONTID:0000129,4,CHEMONTID:0000323,CHEMONTID:0000000;CHEMONTID:0004603;CHEMONTID:0000323;CHEMONTID:0000129,Organic compounds;Organic oxygen compounds;Organooxygen compounds;Alcohols and polyols
9589,Benzoyl derivatives,0.88,CHEMONTID:0000321,4,CHEMONTID:0002279,CHEMONTID:0000000;CHEMONTID:0002448;CHEMONTID:0002279;CHEMONTID:0000321,Organic compounds;Benzenoids;Benzene and substituted derivatives;Benzoyl derivatives
18521,Carbonyl compounds,0.98,CHEMONTID:0001831,4,CHEMONTID:0000323,CHEMONTID:0000000;CHEMONTID:0004603;CHEMONTID:0000323;CHEMONTID:0001831,Organic compounds;Organic oxygen compounds;Organooxygen compounds;Carbonyl compounds
906,Carbonyl compounds,0.98,CHEMONTID:0001831,4,CHEMONTID:0000323,CHEMONTID:0000000;CHEMONTID:0004603;CHEMONTID:0000323;CHEMONTID:0001831,Organic compounds;Organic oxygen compounds;Organooxygen compounds;Carbonyl compounds
8589,Monoalkylamines,1,CHEMONTID:0000469,6,CHEMONTID:0002450,CHEMONTID:0000000;CHEMONTID:0004707;CHEMONTID:0000278;CHEMONTID:0002449;CHEMONTID:0002450;CHEMONTID:0000469,Organic compounds;Organic nitrogen compounds;Organonitrogen compounds;Amines;Primary amines;Monoalkylamines
11582,Carbonyl compounds,0.99,CHEMONTID:0001831,4,CHEMONTID:0000323,CHEMONTID:0000000;CHEMONTID:0004603;CHEMONTID:0000323;CHEMONTID:0001831,Organic compounds;Organic oxygen compounds;Organooxygen compounds;Carbonyl compounds
7383,Methyl esters,0.98,CHEMONTID:0003416,6,CHEMONTID:0001238,CHEMONTID:0000000;CHEMONTID:0000264;CHEMONTID:0000265;CHEMONTID:0001093;CHEMONTID:0001238;CHEMONTID:0003416,Organic compounds;Organic acids and derivatives;Carboxylic acids and derivatives;Carboxylic acid derivatives;Carboxylic acid esters;Methyl esters
2954,Alpha amino acids and derivatives,0.82,CHEMONTID:0000060,6,CHEMONTID:0000347,CHEMONTID:0000000;CHEMONTID:0000264;CHEMONTID:0000265;CHEMONTID:0000013;CHEMONTID:0000347;CHEMONTID:0000060,"Organic compounds;Organic acids and derivatives;Carboxylic acids and derivatives;Amino acids, peptides, and analogues;Amino acids and derivatives;Alpha amino acids and derivatives"
11448,Amines,1,CHEMONTID:0002449,4,CHEMONTID:0000278,CHEMONTID:0000000;CHEMONTID:0004707;CHEMONTID:0000278;CHEMONTID:0002449,Organic compounds;Organic nitrogen compounds;Organonitrogen compounds;Amines
569,Carbonyl compounds,0.96,CHEMONTID:0001831,4,CHEMONTID:0000323,CHEMONTID:0000000;CHEMONTID:0004603;CHEMONTID:0000323;CHEMONTID:0001831,Organic compounds;Organic oxygen compounds;Organooxygen compounds;Carbonyl compounds
16951,Amines,1,CHEMONTID:0002449,4,CHEMONTID:0000278,CHEMONTID:0000000;CHEMONTID:0004707;CHEMONTID:0000278;CHEMONTID:0002449,Organic compounds;Organic nitrogen compounds;Organonitrogen compounds;Amines
5703,"Amino acids, peptides, and analogues",0.85,CHEMONTID:0000013,4,CHEMONTID:0000265,CHEMONTID:0000000;CHEMONTID:0000264;CHEMONTID:0000265;CHEMONTID:0000013,"Organic compounds;Organic acids and derivatives;Carboxylic acids and derivatives;Amino acids, peptides, and analogues"
6412,Monoalkylamines,0.86,CHEMONTID:0000469,6,CHEMONTID:0002450,CHEMONTID:0000000;CHEMONTID:0004707;CHEMONTID:0000278;CHEMONTID:0002449;CHEMONTID:0002450;CHEMONTID:0000469,Organic compounds;Organic nitrogen compounds;Organonitrogen compounds;Amines;Primary amines;Monoalkylamines
6845,6-aminopurines,1,CHEMONTID:0002987,5,CHEMONTID:0000245,CHEMONTID:0000000;CHEMONTID:0000002;CHEMONTID:0001797;CHEMONTID:0000245;CHEMONTID:0002987,Organic compounds;Organoheterocyclic compounds;Imidazopyrimidines;Purines and purine derivatives;6-aminopurines
11454,Imidazoles,1,CHEMONTID:0000078,4,CHEMONTID:0000436,CHEMONTID:0000000;CHEMONTID:0000002;CHEMONTID:0000436;CHEMONTID:0000078,Organic compounds;Organoheterocyclic compounds;Azoles;Imidazoles
7460,Monoalkylamines,0.95,CHEMONTID:0000469,6,CHEMONTID:0002450,CHEMONTID:0000000;CHEMONTID:0004707;CHEMONTID:0000278;CHEMONTID:0002449;CHEMONTID:0002450;CHEMONTID:0000469,Organic compounds;Organic nitrogen compounds;Organonitrogen compounds;Amines;Primary amines;Monoalkylamines
16053,Amines,1,CHEMONTID:0002449,4,CHEMONTID:0000278,CHEMONTID:0000000;CHEMONTID:0004707;CHEMONTID:0000278;CHEMONTID:0002449,Organic compounds;Organic nitrogen compounds;Organonitrogen compounds;Amines
10055,Carbonyl compounds,0.95,CHEMONTID:0001831,4,CHEMONTID:0000323,CHEMONTID:0000000;CHEMONTID:0004603;CHEMONTID:0000323;CHEMONTID:0001831,Organic compounds;Organic oxygen compounds;Organooxygen compounds;Carbonyl compounds
18172,Dialkyl ethers,1,CHEMONTID:0001167,5,CHEMONTID:0000254,CHEMONTID:0000000;CHEMONTID:0004603;CHEMONTID:0000323;CHEMONTID:0000254;CHEMONTID:0001167,Organic compounds;Organic oxygen compounds;Organooxygen compounds;Ethers;Dialkyl ethers
16148,Dialkyl peroxides,0.9,CHEMONTID:0003951,5,CHEMONTID:0000414,CHEMONTID:0000000;CHEMONTID:0004603;CHEMONTID:0003940;CHEMONTID:0000414;CHEMONTID:0003951,Organic compounds;Organic oxygen compounds;Organic oxides;Organic peroxides;Dialkyl peroxides
4820,Carbonyl compounds,0.86,CHEMONTID:0001831,4,CHEMONTID:0000323,CHEMONTID:0000000;CHEMONTID:0004603;CHEMONTID:0000323;CHEMONTID:0001831,Organic compounds;Organic oxygen compounds;Organooxygen compounds;Carbonyl compounds
8950,Carboxylic acid derivatives,0.86,CHEMONTID:0001093,4,CHEMONTID:0000265,CHEMONTID:0000000;CHEMONTID:0000264;CHEMONTID:0000265;CHEMONTID:0001093,Organic compounds;Organic acids and derivatives;Carboxylic acids and derivatives;Carboxylic acid derivatives
9664,Primary amines,0.93,CHEMONTID:0002450,5,CHEMONTID:0002449,CHEMONTID:0000000;CHEMONTID:0004707;CHEMONTID:0000278;CHEMONTID:0002449;CHEMONTID:0002450,Organic compounds;Organic nitrogen compounds;Organonitrogen compounds;Amines;Primary amines
3288,Carbonyl compounds,0.94,CHEMONTID:0001831,4,CHEMONTID:0000323,CHEMONTID:0000000;CHEMONTID:0004603;CHEMONTID:0000323;CHEMONTID:0001831,Organic compounds;Organic oxygen compounds;Organooxygen compounds;Carbonyl compounds
10178,Amino acids and derivatives,0.98,CHEMONTID:0000347,5,CHEMONTID:0000013,CHEMONTID:0000000;CHEMONTID:0000264;CHEMONTID:0000265;CHEMONTID:0000013;CHEMONTID:0000347,"Organic compounds;Organic acids and derivatives;Carboxylic acids and derivatives;Amino acids, peptides, and analogues;Amino acids and derivatives"
20557,Primary amines,0.99,CHEMONTID:0002450,5,CHEMONTID:0002449,CHEMONTID:0000000;CHEMONTID:0004707;CHEMONTID:0000278;CHEMONTID:0002449;CHEMONTID:0002450,Organic compounds;Organic nitrogen compounds;Organonitrogen compounds;Amines;Primary amines
13313,Carbonyl compounds,0.8,CHEMONTID:0001831,4,CHEMONTID:0000323,CHEMONTID:0000000;CHEMONTID:0004603;CHEMONTID:0000323;CHEMONTID:0001831,Organic compounds;Organic oxygen compounds;Organooxygen compounds;Carbonyl compounds
11175,3-alkylindoles,0.94,CHEMONTID:0004196,5,CHEMONTID:0002497,CHEMONTID:0000000;CHEMONTID:0000002;CHEMONTID:0000211;CHEMONTID:0002497;CHEMONTID:0004196,Organic compounds;Organoheterocyclic compounds;Indoles and derivatives;Indoles;3-alkylindoles
15901,Amines,0.9,CHEMONTID:0002449,4,CHEMONTID:0000278,CHEMONTID:0000000;CHEMONTID:0004707;CHEMONTID:0000278;CHEMONTID:0002449,Organic compounds;Organic nitrogen compounds;Organonitrogen compounds;Amines
5937,Carbonyl compounds,0.85,CHEMONTID:0001831,4,CHEMONTID:0000323,CHEMONTID:0000000;CHEMONTID:0004603;CHEMONTID:0000323;CHEMONTID:0001831,Organic compounds;Organic oxygen compounds;Organooxygen compounds;Carbonyl compounds
2976,Carboxylic acids,0.98,CHEMONTID:0001205,4,CHEMONTID:0000265,CHEMONTID:0000000;CHEMONTID:0000264;CHEMONTID:0000265;CHEMONTID:0001205,Organic compounds;Organic acids and derivatives;Carboxylic acids and derivatives;Carboxylic acids
10770,Ethers,0.98,CHEMONTID:0000254,4,CHEMONTID:0000323,CHEMONTID:0000000;CHEMONTID:0004603;CHEMONTID:0000323;CHEMONTID:0000254,Organic compounds;Organic oxygen compounds;Organooxygen compounds;Ethers
3672,Carbonyl compounds,0.9,CHEMONTID:0001831,4,CHEMONTID:0000323,CHEMONTID:0000000;CHEMONTID:0004603;CHEMONTID:0000323;CHEMONTID:0001831,Organic compounds;Organic oxygen compounds;Organooxygen compounds;Carbonyl compounds
2047,Carbohydrates and carbohydrate conjugates,1,CHEMONTID:0000011,4,CHEMONTID:0000323,CHEMONTID:0000000;CHEMONTID:0004603;CHEMONTID:0000323;CHEMONTID:0000011,Organic compounds;Organic oxygen compounds;Organooxygen compounds;Carbohydrates and carbohydrate conjugates
7843,Secondary carboxylic acid amides,0.83,CHEMONTID:0001663,6,CHEMONTID:0000475,CHEMONTID:0000000;CHEMONTID:0000264;CHEMONTID:0000265;CHEMONTID:0001093;CHEMONTID:0000475;CHEMONTID:0001663,Organic compounds;Organic acids and derivatives;Carboxylic acids and derivatives;Carboxylic acid derivatives;Carboxylic acid amides;Secondary carboxylic acid amides
4162,Secondary alcohols,0.82,CHEMONTID:0001661,5,CHEMONTID:0000129,CHEMONTID:0000000;CHEMONTID:0004603;CHEMONTID:0000323;CHEMONTID:0000129;CHEMONTID:0001661,Organic compounds;Organic oxygen compounds;Organooxygen compounds;Alcohols and polyols;Secondary alcohols
13115,Carboxylic acid derivatives,0.96,CHEMONTID:0001093,4,CHEMONTID:0000265,CHEMONTID:0000000;CHEMONTID:0000264;CHEMONTID:0000265;CHEMONTID:0001093,Organic compounds;Organic acids and derivatives;Carboxylic acids and derivatives;Carboxylic acid derivatives
11163,Dialkyl phosphates,1,CHEMONTID:0003459,6,CHEMONTID:0003457,CHEMONTID:0000000;CHEMONTID:0000264;CHEMONTID:0000402;CHEMONTID:0000408;CHEMONTID:0003457;CHEMONTID:0003459,Organic compounds;Organic acids and derivatives;Organic phosphoric acids and derivatives;Phosphate esters;Alkyl phosphates;Dialkyl phosphates
13169,Carboxylic acid derivatives,1,CHEMONTID:0001093,4,CHEMONTID:0000265,CHEMONTID:0000000;CHEMONTID:0000264;CHEMONTID:0000265;CHEMONTID:0001093,Organic compounds;Organic acids and derivatives;Carboxylic acids and derivatives;Carboxylic acid derivatives
17042,Carbonyl compounds,0.87,CHEMONTID:0001831,4,CHEMONTID:0000323,CHEMONTID:0000000;CHEMONTID:0004603;CHEMONTID:0000323;CHEMONTID:0001831,Organic compounds;Organic oxygen compounds;Organooxygen compounds;Carbonyl compounds
18363,Alcohols and polyols,0.97,CHEMONTID:0000129,4,CHEMONTID:0000323,CHEMONTID:0000000;CHEMONTID:0004603;CHEMONTID:0000323;CHEMONTID:0000129,Organic compounds;Organic oxygen compounds;Organooxygen compounds;Alcohols and polyols
8150,N-acyl amines,0.94,CHEMONTID:0001096,5,CHEMONTID:0000331,CHEMONTID:0000000;CHEMONTID:0000012;CHEMONTID:0003909;CHEMONTID:0000331;CHEMONTID:0001096,Organic compounds;Lipids and lipid-like molecules;Fatty Acyls;Fatty amides;N-acyl amines
13684,Carbonyl compounds,0.96,CHEMONTID:0001831,4,CHEMONTID:0000323,CHEMONTID:0000000;CHEMONTID:0004603;CHEMONTID:0000323;CHEMONTID:0001831,Organic compounds;Organic oxygen compounds;Organooxygen compounds;Carbonyl compounds
248,Carbonyl compounds,0.87,CHEMONTID:0001831,4,CHEMONTID:0000323,CHEMONTID:0000000;CHEMONTID:0004603;CHEMONTID:0000323;CHEMONTID:0001831,Organic compounds;Organic oxygen compounds;Organooxygen compounds;Carbonyl compounds
5588,Carbonyl compounds,0.88,CHEMONTID:0001831,4,CHEMONTID:0000323,CHEMONTID:0000000;CHEMONTID:0004603;CHEMONTID:0000323;CHEMONTID:0001831,Organic compounds;Organic oxygen compounds;Organooxygen compounds;Carbonyl compounds
9539,Carbonyl compounds,0.9,CHEMONTID:0001831,4,CHEMONTID:0000323,CHEMONTID:0000000;CHEMONTID:0004603;CHEMONTID:0000323;CHEMONTID:0001831,Organic compounds;Organic oxygen compounds;Organooxygen compounds;Carbonyl compounds
13640,Amines,0.95,CHEMONTID:0002449,4,CHEMONTID:0000278,CHEMONTID:0000000;CHEMONTID:0004707;CHEMONTID:0000278;CHEMONTID:0002449,Organic compounds;Organic nitrogen compounds;Organonitrogen compounds;Amines
16583,Carbonyl compounds,0.98,CHEMONTID:0001831,4,CHEMONTID:0000323,CHEMONTID:0000000;CHEMONTID:0004603;CHEMONTID:0000323;CHEMONTID:0001831,Organic compounds;Organic oxygen compounds;Organooxygen compounds;Carbonyl compounds
12224,6-aminopurines,0.98,CHEMONTID:0002987,5,CHEMONTID:0000245,CHEMONTID:0000000;CHEMONTID:0000002;CHEMONTID:0001797;CHEMONTID:0000245;CHEMONTID:0002987,Organic compounds;Organoheterocyclic compounds;Imidazopyrimidines;Purines and purine derivatives;6-aminopurines
6067,Monoalkylamines,0.99,CHEMONTID:0000469,6,CHEMONTID:0002450,CHEMONTID:0000000;CHEMONTID:0004707;CHEMONTID:0000278;CHEMONTID:0002449;CHEMONTID:0002450;CHEMONTID:0000469,Organic compounds;Organic nitrogen compounds;Organonitrogen compounds;Amines;Primary amines;Monoalkylamines
8593,Carbonyl compounds,0.85,CHEMONTID:0001831,4,CHEMONTID:0000323,CHEMONTID:0000000;CHEMONTID:0004603;CHEMONTID:0000323;CHEMONTID:0001831,Organic compounds;Organic oxygen compounds;Organooxygen compounds;Carbonyl compounds
12912,Carboxylic acid derivatives,0.9,CHEMONTID:0001093,4,CHEMONTID:0000265,CHEMONTID:0000000;CHEMONTID:0000264;CHEMONTID:0000265;CHEMONTID:0001093,Organic compounds;Organic acids and derivatives;Carboxylic acids and derivatives;Carboxylic acid derivatives
8933,Carbonyl compounds,0.95,CHEMONTID:0001831,4,CHEMONTID:0000323,CHEMONTID:0000000;CHEMONTID:0004603;CHEMONTID:0000323;CHEMONTID:0001831,Organic compounds;Organic oxygen compounds;Organooxygen compounds;Carbonyl compounds
5310,Alcohols and polyols,0.91,CHEMONTID:0000129,4,CHEMONTID:0000323,CHEMONTID:0000000;CHEMONTID:0004603;CHEMONTID:0000323;CHEMONTID:0000129,Organic compounds;Organic oxygen compounds;Organooxygen compounds;Alcohols and polyols
19117,Alcohols and polyols,0.99,CHEMONTID:0000129,4,CHEMONTID:0000323,CHEMONTID:0000000;CHEMONTID:0004603;CHEMONTID:0000323;CHEMONTID:0000129,Organic compounds;Organic oxygen compounds;Organooxygen compounds;Alcohols and polyols
14424,Alpha amino acids and derivatives,0.91,CHEMONTID:0000060,6,CHEMONTID:0000347,CHEMONTID:0000000;CHEMONTID:0000264;CHEMONTID:0000265;CHEMONTID:0000013;CHEMONTID:0000347;CHEMONTID:0000060,"Organic compounds;Organic acids and derivatives;Carboxylic acids and derivatives;Amino acids, peptides, and analogues;Amino acids and derivatives;Alpha amino acids and derivatives"
18576,Monoalkylamines,0.95,CHEMONTID:0000469,6,CHEMONTID:0002450,CHEMONTID:0000000;CHEMONTID:0004707;CHEMONTID:0000278;CHEMONTID:0002449;CHEMONTID:0002450;CHEMONTID:0000469,Organic compounds;Organic nitrogen compounds;Organonitrogen compounds;Amines;Primary amines;Monoalkylamines
10902,Amino acids and derivatives,1,CHEMONTID:0000347,5,CHEMONTID:0000013,CHEMONTID:0000000;CHEMONTID:0000264;CHEMONTID:0000265;CHEMONTID:0000013;CHEMONTID:0000347,"Organic compounds;Organic acids and derivatives;Carboxylic acids and derivatives;Amino acids, peptides, and analogues;Amino acids and derivatives"
14614,Carbonyl compounds,0.98,CHEMONTID:0001831,4,CHEMONTID:0000323,CHEMONTID:0000000;CHEMONTID:0004603;CHEMONTID:0000323;CHEMONTID:0001831,Organic compounds;Organic oxygen compounds;Organooxygen compounds;Carbonyl compounds
11623,Carbonyl compounds,0.99,CHEMONTID:0001831,4,CHEMONTID:0000323,CHEMONTID:0000000;CHEMONTID:0004603;CHEMONTID:0000323;CHEMONTID:0001831,Organic compounds;Organic oxygen compounds;Organooxygen compounds;Carbonyl compounds
8118,Carbonyl compounds,0.94,CHEMONTID:0001831,4,CHEMONTID:0000323,CHEMONTID:0000000;CHEMONTID:0004603;CHEMONTID:0000323;CHEMONTID:0001831,Organic compounds;Organic oxygen compounds;Organooxygen compounds;Carbonyl compounds
8720,Carboxylic acid derivatives,1,CHEMONTID:0001093,4,CHEMONTID:0000265,CHEMONTID:0000000;CHEMONTID:0000264;CHEMONTID:0000265;CHEMONTID:0001093,Organic compounds;Organic acids and derivatives;Carboxylic acids and derivatives;Carboxylic acid derivatives
1663,Alcohols and polyols,1,CHEMONTID:0000129,4,CHEMONTID:0000323,CHEMONTID:0000000;CHEMONTID:0004603;CHEMONTID:0000323;CHEMONTID:0000129,Organic compounds;Organic oxygen compounds;Organooxygen compounds;Alcohols and polyols
11348,Primary amines,0.98,CHEMONTID:0002450,5,CHEMONTID:0002449,CHEMONTID:0000000;CHEMONTID:0004707;CHEMONTID:0000278;CHEMONTID:0002449;CHEMONTID:0002450,Organic compounds;Organic nitrogen compounds;Organonitrogen compounds;Amines;Primary amines
5922,Phosphate esters,0.96,CHEMONTID:0000408,4,CHEMONTID:0000402,CHEMONTID:0000000;CHEMONTID:0000264;CHEMONTID:0000402;CHEMONTID:0000408,Organic compounds;Organic acids and derivatives;Organic phosphoric acids and derivatives;Phosphate esters
14432,Carbonyl compounds,0.83,CHEMONTID:0001831,4,CHEMONTID:0000323,CHEMONTID:0000000;CHEMONTID:0004603;CHEMONTID:0000323;CHEMONTID:0001831,Organic compounds;Organic oxygen compounds;Organooxygen compounds;Carbonyl compounds
12289,Amines,0.87,CHEMONTID:0002449,4,CHEMONTID:0000278,CHEMONTID:0000000;CHEMONTID:0004707;CHEMONTID:0000278;CHEMONTID:0002449,Organic compounds;Organic nitrogen compounds;Organonitrogen compounds;Amines
19733,Carboxylic acid derivatives,0.93,CHEMONTID:0001093,4,CHEMONTID:0000265,CHEMONTID:0000000;CHEMONTID:0000264;CHEMONTID:0000265;CHEMONTID:0001093,Organic compounds;Organic acids and derivatives;Carboxylic acids and derivatives;Carboxylic acid derivatives
7100,Purines and purine derivatives,0.96,CHEMONTID:0000245,4,CHEMONTID:0001797,CHEMONTID:0000000;CHEMONTID:0000002;CHEMONTID:0001797;CHEMONTID:0000245,Organic compounds;Organoheterocyclic compounds;Imidazopyrimidines;Purines and purine derivatives
12153,Carbonyl compounds,0.87,CHEMONTID:0001831,4,CHEMONTID:0000323,CHEMONTID:0000000;CHEMONTID:0004603;CHEMONTID:0000323;CHEMONTID:0001831,Organic compounds;Organic oxygen compounds;Organooxygen compounds;Carbonyl compounds
5020,Alcohols and polyols,0.99,CHEMONTID:0000129,4,CHEMONTID:0000323,CHEMONTID:0000000;CHEMONTID:0004603;CHEMONTID:0000323;CHEMONTID:0000129,Organic compounds;Organic oxygen compounds;Organooxygen compounds;Alcohols and polyols
18324,Carbonyl compounds,0.85,CHEMONTID:0001831,4,CHEMONTID:0000323,CHEMONTID:0000000;CHEMONTID:0004603;CHEMONTID:0000323;CHEMONTID:0001831,Organic compounds;Organic oxygen compounds;Organooxygen compounds;Carbonyl compounds
19846,Carbohydrates and carbohydrate conjugates,0.98,CHEMONTID:0000011,4,CHEMONTID:0000323,CHEMONTID:0000000;CHEMONTID:0004603;CHEMONTID:0000323;CHEMONTID:0000011,Organic compounds;Organic oxygen compounds;Organooxygen compounds;Carbohydrates and carbohydrate conjugates
15635,Amines,0.86,CHEMONTID:0002449,4,CHEMONTID:0000278,CHEMONTID:0000000;CHEMONTID:0004707;CHEMONTID:0000278;CHEMONTID:0002449,Organic compounds;Organic nitrogen compounds;Organonitrogen compounds;Amines
14465,Primary amines,0.99,CHEMONTID:0002450,5,CHEMONTID:0002449,CHEMONTID:0000000;CHEMONTID:0004707;CHEMONTID:0000278;CHEMONTID:0002449;CHEMONTID:0002450,Organic compounds;Organic nitrogen compounds;Organonitrogen compounds;Amines;Primary amines
15398,Carbonyl compounds,0.94,CHEMONTID:0001831,4,CHEMONTID:0000323,CHEMONTID:0000000;CHEMONTID:0004603;CHEMONTID:0000323;CHEMONTID:0001831,Organic compounds;Organic oxygen compounds;Organooxygen compounds;Carbonyl compounds
14324,Primary amines,0.97,CHEMONTID:0002450,5,CHEMONTID:0002449,CHEMONTID:0000000;CHEMONTID:0004707;CHEMONTID:0000278;CHEMONTID:0002449;CHEMONTID:0002450,Organic compounds;Organic nitrogen compounds;Organonitrogen compounds;Amines;Primary amines
16413,Alcohols and polyols,0.8,CHEMONTID:0000129,4,CHEMONTID:0000323,CHEMONTID:0000000;CHEMONTID:0004603;CHEMONTID:0000323;CHEMONTID:0000129,Organic compounds;Organic oxygen compounds;Organooxygen compounds;Alcohols and polyols
19329,"Amino acids, peptides, and analogues",0.95,CHEMONTID:0000013,4,CHEMONTID:0000265,CHEMONTID:0000000;CHEMONTID:0000264;CHEMONTID:0000265;CHEMONTID:0000013,"Organic compounds;Organic acids and derivatives;Carboxylic acids and derivatives;Amino acids, peptides, and analogues"
12145,"1,2-aminoalcohols",0.89,CHEMONTID:0001897,6,CHEMONTID:0002460,CHEMONTID:0000000;CHEMONTID:0004707;CHEMONTID:0000278;CHEMONTID:0002449;CHEMONTID:0002460;CHEMONTID:0001897,"Organic compounds;Organic nitrogen compounds;Organonitrogen compounds;Amines;Alkanolamines;1,2-aminoalcohols"
11977,Carbonyl compounds,0.82,CHEMONTID:0001831,4,CHEMONTID:0000323,CHEMONTID:0000000;CHEMONTID:0004603;CHEMONTID:0000323;CHEMONTID:0001831,Organic compounds;Organic oxygen compounds;Organooxygen compounds;Carbonyl compounds
4994,Monocarboxylic acids and derivatives,0.8,CHEMONTID:0001137,4,CHEMONTID:0000265,CHEMONTID:0000000;CHEMONTID:0000264;CHEMONTID:0000265;CHEMONTID:0001137,Organic compounds;Organic acids and derivatives;Carboxylic acids and derivatives;Monocarboxylic acids and derivatives
15230,"Amino acids, peptides, and analogues",0.87,CHEMONTID:0000013,4,CHEMONTID:0000265,CHEMONTID:0000000;CHEMONTID:0000264;CHEMONTID:0000265;CHEMONTID:0000013,"Organic compounds;Organic acids and derivatives;Carboxylic acids and derivatives;Amino acids, peptides, and analogues"
12836,Carbonyl compounds,0.87,CHEMONTID:0001831,4,CHEMONTID:0000323,CHEMONTID:0000000;CHEMONTID:0004603;CHEMONTID:0000323;CHEMONTID:0001831,Organic compounds;Organic oxygen compounds;Organooxygen compounds;Carbonyl compounds
12265,Carbonyl compounds,0.95,CHEMONTID:0001831,4,CHEMONTID:0000323,CHEMONTID:0000000;CHEMONTID:0004603;CHEMONTID:0000323;CHEMONTID:0001831,Organic compounds;Organic oxygen compounds;Organooxygen compounds;Carbonyl compounds
9528,Amines,0.96,CHEMONTID:0002449,4,CHEMONTID:0000278,CHEMONTID:0000000;CHEMONTID:0004707;CHEMONTID:0000278;CHEMONTID:0002449,Organic compounds;Organic nitrogen compounds;Organonitrogen compounds;Amines
15428,Carbonyl compounds,0.93,CHEMONTID:0001831,4,CHEMONTID:0000323,CHEMONTID:0000000;CHEMONTID:0004603;CHEMONTID:0000323;CHEMONTID:0001831,Organic compounds;Organic oxygen compounds;Organooxygen compounds;Carbonyl compounds
18475,Carbonyl compounds,0.84,CHEMONTID:0001831,4,CHEMONTID:0000323,CHEMONTID:0000000;CHEMONTID:0004603;CHEMONTID:0000323;CHEMONTID:0001831,Organic compounds;Organic oxygen compounds;Organooxygen compounds;Carbonyl compounds
8267,Primary amines,1,CHEMONTID:0002450,5,CHEMONTID:0002449,CHEMONTID:0000000;CHEMONTID:0004707;CHEMONTID:0000278;CHEMONTID:0002449;CHEMONTID:0002450,Organic compounds;Organic nitrogen compounds;Organonitrogen compounds;Amines;Primary amines
14449,Carboxylic acid derivatives,0.97,CHEMONTID:0001093,4,CHEMONTID:0000265,CHEMONTID:0000000;CHEMONTID:0000264;CHEMONTID:0000265;CHEMONTID:0001093,Organic compounds;Organic acids and derivatives;Carboxylic acids and derivatives;Carboxylic acid derivatives
4883,Monoalkylamines,0.92,CHEMONTID:0000469,6,CHEMONTID:0002450,CHEMONTID:0000000;CHEMONTID:0004707;CHEMONTID:0000278;CHEMONTID:0002449;CHEMONTID:0002450;CHEMONTID:0000469,Organic compounds;Organic nitrogen compounds;Organonitrogen compounds;Amines;Primary amines;Monoalkylamines
10673,Carbonyl compounds,0.94,CHEMONTID:0001831,4,CHEMONTID:0000323,CHEMONTID:0000000;CHEMONTID:0004603;CHEMONTID:0000323;CHEMONTID:0001831,Organic compounds;Organic oxygen compounds;Organooxygen compounds;Carbonyl compounds
12578,Carbonyl compounds,0.85,CHEMONTID:0001831,4,CHEMONTID:0000323,CHEMONTID:0000000;CHEMONTID:0004603;CHEMONTID:0000323;CHEMONTID:0001831,Organic compounds;Organic oxygen compounds;Organooxygen compounds;Carbonyl compounds
13578,Primary amines,0.89,CHEMONTID:0002450,5,CHEMONTID:0002449,CHEMONTID:0000000;CHEMONTID:0004707;CHEMONTID:0000278;CHEMONTID:0002449;CHEMONTID:0002450,Organic compounds;Organic nitrogen compounds;Organonitrogen compounds;Amines;Primary amines
4489,Carboxylic acid derivatives,0.98,CHEMONTID:0001093,4,CHEMONTID:0000265,CHEMONTID:0000000;CHEMONTID:0000264;CHEMONTID:0000265;CHEMONTID:0001093,Organic compounds;Organic acids and derivatives;Carboxylic acids and derivatives;Carboxylic acid derivatives
12273,Dialkyl phosphates,1,CHEMONTID:0003459,6,CHEMONTID:0003457,CHEMONTID:0000000;CHEMONTID:0000264;CHEMONTID:0000402;CHEMONTID:0000408;CHEMONTID:0003457;CHEMONTID:0003459,Organic compounds;Organic acids and derivatives;Organic phosphoric acids and derivatives;Phosphate esters;Alkyl phosphates;Dialkyl phosphates
3859,"Amino acids, peptides, and analogues",0.96,CHEMONTID:0000013,4,CHEMONTID:0000265,CHEMONTID:0000000;CHEMONTID:0000264;CHEMONTID:0000265;CHEMONTID:0000013,"Organic compounds;Organic acids and derivatives;Carboxylic acids and derivatives;Amino acids, peptides, and analogues"
16969,Alcohols and polyols,0.97,CHEMONTID:0000129,4,CHEMONTID:0000323,CHEMONTID:0000000;CHEMONTID:0004603;CHEMONTID:0000323;CHEMONTID:0000129,Organic compounds;Organic oxygen compounds;Organooxygen compounds;Alcohols and polyols
9038,Primary amines,0.84,CHEMONTID:0002450,5,CHEMONTID:0002449,CHEMONTID:0000000;CHEMONTID:0004707;CHEMONTID:0000278;CHEMONTID:0002449;CHEMONTID:0002450,Organic compounds;Organic nitrogen compounds;Organonitrogen compounds;Amines;Primary amines
13730,Carbonyl compounds,0.93,CHEMONTID:0001831,4,CHEMONTID:0000323,CHEMONTID:0000000;CHEMONTID:0004603;CHEMONTID:0000323;CHEMONTID:0001831,Organic compounds;Organic oxygen compounds;Organooxygen compounds;Carbonyl compounds
4950,Carbonyl compounds,0.97,CHEMONTID:0001831,4,CHEMONTID:0000323,CHEMONTID:0000000;CHEMONTID:0004603;CHEMONTID:0000323;CHEMONTID:0001831,Organic compounds;Organic oxygen compounds;Organooxygen compounds;Carbonyl compounds
3445,Carboxylic acid derivatives,1,CHEMONTID:0001093,4,CHEMONTID:0000265,CHEMONTID:0000000;CHEMONTID:0000264;CHEMONTID:0000265;CHEMONTID:0001093,Organic compounds;Organic acids and derivatives;Carboxylic acids and derivatives;Carboxylic acid derivatives
3723,Carbonyl compounds,0.92,CHEMONTID:0001831,4,CHEMONTID:0000323,CHEMONTID:0000000;CHEMONTID:0004603;CHEMONTID:0000323;CHEMONTID:0001831,Organic compounds;Organic oxygen compounds;Organooxygen compounds;Carbonyl compounds
6417,Amines,0.94,CHEMONTID:0002449,4,CHEMONTID:0000278,CHEMONTID:0000000;CHEMONTID:0004707;CHEMONTID:0000278;CHEMONTID:0002449,Organic compounds;Organic nitrogen compounds;Organonitrogen compounds;Amines
3965,Carbonyl compounds,0.98,CHEMONTID:0001831,4,CHEMONTID:0000323,CHEMONTID:0000000;CHEMONTID:0004603;CHEMONTID:0000323;CHEMONTID:0001831,Organic compounds;Organic oxygen compounds;Organooxygen compounds;Carbonyl compounds
12581,Amines,0.84,CHEMONTID:0002449,4,CHEMONTID:0000278,CHEMONTID:0000000;CHEMONTID:0004707;CHEMONTID:0000278;CHEMONTID:0002449,Organic compounds;Organic nitrogen compounds;Organonitrogen compounds;Amines
7163,Carbohydrates and carbohydrate conjugates,0.99,CHEMONTID:0000011,4,CHEMONTID:0000323,CHEMONTID:0000000;CHEMONTID:0004603;CHEMONTID:0000323;CHEMONTID:0000011,Organic compounds;Organic oxygen compounds;Organooxygen compounds;Carbohydrates and carbohydrate conjugates
16047,Amines,0.93,CHEMONTID:0002449,4,CHEMONTID:0000278,CHEMONTID:0000000;CHEMONTID:0004707;CHEMONTID:0000278;CHEMONTID:0002449,Organic compounds;Organic nitrogen compounds;Organonitrogen compounds;Amines
9178,Carbonyl compounds,0.83,CHEMONTID:0001831,4,CHEMONTID:0000323,CHEMONTID:0000000;CHEMONTID:0004603;CHEMONTID:0000323;CHEMONTID:0001831,Organic compounds;Organic oxygen compounds;Organooxygen compounds;Carbonyl compounds
14887,Pyrimidines and pyrimidine derivatives,0.96,CHEMONTID:0000075,4,CHEMONTID:0001346,CHEMONTID:0000000;CHEMONTID:0000002;CHEMONTID:0001346;CHEMONTID:0000075,Organic compounds;Organoheterocyclic compounds;Diazines;Pyrimidines and pyrimidine derivatives
3299,Carboxylic acid derivatives,1,CHEMONTID:0001093,4,CHEMONTID:0000265,CHEMONTID:0000000;CHEMONTID:0000264;CHEMONTID:0000265;CHEMONTID:0001093,Organic compounds;Organic acids and derivatives;Carboxylic acids and derivatives;Carboxylic acid derivatives
4831,Amines,0.96,CHEMONTID:0002449,4,CHEMONTID:0000278,CHEMONTID:0000000;CHEMONTID:0004707;CHEMONTID:0000278;CHEMONTID:0002449,Organic compounds;Organic nitrogen compounds;Organonitrogen compounds;Amines
16910,Dialkyl ethers,0.95,CHEMONTID:0001167,5,CHEMONTID:0000254,CHEMONTID:0000000;CHEMONTID:0004603;CHEMONTID:0000323;CHEMONTID:0000254;CHEMONTID:0001167,Organic compounds;Organic oxygen compounds;Organooxygen compounds;Ethers;Dialkyl ethers
8272,Carbohydrates and carbohydrate conjugates,1,CHEMONTID:0000011,4,CHEMONTID:0000323,CHEMONTID:0000000;CHEMONTID:0004603;CHEMONTID:0000323;CHEMONTID:0000011,Organic compounds;Organic oxygen compounds;Organooxygen compounds;Carbohydrates and carbohydrate conjugates
2590,Amines,0.98,CHEMONTID:0002449,4,CHEMONTID:0000278,CHEMONTID:0000000;CHEMONTID:0004707;CHEMONTID:0000278;CHEMONTID:0002449,Organic compounds;Organic nitrogen compounds;Organonitrogen compounds;Amines
9258,Monocarboxylic acids and derivatives,0.8,CHEMONTID:0001137,4,CHEMONTID:0000265,CHEMONTID:0000000;CHEMONTID:0000264;CHEMONTID:0000265;CHEMONTID:0001137,Organic compounds;Organic acids and derivatives;Carboxylic acids and derivatives;Monocarboxylic acids and derivatives
18405,Monocarboxylic acids and derivatives,0.84,CHEMONTID:0001137,4,CHEMONTID:0000265,CHEMONTID:0000000;CHEMONTID:0000264;CHEMONTID:0000265;CHEMONTID:0001137,Organic compounds;Organic acids and derivatives;Carboxylic acids and derivatives;Monocarboxylic acids and derivatives
6010,Organosulfonic acids and derivatives,0.88,CHEMONTID:0000270,4,CHEMONTID:0004434,CHEMONTID:0000000;CHEMONTID:0000264;CHEMONTID:0004434;CHEMONTID:0000270,Organic compounds;Organic acids and derivatives;Organic sulfonic acids and derivatives;Organosulfonic acids and derivatives
10681,Monocarboxylic acids and derivatives,0.83,CHEMONTID:0001137,4,CHEMONTID:0000265,CHEMONTID:0000000;CHEMONTID:0000264;CHEMONTID:0000265;CHEMONTID:0001137,Organic compounds;Organic acids and derivatives;Carboxylic acids and derivatives;Monocarboxylic acids and derivatives
14806,Alpha amino acids and derivatives,1,CHEMONTID:0000060,6,CHEMONTID:0000347,CHEMONTID:0000000;CHEMONTID:0000264;CHEMONTID:0000265;CHEMONTID:0000013;CHEMONTID:0000347;CHEMONTID:0000060,"Organic compounds;Organic acids and derivatives;Carboxylic acids and derivatives;Amino acids, peptides, and analogues;Amino acids and derivatives;Alpha amino acids and derivatives"
10477,Phosphate esters,0.99,CHEMONTID:0000408,4,CHEMONTID:0000402,CHEMONTID:0000000;CHEMONTID:0000264;CHEMONTID:0000402;CHEMONTID:0000408,Organic compounds;Organic acids and derivatives;Organic phosphoric acids and derivatives;Phosphate esters
20376,Carbonyl compounds,0.92,CHEMONTID:0001831,4,CHEMONTID:0000323,CHEMONTID:0000000;CHEMONTID:0004603;CHEMONTID:0000323;CHEMONTID:0001831,Organic compounds;Organic oxygen compounds;Organooxygen compounds;Carbonyl compounds
13179,Carbonyl compounds,0.92,CHEMONTID:0001831,4,CHEMONTID:0000323,CHEMONTID:0000000;CHEMONTID:0004603;CHEMONTID:0000323;CHEMONTID:0001831,Organic compounds;Organic oxygen compounds;Organooxygen compounds;Carbonyl compounds
1573,Dialkyl ethers,0.97,CHEMONTID:0001167,5,CHEMONTID:0000254,CHEMONTID:0000000;CHEMONTID:0004603;CHEMONTID:0000323;CHEMONTID:0000254;CHEMONTID:0001167,Organic compounds;Organic oxygen compounds;Organooxygen compounds;Ethers;Dialkyl ethers
16,Alcohols and polyols,0.98,CHEMONTID:0000129,4,CHEMONTID:0000323,CHEMONTID:0000000;CHEMONTID:0004603;CHEMONTID:0000323;CHEMONTID:0000129,Organic compounds;Organic oxygen compounds;Organooxygen compounds;Alcohols and polyols
13662,Carbonyl compounds,0.96,CHEMONTID:0001831,4,CHEMONTID:0000323,CHEMONTID:0000000;CHEMONTID:0004603;CHEMONTID:0000323;CHEMONTID:0001831,Organic compounds;Organic oxygen compounds;Organooxygen compounds;Carbonyl compounds
15847,Carbonyl compounds,0.95,CHEMONTID:0001831,4,CHEMONTID:0000323,CHEMONTID:0000000;CHEMONTID:0004603;CHEMONTID:0000323;CHEMONTID:0001831,Organic compounds;Organic oxygen compounds;Organooxygen compounds;Carbonyl compounds
4972,Carbonyl compounds,0.93,CHEMONTID:0001831,4,CHEMONTID:0000323,CHEMONTID:0000000;CHEMONTID:0004603;CHEMONTID:0000323;CHEMONTID:0001831,Organic compounds;Organic oxygen compounds;Organooxygen compounds;Carbonyl compounds
13216,Dialkyl ethers,0.98,CHEMONTID:0001167,5,CHEMONTID:0000254,CHEMONTID:0000000;CHEMONTID:0004603;CHEMONTID:0000323;CHEMONTID:0000254;CHEMONTID:0001167,Organic compounds;Organic oxygen compounds;Organooxygen compounds;Ethers;Dialkyl ethers
7012,Monocarboxylic acids and derivatives,0.86,CHEMONTID:0001137,4,CHEMONTID:0000265,CHEMONTID:0000000;CHEMONTID:0000264;CHEMONTID:0000265;CHEMONTID:0001137,Organic compounds;Organic acids and derivatives;Carboxylic acids and derivatives;Monocarboxylic acids and derivatives
19597,Monoalkylamines,0.98,CHEMONTID:0000469,6,CHEMONTID:0002450,CHEMONTID:0000000;CHEMONTID:0004707;CHEMONTID:0000278;CHEMONTID:0002449;CHEMONTID:0002450;CHEMONTID:0000469,Organic compounds;Organic nitrogen compounds;Organonitrogen compounds;Amines;Primary amines;Monoalkylamines
9376,Secondary alcohols,0.95,CHEMONTID:0001661,5,CHEMONTID:0000129,CHEMONTID:0000000;CHEMONTID:0004603;CHEMONTID:0000323;CHEMONTID:0000129;CHEMONTID:0001661,Organic compounds;Organic oxygen compounds;Organooxygen compounds;Alcohols and polyols;Secondary alcohols
19102,Alcohols and polyols,0.91,CHEMONTID:0000129,4,CHEMONTID:0000323,CHEMONTID:0000000;CHEMONTID:0004603;CHEMONTID:0000323;CHEMONTID:0000129,Organic compounds;Organic oxygen compounds;Organooxygen compounds;Alcohols and polyols
12072,Carboxylic acid derivatives,0.96,CHEMONTID:0001093,4,CHEMONTID:0000265,CHEMONTID:0000000;CHEMONTID:0000264;CHEMONTID:0000265;CHEMONTID:0001093,Organic compounds;Organic acids and derivatives;Carboxylic acids and derivatives;Carboxylic acid derivatives
11821,Monosaccharide phosphates,0.99,CHEMONTID:0001541,6,CHEMONTID:0001540,CHEMONTID:0000000;CHEMONTID:0004603;CHEMONTID:0000323;CHEMONTID:0000011;CHEMONTID:0001540;CHEMONTID:0001541,Organic compounds;Organic oxygen compounds;Organooxygen compounds;Carbohydrates and carbohydrate conjugates;Monosaccharides;Monosaccharide phosphates
4600,Amines,0.83,CHEMONTID:0002449,4,CHEMONTID:0000278,CHEMONTID:0000000;CHEMONTID:0004707;CHEMONTID:0000278;CHEMONTID:0002449,Organic compounds;Organic nitrogen compounds;Organonitrogen compounds;Amines
8189,Methyl esters,0.92,CHEMONTID:0003416,6,CHEMONTID:0001238,CHEMONTID:0000000;CHEMONTID:0000264;CHEMONTID:0000265;CHEMONTID:0001093;CHEMONTID:0001238;CHEMONTID:0003416,Organic compounds;Organic acids and derivatives;Carboxylic acids and derivatives;Carboxylic acid derivatives;Carboxylic acid esters;Methyl esters
3565,Amines,0.86,CHEMONTID:0002449,4,CHEMONTID:0000278,CHEMONTID:0000000;CHEMONTID:0004707;CHEMONTID:0000278;CHEMONTID:0002449,Organic compounds;Organic nitrogen compounds;Organonitrogen compounds;Amines
4648,Carboxylic acid derivatives,0.91,CHEMONTID:0001093,4,CHEMONTID:0000265,CHEMONTID:0000000;CHEMONTID:0000264;CHEMONTID:0000265;CHEMONTID:0001093,Organic compounds;Organic acids and derivatives;Carboxylic acids and derivatives;Carboxylic acid derivatives
12784,Carboxylic acid derivatives,0.95,CHEMONTID:0001093,4,CHEMONTID:0000265,CHEMONTID:0000000;CHEMONTID:0000264;CHEMONTID:0000265;CHEMONTID:0001093,Organic compounds;Organic acids and derivatives;Carboxylic acids and derivatives;Carboxylic acid derivatives
15164,Carboxylic acid derivatives,0.98,CHEMONTID:0001093,4,CHEMONTID:0000265,CHEMONTID:0000000;CHEMONTID:0000264;CHEMONTID:0000265;CHEMONTID:0001093,Organic compounds;Organic acids and derivatives;Carboxylic acids and derivatives;Carboxylic acid derivatives
17369,Alcohols and polyols,0.91,CHEMONTID:0000129,4,CHEMONTID:0000323,CHEMONTID:0000000;CHEMONTID:0004603;CHEMONTID:0000323;CHEMONTID:0000129,Organic compounds;Organic oxygen compounds;Organooxygen compounds;Alcohols and polyols
8037,Carboxylic acid derivatives,0.92,CHEMONTID:0001093,4,CHEMONTID:0000265,CHEMONTID:0000000;CHEMONTID:0000264;CHEMONTID:0000265;CHEMONTID:0001093,Organic compounds;Organic acids and derivatives;Carboxylic acids and derivatives;Carboxylic acid derivatives
912,Dialkyl ethers,0.98,CHEMONTID:0001167,5,CHEMONTID:0000254,CHEMONTID:0000000;CHEMONTID:0004603;CHEMONTID:0000323;CHEMONTID:0000254;CHEMONTID:0001167,Organic compounds;Organic oxygen compounds;Organooxygen compounds;Ethers;Dialkyl ethers
3766,Carbonyl compounds,0.87,CHEMONTID:0001831,4,CHEMONTID:0000323,CHEMONTID:0000000;CHEMONTID:0004603;CHEMONTID:0000323;CHEMONTID:0001831,Organic compounds;Organic oxygen compounds;Organooxygen compounds;Carbonyl compounds
16941,Carbonyl compounds,0.86,CHEMONTID:0001831,4,CHEMONTID:0000323,CHEMONTID:0000000;CHEMONTID:0004603;CHEMONTID:0000323;CHEMONTID:0001831,Organic compounds;Organic oxygen compounds;Organooxygen compounds;Carbonyl compounds
4391,Carboxylic acid derivatives,1,CHEMONTID:0001093,4,CHEMONTID:0000265,CHEMONTID:0000000;CHEMONTID:0000264;CHEMONTID:0000265;CHEMONTID:0001093,Organic compounds;Organic acids and derivatives;Carboxylic acids and derivatives;Carboxylic acid derivatives
11444,Monoalkylamines,1,CHEMONTID:0000469,6,CHEMONTID:0002450,CHEMONTID:0000000;CHEMONTID:0004707;CHEMONTID:0000278;CHEMONTID:0002449;CHEMONTID:0002450;CHEMONTID:0000469,Organic compounds;Organic nitrogen compounds;Organonitrogen compounds;Amines;Primary amines;Monoalkylamines
6864,Amines,0.89,CHEMONTID:0002449,4,CHEMONTID:0000278,CHEMONTID:0000000;CHEMONTID:0004707;CHEMONTID:0000278;CHEMONTID:0002449,Organic compounds;Organic nitrogen compounds;Organonitrogen compounds;Amines
3947,Carboxylic acid derivatives,0.95,CHEMONTID:0001093,4,CHEMONTID:0000265,CHEMONTID:0000000;CHEMONTID:0000264;CHEMONTID:0000265;CHEMONTID:0001093,Organic compounds;Organic acids and derivatives;Carboxylic acids and derivatives;Carboxylic acid derivatives
14303,Amphetamines and derivatives,0.98,CHEMONTID:0000188,5,CHEMONTID:0000186,CHEMONTID:0000000;CHEMONTID:0002448;CHEMONTID:0002279;CHEMONTID:0000186;CHEMONTID:0000188,Organic compounds;Benzenoids;Benzene and substituted derivatives;Phenethylamines;Amphetamines and derivatives
13827,Carbonyl compounds,0.9,CHEMONTID:0001831,4,CHEMONTID:0000323,CHEMONTID:0000000;CHEMONTID:0004603;CHEMONTID:0000323;CHEMONTID:0001831,Organic compounds;Organic oxygen compounds;Organooxygen compounds;Carbonyl compounds
8851,Carbonyl compounds,0.84,CHEMONTID:0001831,4,CHEMONTID:0000323,CHEMONTID:0000000;CHEMONTID:0004603;CHEMONTID:0000323;CHEMONTID:0001831,Organic compounds;Organic oxygen compounds;Organooxygen compounds;Carbonyl compounds
12999,Carboxylic acid derivatives,0.97,CHEMONTID:0001093,4,CHEMONTID:0000265,CHEMONTID:0000000;CHEMONTID:0000264;CHEMONTID:0000265;CHEMONTID:0001093,Organic compounds;Organic acids and derivatives;Carboxylic acids and derivatives;Carboxylic acid derivatives
5195,Carbonyl compounds,0.91,CHEMONTID:0001831,4,CHEMONTID:0000323,CHEMONTID:0000000;CHEMONTID:0004603;CHEMONTID:0000323;CHEMONTID:0001831,Organic compounds;Organic oxygen compounds;Organooxygen compounds;Carbonyl compounds
6120,Monocarboxylic acids and derivatives,0.92,CHEMONTID:0001137,4,CHEMONTID:0000265,CHEMONTID:0000000;CHEMONTID:0000264;CHEMONTID:0000265;CHEMONTID:0001137,Organic compounds;Organic acids and derivatives;Carboxylic acids and derivatives;Monocarboxylic acids and derivatives
4333,Monoalkylamines,1,CHEMONTID:0000469,6,CHEMONTID:0002450,CHEMONTID:0000000;CHEMONTID:0004707;CHEMONTID:0000278;CHEMONTID:0002449;CHEMONTID:0002450;CHEMONTID:0000469,Organic compounds;Organic nitrogen compounds;Organonitrogen compounds;Amines;Primary amines;Monoalkylamines
2714,Monoalkylamines,0.93,CHEMONTID:0000469,6,CHEMONTID:0002450,CHEMONTID:0000000;CHEMONTID:0004707;CHEMONTID:0000278;CHEMONTID:0002449;CHEMONTID:0002450;CHEMONTID:0000469,Organic compounds;Organic nitrogen compounds;Organonitrogen compounds;Amines;Primary amines;Monoalkylamines
13905,Dialkyl ethers,0.98,CHEMONTID:0001167,5,CHEMONTID:0000254,CHEMONTID:0000000;CHEMONTID:0004603;CHEMONTID:0000323;CHEMONTID:0000254;CHEMONTID:0001167,Organic compounds;Organic oxygen compounds;Organooxygen compounds;Ethers;Dialkyl ethers
12547,Monoalkylamines,0.89,CHEMONTID:0000469,6,CHEMONTID:0002450,CHEMONTID:0000000;CHEMONTID:0004707;CHEMONTID:0000278;CHEMONTID:0002449;CHEMONTID:0002450;CHEMONTID:0000469,Organic compounds;Organic nitrogen compounds;Organonitrogen compounds;Amines;Primary amines;Monoalkylamines
1316,Monoalkylamines,0.97,CHEMONTID:0000469,6,CHEMONTID:0002450,CHEMONTID:0000000;CHEMONTID:0004707;CHEMONTID:0000278;CHEMONTID:0002449;CHEMONTID:0002450;CHEMONTID:0000469,Organic compounds;Organic nitrogen compounds;Organonitrogen compounds;Amines;Primary amines;Monoalkylamines
720,Dialkyl ethers,0.98,CHEMONTID:0001167,5,CHEMONTID:0000254,CHEMONTID:0000000;CHEMONTID:0004603;CHEMONTID:0000323;CHEMONTID:0000254;CHEMONTID:0001167,Organic compounds;Organic oxygen compounds;Organooxygen compounds;Ethers;Dialkyl ethers
9139,Carbonyl compounds,0.93,CHEMONTID:0001831,4,CHEMONTID:0000323,CHEMONTID:0000000;CHEMONTID:0004603;CHEMONTID:0000323;CHEMONTID:0001831,Organic compounds;Organic oxygen compounds;Organooxygen compounds;Carbonyl compounds
1441,Dialkyl ethers,0.95,CHEMONTID:0001167,5,CHEMONTID:0000254,CHEMONTID:0000000;CHEMONTID:0004603;CHEMONTID:0000323;CHEMONTID:0000254;CHEMONTID:0001167,Organic compounds;Organic oxygen compounds;Organooxygen compounds;Ethers;Dialkyl ethers
14791,Carbonyl compounds,0.88,CHEMONTID:0001831,4,CHEMONTID:0000323,CHEMONTID:0000000;CHEMONTID:0004603;CHEMONTID:0000323;CHEMONTID:0001831,Organic compounds;Organic oxygen compounds;Organooxygen compounds;Carbonyl compounds
17198,Carboxylic acid derivatives,1,CHEMONTID:0001093,4,CHEMONTID:0000265,CHEMONTID:0000000;CHEMONTID:0000264;CHEMONTID:0000265;CHEMONTID:0001093,Organic compounds;Organic acids and derivatives;Carboxylic acids and derivatives;Carboxylic acid derivatives
15629,Amines,0.82,CHEMONTID:0002449,4,CHEMONTID:0000278,CHEMONTID:0000000;CHEMONTID:0004707;CHEMONTID:0000278;CHEMONTID:0002449,Organic compounds;Organic nitrogen compounds;Organonitrogen compounds;Amines
3983,Amino acids,1,CHEMONTID:0004176,6,CHEMONTID:0000347,CHEMONTID:0000000;CHEMONTID:0000264;CHEMONTID:0000265;CHEMONTID:0000013;CHEMONTID:0000347;CHEMONTID:0004176,"Organic compounds;Organic acids and derivatives;Carboxylic acids and derivatives;Amino acids, peptides, and analogues;Amino acids and derivatives;Amino acids"
1348,Guanidines,0.87,CHEMONTID:0000375,4,CHEMONTID:0000278,CHEMONTID:0000000;CHEMONTID:0004707;CHEMONTID:0000278;CHEMONTID:0000375,Organic compounds;Organic nitrogen compounds;Organonitrogen compounds;Guanidines
14215,Primary amines,0.98,CHEMONTID:0002450,5,CHEMONTID:0002449,CHEMONTID:0000000;CHEMONTID:0004707;CHEMONTID:0000278;CHEMONTID:0002449;CHEMONTID:0002450,Organic compounds;Organic nitrogen compounds;Organonitrogen compounds;Amines;Primary amines
11743,Secondary alcohols,0.92,CHEMONTID:0001661,5,CHEMONTID:0000129,CHEMONTID:0000000;CHEMONTID:0004603;CHEMONTID:0000323;CHEMONTID:0000129;CHEMONTID:0001661,Organic compounds;Organic oxygen compounds;Organooxygen compounds;Alcohols and polyols;Secondary alcohols
20564,Monoalkylamines,0.91,CHEMONTID:0000469,6,CHEMONTID:0002450,CHEMONTID:0000000;CHEMONTID:0004707;CHEMONTID:0000278;CHEMONTID:0002449;CHEMONTID:0002450;CHEMONTID:0000469,Organic compounds;Organic nitrogen compounds;Organonitrogen compounds;Amines;Primary amines;Monoalkylamines
15864,Trialkylamines,0.98,CHEMONTID:0002239,6,CHEMONTID:0002452,CHEMONTID:0000000;CHEMONTID:0004707;CHEMONTID:0000278;CHEMONTID:0002449;CHEMONTID:0002452;CHEMONTID:0002239,Organic compounds;Organic nitrogen compounds;Organonitrogen compounds;Amines;Tertiary amines;Trialkylamines
9023,Carbonyl compounds,0.94,CHEMONTID:0001831,4,CHEMONTID:0000323,CHEMONTID:0000000;CHEMONTID:0004603;CHEMONTID:0000323;CHEMONTID:0001831,Organic compounds;Organic oxygen compounds;Organooxygen compounds;Carbonyl compounds
10262,Carbonyl compounds,0.97,CHEMONTID:0001831,4,CHEMONTID:0000323,CHEMONTID:0000000;CHEMONTID:0004603;CHEMONTID:0000323;CHEMONTID:0001831,Organic compounds;Organic oxygen compounds;Organooxygen compounds;Carbonyl compounds
6155,Carbonyl compounds,0.83,CHEMONTID:0001831,4,CHEMONTID:0000323,CHEMONTID:0000000;CHEMONTID:0004603;CHEMONTID:0000323;CHEMONTID:0001831,Organic compounds;Organic oxygen compounds;Organooxygen compounds;Carbonyl compounds
5800,Primary amines,0.98,CHEMONTID:0002450,5,CHEMONTID:0002449,CHEMONTID:0000000;CHEMONTID:0004707;CHEMONTID:0000278;CHEMONTID:0002449;CHEMONTID:0002450,Organic compounds;Organic nitrogen compounds;Organonitrogen compounds;Amines;Primary amines
9208,Amines,0.98,CHEMONTID:0002449,4,CHEMONTID:0000278,CHEMONTID:0000000;CHEMONTID:0004707;CHEMONTID:0000278;CHEMONTID:0002449,Organic compounds;Organic nitrogen compounds;Organonitrogen compounds;Amines
19652,Dialkyl ethers,0.98,CHEMONTID:0001167,5,CHEMONTID:0000254,CHEMONTID:0000000;CHEMONTID:0004603;CHEMONTID:0000323;CHEMONTID:0000254;CHEMONTID:0001167,Organic compounds;Organic oxygen compounds;Organooxygen compounds;Ethers;Dialkyl ethers
14201,Alpha amino acids and derivatives,1,CHEMONTID:0000060,6,CHEMONTID:0000347,CHEMONTID:0000000;CHEMONTID:0000264;CHEMONTID:0000265;CHEMONTID:0000013;CHEMONTID:0000347;CHEMONTID:0000060,"Organic compounds;Organic acids and derivatives;Carboxylic acids and derivatives;Amino acids, peptides, and analogues;Amino acids and derivatives;Alpha amino acids and derivatives"
4546,Amines,0.99,CHEMONTID:0002449,4,CHEMONTID:0000278,CHEMONTID:0000000;CHEMONTID:0004707;CHEMONTID:0000278;CHEMONTID:0002449,Organic compounds;Organic nitrogen compounds;Organonitrogen compounds;Amines
1450,Ethers,0.99,CHEMONTID:0000254,4,CHEMONTID:0000323,CHEMONTID:0000000;CHEMONTID:0004603;CHEMONTID:0000323;CHEMONTID:0000254,Organic compounds;Organic oxygen compounds;Organooxygen compounds;Ethers
11144,Carbonyl compounds,0.85,CHEMONTID:0001831,4,CHEMONTID:0000323,CHEMONTID:0000000;CHEMONTID:0004603;CHEMONTID:0000323;CHEMONTID:0001831,Organic compounds;Organic oxygen compounds;Organooxygen compounds;Carbonyl compounds
17958,Monoalkylamines,0.96,CHEMONTID:0000469,6,CHEMONTID:0002450,CHEMONTID:0000000;CHEMONTID:0004707;CHEMONTID:0000278;CHEMONTID:0002449;CHEMONTID:0002450;CHEMONTID:0000469,Organic compounds;Organic nitrogen compounds;Organonitrogen compounds;Amines;Primary amines;Monoalkylamines
17842,Alcohols and polyols,0.99,CHEMONTID:0000129,4,CHEMONTID:0000323,CHEMONTID:0000000;CHEMONTID:0004603;CHEMONTID:0000323;CHEMONTID:0000129,Organic compounds;Organic oxygen compounds;Organooxygen compounds;Alcohols and polyols
1622,Carbonyl compounds,0.93,CHEMONTID:0001831,4,CHEMONTID:0000323,CHEMONTID:0000000;CHEMONTID:0004603;CHEMONTID:0000323;CHEMONTID:0001831,Organic compounds;Organic oxygen compounds;Organooxygen compounds;Carbonyl compounds
378,Alcohols and polyols,0.93,CHEMONTID:0000129,4,CHEMONTID:0000323,CHEMONTID:0000000;CHEMONTID:0004603;CHEMONTID:0000323;CHEMONTID:0000129,Organic compounds;Organic oxygen compounds;Organooxygen compounds;Alcohols and polyols
15238,Carbonyl compounds,0.83,CHEMONTID:0001831,4,CHEMONTID:0000323,CHEMONTID:0000000;CHEMONTID:0004603;CHEMONTID:0000323;CHEMONTID:0001831,Organic compounds;Organic oxygen compounds;Organooxygen compounds;Carbonyl compounds
16491,Carbonyl compounds,0.91,CHEMONTID:0001831,4,CHEMONTID:0000323,CHEMONTID:0000000;CHEMONTID:0004603;CHEMONTID:0000323;CHEMONTID:0001831,Organic compounds;Organic oxygen compounds;Organooxygen compounds;Carbonyl compounds
9400,Carbonyl compounds,0.82,CHEMONTID:0001831,4,CHEMONTID:0000323,CHEMONTID:0000000;CHEMONTID:0004603;CHEMONTID:0000323;CHEMONTID:0001831,Organic compounds;Organic oxygen compounds;Organooxygen compounds;Carbonyl compounds
4229,Monoalkylamines,0.96,CHEMONTID:0000469,6,CHEMONTID:0002450,CHEMONTID:0000000;CHEMONTID:0004707;CHEMONTID:0000278;CHEMONTID:0002449;CHEMONTID:0002450;CHEMONTID:0000469,Organic compounds;Organic nitrogen compounds;Organonitrogen compounds;Amines;Primary amines;Monoalkylamines
20241,Primary amines,1,CHEMONTID:0002450,5,CHEMONTID:0002449,CHEMONTID:0000000;CHEMONTID:0004707;CHEMONTID:0000278;CHEMONTID:0002449;CHEMONTID:0002450,Organic compounds;Organic nitrogen compounds;Organonitrogen compounds;Amines;Primary amines
8840,Organic phosphonic acids,0.98,CHEMONTID:0001302,4,CHEMONTID:0000419,CHEMONTID:0000000;CHEMONTID:0000264;CHEMONTID:0000419;CHEMONTID:0001302,Organic compounds;Organic acids and derivatives;Organic phosphonic acids and derivatives;Organic phosphonic acids
5744,Carbonyl compounds,0.88,CHEMONTID:0001831,4,CHEMONTID:0000323,CHEMONTID:0000000;CHEMONTID:0004603;CHEMONTID:0000323;CHEMONTID:0001831,Organic compounds;Organic oxygen compounds;Organooxygen compounds;Carbonyl compounds
3398,Carbonyl compounds,0.89,CHEMONTID:0001831,4,CHEMONTID:0000323,CHEMONTID:0000000;CHEMONTID:0004603;CHEMONTID:0000323;CHEMONTID:0001831,Organic compounds;Organic oxygen compounds;Organooxygen compounds;Carbonyl compounds
9128,Carbonyl compounds,0.88,CHEMONTID:0001831,4,CHEMONTID:0000323,CHEMONTID:0000000;CHEMONTID:0004603;CHEMONTID:0000323;CHEMONTID:0001831,Organic compounds;Organic oxygen compounds;Organooxygen compounds;Carbonyl compounds
14969,Carbonyl compounds,0.92,CHEMONTID:0001831,4,CHEMONTID:0000323,CHEMONTID:0000000;CHEMONTID:0004603;CHEMONTID:0000323;CHEMONTID:0001831,Organic compounds;Organic oxygen compounds;Organooxygen compounds;Carbonyl compounds
15200,Carbonyl compounds,0.88,CHEMONTID:0001831,4,CHEMONTID:0000323,CHEMONTID:0000000;CHEMONTID:0004603;CHEMONTID:0000323;CHEMONTID:0001831,Organic compounds;Organic oxygen compounds;Organooxygen compounds;Carbonyl compounds
13786,Amino acids and derivatives,0.99,CHEMONTID:0000347,5,CHEMONTID:0000013,CHEMONTID:0000000;CHEMONTID:0000264;CHEMONTID:0000265;CHEMONTID:0000013;CHEMONTID:0000347,"Organic compounds;Organic acids and derivatives;Carboxylic acids and derivatives;Amino acids, peptides, and analogues;Amino acids and derivatives"
4786,Carboxylic acid derivatives,0.98,CHEMONTID:0001093,4,CHEMONTID:0000265,CHEMONTID:0000000;CHEMONTID:0000264;CHEMONTID:0000265;CHEMONTID:0001093,Organic compounds;Organic acids and derivatives;Carboxylic acids and derivatives;Carboxylic acid derivatives
74,Primary amines,0.89,CHEMONTID:0002450,5,CHEMONTID:0002449,CHEMONTID:0000000;CHEMONTID:0004707;CHEMONTID:0000278;CHEMONTID:0002449;CHEMONTID:0002450,Organic compounds;Organic nitrogen compounds;Organonitrogen compounds;Amines;Primary amines
810,Dialkyl ethers,0.83,CHEMONTID:0001167,5,CHEMONTID:0000254,CHEMONTID:0000000;CHEMONTID:0004603;CHEMONTID:0000323;CHEMONTID:0000254;CHEMONTID:0001167,Organic compounds;Organic oxygen compounds;Organooxygen compounds;Ethers;Dialkyl ethers
593,Alcohols and polyols,0.96,CHEMONTID:0000129,4,CHEMONTID:0000323,CHEMONTID:0000000;CHEMONTID:0004603;CHEMONTID:0000323;CHEMONTID:0000129,Organic compounds;Organic oxygen compounds;Organooxygen compounds;Alcohols and polyols
13174,Amines,0.95,CHEMONTID:0002449,4,CHEMONTID:0000278,CHEMONTID:0000000;CHEMONTID:0004707;CHEMONTID:0000278;CHEMONTID:0002449,Organic compounds;Organic nitrogen compounds;Organonitrogen compounds;Amines
13746,Cyclic alcohols and derivatives,0.83,CHEMONTID:0001292,5,CHEMONTID:0000129,CHEMONTID:0000000;CHEMONTID:0004603;CHEMONTID:0000323;CHEMONTID:0000129;CHEMONTID:0001292,Organic compounds;Organic oxygen compounds;Organooxygen compounds;Alcohols and polyols;Cyclic alcohols and derivatives
13319,Monoalkylamines,0.83,CHEMONTID:0000469,6,CHEMONTID:0002450,CHEMONTID:0000000;CHEMONTID:0004707;CHEMONTID:0000278;CHEMONTID:0002449;CHEMONTID:0002450;CHEMONTID:0000469,Organic compounds;Organic nitrogen compounds;Organonitrogen compounds;Amines;Primary amines;Monoalkylamines
20610,Secondary alcohols,0.98,CHEMONTID:0001661,5,CHEMONTID:0000129,CHEMONTID:0000000;CHEMONTID:0004603;CHEMONTID:0000323;CHEMONTID:0000129;CHEMONTID:0001661,Organic compounds;Organic oxygen compounds;Organooxygen compounds;Alcohols and polyols;Secondary alcohols
9291,Amines,0.97,CHEMONTID:0002449,4,CHEMONTID:0000278,CHEMONTID:0000000;CHEMONTID:0004707;CHEMONTID:0000278;CHEMONTID:0002449,Organic compounds;Organic nitrogen compounds;Organonitrogen compounds;Amines
13699,Carboxylic acid derivatives,0.98,CHEMONTID:0001093,4,CHEMONTID:0000265,CHEMONTID:0000000;CHEMONTID:0000264;CHEMONTID:0000265;CHEMONTID:0001093,Organic compounds;Organic acids and derivatives;Carboxylic acids and derivatives;Carboxylic acid derivatives
465,Carbonyl compounds,0.94,CHEMONTID:0001831,4,CHEMONTID:0000323,CHEMONTID:0000000;CHEMONTID:0004603;CHEMONTID:0000323;CHEMONTID:0001831,Organic compounds;Organic oxygen compounds;Organooxygen compounds;Carbonyl compounds
9461,Amines,0.91,CHEMONTID:0002449,4,CHEMONTID:0000278,CHEMONTID:0000000;CHEMONTID:0004707;CHEMONTID:0000278;CHEMONTID:0002449,Organic compounds;Organic nitrogen compounds;Organonitrogen compounds;Amines
10426,Primary amines,0.9,CHEMONTID:0002450,5,CHEMONTID:0002449,CHEMONTID:0000000;CHEMONTID:0004707;CHEMONTID:0000278;CHEMONTID:0002449;CHEMONTID:0002450,Organic compounds;Organic nitrogen compounds;Organonitrogen compounds;Amines;Primary amines
3209,Primary amines,0.9,CHEMONTID:0002450,5,CHEMONTID:0002449,CHEMONTID:0000000;CHEMONTID:0004707;CHEMONTID:0000278;CHEMONTID:0002449;CHEMONTID:0002450,Organic compounds;Organic nitrogen compounds;Organonitrogen compounds;Amines;Primary amines
13791,Monoalkylamines,0.98,CHEMONTID:0000469,6,CHEMONTID:0002450,CHEMONTID:0000000;CHEMONTID:0004707;CHEMONTID:0000278;CHEMONTID:0002449;CHEMONTID:0002450;CHEMONTID:0000469,Organic compounds;Organic nitrogen compounds;Organonitrogen compounds;Amines;Primary amines;Monoalkylamines
11077,Primary amines,0.96,CHEMONTID:0002450,5,CHEMONTID:0002449,CHEMONTID:0000000;CHEMONTID:0004707;CHEMONTID:0000278;CHEMONTID:0002449;CHEMONTID:0002450,Organic compounds;Organic nitrogen compounds;Organonitrogen compounds;Amines;Primary amines
7001,Monoalkylamines,1,CHEMONTID:0000469,6,CHEMONTID:0002450,CHEMONTID:0000000;CHEMONTID:0004707;CHEMONTID:0000278;CHEMONTID:0002449;CHEMONTID:0002450;CHEMONTID:0000469,Organic compounds;Organic nitrogen compounds;Organonitrogen compounds;Amines;Primary amines;Monoalkylamines
7529,Imidazoles,0.86,CHEMONTID:0000078,4,CHEMONTID:0000436,CHEMONTID:0000000;CHEMONTID:0000002;CHEMONTID:0000436;CHEMONTID:0000078,Organic compounds;Organoheterocyclic compounds;Azoles;Imidazoles
13373,Carbonyl compounds,0.96,CHEMONTID:0001831,4,CHEMONTID:0000323,CHEMONTID:0000000;CHEMONTID:0004603;CHEMONTID:0000323;CHEMONTID:0001831,Organic compounds;Organic oxygen compounds;Organooxygen compounds;Carbonyl compounds
5136,Carbonyl compounds,0.96,CHEMONTID:0001831,4,CHEMONTID:0000323,CHEMONTID:0000000;CHEMONTID:0004603;CHEMONTID:0000323;CHEMONTID:0001831,Organic compounds;Organic oxygen compounds;Organooxygen compounds;Carbonyl compounds
643,Carbonyl compounds,0.95,CHEMONTID:0001831,4,CHEMONTID:0000323,CHEMONTID:0000000;CHEMONTID:0004603;CHEMONTID:0000323;CHEMONTID:0001831,Organic compounds;Organic oxygen compounds;Organooxygen compounds;Carbonyl compounds
12823,Alcohols and polyols,0.88,CHEMONTID:0000129,4,CHEMONTID:0000323,CHEMONTID:0000000;CHEMONTID:0004603;CHEMONTID:0000323;CHEMONTID:0000129,Organic compounds;Organic oxygen compounds;Organooxygen compounds;Alcohols and polyols
2100,Carboxylic acid esters,0.89,CHEMONTID:0001238,5,CHEMONTID:0001093,CHEMONTID:0000000;CHEMONTID:0000264;CHEMONTID:0000265;CHEMONTID:0001093;CHEMONTID:0001238,Organic compounds;Organic acids and derivatives;Carboxylic acids and derivatives;Carboxylic acid derivatives;Carboxylic acid esters
19626,Primary amines,0.82,CHEMONTID:0002450,5,CHEMONTID:0002449,CHEMONTID:0000000;CHEMONTID:0004707;CHEMONTID:0000278;CHEMONTID:0002449;CHEMONTID:0002450,Organic compounds;Organic nitrogen compounds;Organonitrogen compounds;Amines;Primary amines
11449,Phosphate esters,0.93,CHEMONTID:0000408,4,CHEMONTID:0000402,CHEMONTID:0000000;CHEMONTID:0000264;CHEMONTID:0000402;CHEMONTID:0000408,Organic compounds;Organic acids and derivatives;Organic phosphoric acids and derivatives;Phosphate esters
4437,Carboxylic acid derivatives,0.94,CHEMONTID:0001093,4,CHEMONTID:0000265,CHEMONTID:0000000;CHEMONTID:0000264;CHEMONTID:0000265;CHEMONTID:0001093,Organic compounds;Organic acids and derivatives;Carboxylic acids and derivatives;Carboxylic acid derivatives
7723,Carbonyl compounds,1,CHEMONTID:0001831,4,CHEMONTID:0000323,CHEMONTID:0000000;CHEMONTID:0004603;CHEMONTID:0000323;CHEMONTID:0001831,Organic compounds;Organic oxygen compounds;Organooxygen compounds;Carbonyl compounds
5550,Pyrimidines and pyrimidine derivatives,0.97,CHEMONTID:0000075,4,CHEMONTID:0001346,CHEMONTID:0000000;CHEMONTID:0000002;CHEMONTID:0001346;CHEMONTID:0000075,Organic compounds;Organoheterocyclic compounds;Diazines;Pyrimidines and pyrimidine derivatives
9429,Carbonyl compounds,0.83,CHEMONTID:0001831,4,CHEMONTID:0000323,CHEMONTID:0000000;CHEMONTID:0004603;CHEMONTID:0000323;CHEMONTID:0001831,Organic compounds;Organic oxygen compounds;Organooxygen compounds;Carbonyl compounds
9730,Amines,0.84,CHEMONTID:0002449,4,CHEMONTID:0000278,CHEMONTID:0000000;CHEMONTID:0004707;CHEMONTID:0000278;CHEMONTID:0002449,Organic compounds;Organic nitrogen compounds;Organonitrogen compounds;Amines
2810,Amines,0.86,CHEMONTID:0002449,4,CHEMONTID:0000278,CHEMONTID:0000000;CHEMONTID:0004707;CHEMONTID:0000278;CHEMONTID:0002449,Organic compounds;Organic nitrogen compounds;Organonitrogen compounds;Amines
2741,Primary amines,1,CHEMONTID:0002450,5,CHEMONTID:0002449,CHEMONTID:0000000;CHEMONTID:0004707;CHEMONTID:0000278;CHEMONTID:0002449;CHEMONTID:0002450,Organic compounds;Organic nitrogen compounds;Organonitrogen compounds;Amines;Primary amines
10317,Monoalkylamines,0.97,CHEMONTID:0000469,6,CHEMONTID:0002450,CHEMONTID:0000000;CHEMONTID:0004707;CHEMONTID:0000278;CHEMONTID:0002449;CHEMONTID:0002450;CHEMONTID:0000469,Organic compounds;Organic nitrogen compounds;Organonitrogen compounds;Amines;Primary amines;Monoalkylamines
13073,Monocarboxylic acids and derivatives,0.81,CHEMONTID:0001137,4,CHEMONTID:0000265,CHEMONTID:0000000;CHEMONTID:0000264;CHEMONTID:0000265;CHEMONTID:0001137,Organic compounds;Organic acids and derivatives;Carboxylic acids and derivatives;Monocarboxylic acids and derivatives
10822,Primary amines,1,CHEMONTID:0002450,5,CHEMONTID:0002449,CHEMONTID:0000000;CHEMONTID:0004707;CHEMONTID:0000278;CHEMONTID:0002449;CHEMONTID:0002450,Organic compounds;Organic nitrogen compounds;Organonitrogen compounds;Amines;Primary amines
8062,Carboxylic acid derivatives,0.95,CHEMONTID:0001093,4,CHEMONTID:0000265,CHEMONTID:0000000;CHEMONTID:0000264;CHEMONTID:0000265;CHEMONTID:0001093,Organic compounds;Organic acids and derivatives;Carboxylic acids and derivatives;Carboxylic acid derivatives
6619,Carbonyl compounds,0.88,CHEMONTID:0001831,4,CHEMONTID:0000323,CHEMONTID:0000000;CHEMONTID:0004603;CHEMONTID:0000323;CHEMONTID:0001831,Organic compounds;Organic oxygen compounds;Organooxygen compounds;Carbonyl compounds
14871,Carbonyl compounds,0.96,CHEMONTID:0001831,4,CHEMONTID:0000323,CHEMONTID:0000000;CHEMONTID:0004603;CHEMONTID:0000323;CHEMONTID:0001831,Organic compounds;Organic oxygen compounds;Organooxygen compounds;Carbonyl compounds
19382,Carboxylic acid derivatives,0.89,CHEMONTID:0001093,4,CHEMONTID:0000265,CHEMONTID:0000000;CHEMONTID:0000264;CHEMONTID:0000265;CHEMONTID:0001093,Organic compounds;Organic acids and derivatives;Carboxylic acids and derivatives;Carboxylic acid derivatives
19502,Carboxylic acid derivatives,0.99,CHEMONTID:0001093,4,CHEMONTID:0000265,CHEMONTID:0000000;CHEMONTID:0000264;CHEMONTID:0000265;CHEMONTID:0001093,Organic compounds;Organic acids and derivatives;Carboxylic acids and derivatives;Carboxylic acid derivatives
20239,Carbonyl compounds,0.99,CHEMONTID:0001831,4,CHEMONTID:0000323,CHEMONTID:0000000;CHEMONTID:0004603;CHEMONTID:0000323;CHEMONTID:0001831,Organic compounds;Organic oxygen compounds;Organooxygen compounds;Carbonyl compounds
9592,Carbonyl compounds,0.86,CHEMONTID:0001831,4,CHEMONTID:0000323,CHEMONTID:0000000;CHEMONTID:0004603;CHEMONTID:0000323;CHEMONTID:0001831,Organic compounds;Organic oxygen compounds;Organooxygen compounds;Carbonyl compounds
15379,Primary amines,0.94,CHEMONTID:0002450,5,CHEMONTID:0002449,CHEMONTID:0000000;CHEMONTID:0004707;CHEMONTID:0000278;CHEMONTID:0002449;CHEMONTID:0002450,Organic compounds;Organic nitrogen compounds;Organonitrogen compounds;Amines;Primary amines
1724,Primary amines,0.95,CHEMONTID:0002450,5,CHEMONTID:0002449,CHEMONTID:0000000;CHEMONTID:0004707;CHEMONTID:0000278;CHEMONTID:0002449;CHEMONTID:0002450,Organic compounds;Organic nitrogen compounds;Organonitrogen compounds;Amines;Primary amines
13660,Carbonyl compounds,0.98,CHEMONTID:0001831,4,CHEMONTID:0000323,CHEMONTID:0000000;CHEMONTID:0004603;CHEMONTID:0000323;CHEMONTID:0001831,Organic compounds;Organic oxygen compounds;Organooxygen compounds;Carbonyl compounds
6954,Carboxylic acid amides,0.86,CHEMONTID:0000475,5,CHEMONTID:0001093,CHEMONTID:0000000;CHEMONTID:0000264;CHEMONTID:0000265;CHEMONTID:0001093;CHEMONTID:0000475,Organic compounds;Organic acids and derivatives;Carboxylic acids and derivatives;Carboxylic acid derivatives;Carboxylic acid amides
15241,Carbonyl compounds,0.86,CHEMONTID:0001831,4,CHEMONTID:0000323,CHEMONTID:0000000;CHEMONTID:0004603;CHEMONTID:0000323;CHEMONTID:0001831,Organic compounds;Organic oxygen compounds;Organooxygen compounds;Carbonyl compounds
12134,Carboxylic acid derivatives,1,CHEMONTID:0001093,4,CHEMONTID:0000265,CHEMONTID:0000000;CHEMONTID:0000264;CHEMONTID:0000265;CHEMONTID:0001093,Organic compounds;Organic acids and derivatives;Carboxylic acids and derivatives;Carboxylic acid derivatives
14290,Alpha amino acids,0.95,CHEMONTID:0002404,7,CHEMONTID:0000060,CHEMONTID:0000000;CHEMONTID:0000264;CHEMONTID:0000265;CHEMONTID:0000013;CHEMONTID:0000347;CHEMONTID:0000060;CHEMONTID:0002404,"Organic compounds;Organic acids and derivatives;Carboxylic acids and derivatives;Amino acids, peptides, and analogues;Amino acids and derivatives;Alpha amino acids and derivatives;Alpha amino acids"
15262,Carbonyl compounds,0.88,CHEMONTID:0001831,4,CHEMONTID:0000323,CHEMONTID:0000000;CHEMONTID:0004603;CHEMONTID:0000323;CHEMONTID:0001831,Organic compounds;Organic oxygen compounds;Organooxygen compounds;Carbonyl compounds
15594,Carbonyl compounds,0.83,CHEMONTID:0001831,4,CHEMONTID:0000323,CHEMONTID:0000000;CHEMONTID:0004603;CHEMONTID:0000323;CHEMONTID:0001831,Organic compounds;Organic oxygen compounds;Organooxygen compounds;Carbonyl compounds
1395,Carbonyl compounds,0.92,CHEMONTID:0001831,4,CHEMONTID:0000323,CHEMONTID:0000000;CHEMONTID:0004603;CHEMONTID:0000323;CHEMONTID:0001831,Organic compounds;Organic oxygen compounds;Organooxygen compounds;Carbonyl compounds
11245,Primary amines,0.99,CHEMONTID:0002450,5,CHEMONTID:0002449,CHEMONTID:0000000;CHEMONTID:0004707;CHEMONTID:0000278;CHEMONTID:0002449;CHEMONTID:0002450,Organic compounds;Organic nitrogen compounds;Organonitrogen compounds;Amines;Primary amines
9871,Carbonyl compounds,0.99,CHEMONTID:0001831,4,CHEMONTID:0000323,CHEMONTID:0000000;CHEMONTID:0004603;CHEMONTID:0000323;CHEMONTID:0001831,Organic compounds;Organic oxygen compounds;Organooxygen compounds;Carbonyl compounds
12122,Carbonyl compounds,0.83,CHEMONTID:0001831,4,CHEMONTID:0000323,CHEMONTID:0000000;CHEMONTID:0004603;CHEMONTID:0000323;CHEMONTID:0001831,Organic compounds;Organic oxygen compounds;Organooxygen compounds;Carbonyl compounds
17997,Amino acids and derivatives,0.86,CHEMONTID:0000347,5,CHEMONTID:0000013,CHEMONTID:0000000;CHEMONTID:0000264;CHEMONTID:0000265;CHEMONTID:0000013;CHEMONTID:0000347,"Organic compounds;Organic acids and derivatives;Carboxylic acids and derivatives;Amino acids, peptides, and analogues;Amino acids and derivatives"
721,Carbonyl compounds,0.94,CHEMONTID:0001831,4,CHEMONTID:0000323,CHEMONTID:0000000;CHEMONTID:0004603;CHEMONTID:0000323;CHEMONTID:0001831,Organic compounds;Organic oxygen compounds;Organooxygen compounds;Carbonyl compounds
6824,Carbonyl compounds,0.82,CHEMONTID:0001831,4,CHEMONTID:0000323,CHEMONTID:0000000;CHEMONTID:0004603;CHEMONTID:0000323;CHEMONTID:0001831,Organic compounds;Organic oxygen compounds;Organooxygen compounds;Carbonyl compounds
9867,"1,3,5-triazines",0.98,CHEMONTID:0004105,4,CHEMONTID:0000098,CHEMONTID:0000000;CHEMONTID:0000002;CHEMONTID:0000098;CHEMONTID:0004105,"Organic compounds;Organoheterocyclic compounds;Triazines;1,3,5-triazines"
17726,Pyrimidines and pyrimidine derivatives,0.91,CHEMONTID:0000075,4,CHEMONTID:0001346,CHEMONTID:0000000;CHEMONTID:0000002;CHEMONTID:0001346;CHEMONTID:0000075,Organic compounds;Organoheterocyclic compounds;Diazines;Pyrimidines and pyrimidine derivatives
13333,Monoalkylamines,0.88,CHEMONTID:0000469,6,CHEMONTID:0002450,CHEMONTID:0000000;CHEMONTID:0004707;CHEMONTID:0000278;CHEMONTID:0002449;CHEMONTID:0002450;CHEMONTID:0000469,Organic compounds;Organic nitrogen compounds;Organonitrogen compounds;Amines;Primary amines;Monoalkylamines
15737,Alcohols and polyols,0.97,CHEMONTID:0000129,4,CHEMONTID:0000323,CHEMONTID:0000000;CHEMONTID:0004603;CHEMONTID:0000323;CHEMONTID:0000129,Organic compounds;Organic oxygen compounds;Organooxygen compounds;Alcohols and polyols
1816,Dialkyl phosphates,1,CHEMONTID:0003459,6,CHEMONTID:0003457,CHEMONTID:0000000;CHEMONTID:0000264;CHEMONTID:0000402;CHEMONTID:0000408;CHEMONTID:0003457;CHEMONTID:0003459,Organic compounds;Organic acids and derivatives;Organic phosphoric acids and derivatives;Phosphate esters;Alkyl phosphates;Dialkyl phosphates
5729,Methyl esters,0.99,CHEMONTID:0003416,6,CHEMONTID:0001238,CHEMONTID:0000000;CHEMONTID:0000264;CHEMONTID:0000265;CHEMONTID:0001093;CHEMONTID:0001238;CHEMONTID:0003416,Organic compounds;Organic acids and derivatives;Carboxylic acids and derivatives;Carboxylic acid derivatives;Carboxylic acid esters;Methyl esters
913,Primary amines,0.91,CHEMONTID:0002450,5,CHEMONTID:0002449,CHEMONTID:0000000;CHEMONTID:0004707;CHEMONTID:0000278;CHEMONTID:0002449;CHEMONTID:0002450,Organic compounds;Organic nitrogen compounds;Organonitrogen compounds;Amines;Primary amines
10158,Alpha amino acids and derivatives,1,CHEMONTID:0000060,6,CHEMONTID:0000347,CHEMONTID:0000000;CHEMONTID:0000264;CHEMONTID:0000265;CHEMONTID:0000013;CHEMONTID:0000347;CHEMONTID:0000060,"Organic compounds;Organic acids and derivatives;Carboxylic acids and derivatives;Amino acids, peptides, and analogues;Amino acids and derivatives;Alpha amino acids and derivatives"
13873,Dialkyl ethers,0.97,CHEMONTID:0001167,5,CHEMONTID:0000254,CHEMONTID:0000000;CHEMONTID:0004603;CHEMONTID:0000323;CHEMONTID:0000254;CHEMONTID:0001167,Organic compounds;Organic oxygen compounds;Organooxygen compounds;Ethers;Dialkyl ethers
13135,Carbonyl compounds,0.92,CHEMONTID:0001831,4,CHEMONTID:0000323,CHEMONTID:0000000;CHEMONTID:0004603;CHEMONTID:0000323;CHEMONTID:0001831,Organic compounds;Organic oxygen compounds;Organooxygen compounds;Carbonyl compounds
8077,Carboxylic acid derivatives,0.94,CHEMONTID:0001093,4,CHEMONTID:0000265,CHEMONTID:0000000;CHEMONTID:0000264;CHEMONTID:0000265;CHEMONTID:0001093,Organic compounds;Organic acids and derivatives;Carboxylic acids and derivatives;Carboxylic acid derivatives
4857,Alcohols and polyols,0.82,CHEMONTID:0000129,4,CHEMONTID:0000323,CHEMONTID:0000000;CHEMONTID:0004603;CHEMONTID:0000323;CHEMONTID:0000129,Organic compounds;Organic oxygen compounds;Organooxygen compounds;Alcohols and polyols
8959,Carbonyl compounds,0.9,CHEMONTID:0001831,4,CHEMONTID:0000323,CHEMONTID:0000000;CHEMONTID:0004603;CHEMONTID:0000323;CHEMONTID:0001831,Organic compounds;Organic oxygen compounds;Organooxygen compounds;Carbonyl compounds
13258,Guanidines,0.97,CHEMONTID:0000375,4,CHEMONTID:0000278,CHEMONTID:0000000;CHEMONTID:0004707;CHEMONTID:0000278;CHEMONTID:0000375,Organic compounds;Organic nitrogen compounds;Organonitrogen compounds;Guanidines
19242,Ethers,0.95,CHEMONTID:0000254,4,CHEMONTID:0000323,CHEMONTID:0000000;CHEMONTID:0004603;CHEMONTID:0000323;CHEMONTID:0000254,Organic compounds;Organic oxygen compounds;Organooxygen compounds;Ethers
20346,Carboxylic acid derivatives,0.97,CHEMONTID:0001093,4,CHEMONTID:0000265,CHEMONTID:0000000;CHEMONTID:0000264;CHEMONTID:0000265;CHEMONTID:0001093,Organic compounds;Organic acids and derivatives;Carboxylic acids and derivatives;Carboxylic acid derivatives
16660,"Amino acids, peptides, and analogues",0.95,CHEMONTID:0000013,4,CHEMONTID:0000265,CHEMONTID:0000000;CHEMONTID:0000264;CHEMONTID:0000265;CHEMONTID:0000013,"Organic compounds;Organic acids and derivatives;Carboxylic acids and derivatives;Amino acids, peptides, and analogues"
5687,Carbohydrates and carbohydrate conjugates,1,CHEMONTID:0000011,4,CHEMONTID:0000323,CHEMONTID:0000000;CHEMONTID:0004603;CHEMONTID:0000323;CHEMONTID:0000011,Organic compounds;Organic oxygen compounds;Organooxygen compounds;Carbohydrates and carbohydrate conjugates
8195,Primary amines,1,CHEMONTID:0002450,5,CHEMONTID:0002449,CHEMONTID:0000000;CHEMONTID:0004707;CHEMONTID:0000278;CHEMONTID:0002449;CHEMONTID:0002450,Organic compounds;Organic nitrogen compounds;Organonitrogen compounds;Amines;Primary amines
20591,Alpha amino acids and derivatives,0.98,CHEMONTID:0000060,6,CHEMONTID:0000347,CHEMONTID:0000000;CHEMONTID:0000264;CHEMONTID:0000265;CHEMONTID:0000013;CHEMONTID:0000347;CHEMONTID:0000060,"Organic compounds;Organic acids and derivatives;Carboxylic acids and derivatives;Amino acids, peptides, and analogues;Amino acids and derivatives;Alpha amino acids and derivatives"
4517,Carbonyl compounds,0.93,CHEMONTID:0001831,4,CHEMONTID:0000323,CHEMONTID:0000000;CHEMONTID:0004603;CHEMONTID:0000323;CHEMONTID:0001831,Organic compounds;Organic oxygen compounds;Organooxygen compounds;Carbonyl compounds
8602,"Amino acids, peptides, and analogues",0.83,CHEMONTID:0000013,4,CHEMONTID:0000265,CHEMONTID:0000000;CHEMONTID:0000264;CHEMONTID:0000265;CHEMONTID:0000013,"Organic compounds;Organic acids and derivatives;Carboxylic acids and derivatives;Amino acids, peptides, and analogues"
19790,Carbonyl compounds,0.97,CHEMONTID:0001831,4,CHEMONTID:0000323,CHEMONTID:0000000;CHEMONTID:0004603;CHEMONTID:0000323;CHEMONTID:0001831,Organic compounds;Organic oxygen compounds;Organooxygen compounds;Carbonyl compounds
17385,Carbonyl compounds,0.95,CHEMONTID:0001831,4,CHEMONTID:0000323,CHEMONTID:0000000;CHEMONTID:0004603;CHEMONTID:0000323;CHEMONTID:0001831,Organic compounds;Organic oxygen compounds;Organooxygen compounds;Carbonyl compounds
3591,"Amino acids, peptides, and analogues",0.97,CHEMONTID:0000013,4,CHEMONTID:0000265,CHEMONTID:0000000;CHEMONTID:0000264;CHEMONTID:0000265;CHEMONTID:0000013,"Organic compounds;Organic acids and derivatives;Carboxylic acids and derivatives;Amino acids, peptides, and analogues"
10075,Carbonyl compounds,0.97,CHEMONTID:0001831,4,CHEMONTID:0000323,CHEMONTID:0000000;CHEMONTID:0004603;CHEMONTID:0000323;CHEMONTID:0001831,Organic compounds;Organic oxygen compounds;Organooxygen compounds;Carbonyl compounds
10977,Dialkyl ethers,0.94,CHEMONTID:0001167,5,CHEMONTID:0000254,CHEMONTID:0000000;CHEMONTID:0004603;CHEMONTID:0000323;CHEMONTID:0000254;CHEMONTID:0001167,Organic compounds;Organic oxygen compounds;Organooxygen compounds;Ethers;Dialkyl ethers
18733,Glycosyl compounds,0.97,CHEMONTID:0002105,5,CHEMONTID:0000011,CHEMONTID:0000000;CHEMONTID:0004603;CHEMONTID:0000323;CHEMONTID:0000011;CHEMONTID:0002105,Organic compounds;Organic oxygen compounds;Organooxygen compounds;Carbohydrates and carbohydrate conjugates;Glycosyl compounds
1432,Alcohols and polyols,0.92,CHEMONTID:0000129,4,CHEMONTID:0000323,CHEMONTID:0000000;CHEMONTID:0004603;CHEMONTID:0000323;CHEMONTID:0000129,Organic compounds;Organic oxygen compounds;Organooxygen compounds;Alcohols and polyols
19068,Amines,1,CHEMONTID:0002449,4,CHEMONTID:0000278,CHEMONTID:0000000;CHEMONTID:0004707;CHEMONTID:0000278;CHEMONTID:0002449,Organic compounds;Organic nitrogen compounds;Organonitrogen compounds;Amines
3903,Amines,0.88,CHEMONTID:0002449,4,CHEMONTID:0000278,CHEMONTID:0000000;CHEMONTID:0004707;CHEMONTID:0000278;CHEMONTID:0002449,Organic compounds;Organic nitrogen compounds;Organonitrogen compounds;Amines
8168,Dialkyl ethers,0.85,CHEMONTID:0001167,5,CHEMONTID:0000254,CHEMONTID:0000000;CHEMONTID:0004603;CHEMONTID:0000323;CHEMONTID:0000254;CHEMONTID:0001167,Organic compounds;Organic oxygen compounds;Organooxygen compounds;Ethers;Dialkyl ethers
17873,Alpha amino acids and derivatives,0.99,CHEMONTID:0000060,6,CHEMONTID:0000347,CHEMONTID:0000000;CHEMONTID:0000264;CHEMONTID:0000265;CHEMONTID:0000013;CHEMONTID:0000347;CHEMONTID:0000060,"Organic compounds;Organic acids and derivatives;Carboxylic acids and derivatives;Amino acids, peptides, and analogues;Amino acids and derivatives;Alpha amino acids and derivatives"
16004,Amines,0.9,CHEMONTID:0002449,4,CHEMONTID:0000278,CHEMONTID:0000000;CHEMONTID:0004707;CHEMONTID:0000278;CHEMONTID:0002449,Organic compounds;Organic nitrogen compounds;Organonitrogen compounds;Amines
19685,Monocarboxylic acids and derivatives,0.84,CHEMONTID:0001137,4,CHEMONTID:0000265,CHEMONTID:0000000;CHEMONTID:0000264;CHEMONTID:0000265;CHEMONTID:0001137,Organic compounds;Organic acids and derivatives;Carboxylic acids and derivatives;Monocarboxylic acids and derivatives
2205,Amines,0.98,CHEMONTID:0002449,4,CHEMONTID:0000278,CHEMONTID:0000000;CHEMONTID:0004707;CHEMONTID:0000278;CHEMONTID:0002449,Organic compounds;Organic nitrogen compounds;Organonitrogen compounds;Amines
17684,Monoalkylamines,1,CHEMONTID:0000469,6,CHEMONTID:0002450,CHEMONTID:0000000;CHEMONTID:0004707;CHEMONTID:0000278;CHEMONTID:0002449;CHEMONTID:0002450;CHEMONTID:0000469,Organic compounds;Organic nitrogen compounds;Organonitrogen compounds;Amines;Primary amines;Monoalkylamines
20638,Carbonyl compounds,0.83,CHEMONTID:0001831,4,CHEMONTID:0000323,CHEMONTID:0000000;CHEMONTID:0004603;CHEMONTID:0000323;CHEMONTID:0001831,Organic compounds;Organic oxygen compounds;Organooxygen compounds;Carbonyl compounds
592,Ethers,0.97,CHEMONTID:0000254,4,CHEMONTID:0000323,CHEMONTID:0000000;CHEMONTID:0004603;CHEMONTID:0000323;CHEMONTID:0000254,Organic compounds;Organic oxygen compounds;Organooxygen compounds;Ethers
2055,Phosphate esters,0.99,CHEMONTID:0000408,4,CHEMONTID:0000402,CHEMONTID:0000000;CHEMONTID:0000264;CHEMONTID:0000402;CHEMONTID:0000408,Organic compounds;Organic acids and derivatives;Organic phosphoric acids and derivatives;Phosphate esters
4936,Carboxylic acid derivatives,0.93,CHEMONTID:0001093,4,CHEMONTID:0000265,CHEMONTID:0000000;CHEMONTID:0000264;CHEMONTID:0000265;CHEMONTID:0001093,Organic compounds;Organic acids and derivatives;Carboxylic acids and derivatives;Carboxylic acid derivatives
19821,Alkyl phosphates,1,CHEMONTID:0003457,5,CHEMONTID:0000408,CHEMONTID:0000000;CHEMONTID:0000264;CHEMONTID:0000402;CHEMONTID:0000408;CHEMONTID:0003457,Organic compounds;Organic acids and derivatives;Organic phosphoric acids and derivatives;Phosphate esters;Alkyl phosphates
18701,Carbonyl compounds,0.85,CHEMONTID:0001831,4,CHEMONTID:0000323,CHEMONTID:0000000;CHEMONTID:0004603;CHEMONTID:0000323;CHEMONTID:0001831,Organic compounds;Organic oxygen compounds;Organooxygen compounds;Carbonyl compounds
12305,Monoalkylamines,0.99,CHEMONTID:0000469,6,CHEMONTID:0002450,CHEMONTID:0000000;CHEMONTID:0004707;CHEMONTID:0000278;CHEMONTID:0002449;CHEMONTID:0002450;CHEMONTID:0000469,Organic compounds;Organic nitrogen compounds;Organonitrogen compounds;Amines;Primary amines;Monoalkylamines
16034,Amines,0.8,CHEMONTID:0002449,4,CHEMONTID:0000278,CHEMONTID:0000000;CHEMONTID:0004707;CHEMONTID:0000278;CHEMONTID:0002449,Organic compounds;Organic nitrogen compounds;Organonitrogen compounds;Amines
14523,Carbonyl compounds,0.97,CHEMONTID:0001831,4,CHEMONTID:0000323,CHEMONTID:0000000;CHEMONTID:0004603;CHEMONTID:0000323;CHEMONTID:0001831,Organic compounds;Organic oxygen compounds;Organooxygen compounds;Carbonyl compounds
11182,Carbonyl compounds,0.93,CHEMONTID:0001831,4,CHEMONTID:0000323,CHEMONTID:0000000;CHEMONTID:0004603;CHEMONTID:0000323;CHEMONTID:0001831,Organic compounds;Organic oxygen compounds;Organooxygen compounds;Carbonyl compounds
9319,Amines,0.99,CHEMONTID:0002449,4,CHEMONTID:0000278,CHEMONTID:0000000;CHEMONTID:0004707;CHEMONTID:0000278;CHEMONTID:0002449,Organic compounds;Organic nitrogen compounds;Organonitrogen compounds;Amines
4011,Amines,0.98,CHEMONTID:0002449,4,CHEMONTID:0000278,CHEMONTID:0000000;CHEMONTID:0004707;CHEMONTID:0000278;CHEMONTID:0002449,Organic compounds;Organic nitrogen compounds;Organonitrogen compounds;Amines
5765,Carbonyl compounds,0.95,CHEMONTID:0001831,4,CHEMONTID:0000323,CHEMONTID:0000000;CHEMONTID:0004603;CHEMONTID:0000323;CHEMONTID:0001831,Organic compounds;Organic oxygen compounds;Organooxygen compounds;Carbonyl compounds
14646,Carboxylic acid derivatives,0.96,CHEMONTID:0001093,4,CHEMONTID:0000265,CHEMONTID:0000000;CHEMONTID:0000264;CHEMONTID:0000265;CHEMONTID:0001093,Organic compounds;Organic acids and derivatives;Carboxylic acids and derivatives;Carboxylic acid derivatives
18455,Carbonyl compounds,0.95,CHEMONTID:0001831,4,CHEMONTID:0000323,CHEMONTID:0000000;CHEMONTID:0004603;CHEMONTID:0000323;CHEMONTID:0001831,Organic compounds;Organic oxygen compounds;Organooxygen compounds;Carbonyl compounds
2658,Amines,0.83,CHEMONTID:0002449,4,CHEMONTID:0000278,CHEMONTID:0000000;CHEMONTID:0004707;CHEMONTID:0000278;CHEMONTID:0002449,Organic compounds;Organic nitrogen compounds;Organonitrogen compounds;Amines
4619,Carbonyl compounds,0.91,CHEMONTID:0001831,4,CHEMONTID:0000323,CHEMONTID:0000000;CHEMONTID:0004603;CHEMONTID:0000323;CHEMONTID:0001831,Organic compounds;Organic oxygen compounds;Organooxygen compounds;Carbonyl compounds
7957,Alcohols and polyols,0.97,CHEMONTID:0000129,4,CHEMONTID:0000323,CHEMONTID:0000000;CHEMONTID:0004603;CHEMONTID:0000323;CHEMONTID:0000129,Organic compounds;Organic oxygen compounds;Organooxygen compounds;Alcohols and polyols
10786,Alcohols and polyols,1,CHEMONTID:0000129,4,CHEMONTID:0000323,CHEMONTID:0000000;CHEMONTID:0004603;CHEMONTID:0000323;CHEMONTID:0000129,Organic compounds;Organic oxygen compounds;Organooxygen compounds;Alcohols and polyols
17088,Primary amines,0.92,CHEMONTID:0002450,5,CHEMONTID:0002449,CHEMONTID:0000000;CHEMONTID:0004707;CHEMONTID:0000278;CHEMONTID:0002449;CHEMONTID:0002450,Organic compounds;Organic nitrogen compounds;Organonitrogen compounds;Amines;Primary amines
15276,Pyrimidines and pyrimidine derivatives,0.96,CHEMONTID:0000075,4,CHEMONTID:0001346,CHEMONTID:0000000;CHEMONTID:0000002;CHEMONTID:0001346;CHEMONTID:0000075,Organic compounds;Organoheterocyclic compounds;Diazines;Pyrimidines and pyrimidine derivatives
7231,Alcohols and polyols,0.97,CHEMONTID:0000129,4,CHEMONTID:0000323,CHEMONTID:0000000;CHEMONTID:0004603;CHEMONTID:0000323;CHEMONTID:0000129,Organic compounds;Organic oxygen compounds;Organooxygen compounds;Alcohols and polyols
10566,Carbonyl compounds,0.85,CHEMONTID:0001831,4,CHEMONTID:0000323,CHEMONTID:0000000;CHEMONTID:0004603;CHEMONTID:0000323;CHEMONTID:0001831,Organic compounds;Organic oxygen compounds;Organooxygen compounds;Carbonyl compounds
2849,Monoalkylamines,0.98,CHEMONTID:0000469,6,CHEMONTID:0002450,CHEMONTID:0000000;CHEMONTID:0004707;CHEMONTID:0000278;CHEMONTID:0002449;CHEMONTID:0002450;CHEMONTID:0000469,Organic compounds;Organic nitrogen compounds;Organonitrogen compounds;Amines;Primary amines;Monoalkylamines
19191,Carbonyl compounds,0.94,CHEMONTID:0001831,4,CHEMONTID:0000323,CHEMONTID:0000000;CHEMONTID:0004603;CHEMONTID:0000323;CHEMONTID:0001831,Organic compounds;Organic oxygen compounds;Organooxygen compounds;Carbonyl compounds
10011,Primary amines,0.99,CHEMONTID:0002450,5,CHEMONTID:0002449,CHEMONTID:0000000;CHEMONTID:0004707;CHEMONTID:0000278;CHEMONTID:0002449;CHEMONTID:0002450,Organic compounds;Organic nitrogen compounds;Organonitrogen compounds;Amines;Primary amines
7851,"Amino acids, peptides, and analogues",0.96,CHEMONTID:0000013,4,CHEMONTID:0000265,CHEMONTID:0000000;CHEMONTID:0000264;CHEMONTID:0000265;CHEMONTID:0000013,"Organic compounds;Organic acids and derivatives;Carboxylic acids and derivatives;Amino acids, peptides, and analogues"
3553,Guanidines,0.96,CHEMONTID:0000375,4,CHEMONTID:0000278,CHEMONTID:0000000;CHEMONTID:0004707;CHEMONTID:0000278;CHEMONTID:0000375,Organic compounds;Organic nitrogen compounds;Organonitrogen compounds;Guanidines
17477,Alcohols and polyols,0.99,CHEMONTID:0000129,4,CHEMONTID:0000323,CHEMONTID:0000000;CHEMONTID:0004603;CHEMONTID:0000323;CHEMONTID:0000129,Organic compounds;Organic oxygen compounds;Organooxygen compounds;Alcohols and polyols
10653,Guanidines,0.93,CHEMONTID:0000375,4,CHEMONTID:0000278,CHEMONTID:0000000;CHEMONTID:0004707;CHEMONTID:0000278;CHEMONTID:0000375,Organic compounds;Organic nitrogen compounds;Organonitrogen compounds;Guanidines
4311,Amines,0.9,CHEMONTID:0002449,4,CHEMONTID:0000278,CHEMONTID:0000000;CHEMONTID:0004707;CHEMONTID:0000278;CHEMONTID:0002449,Organic compounds;Organic nitrogen compounds;Organonitrogen compounds;Amines
10838,Primary amines,0.98,CHEMONTID:0002450,5,CHEMONTID:0002449,CHEMONTID:0000000;CHEMONTID:0004707;CHEMONTID:0000278;CHEMONTID:0002449;CHEMONTID:0002450,Organic compounds;Organic nitrogen compounds;Organonitrogen compounds;Amines;Primary amines
3071,Carbonyl compounds,0.97,CHEMONTID:0001831,4,CHEMONTID:0000323,CHEMONTID:0000000;CHEMONTID:0004603;CHEMONTID:0000323;CHEMONTID:0001831,Organic compounds;Organic oxygen compounds;Organooxygen compounds;Carbonyl compounds
19416,Carbohydrates and carbohydrate conjugates,1,CHEMONTID:0000011,4,CHEMONTID:0000323,CHEMONTID:0000000;CHEMONTID:0004603;CHEMONTID:0000323;CHEMONTID:0000011,Organic compounds;Organic oxygen compounds;Organooxygen compounds;Carbohydrates and carbohydrate conjugates
10495,Carboxylic acid derivatives,0.9,CHEMONTID:0001093,4,CHEMONTID:0000265,CHEMONTID:0000000;CHEMONTID:0000264;CHEMONTID:0000265;CHEMONTID:0001093,Organic compounds;Organic acids and derivatives;Carboxylic acids and derivatives;Carboxylic acid derivatives
15338,Dialkyl ethers,0.93,CHEMONTID:0001167,5,CHEMONTID:0000254,CHEMONTID:0000000;CHEMONTID:0004603;CHEMONTID:0000323;CHEMONTID:0000254;CHEMONTID:0001167,Organic compounds;Organic oxygen compounds;Organooxygen compounds;Ethers;Dialkyl ethers
9874,Amines,0.99,CHEMONTID:0002449,4,CHEMONTID:0000278,CHEMONTID:0000000;CHEMONTID:0004707;CHEMONTID:0000278;CHEMONTID:0002449,Organic compounds;Organic nitrogen compounds;Organonitrogen compounds;Amines
19765,Carbonyl compounds,0.99,CHEMONTID:0001831,4,CHEMONTID:0000323,CHEMONTID:0000000;CHEMONTID:0004603;CHEMONTID:0000323;CHEMONTID:0001831,Organic compounds;Organic oxygen compounds;Organooxygen compounds;Carbonyl compounds
5046,Amines,0.87,CHEMONTID:0002449,4,CHEMONTID:0000278,CHEMONTID:0000000;CHEMONTID:0004707;CHEMONTID:0000278;CHEMONTID:0002449,Organic compounds;Organic nitrogen compounds;Organonitrogen compounds;Amines
9954,Amines,0.93,CHEMONTID:0002449,4,CHEMONTID:0000278,CHEMONTID:0000000;CHEMONTID:0004707;CHEMONTID:0000278;CHEMONTID:0002449,Organic compounds;Organic nitrogen compounds;Organonitrogen compounds;Amines
2801,Carbonyl compounds,0.96,CHEMONTID:0001831,4,CHEMONTID:0000323,CHEMONTID:0000000;CHEMONTID:0004603;CHEMONTID:0000323;CHEMONTID:0001831,Organic compounds;Organic oxygen compounds;Organooxygen compounds;Carbonyl compounds
8492,Alcohols and polyols,0.98,CHEMONTID:0000129,4,CHEMONTID:0000323,CHEMONTID:0000000;CHEMONTID:0004603;CHEMONTID:0000323;CHEMONTID:0000129,Organic compounds;Organic oxygen compounds;Organooxygen compounds;Alcohols and polyols
6189,Carbonyl compounds,0.84,CHEMONTID:0001831,4,CHEMONTID:0000323,CHEMONTID:0000000;CHEMONTID:0004603;CHEMONTID:0000323;CHEMONTID:0001831,Organic compounds;Organic oxygen compounds;Organooxygen compounds;Carbonyl compounds
7799,Monoalkylamines,1,CHEMONTID:0000469,6,CHEMONTID:0002450,CHEMONTID:0000000;CHEMONTID:0004707;CHEMONTID:0000278;CHEMONTID:0002449;CHEMONTID:0002450;CHEMONTID:0000469,Organic compounds;Organic nitrogen compounds;Organonitrogen compounds;Amines;Primary amines;Monoalkylamines
10863,Alcohols and polyols,0.92,CHEMONTID:0000129,4,CHEMONTID:0000323,CHEMONTID:0000000;CHEMONTID:0004603;CHEMONTID:0000323;CHEMONTID:0000129,Organic compounds;Organic oxygen compounds;Organooxygen compounds;Alcohols and polyols
6852,Carbonyl compounds,0.92,CHEMONTID:0001831,4,CHEMONTID:0000323,CHEMONTID:0000000;CHEMONTID:0004603;CHEMONTID:0000323;CHEMONTID:0001831,Organic compounds;Organic oxygen compounds;Organooxygen compounds;Carbonyl compounds
324,Pyrimidines and pyrimidine derivatives,1,CHEMONTID:0000075,4,CHEMONTID:0001346,CHEMONTID:0000000;CHEMONTID:0000002;CHEMONTID:0001346;CHEMONTID:0000075,Organic compounds;Organoheterocyclic compounds;Diazines;Pyrimidines and pyrimidine derivatives
11708,Primary amines,0.99,CHEMONTID:0002450,5,CHEMONTID:0002449,CHEMONTID:0000000;CHEMONTID:0004707;CHEMONTID:0000278;CHEMONTID:0002449;CHEMONTID:0002450,Organic compounds;Organic nitrogen compounds;Organonitrogen compounds;Amines;Primary amines
9843,Carbonyl compounds,0.89,CHEMONTID:0001831,4,CHEMONTID:0000323,CHEMONTID:0000000;CHEMONTID:0004603;CHEMONTID:0000323;CHEMONTID:0001831,Organic compounds;Organic oxygen compounds;Organooxygen compounds;Carbonyl compounds
14017,Carbonyl compounds,0.82,CHEMONTID:0001831,4,CHEMONTID:0000323,CHEMONTID:0000000;CHEMONTID:0004603;CHEMONTID:0000323;CHEMONTID:0001831,Organic compounds;Organic oxygen compounds;Organooxygen compounds;Carbonyl compounds
5547,Carboxylic acid derivatives,0.99,CHEMONTID:0001093,4,CHEMONTID:0000265,CHEMONTID:0000000;CHEMONTID:0000264;CHEMONTID:0000265;CHEMONTID:0001093,Organic compounds;Organic acids and derivatives;Carboxylic acids and derivatives;Carboxylic acid derivatives
12104,Carbonyl compounds,0.99,CHEMONTID:0001831,4,CHEMONTID:0000323,CHEMONTID:0000000;CHEMONTID:0004603;CHEMONTID:0000323;CHEMONTID:0001831,Organic compounds;Organic oxygen compounds;Organooxygen compounds;Carbonyl compounds
16324,Amines,0.97,CHEMONTID:0002449,4,CHEMONTID:0000278,CHEMONTID:0000000;CHEMONTID:0004707;CHEMONTID:0000278;CHEMONTID:0002449,Organic compounds;Organic nitrogen compounds;Organonitrogen compounds;Amines
12112,Carbonyl compounds,0.89,CHEMONTID:0001831,4,CHEMONTID:0000323,CHEMONTID:0000000;CHEMONTID:0004603;CHEMONTID:0000323;CHEMONTID:0001831,Organic compounds;Organic oxygen compounds;Organooxygen compounds;Carbonyl compounds
2693,Monoalkylamines,0.98,CHEMONTID:0000469,6,CHEMONTID:0002450,CHEMONTID:0000000;CHEMONTID:0004707;CHEMONTID:0000278;CHEMONTID:0002449;CHEMONTID:0002450;CHEMONTID:0000469,Organic compounds;Organic nitrogen compounds;Organonitrogen compounds;Amines;Primary amines;Monoalkylamines
10869,Carbonyl compounds,0.98,CHEMONTID:0001831,4,CHEMONTID:0000323,CHEMONTID:0000000;CHEMONTID:0004603;CHEMONTID:0000323;CHEMONTID:0001831,Organic compounds;Organic oxygen compounds;Organooxygen compounds;Carbonyl compounds
15371,Dialkyl ethers,0.88,CHEMONTID:0001167,5,CHEMONTID:0000254,CHEMONTID:0000000;CHEMONTID:0004603;CHEMONTID:0000323;CHEMONTID:0000254;CHEMONTID:0001167,Organic compounds;Organic oxygen compounds;Organooxygen compounds;Ethers;Dialkyl ethers
15697,Carbonyl compounds,0.94,CHEMONTID:0001831,4,CHEMONTID:0000323,CHEMONTID:0000000;CHEMONTID:0004603;CHEMONTID:0000323;CHEMONTID:0001831,Organic compounds;Organic oxygen compounds;Organooxygen compounds;Carbonyl compounds
17215,Monoalkylamines,0.94,CHEMONTID:0000469,6,CHEMONTID:0002450,CHEMONTID:0000000;CHEMONTID:0004707;CHEMONTID:0000278;CHEMONTID:0002449;CHEMONTID:0002450;CHEMONTID:0000469,Organic compounds;Organic nitrogen compounds;Organonitrogen compounds;Amines;Primary amines;Monoalkylamines
11033,Ethers,0.89,CHEMONTID:0000254,4,CHEMONTID:0000323,CHEMONTID:0000000;CHEMONTID:0004603;CHEMONTID:0000323;CHEMONTID:0000254,Organic compounds;Organic oxygen compounds;Organooxygen compounds;Ethers
11286,Alcohols and polyols,0.96,CHEMONTID:0000129,4,CHEMONTID:0000323,CHEMONTID:0000000;CHEMONTID:0004603;CHEMONTID:0000323;CHEMONTID:0000129,Organic compounds;Organic oxygen compounds;Organooxygen compounds;Alcohols and polyols
5228,Carbohydrates and carbohydrate conjugates,0.97,CHEMONTID:0000011,4,CHEMONTID:0000323,CHEMONTID:0000000;CHEMONTID:0004603;CHEMONTID:0000323;CHEMONTID:0000011,Organic compounds;Organic oxygen compounds;Organooxygen compounds;Carbohydrates and carbohydrate conjugates
17082,Ethers,0.98,CHEMONTID:0000254,4,CHEMONTID:0000323,CHEMONTID:0000000;CHEMONTID:0004603;CHEMONTID:0000323;CHEMONTID:0000254,Organic compounds;Organic oxygen compounds;Organooxygen compounds;Ethers
1231,Carbonyl compounds,1,CHEMONTID:0001831,4,CHEMONTID:0000323,CHEMONTID:0000000;CHEMONTID:0004603;CHEMONTID:0000323;CHEMONTID:0001831,Organic compounds;Organic oxygen compounds;Organooxygen compounds;Carbonyl compounds
7270,Carbonyl compounds,1,CHEMONTID:0001831,4,CHEMONTID:0000323,CHEMONTID:0000000;CHEMONTID:0004603;CHEMONTID:0000323;CHEMONTID:0001831,Organic compounds;Organic oxygen compounds;Organooxygen compounds;Carbonyl compounds
9286,Carbonyl compounds,0.96,CHEMONTID:0001831,4,CHEMONTID:0000323,CHEMONTID:0000000;CHEMONTID:0004603;CHEMONTID:0000323;CHEMONTID:0001831,Organic compounds;Organic oxygen compounds;Organooxygen compounds;Carbonyl compounds
5064,Carbonyl compounds,0.94,CHEMONTID:0001831,4,CHEMONTID:0000323,CHEMONTID:0000000;CHEMONTID:0004603;CHEMONTID:0000323;CHEMONTID:0001831,Organic compounds;Organic oxygen compounds;Organooxygen compounds;Carbonyl compounds
4185,Carbonyl compounds,0.96,CHEMONTID:0001831,4,CHEMONTID:0000323,CHEMONTID:0000000;CHEMONTID:0004603;CHEMONTID:0000323;CHEMONTID:0001831,Organic compounds;Organic oxygen compounds;Organooxygen compounds;Carbonyl compounds
7058,Alcohols and polyols,0.8,CHEMONTID:0000129,4,CHEMONTID:0000323,CHEMONTID:0000000;CHEMONTID:0004603;CHEMONTID:0000323;CHEMONTID:0000129,Organic compounds;Organic oxygen compounds;Organooxygen compounds;Alcohols and polyols
6497,Primary amines,0.9,CHEMONTID:0002450,5,CHEMONTID:0002449,CHEMONTID:0000000;CHEMONTID:0004707;CHEMONTID:0000278;CHEMONTID:0002449;CHEMONTID:0002450,Organic compounds;Organic nitrogen compounds;Organonitrogen compounds;Amines;Primary amines
4752,Alcohols and polyols,0.87,CHEMONTID:0000129,4,CHEMONTID:0000323,CHEMONTID:0000000;CHEMONTID:0004603;CHEMONTID:0000323;CHEMONTID:0000129,Organic compounds;Organic oxygen compounds;Organooxygen compounds;Alcohols and polyols
11291,Carboxylic acid derivatives,0.83,CHEMONTID:0001093,4,CHEMONTID:0000265,CHEMONTID:0000000;CHEMONTID:0000264;CHEMONTID:0000265;CHEMONTID:0001093,Organic compounds;Organic acids and derivatives;Carboxylic acids and derivatives;Carboxylic acid derivatives
11009,Primary amines,0.88,CHEMONTID:0002450,5,CHEMONTID:0002449,CHEMONTID:0000000;CHEMONTID:0004707;CHEMONTID:0000278;CHEMONTID:0002449;CHEMONTID:0002450,Organic compounds;Organic nitrogen compounds;Organonitrogen compounds;Amines;Primary amines
16301,Carbonyl compounds,0.94,CHEMONTID:0001831,4,CHEMONTID:0000323,CHEMONTID:0000000;CHEMONTID:0004603;CHEMONTID:0000323;CHEMONTID:0001831,Organic compounds;Organic oxygen compounds;Organooxygen compounds;Carbonyl compounds
7125,Primary amines,0.95,CHEMONTID:0002450,5,CHEMONTID:0002449,CHEMONTID:0000000;CHEMONTID:0004707;CHEMONTID:0000278;CHEMONTID:0002449;CHEMONTID:0002450,Organic compounds;Organic nitrogen compounds;Organonitrogen compounds;Amines;Primary amines
6616,Carboxylic acid amides,0.84,CHEMONTID:0000475,5,CHEMONTID:0001093,CHEMONTID:0000000;CHEMONTID:0000264;CHEMONTID:0000265;CHEMONTID:0001093;CHEMONTID:0000475,Organic compounds;Organic acids and derivatives;Carboxylic acids and derivatives;Carboxylic acid derivatives;Carboxylic acid amides
12042,Pyrimidines and pyrimidine derivatives,0.97,CHEMONTID:0000075,4,CHEMONTID:0001346,CHEMONTID:0000000;CHEMONTID:0000002;CHEMONTID:0001346;CHEMONTID:0000075,Organic compounds;Organoheterocyclic compounds;Diazines;Pyrimidines and pyrimidine derivatives
19923,"Amino acids, peptides, and analogues",1,CHEMONTID:0000013,4,CHEMONTID:0000265,CHEMONTID:0000000;CHEMONTID:0000264;CHEMONTID:0000265;CHEMONTID:0000013,"Organic compounds;Organic acids and derivatives;Carboxylic acids and derivatives;Amino acids, peptides, and analogues"
16800,Dialkyl ethers,0.99,CHEMONTID:0001167,5,CHEMONTID:0000254,CHEMONTID:0000000;CHEMONTID:0004603;CHEMONTID:0000323;CHEMONTID:0000254;CHEMONTID:0001167,Organic compounds;Organic oxygen compounds;Organooxygen compounds;Ethers;Dialkyl ethers
16394,Phosphate esters,0.99,CHEMONTID:0000408,4,CHEMONTID:0000402,CHEMONTID:0000000;CHEMONTID:0000264;CHEMONTID:0000402;CHEMONTID:0000408,Organic compounds;Organic acids and derivatives;Organic phosphoric acids and derivatives;Phosphate esters
11436,Carbonyl compounds,0.97,CHEMONTID:0001831,4,CHEMONTID:0000323,CHEMONTID:0000000;CHEMONTID:0004603;CHEMONTID:0000323;CHEMONTID:0001831,Organic compounds;Organic oxygen compounds;Organooxygen compounds;Carbonyl compounds
18548,Carboxylic acid derivatives,0.96,CHEMONTID:0001093,4,CHEMONTID:0000265,CHEMONTID:0000000;CHEMONTID:0000264;CHEMONTID:0000265;CHEMONTID:0001093,Organic compounds;Organic acids and derivatives;Carboxylic acids and derivatives;Carboxylic acid derivatives
13220,Carbonyl compounds,0.99,CHEMONTID:0001831,4,CHEMONTID:0000323,CHEMONTID:0000000;CHEMONTID:0004603;CHEMONTID:0000323;CHEMONTID:0001831,Organic compounds;Organic oxygen compounds;Organooxygen compounds;Carbonyl compounds
10457,Carbonyl compounds,0.97,CHEMONTID:0001831,4,CHEMONTID:0000323,CHEMONTID:0000000;CHEMONTID:0004603;CHEMONTID:0000323;CHEMONTID:0001831,Organic compounds;Organic oxygen compounds;Organooxygen compounds;Carbonyl compounds
4441,Carbonyl compounds,0.95,CHEMONTID:0001831,4,CHEMONTID:0000323,CHEMONTID:0000000;CHEMONTID:0004603;CHEMONTID:0000323;CHEMONTID:0001831,Organic compounds;Organic oxygen compounds;Organooxygen compounds;Carbonyl compounds
17879,Pyrimidines and pyrimidine derivatives,1,CHEMONTID:0000075,4,CHEMONTID:0001346,CHEMONTID:0000000;CHEMONTID:0000002;CHEMONTID:0001346;CHEMONTID:0000075,Organic compounds;Organoheterocyclic compounds;Diazines;Pyrimidines and pyrimidine derivatives
5970,Guanidines,1,CHEMONTID:0000375,4,CHEMONTID:0000278,CHEMONTID:0000000;CHEMONTID:0004707;CHEMONTID:0000278;CHEMONTID:0000375,Organic compounds;Organic nitrogen compounds;Organonitrogen compounds;Guanidines
4914,Carboxylic acid derivatives,0.99,CHEMONTID:0001093,4,CHEMONTID:0000265,CHEMONTID:0000000;CHEMONTID:0000264;CHEMONTID:0000265;CHEMONTID:0001093,Organic compounds;Organic acids and derivatives;Carboxylic acids and derivatives;Carboxylic acid derivatives
9987,Secondary alcohols,1,CHEMONTID:0001661,5,CHEMONTID:0000129,CHEMONTID:0000000;CHEMONTID:0004603;CHEMONTID:0000323;CHEMONTID:0000129;CHEMONTID:0001661,Organic compounds;Organic oxygen compounds;Organooxygen compounds;Alcohols and polyols;Secondary alcohols
20528,Carbonyl compounds,0.99,CHEMONTID:0001831,4,CHEMONTID:0000323,CHEMONTID:0000000;CHEMONTID:0004603;CHEMONTID:0000323;CHEMONTID:0001831,Organic compounds;Organic oxygen compounds;Organooxygen compounds;Carbonyl compounds
14726,Carbonyl compounds,0.97,CHEMONTID:0001831,4,CHEMONTID:0000323,CHEMONTID:0000000;CHEMONTID:0004603;CHEMONTID:0000323;CHEMONTID:0001831,Organic compounds;Organic oxygen compounds;Organooxygen compounds;Carbonyl compounds
15284,Amines,0.9,CHEMONTID:0002449,4,CHEMONTID:0000278,CHEMONTID:0000000;CHEMONTID:0004707;CHEMONTID:0000278;CHEMONTID:0002449,Organic compounds;Organic nitrogen compounds;Organonitrogen compounds;Amines
15573,Monoalkylamines,0.97,CHEMONTID:0000469,6,CHEMONTID:0002450,CHEMONTID:0000000;CHEMONTID:0004707;CHEMONTID:0000278;CHEMONTID:0002449;CHEMONTID:0002450;CHEMONTID:0000469,Organic compounds;Organic nitrogen compounds;Organonitrogen compounds;Amines;Primary amines;Monoalkylamines
6805,Carbonyl compounds,0.81,CHEMONTID:0001831,4,CHEMONTID:0000323,CHEMONTID:0000000;CHEMONTID:0004603;CHEMONTID:0000323;CHEMONTID:0001831,Organic compounds;Organic oxygen compounds;Organooxygen compounds;Carbonyl compounds
7731,Amines,1,CHEMONTID:0002449,4,CHEMONTID:0000278,CHEMONTID:0000000;CHEMONTID:0004707;CHEMONTID:0000278;CHEMONTID:0002449,Organic compounds;Organic nitrogen compounds;Organonitrogen compounds;Amines
19606,Primary amines,0.98,CHEMONTID:0002450,5,CHEMONTID:0002449,CHEMONTID:0000000;CHEMONTID:0004707;CHEMONTID:0000278;CHEMONTID:0002449;CHEMONTID:0002450,Organic compounds;Organic nitrogen compounds;Organonitrogen compounds;Amines;Primary amines
20542,Pentose phosphates,1,CHEMONTID:0002259,7,CHEMONTID:0001497,CHEMONTID:0000000;CHEMONTID:0004603;CHEMONTID:0000323;CHEMONTID:0000011;CHEMONTID:0001540;CHEMONTID:0001497;CHEMONTID:0002259,Organic compounds;Organic oxygen compounds;Organooxygen compounds;Carbohydrates and carbohydrate conjugates;Monosaccharides;Pentoses;Pentose phosphates
10068,Ethers,0.89,CHEMONTID:0000254,4,CHEMONTID:0000323,CHEMONTID:0000000;CHEMONTID:0004603;CHEMONTID:0000323;CHEMONTID:0000254,Organic compounds;Organic oxygen compounds;Organooxygen compounds;Ethers
4450,Aminopyrimidines and derivatives,1,CHEMONTID:0001262,5,CHEMONTID:0000075,CHEMONTID:0000000;CHEMONTID:0000002;CHEMONTID:0001346;CHEMONTID:0000075;CHEMONTID:0001262,Organic compounds;Organoheterocyclic compounds;Diazines;Pyrimidines and pyrimidine derivatives;Aminopyrimidines and derivatives
2251,Carbonyl compounds,0.87,CHEMONTID:0001831,4,CHEMONTID:0000323,CHEMONTID:0000000;CHEMONTID:0004603;CHEMONTID:0000323;CHEMONTID:0001831,Organic compounds;Organic oxygen compounds;Organooxygen compounds;Carbonyl compounds
6050,Pyrimidines and pyrimidine derivatives,0.99,CHEMONTID:0000075,4,CHEMONTID:0001346,CHEMONTID:0000000;CHEMONTID:0000002;CHEMONTID:0001346;CHEMONTID:0000075,Organic compounds;Organoheterocyclic compounds;Diazines;Pyrimidines and pyrimidine derivatives
8055,Carbohydrates and carbohydrate conjugates,0.97,CHEMONTID:0000011,4,CHEMONTID:0000323,CHEMONTID:0000000;CHEMONTID:0004603;CHEMONTID:0000323;CHEMONTID:0000011,Organic compounds;Organic oxygen compounds;Organooxygen compounds;Carbohydrates and carbohydrate conjugates
8232,Carbonyl compounds,0.81,CHEMONTID:0001831,4,CHEMONTID:0000323,CHEMONTID:0000000;CHEMONTID:0004603;CHEMONTID:0000323;CHEMONTID:0001831,Organic compounds;Organic oxygen compounds;Organooxygen compounds;Carbonyl compounds
1209,Amines,1,CHEMONTID:0002449,4,CHEMONTID:0000278,CHEMONTID:0000000;CHEMONTID:0004707;CHEMONTID:0000278;CHEMONTID:0002449,Organic compounds;Organic nitrogen compounds;Organonitrogen compounds;Amines
12803,Ethers,0.99,CHEMONTID:0000254,4,CHEMONTID:0000323,CHEMONTID:0000000;CHEMONTID:0004603;CHEMONTID:0000323;CHEMONTID:0000254,Organic compounds;Organic oxygen compounds;Organooxygen compounds;Ethers
2167,Alcohols and polyols,0.9,CHEMONTID:0000129,4,CHEMONTID:0000323,CHEMONTID:0000000;CHEMONTID:0004603;CHEMONTID:0000323;CHEMONTID:0000129,Organic compounds;Organic oxygen compounds;Organooxygen compounds;Alcohols and polyols
15532,Carbonyl compounds,0.88,CHEMONTID:0001831,4,CHEMONTID:0000323,CHEMONTID:0000000;CHEMONTID:0004603;CHEMONTID:0000323;CHEMONTID:0001831,Organic compounds;Organic oxygen compounds;Organooxygen compounds;Carbonyl compounds
6553,Carbonyl compounds,0.98,CHEMONTID:0001831,4,CHEMONTID:0000323,CHEMONTID:0000000;CHEMONTID:0004603;CHEMONTID:0000323;CHEMONTID:0001831,Organic compounds;Organic oxygen compounds;Organooxygen compounds;Carbonyl compounds
1991,Alcohols and polyols,0.96,CHEMONTID:0000129,4,CHEMONTID:0000323,CHEMONTID:0000000;CHEMONTID:0004603;CHEMONTID:0000323;CHEMONTID:0000129,Organic compounds;Organic oxygen compounds;Organooxygen compounds;Alcohols and polyols
1297,Tetrazoles,0.8,CHEMONTID:0000111,4,CHEMONTID:0000436,CHEMONTID:0000000;CHEMONTID:0000002;CHEMONTID:0000436;CHEMONTID:0000111,Organic compounds;Organoheterocyclic compounds;Azoles;Tetrazoles
9520,Carbonyl compounds,0.97,CHEMONTID:0001831,4,CHEMONTID:0000323,CHEMONTID:0000000;CHEMONTID:0004603;CHEMONTID:0000323;CHEMONTID:0001831,Organic compounds;Organic oxygen compounds;Organooxygen compounds;Carbonyl compounds
4069,Carboxylic acid derivatives,0.99,CHEMONTID:0001093,4,CHEMONTID:0000265,CHEMONTID:0000000;CHEMONTID:0000264;CHEMONTID:0000265;CHEMONTID:0001093,Organic compounds;Organic acids and derivatives;Carboxylic acids and derivatives;Carboxylic acid derivatives
6443,Dialkyl ethers,0.88,CHEMONTID:0001167,5,CHEMONTID:0000254,CHEMONTID:0000000;CHEMONTID:0004603;CHEMONTID:0000323;CHEMONTID:0000254;CHEMONTID:0001167,Organic compounds;Organic oxygen compounds;Organooxygen compounds;Ethers;Dialkyl ethers
16926,Amines,0.83,CHEMONTID:0002449,4,CHEMONTID:0000278,CHEMONTID:0000000;CHEMONTID:0004707;CHEMONTID:0000278;CHEMONTID:0002449,Organic compounds;Organic nitrogen compounds;Organonitrogen compounds;Amines
7423,Carbonyl compounds,0.9,CHEMONTID:0001831,4,CHEMONTID:0000323,CHEMONTID:0000000;CHEMONTID:0004603;CHEMONTID:0000323;CHEMONTID:0001831,Organic compounds;Organic oxygen compounds;Organooxygen compounds;Carbonyl compounds
20246,Ethers,0.92,CHEMONTID:0000254,4,CHEMONTID:0000323,CHEMONTID:0000000;CHEMONTID:0004603;CHEMONTID:0000323;CHEMONTID:0000254,Organic compounds;Organic oxygen compounds;Organooxygen compounds;Ethers
14350,Carbonyl compounds,0.84,CHEMONTID:0001831,4,CHEMONTID:0000323,CHEMONTID:0000000;CHEMONTID:0004603;CHEMONTID:0000323;CHEMONTID:0001831,Organic compounds;Organic oxygen compounds;Organooxygen compounds;Carbonyl compounds
18211,Carbohydrates and carbohydrate conjugates,1,CHEMONTID:0000011,4,CHEMONTID:0000323,CHEMONTID:0000000;CHEMONTID:0004603;CHEMONTID:0000323;CHEMONTID:0000011,Organic compounds;Organic oxygen compounds;Organooxygen compounds;Carbohydrates and carbohydrate conjugates
9222,Alcohols and polyols,0.94,CHEMONTID:0000129,4,CHEMONTID:0000323,CHEMONTID:0000000;CHEMONTID:0004603;CHEMONTID:0000323;CHEMONTID:0000129,Organic compounds;Organic oxygen compounds;Organooxygen compounds;Alcohols and polyols
7580,Carbonyl compounds,0.97,CHEMONTID:0001831,4,CHEMONTID:0000323,CHEMONTID:0000000;CHEMONTID:0004603;CHEMONTID:0000323;CHEMONTID:0001831,Organic compounds;Organic oxygen compounds;Organooxygen compounds;Carbonyl compounds
13128,Amines,0.99,CHEMONTID:0002449,4,CHEMONTID:0000278,CHEMONTID:0000000;CHEMONTID:0004707;CHEMONTID:0000278;CHEMONTID:0002449,Organic compounds;Organic nitrogen compounds;Organonitrogen compounds;Amines
17560,Monoalkylamines,0.9,CHEMONTID:0000469,6,CHEMONTID:0002450,CHEMONTID:0000000;CHEMONTID:0004707;CHEMONTID:0000278;CHEMONTID:0002449;CHEMONTID:0002450;CHEMONTID:0000469,Organic compounds;Organic nitrogen compounds;Organonitrogen compounds;Amines;Primary amines;Monoalkylamines
8620,Alcohols and polyols,0.97,CHEMONTID:0000129,4,CHEMONTID:0000323,CHEMONTID:0000000;CHEMONTID:0004603;CHEMONTID:0000323;CHEMONTID:0000129,Organic compounds;Organic oxygen compounds;Organooxygen compounds;Alcohols and polyols
16638,Fatty amides,0.94,CHEMONTID:0000331,4,CHEMONTID:0003909,CHEMONTID:0000000;CHEMONTID:0000012;CHEMONTID:0003909;CHEMONTID:0000331,Organic compounds;Lipids and lipid-like molecules;Fatty Acyls;Fatty amides
5390,Dialkyl ethers,0.97,CHEMONTID:0001167,5,CHEMONTID:0000254,CHEMONTID:0000000;CHEMONTID:0004603;CHEMONTID:0000323;CHEMONTID:0000254;CHEMONTID:0001167,Organic compounds;Organic oxygen compounds;Organooxygen compounds;Ethers;Dialkyl ethers
13965,Dialkyl ethers,0.99,CHEMONTID:0001167,5,CHEMONTID:0000254,CHEMONTID:0000000;CHEMONTID:0004603;CHEMONTID:0000323;CHEMONTID:0000254;CHEMONTID:0001167,Organic compounds;Organic oxygen compounds;Organooxygen compounds;Ethers;Dialkyl ethers
12953,Monocarboxylic acids and derivatives,0.81,CHEMONTID:0001137,4,CHEMONTID:0000265,CHEMONTID:0000000;CHEMONTID:0000264;CHEMONTID:0000265;CHEMONTID:0001137,Organic compounds;Organic acids and derivatives;Carboxylic acids and derivatives;Monocarboxylic acids and derivatives
12878,Fatty amides,0.82,CHEMONTID:0000331,4,CHEMONTID:0003909,CHEMONTID:0000000;CHEMONTID:0000012;CHEMONTID:0003909;CHEMONTID:0000331,Organic compounds;Lipids and lipid-like molecules;Fatty Acyls;Fatty amides
16214,Carbohydrates and carbohydrate conjugates,1,CHEMONTID:0000011,4,CHEMONTID:0000323,CHEMONTID:0000000;CHEMONTID:0004603;CHEMONTID:0000323;CHEMONTID:0000011,Organic compounds;Organic oxygen compounds;Organooxygen compounds;Carbohydrates and carbohydrate conjugates
11732,Monoalkylamines,0.9,CHEMONTID:0000469,6,CHEMONTID:0002450,CHEMONTID:0000000;CHEMONTID:0004707;CHEMONTID:0000278;CHEMONTID:0002449;CHEMONTID:0002450;CHEMONTID:0000469,Organic compounds;Organic nitrogen compounds;Organonitrogen compounds;Amines;Primary amines;Monoalkylamines
11939,Alcohols and polyols,0.98,CHEMONTID:0000129,4,CHEMONTID:0000323,CHEMONTID:0000000;CHEMONTID:0004603;CHEMONTID:0000323;CHEMONTID:0000129,Organic compounds;Organic oxygen compounds;Organooxygen compounds;Alcohols and polyols
18808,Carboxylic acid derivatives,0.99,CHEMONTID:0001093,4,CHEMONTID:0000265,CHEMONTID:0000000;CHEMONTID:0000264;CHEMONTID:0000265;CHEMONTID:0001093,Organic compounds;Organic acids and derivatives;Carboxylic acids and derivatives;Carboxylic acid derivatives
13244,Guanidines,0.99,CHEMONTID:0000375,4,CHEMONTID:0000278,CHEMONTID:0000000;CHEMONTID:0004707;CHEMONTID:0000278;CHEMONTID:0000375,Organic compounds;Organic nitrogen compounds;Organonitrogen compounds;Guanidines
13602,Imidazoles,0.95,CHEMONTID:0000078,4,CHEMONTID:0000436,CHEMONTID:0000000;CHEMONTID:0000002;CHEMONTID:0000436;CHEMONTID:0000078,Organic compounds;Organoheterocyclic compounds;Azoles;Imidazoles
12286,Carbonyl compounds,0.94,CHEMONTID:0001831,4,CHEMONTID:0000323,CHEMONTID:0000000;CHEMONTID:0004603;CHEMONTID:0000323;CHEMONTID:0001831,Organic compounds;Organic oxygen compounds;Organooxygen compounds;Carbonyl compounds
1919,Primary amines,0.93,CHEMONTID:0002450,5,CHEMONTID:0002449,CHEMONTID:0000000;CHEMONTID:0004707;CHEMONTID:0000278;CHEMONTID:0002449;CHEMONTID:0002450,Organic compounds;Organic nitrogen compounds;Organonitrogen compounds;Amines;Primary amines
15708,Carbonyl compounds,0.93,CHEMONTID:0001831,4,CHEMONTID:0000323,CHEMONTID:0000000;CHEMONTID:0004603;CHEMONTID:0000323;CHEMONTID:0001831,Organic compounds;Organic oxygen compounds;Organooxygen compounds;Carbonyl compounds
19963,Guanidines,0.8,CHEMONTID:0000375,4,CHEMONTID:0000278,CHEMONTID:0000000;CHEMONTID:0004707;CHEMONTID:0000278;CHEMONTID:0000375,Organic compounds;Organic nitrogen compounds;Organonitrogen compounds;Guanidines
12536,Carboxylic acid derivatives,0.92,CHEMONTID:0001093,4,CHEMONTID:0000265,CHEMONTID:0000000;CHEMONTID:0000264;CHEMONTID:0000265;CHEMONTID:0001093,Organic compounds;Organic acids and derivatives;Carboxylic acids and derivatives;Carboxylic acid derivatives
6023,Dialkyl ethers,0.97,CHEMONTID:0001167,5,CHEMONTID:0000254,CHEMONTID:0000000;CHEMONTID:0004603;CHEMONTID:0000323;CHEMONTID:0000254;CHEMONTID:0001167,Organic compounds;Organic oxygen compounds;Organooxygen compounds;Ethers;Dialkyl ethers
15330,Carboxylic acid derivatives,0.96,CHEMONTID:0001093,4,CHEMONTID:0000265,CHEMONTID:0000000;CHEMONTID:0000264;CHEMONTID:0000265;CHEMONTID:0001093,Organic compounds;Organic acids and derivatives;Carboxylic acids and derivatives;Carboxylic acid derivatives
10328,Carbonyl compounds,0.93,CHEMONTID:0001831,4,CHEMONTID:0000323,CHEMONTID:0000000;CHEMONTID:0004603;CHEMONTID:0000323;CHEMONTID:0001831,Organic compounds;Organic oxygen compounds;Organooxygen compounds;Carbonyl compounds
17717,Phosphate esters,1,CHEMONTID:0000408,4,CHEMONTID:0000402,CHEMONTID:0000000;CHEMONTID:0000264;CHEMONTID:0000402;CHEMONTID:0000408,Organic compounds;Organic acids and derivatives;Organic phosphoric acids and derivatives;Phosphate esters
20233,Carbonyl compounds,0.98,CHEMONTID:0001831,4,CHEMONTID:0000323,CHEMONTID:0000000;CHEMONTID:0004603;CHEMONTID:0000323;CHEMONTID:0001831,Organic compounds;Organic oxygen compounds;Organooxygen compounds;Carbonyl compounds
15453,Carboxylic acid derivatives,0.99,CHEMONTID:0001093,4,CHEMONTID:0000265,CHEMONTID:0000000;CHEMONTID:0000264;CHEMONTID:0000265;CHEMONTID:0001093,Organic compounds;Organic acids and derivatives;Carboxylic acids and derivatives;Carboxylic acid derivatives
20251,Carbonyl compounds,0.9,CHEMONTID:0001831,4,CHEMONTID:0000323,CHEMONTID:0000000;CHEMONTID:0004603;CHEMONTID:0000323;CHEMONTID:0001831,Organic compounds;Organic oxygen compounds;Organooxygen compounds;Carbonyl compounds
8174,Carboxylic acid derivatives,0.93,CHEMONTID:0001093,4,CHEMONTID:0000265,CHEMONTID:0000000;CHEMONTID:0000264;CHEMONTID:0000265;CHEMONTID:0001093,Organic compounds;Organic acids and derivatives;Carboxylic acids and derivatives;Carboxylic acid derivatives
14696,Carboxylic acid derivatives,0.83,CHEMONTID:0001093,4,CHEMONTID:0000265,CHEMONTID:0000000;CHEMONTID:0000264;CHEMONTID:0000265;CHEMONTID:0001093,Organic compounds;Organic acids and derivatives;Carboxylic acids and derivatives;Carboxylic acid derivatives
15971,Amines,0.92,CHEMONTID:0002449,4,CHEMONTID:0000278,CHEMONTID:0000000;CHEMONTID:0004707;CHEMONTID:0000278;CHEMONTID:0002449,Organic compounds;Organic nitrogen compounds;Organonitrogen compounds;Amines
17259,Carboxylic acid derivatives,0.94,CHEMONTID:0001093,4,CHEMONTID:0000265,CHEMONTID:0000000;CHEMONTID:0000264;CHEMONTID:0000265;CHEMONTID:0001093,Organic compounds;Organic acids and derivatives;Carboxylic acids and derivatives;Carboxylic acid derivatives
18652,Carbonyl compounds,0.92,CHEMONTID:0001831,4,CHEMONTID:0000323,CHEMONTID:0000000;CHEMONTID:0004603;CHEMONTID:0000323;CHEMONTID:0001831,Organic compounds;Organic oxygen compounds;Organooxygen compounds;Carbonyl compounds
5028,Carbonyl compounds,0.98,CHEMONTID:0001831,4,CHEMONTID:0000323,CHEMONTID:0000000;CHEMONTID:0004603;CHEMONTID:0000323;CHEMONTID:0001831,Organic compounds;Organic oxygen compounds;Organooxygen compounds;Carbonyl compounds
8759,"1,3,5-triazines",0.99,CHEMONTID:0004105,4,CHEMONTID:0000098,CHEMONTID:0000000;CHEMONTID:0000002;CHEMONTID:0000098;CHEMONTID:0004105,"Organic compounds;Organoheterocyclic compounds;Triazines;1,3,5-triazines"
15558,Carboxylic acid derivatives,0.97,CHEMONTID:0001093,4,CHEMONTID:0000265,CHEMONTID:0000000;CHEMONTID:0000264;CHEMONTID:0000265;CHEMONTID:0001093,Organic compounds;Organic acids and derivatives;Carboxylic acids and derivatives;Carboxylic acid derivatives
7108,Carbonyl compounds,0.92,CHEMONTID:0001831,4,CHEMONTID:0000323,CHEMONTID:0000000;CHEMONTID:0004603;CHEMONTID:0000323;CHEMONTID:0001831,Organic compounds;Organic oxygen compounds;Organooxygen compounds;Carbonyl compounds
13548,Monoalkylamines,0.84,CHEMONTID:0000469,6,CHEMONTID:0002450,CHEMONTID:0000000;CHEMONTID:0004707;CHEMONTID:0000278;CHEMONTID:0002449;CHEMONTID:0002450;CHEMONTID:0000469,Organic compounds;Organic nitrogen compounds;Organonitrogen compounds;Amines;Primary amines;Monoalkylamines
13162,Amines,0.99,CHEMONTID:0002449,4,CHEMONTID:0000278,CHEMONTID:0000000;CHEMONTID:0004707;CHEMONTID:0000278;CHEMONTID:0002449,Organic compounds;Organic nitrogen compounds;Organonitrogen compounds;Amines
10932,Carbonyl compounds,0.92,CHEMONTID:0001831,4,CHEMONTID:0000323,CHEMONTID:0000000;CHEMONTID:0004603;CHEMONTID:0000323;CHEMONTID:0001831,Organic compounds;Organic oxygen compounds;Organooxygen compounds;Carbonyl compounds
8416,Primary amines,0.98,CHEMONTID:0002450,5,CHEMONTID:0002449,CHEMONTID:0000000;CHEMONTID:0004707;CHEMONTID:0000278;CHEMONTID:0002449;CHEMONTID:0002450,Organic compounds;Organic nitrogen compounds;Organonitrogen compounds;Amines;Primary amines
13824,Carbonyl compounds,0.93,CHEMONTID:0001831,4,CHEMONTID:0000323,CHEMONTID:0000000;CHEMONTID:0004603;CHEMONTID:0000323;CHEMONTID:0001831,Organic compounds;Organic oxygen compounds;Organooxygen compounds;Carbonyl compounds
9338,Alcohols and polyols,0.89,CHEMONTID:0000129,4,CHEMONTID:0000323,CHEMONTID:0000000;CHEMONTID:0004603;CHEMONTID:0000323;CHEMONTID:0000129,Organic compounds;Organic oxygen compounds;Organooxygen compounds;Alcohols and polyols
14415,Monoalkylamines,0.95,CHEMONTID:0000469,6,CHEMONTID:0002450,CHEMONTID:0000000;CHEMONTID:0004707;CHEMONTID:0000278;CHEMONTID:0002449;CHEMONTID:0002450;CHEMONTID:0000469,Organic compounds;Organic nitrogen compounds;Organonitrogen compounds;Amines;Primary amines;Monoalkylamines
12525,Carbonyl compounds,0.92,CHEMONTID:0001831,4,CHEMONTID:0000323,CHEMONTID:0000000;CHEMONTID:0004603;CHEMONTID:0000323;CHEMONTID:0001831,Organic compounds;Organic oxygen compounds;Organooxygen compounds;Carbonyl compounds
19150,Carbonyl compounds,0.84,CHEMONTID:0001831,4,CHEMONTID:0000323,CHEMONTID:0000000;CHEMONTID:0004603;CHEMONTID:0000323;CHEMONTID:0001831,Organic compounds;Organic oxygen compounds;Organooxygen compounds;Carbonyl compounds
15795,Carbonyl compounds,1,CHEMONTID:0001831,4,CHEMONTID:0000323,CHEMONTID:0000000;CHEMONTID:0004603;CHEMONTID:0000323;CHEMONTID:0001831,Organic compounds;Organic oxygen compounds;Organooxygen compounds;Carbonyl compounds
17283,Dicarboxylic acids and derivatives,0.9,CHEMONTID:0000346,4,CHEMONTID:0000265,CHEMONTID:0000000;CHEMONTID:0000264;CHEMONTID:0000265;CHEMONTID:0000346,Organic compounds;Organic acids and derivatives;Carboxylic acids and derivatives;Dicarboxylic acids and derivatives
6803,Primary amines,0.92,CHEMONTID:0002450,5,CHEMONTID:0002449,CHEMONTID:0000000;CHEMONTID:0004707;CHEMONTID:0000278;CHEMONTID:0002449;CHEMONTID:0002450,Organic compounds;Organic nitrogen compounds;Organonitrogen compounds;Amines;Primary amines
18970,Alkanolamines,0.8,CHEMONTID:0002460,5,CHEMONTID:0002449,CHEMONTID:0000000;CHEMONTID:0004707;CHEMONTID:0000278;CHEMONTID:0002449;CHEMONTID:0002460,Organic compounds;Organic nitrogen compounds;Organonitrogen compounds;Amines;Alkanolamines
17402,Dialkyl ethers,0.98,CHEMONTID:0001167,5,CHEMONTID:0000254,CHEMONTID:0000000;CHEMONTID:0004603;CHEMONTID:0000323;CHEMONTID:0000254;CHEMONTID:0001167,Organic compounds;Organic oxygen compounds;Organooxygen compounds;Ethers;Dialkyl ethers
4958,Ethers,0.85,CHEMONTID:0000254,4,CHEMONTID:0000323,CHEMONTID:0000000;CHEMONTID:0004603;CHEMONTID:0000323;CHEMONTID:0000254,Organic compounds;Organic oxygen compounds;Organooxygen compounds;Ethers
12326,Carbonyl compounds,0.87,CHEMONTID:0001831,4,CHEMONTID:0000323,CHEMONTID:0000000;CHEMONTID:0004603;CHEMONTID:0000323;CHEMONTID:0001831,Organic compounds;Organic oxygen compounds;Organooxygen compounds;Carbonyl compounds
17414,Amines,0.86,CHEMONTID:0002449,4,CHEMONTID:0000278,CHEMONTID:0000000;CHEMONTID:0004707;CHEMONTID:0000278;CHEMONTID:0002449,Organic compounds;Organic nitrogen compounds;Organonitrogen compounds;Amines
7196,Monoalkylamines,1,CHEMONTID:0000469,6,CHEMONTID:0002450,CHEMONTID:0000000;CHEMONTID:0004707;CHEMONTID:0000278;CHEMONTID:0002449;CHEMONTID:0002450;CHEMONTID:0000469,Organic compounds;Organic nitrogen compounds;Organonitrogen compounds;Amines;Primary amines;Monoalkylamines
3255,Carbonyl compounds,0.97,CHEMONTID:0001831,4,CHEMONTID:0000323,CHEMONTID:0000000;CHEMONTID:0004603;CHEMONTID:0000323;CHEMONTID:0001831,Organic compounds;Organic oxygen compounds;Organooxygen compounds;Carbonyl compounds
18862,Monoalkylamines,0.98,CHEMONTID:0000469,6,CHEMONTID:0002450,CHEMONTID:0000000;CHEMONTID:0004707;CHEMONTID:0000278;CHEMONTID:0002449;CHEMONTID:0002450;CHEMONTID:0000469,Organic compounds;Organic nitrogen compounds;Organonitrogen compounds;Amines;Primary amines;Monoalkylamines
6263,Amines,0.93,CHEMONTID:0002449,4,CHEMONTID:0000278,CHEMONTID:0000000;CHEMONTID:0004707;CHEMONTID:0000278;CHEMONTID:0002449,Organic compounds;Organic nitrogen compounds;Organonitrogen compounds;Amines
12766,Amines,0.86,CHEMONTID:0002449,4,CHEMONTID:0000278,CHEMONTID:0000000;CHEMONTID:0004707;CHEMONTID:0000278;CHEMONTID:0002449,Organic compounds;Organic nitrogen compounds;Organonitrogen compounds;Amines
10740,Dialkyl ethers,1,CHEMONTID:0001167,5,CHEMONTID:0000254,CHEMONTID:0000000;CHEMONTID:0004603;CHEMONTID:0000323;CHEMONTID:0000254;CHEMONTID:0001167,Organic compounds;Organic oxygen compounds;Organooxygen compounds;Ethers;Dialkyl ethers
1232,Carboxylic acid derivatives,0.9,CHEMONTID:0001093,4,CHEMONTID:0000265,CHEMONTID:0000000;CHEMONTID:0000264;CHEMONTID:0000265;CHEMONTID:0001093,Organic compounds;Organic acids and derivatives;Carboxylic acids and derivatives;Carboxylic acid derivatives
11774,Amino acids and derivatives,0.9,CHEMONTID:0000347,5,CHEMONTID:0000013,CHEMONTID:0000000;CHEMONTID:0000264;CHEMONTID:0000265;CHEMONTID:0000013;CHEMONTID:0000347,"Organic compounds;Organic acids and derivatives;Carboxylic acids and derivatives;Amino acids, peptides, and analogues;Amino acids and derivatives"
13282,Carboxylic acid amides,0.96,CHEMONTID:0000475,5,CHEMONTID:0001093,CHEMONTID:0000000;CHEMONTID:0000264;CHEMONTID:0000265;CHEMONTID:0001093;CHEMONTID:0000475,Organic compounds;Organic acids and derivatives;Carboxylic acids and derivatives;Carboxylic acid derivatives;Carboxylic acid amides
13976,Pyrimidines and pyrimidine derivatives,0.99,CHEMONTID:0000075,4,CHEMONTID:0001346,CHEMONTID:0000000;CHEMONTID:0000002;CHEMONTID:0001346;CHEMONTID:0000075,Organic compounds;Organoheterocyclic compounds;Diazines;Pyrimidines and pyrimidine derivatives
11152,Carbonyl compounds,0.81,CHEMONTID:0001831,4,CHEMONTID:0000323,CHEMONTID:0000000;CHEMONTID:0004603;CHEMONTID:0000323;CHEMONTID:0001831,Organic compounds;Organic oxygen compounds;Organooxygen compounds;Carbonyl compounds
3856,Carboxylic acid derivatives,0.93,CHEMONTID:0001093,4,CHEMONTID:0000265,CHEMONTID:0000000;CHEMONTID:0000264;CHEMONTID:0000265;CHEMONTID:0001093,Organic compounds;Organic acids and derivatives;Carboxylic acids and derivatives;Carboxylic acid derivatives
4186,Carbonyl compounds,0.99,CHEMONTID:0001831,4,CHEMONTID:0000323,CHEMONTID:0000000;CHEMONTID:0004603;CHEMONTID:0000323;CHEMONTID:0001831,Organic compounds;Organic oxygen compounds;Organooxygen compounds;Carbonyl compounds
8448,Monocarboxylic acids and derivatives,0.96,CHEMONTID:0001137,4,CHEMONTID:0000265,CHEMONTID:0000000;CHEMONTID:0000264;CHEMONTID:0000265;CHEMONTID:0001137,Organic compounds;Organic acids and derivatives;Carboxylic acids and derivatives;Monocarboxylic acids and derivatives
8403,Carbonyl compounds,0.94,CHEMONTID:0001831,4,CHEMONTID:0000323,CHEMONTID:0000000;CHEMONTID:0004603;CHEMONTID:0000323;CHEMONTID:0001831,Organic compounds;Organic oxygen compounds;Organooxygen compounds;Carbonyl compounds
20477,Carbonyl compounds,1,CHEMONTID:0001831,4,CHEMONTID:0000323,CHEMONTID:0000000;CHEMONTID:0004603;CHEMONTID:0000323;CHEMONTID:0001831,Organic compounds;Organic oxygen compounds;Organooxygen compounds;Carbonyl compounds
9285,Methyl esters,0.88,CHEMONTID:0003416,6,CHEMONTID:0001238,CHEMONTID:0000000;CHEMONTID:0000264;CHEMONTID:0000265;CHEMONTID:0001093;CHEMONTID:0001238;CHEMONTID:0003416,Organic compounds;Organic acids and derivatives;Carboxylic acids and derivatives;Carboxylic acid derivatives;Carboxylic acid esters;Methyl esters
20394,Carbonyl compounds,0.87,CHEMONTID:0001831,4,CHEMONTID:0000323,CHEMONTID:0000000;CHEMONTID:0004603;CHEMONTID:0000323;CHEMONTID:0001831,Organic compounds;Organic oxygen compounds;Organooxygen compounds;Carbonyl compounds
13481,Monocarboxylic acids and derivatives,0.92,CHEMONTID:0001137,4,CHEMONTID:0000265,CHEMONTID:0000000;CHEMONTID:0000264;CHEMONTID:0000265;CHEMONTID:0001137,Organic compounds;Organic acids and derivatives;Carboxylic acids and derivatives;Monocarboxylic acids and derivatives
20514,Carbonyl compounds,1,CHEMONTID:0001831,4,CHEMONTID:0000323,CHEMONTID:0000000;CHEMONTID:0004603;CHEMONTID:0000323;CHEMONTID:0001831,Organic compounds;Organic oxygen compounds;Organooxygen compounds;Carbonyl compounds
20463,Carbonyl compounds,0.95,CHEMONTID:0001831,4,CHEMONTID:0000323,CHEMONTID:0000000;CHEMONTID:0004603;CHEMONTID:0000323;CHEMONTID:0001831,Organic compounds;Organic oxygen compounds;Organooxygen compounds;Carbonyl compounds
8958,Alcohols and polyols,0.95,CHEMONTID:0000129,4,CHEMONTID:0000323,CHEMONTID:0000000;CHEMONTID:0004603;CHEMONTID:0000323;CHEMONTID:0000129,Organic compounds;Organic oxygen compounds;Organooxygen compounds;Alcohols and polyols
15850,Carbonyl compounds,0.92,CHEMONTID:0001831,4,CHEMONTID:0000323,CHEMONTID:0000000;CHEMONTID:0004603;CHEMONTID:0000323;CHEMONTID:0001831,Organic compounds;Organic oxygen compounds;Organooxygen compounds;Carbonyl compounds
2482,Carbonyl compounds,0.98,CHEMONTID:0001831,4,CHEMONTID:0000323,CHEMONTID:0000000;CHEMONTID:0004603;CHEMONTID:0000323;CHEMONTID:0001831,Organic compounds;Organic oxygen compounds;Organooxygen compounds;Carbonyl compounds
3306,Carbonyl compounds,0.96,CHEMONTID:0001831,4,CHEMONTID:0000323,CHEMONTID:0000000;CHEMONTID:0004603;CHEMONTID:0000323;CHEMONTID:0001831,Organic compounds;Organic oxygen compounds;Organooxygen compounds;Carbonyl compounds
9627,Carboxylic acid derivatives,0.98,CHEMONTID:0001093,4,CHEMONTID:0000265,CHEMONTID:0000000;CHEMONTID:0000264;CHEMONTID:0000265;CHEMONTID:0001093,Organic compounds;Organic acids and derivatives;Carboxylic acids and derivatives;Carboxylic acid derivatives
7976,Amines,0.85,CHEMONTID:0002449,4,CHEMONTID:0000278,CHEMONTID:0000000;CHEMONTID:0004707;CHEMONTID:0000278;CHEMONTID:0002449,Organic compounds;Organic nitrogen compounds;Organonitrogen compounds;Amines
2924,Secondary alcohols,0.94,CHEMONTID:0001661,5,CHEMONTID:0000129,CHEMONTID:0000000;CHEMONTID:0004603;CHEMONTID:0000323;CHEMONTID:0000129;CHEMONTID:0001661,Organic compounds;Organic oxygen compounds;Organooxygen compounds;Alcohols and polyols;Secondary alcohols
1588,Ethers,0.92,CHEMONTID:0000254,4,CHEMONTID:0000323,CHEMONTID:0000000;CHEMONTID:0004603;CHEMONTID:0000323;CHEMONTID:0000254,Organic compounds;Organic oxygen compounds;Organooxygen compounds;Ethers
15927,Alkyl phosphates,0.98,CHEMONTID:0003457,5,CHEMONTID:0000408,CHEMONTID:0000000;CHEMONTID:0000264;CHEMONTID:0000402;CHEMONTID:0000408;CHEMONTID:0003457,Organic compounds;Organic acids and derivatives;Organic phosphoric acids and derivatives;Phosphate esters;Alkyl phosphates
13523,Monocarboxylic acids and derivatives,0.91,CHEMONTID:0001137,4,CHEMONTID:0000265,CHEMONTID:0000000;CHEMONTID:0000264;CHEMONTID:0000265;CHEMONTID:0001137,Organic compounds;Organic acids and derivatives;Carboxylic acids and derivatives;Monocarboxylic acids and derivatives
3092,Carbonyl compounds,0.95,CHEMONTID:0001831,4,CHEMONTID:0000323,CHEMONTID:0000000;CHEMONTID:0004603;CHEMONTID:0000323;CHEMONTID:0001831,Organic compounds;Organic oxygen compounds;Organooxygen compounds;Carbonyl compounds
14589,Amines,0.95,CHEMONTID:0002449,4,CHEMONTID:0000278,CHEMONTID:0000000;CHEMONTID:0004707;CHEMONTID:0000278;CHEMONTID:0002449,Organic compounds;Organic nitrogen compounds;Organonitrogen compounds;Amines
1117,Ethers,0.93,CHEMONTID:0000254,4,CHEMONTID:0000323,CHEMONTID:0000000;CHEMONTID:0004603;CHEMONTID:0000323;CHEMONTID:0000254,Organic compounds;Organic oxygen compounds;Organooxygen compounds;Ethers
8637,Carbonyl compounds,0.98,CHEMONTID:0001831,4,CHEMONTID:0000323,CHEMONTID:0000000;CHEMONTID:0004603;CHEMONTID:0000323;CHEMONTID:0001831,Organic compounds;Organic oxygen compounds;Organooxygen compounds;Carbonyl compounds
969,Monoalkylamines,0.83,CHEMONTID:0000469,6,CHEMONTID:0002450,CHEMONTID:0000000;CHEMONTID:0004707;CHEMONTID:0000278;CHEMONTID:0002449;CHEMONTID:0002450;CHEMONTID:0000469,Organic compounds;Organic nitrogen compounds;Organonitrogen compounds;Amines;Primary amines;Monoalkylamines
18629,Carboxylic acid derivatives,1,CHEMONTID:0001093,4,CHEMONTID:0000265,CHEMONTID:0000000;CHEMONTID:0000264;CHEMONTID:0000265;CHEMONTID:0001093,Organic compounds;Organic acids and derivatives;Carboxylic acids and derivatives;Carboxylic acid derivatives
12573,Carboxylic acid derivatives,0.95,CHEMONTID:0001093,4,CHEMONTID:0000265,CHEMONTID:0000000;CHEMONTID:0000264;CHEMONTID:0000265;CHEMONTID:0001093,Organic compounds;Organic acids and derivatives;Carboxylic acids and derivatives;Carboxylic acid derivatives
10678,N-acyl amines,0.89,CHEMONTID:0001096,5,CHEMONTID:0000331,CHEMONTID:0000000;CHEMONTID:0000012;CHEMONTID:0003909;CHEMONTID:0000331;CHEMONTID:0001096,Organic compounds;Lipids and lipid-like molecules;Fatty Acyls;Fatty amides;N-acyl amines
7318,Cyclic alcohols and derivatives,0.82,CHEMONTID:0001292,5,CHEMONTID:0000129,CHEMONTID:0000000;CHEMONTID:0004603;CHEMONTID:0000323;CHEMONTID:0000129;CHEMONTID:0001292,Organic compounds;Organic oxygen compounds;Organooxygen compounds;Alcohols and polyols;Cyclic alcohols and derivatives
9470,Dialkyl ethers,1,CHEMONTID:0001167,5,CHEMONTID:0000254,CHEMONTID:0000000;CHEMONTID:0004603;CHEMONTID:0000323;CHEMONTID:0000254;CHEMONTID:0001167,Organic compounds;Organic oxygen compounds;Organooxygen compounds;Ethers;Dialkyl ethers
6272,Monocarboxylic acids and derivatives,0.92,CHEMONTID:0001137,4,CHEMONTID:0000265,CHEMONTID:0000000;CHEMONTID:0000264;CHEMONTID:0000265;CHEMONTID:0001137,Organic compounds;Organic acids and derivatives;Carboxylic acids and derivatives;Monocarboxylic acids and derivatives
7356,Monoalkylamines,0.98,CHEMONTID:0000469,6,CHEMONTID:0002450,CHEMONTID:0000000;CHEMONTID:0004707;CHEMONTID:0000278;CHEMONTID:0002449;CHEMONTID:0002450;CHEMONTID:0000469,Organic compounds;Organic nitrogen compounds;Organonitrogen compounds;Amines;Primary amines;Monoalkylamines
18964,Monocarboxylic acids and derivatives,0.87,CHEMONTID:0001137,4,CHEMONTID:0000265,CHEMONTID:0000000;CHEMONTID:0000264;CHEMONTID:0000265;CHEMONTID:0001137,Organic compounds;Organic acids and derivatives;Carboxylic acids and derivatives;Monocarboxylic acids and derivatives
5421,"Amino acids, peptides, and analogues",0.97,CHEMONTID:0000013,4,CHEMONTID:0000265,CHEMONTID:0000000;CHEMONTID:0000264;CHEMONTID:0000265;CHEMONTID:0000013,"Organic compounds;Organic acids and derivatives;Carboxylic acids and derivatives;Amino acids, peptides, and analogues"
14296,Monoalkylamines,0.97,CHEMONTID:0000469,6,CHEMONTID:0002450,CHEMONTID:0000000;CHEMONTID:0004707;CHEMONTID:0000278;CHEMONTID:0002449;CHEMONTID:0002450;CHEMONTID:0000469,Organic compounds;Organic nitrogen compounds;Organonitrogen compounds;Amines;Primary amines;Monoalkylamines
977,Carbonyl compounds,0.94,CHEMONTID:0001831,4,CHEMONTID:0000323,CHEMONTID:0000000;CHEMONTID:0004603;CHEMONTID:0000323;CHEMONTID:0001831,Organic compounds;Organic oxygen compounds;Organooxygen compounds;Carbonyl compounds
13298,Carboxylic acid derivatives,0.84,CHEMONTID:0001093,4,CHEMONTID:0000265,CHEMONTID:0000000;CHEMONTID:0000264;CHEMONTID:0000265;CHEMONTID:0001093,Organic compounds;Organic acids and derivatives;Carboxylic acids and derivatives;Carboxylic acid derivatives
19044,Monoalkylamines,0.99,CHEMONTID:0000469,6,CHEMONTID:0002450,CHEMONTID:0000000;CHEMONTID:0004707;CHEMONTID:0000278;CHEMONTID:0002449;CHEMONTID:0002450;CHEMONTID:0000469,Organic compounds;Organic nitrogen compounds;Organonitrogen compounds;Amines;Primary amines;Monoalkylamines
16534,Carbonyl compounds,0.98,CHEMONTID:0001831,4,CHEMONTID:0000323,CHEMONTID:0000000;CHEMONTID:0004603;CHEMONTID:0000323;CHEMONTID:0001831,Organic compounds;Organic oxygen compounds;Organooxygen compounds;Carbonyl compounds
19717,Monoalkylamines,0.99,CHEMONTID:0000469,6,CHEMONTID:0002450,CHEMONTID:0000000;CHEMONTID:0004707;CHEMONTID:0000278;CHEMONTID:0002449;CHEMONTID:0002450;CHEMONTID:0000469,Organic compounds;Organic nitrogen compounds;Organonitrogen compounds;Amines;Primary amines;Monoalkylamines
20171,Primary amines,0.96,CHEMONTID:0002450,5,CHEMONTID:0002449,CHEMONTID:0000000;CHEMONTID:0004707;CHEMONTID:0000278;CHEMONTID:0002449;CHEMONTID:0002450,Organic compounds;Organic nitrogen compounds;Organonitrogen compounds;Amines;Primary amines
16228,Carbonyl compounds,0.81,CHEMONTID:0001831,4,CHEMONTID:0000323,CHEMONTID:0000000;CHEMONTID:0004603;CHEMONTID:0000323;CHEMONTID:0001831,Organic compounds;Organic oxygen compounds;Organooxygen compounds;Carbonyl compounds
3164,Carboxylic acid derivatives,0.99,CHEMONTID:0001093,4,CHEMONTID:0000265,CHEMONTID:0000000;CHEMONTID:0000264;CHEMONTID:0000265;CHEMONTID:0001093,Organic compounds;Organic acids and derivatives;Carboxylic acids and derivatives;Carboxylic acid derivatives
1992,Carbonyl compounds,0.93,CHEMONTID:0001831,4,CHEMONTID:0000323,CHEMONTID:0000000;CHEMONTID:0004603;CHEMONTID:0000323;CHEMONTID:0001831,Organic compounds;Organic oxygen compounds;Organooxygen compounds;Carbonyl compounds
3358,"Amino acids, peptides, and analogues",0.98,CHEMONTID:0000013,4,CHEMONTID:0000265,CHEMONTID:0000000;CHEMONTID:0000264;CHEMONTID:0000265;CHEMONTID:0000013,"Organic compounds;Organic acids and derivatives;Carboxylic acids and derivatives;Amino acids, peptides, and analogues"
2818,Carbonyl compounds,0.87,CHEMONTID:0001831,4,CHEMONTID:0000323,CHEMONTID:0000000;CHEMONTID:0004603;CHEMONTID:0000323;CHEMONTID:0001831,Organic compounds;Organic oxygen compounds;Organooxygen compounds;Carbonyl compounds
5153,Alcohols and polyols,1,CHEMONTID:0000129,4,CHEMONTID:0000323,CHEMONTID:0000000;CHEMONTID:0004603;CHEMONTID:0000323;CHEMONTID:0000129,Organic compounds;Organic oxygen compounds;Organooxygen compounds;Alcohols and polyols
14109,Monoalkylamines,0.99,CHEMONTID:0000469,6,CHEMONTID:0002450,CHEMONTID:0000000;CHEMONTID:0004707;CHEMONTID:0000278;CHEMONTID:0002449;CHEMONTID:0002450;CHEMONTID:0000469,Organic compounds;Organic nitrogen compounds;Organonitrogen compounds;Amines;Primary amines;Monoalkylamines
15554,Monoalkylamines,1,CHEMONTID:0000469,6,CHEMONTID:0002450,CHEMONTID:0000000;CHEMONTID:0004707;CHEMONTID:0000278;CHEMONTID:0002449;CHEMONTID:0002450;CHEMONTID:0000469,Organic compounds;Organic nitrogen compounds;Organonitrogen compounds;Amines;Primary amines;Monoalkylamines
10973,Monoalkylamines,0.94,CHEMONTID:0000469,6,CHEMONTID:0002450,CHEMONTID:0000000;CHEMONTID:0004707;CHEMONTID:0000278;CHEMONTID:0002449;CHEMONTID:0002450;CHEMONTID:0000469,Organic compounds;Organic nitrogen compounds;Organonitrogen compounds;Amines;Primary amines;Monoalkylamines
18157,Carbonyl compounds,0.96,CHEMONTID:0001831,4,CHEMONTID:0000323,CHEMONTID:0000000;CHEMONTID:0004603;CHEMONTID:0000323;CHEMONTID:0001831,Organic compounds;Organic oxygen compounds;Organooxygen compounds;Carbonyl compounds
4288,Carbonyl compounds,0.99,CHEMONTID:0001831,4,CHEMONTID:0000323,CHEMONTID:0000000;CHEMONTID:0004603;CHEMONTID:0000323;CHEMONTID:0001831,Organic compounds;Organic oxygen compounds;Organooxygen compounds;Carbonyl compounds
20167,Carbonyl compounds,0.95,CHEMONTID:0001831,4,CHEMONTID:0000323,CHEMONTID:0000000;CHEMONTID:0004603;CHEMONTID:0000323;CHEMONTID:0001831,Organic compounds;Organic oxygen compounds;Organooxygen compounds;Carbonyl compounds
15151,Carbonyl compounds,0.83,CHEMONTID:0001831,4,CHEMONTID:0000323,CHEMONTID:0000000;CHEMONTID:0004603;CHEMONTID:0000323;CHEMONTID:0001831,Organic compounds;Organic oxygen compounds;Organooxygen compounds;Carbonyl compounds
14236,Primary amines,0.96,CHEMONTID:0002450,5,CHEMONTID:0002449,CHEMONTID:0000000;CHEMONTID:0004707;CHEMONTID:0000278;CHEMONTID:0002449;CHEMONTID:0002450,Organic compounds;Organic nitrogen compounds;Organonitrogen compounds;Amines;Primary amines
13674,Carbonyl compounds,0.93,CHEMONTID:0001831,4,CHEMONTID:0000323,CHEMONTID:0000000;CHEMONTID:0004603;CHEMONTID:0000323;CHEMONTID:0001831,Organic compounds;Organic oxygen compounds;Organooxygen compounds;Carbonyl compounds
7039,Carbonyl compounds,0.98,CHEMONTID:0001831,4,CHEMONTID:0000323,CHEMONTID:0000000;CHEMONTID:0004603;CHEMONTID:0000323;CHEMONTID:0001831,Organic compounds;Organic oxygen compounds;Organooxygen compounds;Carbonyl compounds
3367,Carbonyl compounds,0.89,CHEMONTID:0001831,4,CHEMONTID:0000323,CHEMONTID:0000000;CHEMONTID:0004603;CHEMONTID:0000323;CHEMONTID:0001831,Organic compounds;Organic oxygen compounds;Organooxygen compounds;Carbonyl compounds
16737,6-aminopurines,1,CHEMONTID:0002987,5,CHEMONTID:0000245,CHEMONTID:0000000;CHEMONTID:0000002;CHEMONTID:0001797;CHEMONTID:0000245;CHEMONTID:0002987,Organic compounds;Organoheterocyclic compounds;Imidazopyrimidines;Purines and purine derivatives;6-aminopurines
2296,Amines,0.98,CHEMONTID:0002449,4,CHEMONTID:0000278,CHEMONTID:0000000;CHEMONTID:0004707;CHEMONTID:0000278;CHEMONTID:0002449,Organic compounds;Organic nitrogen compounds;Organonitrogen compounds;Amines
12064,Carbonyl compounds,0.94,CHEMONTID:0001831,4,CHEMONTID:0000323,CHEMONTID:0000000;CHEMONTID:0004603;CHEMONTID:0000323;CHEMONTID:0001831,Organic compounds;Organic oxygen compounds;Organooxygen compounds;Carbonyl compounds
4561,Carbonyl compounds,0.91,CHEMONTID:0001831,4,CHEMONTID:0000323,CHEMONTID:0000000;CHEMONTID:0004603;CHEMONTID:0000323;CHEMONTID:0001831,Organic compounds;Organic oxygen compounds;Organooxygen compounds;Carbonyl compounds
8750,Carbonyl compounds,0.8,CHEMONTID:0001831,4,CHEMONTID:0000323,CHEMONTID:0000000;CHEMONTID:0004603;CHEMONTID:0000323;CHEMONTID:0001831,Organic compounds;Organic oxygen compounds;Organooxygen compounds;Carbonyl compounds
12625,Carboxylic acid derivatives,0.99,CHEMONTID:0001093,4,CHEMONTID:0000265,CHEMONTID:0000000;CHEMONTID:0000264;CHEMONTID:0000265;CHEMONTID:0001093,Organic compounds;Organic acids and derivatives;Carboxylic acids and derivatives;Carboxylic acid derivatives
1458,Carboxylic acid derivatives,0.81,CHEMONTID:0001093,4,CHEMONTID:0000265,CHEMONTID:0000000;CHEMONTID:0000264;CHEMONTID:0000265;CHEMONTID:0001093,Organic compounds;Organic acids and derivatives;Carboxylic acids and derivatives;Carboxylic acid derivatives
6303,Carbonyl compounds,0.96,CHEMONTID:0001831,4,CHEMONTID:0000323,CHEMONTID:0000000;CHEMONTID:0004603;CHEMONTID:0000323;CHEMONTID:0001831,Organic compounds;Organic oxygen compounds;Organooxygen compounds;Carbonyl compounds
19469,Carbohydrates and carbohydrate conjugates,0.97,CHEMONTID:0000011,4,CHEMONTID:0000323,CHEMONTID:0000000;CHEMONTID:0004603;CHEMONTID:0000323;CHEMONTID:0000011,Organic compounds;Organic oxygen compounds;Organooxygen compounds;Carbohydrates and carbohydrate conjugates
10269,Carboxylic acid derivatives,0.99,CHEMONTID:0001093,4,CHEMONTID:0000265,CHEMONTID:0000000;CHEMONTID:0000264;CHEMONTID:0000265;CHEMONTID:0001093,Organic compounds;Organic acids and derivatives;Carboxylic acids and derivatives;Carboxylic acid derivatives
1828,Monoalkylamines,0.97,CHEMONTID:0000469,6,CHEMONTID:0002450,CHEMONTID:0000000;CHEMONTID:0004707;CHEMONTID:0000278;CHEMONTID:0002449;CHEMONTID:0002450;CHEMONTID:0000469,Organic compounds;Organic nitrogen compounds;Organonitrogen compounds;Amines;Primary amines;Monoalkylamines
17059,Carboxylic acid derivatives,0.99,CHEMONTID:0001093,4,CHEMONTID:0000265,CHEMONTID:0000000;CHEMONTID:0000264;CHEMONTID:0000265;CHEMONTID:0001093,Organic compounds;Organic acids and derivatives;Carboxylic acids and derivatives;Carboxylic acid derivatives
5372,Amines,0.86,CHEMONTID:0002449,4,CHEMONTID:0000278,CHEMONTID:0000000;CHEMONTID:0004707;CHEMONTID:0000278;CHEMONTID:0002449,Organic compounds;Organic nitrogen compounds;Organonitrogen compounds;Amines
8601,Carbonyl compounds,0.97,CHEMONTID:0001831,4,CHEMONTID:0000323,CHEMONTID:0000000;CHEMONTID:0004603;CHEMONTID:0000323;CHEMONTID:0001831,Organic compounds;Organic oxygen compounds;Organooxygen compounds;Carbonyl compounds
11887,Amino acids and derivatives,0.89,CHEMONTID:0000347,5,CHEMONTID:0000013,CHEMONTID:0000000;CHEMONTID:0000264;CHEMONTID:0000265;CHEMONTID:0000013;CHEMONTID:0000347,"Organic compounds;Organic acids and derivatives;Carboxylic acids and derivatives;Amino acids, peptides, and analogues;Amino acids and derivatives"
19546,Carbonyl compounds,0.9,CHEMONTID:0001831,4,CHEMONTID:0000323,CHEMONTID:0000000;CHEMONTID:0004603;CHEMONTID:0000323;CHEMONTID:0001831,Organic compounds;Organic oxygen compounds;Organooxygen compounds;Carbonyl compounds
4529,Carbohydrates and carbohydrate conjugates,0.94,CHEMONTID:0000011,4,CHEMONTID:0000323,CHEMONTID:0000000;CHEMONTID:0004603;CHEMONTID:0000323;CHEMONTID:0000011,Organic compounds;Organic oxygen compounds;Organooxygen compounds;Carbohydrates and carbohydrate conjugates
16822,Diradylglycerols,1,CHEMONTID:0003809,4,CHEMONTID:0000175,CHEMONTID:0000000;CHEMONTID:0000012;CHEMONTID:0000175;CHEMONTID:0003809,Organic compounds;Lipids and lipid-like molecules;Glycerolipids;Diradylglycerols
12246,Ethers,0.93,CHEMONTID:0000254,4,CHEMONTID:0000323,CHEMONTID:0000000;CHEMONTID:0004603;CHEMONTID:0000323;CHEMONTID:0000254,Organic compounds;Organic oxygen compounds;Organooxygen compounds;Ethers
5883,Dialkyl ethers,0.93,CHEMONTID:0001167,5,CHEMONTID:0000254,CHEMONTID:0000000;CHEMONTID:0004603;CHEMONTID:0000323;CHEMONTID:0000254;CHEMONTID:0001167,Organic compounds;Organic oxygen compounds;Organooxygen compounds;Ethers;Dialkyl ethers
20384,Amines,0.94,CHEMONTID:0002449,4,CHEMONTID:0000278,CHEMONTID:0000000;CHEMONTID:0004707;CHEMONTID:0000278;CHEMONTID:0002449,Organic compounds;Organic nitrogen compounds;Organonitrogen compounds;Amines
4100,Carbonyl compounds,0.99,CHEMONTID:0001831,4,CHEMONTID:0000323,CHEMONTID:0000000;CHEMONTID:0004603;CHEMONTID:0000323;CHEMONTID:0001831,Organic compounds;Organic oxygen compounds;Organooxygen compounds;Carbonyl compounds
7291,Alcohols and polyols,0.99,CHEMONTID:0000129,4,CHEMONTID:0000323,CHEMONTID:0000000;CHEMONTID:0004603;CHEMONTID:0000323;CHEMONTID:0000129,Organic compounds;Organic oxygen compounds;Organooxygen compounds;Alcohols and polyols
7317,Amines,0.99,CHEMONTID:0002449,4,CHEMONTID:0000278,CHEMONTID:0000000;CHEMONTID:0004707;CHEMONTID:0000278;CHEMONTID:0002449,Organic compounds;Organic nitrogen compounds;Organonitrogen compounds;Amines
20351,Secondary alcohols,0.99,CHEMONTID:0001661,5,CHEMONTID:0000129,CHEMONTID:0000000;CHEMONTID:0004603;CHEMONTID:0000323;CHEMONTID:0000129;CHEMONTID:0001661,Organic compounds;Organic oxygen compounds;Organooxygen compounds;Alcohols and polyols;Secondary alcohols
4692,Carboxylic acid derivatives,0.91,CHEMONTID:0001093,4,CHEMONTID:0000265,CHEMONTID:0000000;CHEMONTID:0000264;CHEMONTID:0000265;CHEMONTID:0001093,Organic compounds;Organic acids and derivatives;Carboxylic acids and derivatives;Carboxylic acid derivatives
13292,Carbonyl compounds,0.91,CHEMONTID:0001831,4,CHEMONTID:0000323,CHEMONTID:0000000;CHEMONTID:0004603;CHEMONTID:0000323;CHEMONTID:0001831,Organic compounds;Organic oxygen compounds;Organooxygen compounds;Carbonyl compounds
3419,Carbonyl compounds,0.96,CHEMONTID:0001831,4,CHEMONTID:0000323,CHEMONTID:0000000;CHEMONTID:0004603;CHEMONTID:0000323;CHEMONTID:0001831,Organic compounds;Organic oxygen compounds;Organooxygen compounds;Carbonyl compounds
11565,Amines,0.89,CHEMONTID:0002449,4,CHEMONTID:0000278,CHEMONTID:0000000;CHEMONTID:0004707;CHEMONTID:0000278;CHEMONTID:0002449,Organic compounds;Organic nitrogen compounds;Organonitrogen compounds;Amines
5826,Primary amines,1,CHEMONTID:0002450,5,CHEMONTID:0002449,CHEMONTID:0000000;CHEMONTID:0004707;CHEMONTID:0000278;CHEMONTID:0002449;CHEMONTID:0002450,Organic compounds;Organic nitrogen compounds;Organonitrogen compounds;Amines;Primary amines
16905,Alcohols and polyols,0.98,CHEMONTID:0000129,4,CHEMONTID:0000323,CHEMONTID:0000000;CHEMONTID:0004603;CHEMONTID:0000323;CHEMONTID:0000129,Organic compounds;Organic oxygen compounds;Organooxygen compounds;Alcohols and polyols
12776,Amines,1,CHEMONTID:0002449,4,CHEMONTID:0000278,CHEMONTID:0000000;CHEMONTID:0004707;CHEMONTID:0000278;CHEMONTID:0002449,Organic compounds;Organic nitrogen compounds;Organonitrogen compounds;Amines
7588,Amines,0.9,CHEMONTID:0002449,4,CHEMONTID:0000278,CHEMONTID:0000000;CHEMONTID:0004707;CHEMONTID:0000278;CHEMONTID:0002449,Organic compounds;Organic nitrogen compounds;Organonitrogen compounds;Amines
864,Alcohols and polyols,0.98,CHEMONTID:0000129,4,CHEMONTID:0000323,CHEMONTID:0000000;CHEMONTID:0004603;CHEMONTID:0000323;CHEMONTID:0000129,Organic compounds;Organic oxygen compounds;Organooxygen compounds;Alcohols and polyols
8127,Carbonyl compounds,1,CHEMONTID:0001831,4,CHEMONTID:0000323,CHEMONTID:0000000;CHEMONTID:0004603;CHEMONTID:0000323;CHEMONTID:0001831,Organic compounds;Organic oxygen compounds;Organooxygen compounds;Carbonyl compounds
16405,Amines,0.99,CHEMONTID:0002449,4,CHEMONTID:0000278,CHEMONTID:0000000;CHEMONTID:0004707;CHEMONTID:0000278;CHEMONTID:0002449,Organic compounds;Organic nitrogen compounds;Organonitrogen compounds;Amines
10954,Carboxylic acid derivatives,0.94,CHEMONTID:0001093,4,CHEMONTID:0000265,CHEMONTID:0000000;CHEMONTID:0000264;CHEMONTID:0000265;CHEMONTID:0001093,Organic compounds;Organic acids and derivatives;Carboxylic acids and derivatives;Carboxylic acid derivatives
16887,Carboxylic acid derivatives,1,CHEMONTID:0001093,4,CHEMONTID:0000265,CHEMONTID:0000000;CHEMONTID:0000264;CHEMONTID:0000265;CHEMONTID:0001093,Organic compounds;Organic acids and derivatives;Carboxylic acids and derivatives;Carboxylic acid derivatives
14819,Dialkyl phosphates,1,CHEMONTID:0003459,6,CHEMONTID:0003457,CHEMONTID:0000000;CHEMONTID:0000264;CHEMONTID:0000402;CHEMONTID:0000408;CHEMONTID:0003457;CHEMONTID:0003459,Organic compounds;Organic acids and derivatives;Organic phosphoric acids and derivatives;Phosphate esters;Alkyl phosphates;Dialkyl phosphates
10634,Primary amines,0.99,CHEMONTID:0002450,5,CHEMONTID:0002449,CHEMONTID:0000000;CHEMONTID:0004707;CHEMONTID:0000278;CHEMONTID:0002449;CHEMONTID:0002450,Organic compounds;Organic nitrogen compounds;Organonitrogen compounds;Amines;Primary amines
7599,Carboxylic acid derivatives,0.94,CHEMONTID:0001093,4,CHEMONTID:0000265,CHEMONTID:0000000;CHEMONTID:0000264;CHEMONTID:0000265;CHEMONTID:0001093,Organic compounds;Organic acids and derivatives;Carboxylic acids and derivatives;Carboxylic acid derivatives
20036,Amino acids,0.84,CHEMONTID:0004176,6,CHEMONTID:0000347,CHEMONTID:0000000;CHEMONTID:0000264;CHEMONTID:0000265;CHEMONTID:0000013;CHEMONTID:0000347;CHEMONTID:0004176,"Organic compounds;Organic acids and derivatives;Carboxylic acids and derivatives;Amino acids, peptides, and analogues;Amino acids and derivatives;Amino acids"
4073,Carbonyl compounds,0.91,CHEMONTID:0001831,4,CHEMONTID:0000323,CHEMONTID:0000000;CHEMONTID:0004603;CHEMONTID:0000323;CHEMONTID:0001831,Organic compounds;Organic oxygen compounds;Organooxygen compounds;Carbonyl compounds
6748,Carbonyl compounds,0.83,CHEMONTID:0001831,4,CHEMONTID:0000323,CHEMONTID:0000000;CHEMONTID:0004603;CHEMONTID:0000323;CHEMONTID:0001831,Organic compounds;Organic oxygen compounds;Organooxygen compounds;Carbonyl compounds
11941,Carbonyl compounds,0.88,CHEMONTID:0001831,4,CHEMONTID:0000323,CHEMONTID:0000000;CHEMONTID:0004603;CHEMONTID:0000323;CHEMONTID:0001831,Organic compounds;Organic oxygen compounds;Organooxygen compounds;Carbonyl compounds
11282,Carbonyl compounds,0.95,CHEMONTID:0001831,4,CHEMONTID:0000323,CHEMONTID:0000000;CHEMONTID:0004603;CHEMONTID:0000323;CHEMONTID:0001831,Organic compounds;Organic oxygen compounds;Organooxygen compounds;Carbonyl compounds
10180,Carbonyl compounds,0.93,CHEMONTID:0001831,4,CHEMONTID:0000323,CHEMONTID:0000000;CHEMONTID:0004603;CHEMONTID:0000323;CHEMONTID:0001831,Organic compounds;Organic oxygen compounds;Organooxygen compounds;Carbonyl compounds
6389,Carbonyl compounds,0.84,CHEMONTID:0001831,4,CHEMONTID:0000323,CHEMONTID:0000000;CHEMONTID:0004603;CHEMONTID:0000323;CHEMONTID:0001831,Organic compounds;Organic oxygen compounds;Organooxygen compounds;Carbonyl compounds
17104,Carbonyl compounds,0.81,CHEMONTID:0001831,4,CHEMONTID:0000323,CHEMONTID:0000000;CHEMONTID:0004603;CHEMONTID:0000323;CHEMONTID:0001831,Organic compounds;Organic oxygen compounds;Organooxygen compounds;Carbonyl compounds
4312,Secondary alcohols,0.92,CHEMONTID:0001661,5,CHEMONTID:0000129,CHEMONTID:0000000;CHEMONTID:0004603;CHEMONTID:0000323;CHEMONTID:0000129;CHEMONTID:0001661,Organic compounds;Organic oxygen compounds;Organooxygen compounds;Alcohols and polyols;Secondary alcohols
12563,Carboxylic acid derivatives,0.98,CHEMONTID:0001093,4,CHEMONTID:0000265,CHEMONTID:0000000;CHEMONTID:0000264;CHEMONTID:0000265;CHEMONTID:0001093,Organic compounds;Organic acids and derivatives;Carboxylic acids and derivatives;Carboxylic acid derivatives
19724,Amines,0.87,CHEMONTID:0002449,4,CHEMONTID:0000278,CHEMONTID:0000000;CHEMONTID:0004707;CHEMONTID:0000278;CHEMONTID:0002449,Organic compounds;Organic nitrogen compounds;Organonitrogen compounds;Amines
8228,Monoalkylamines,1,CHEMONTID:0000469,6,CHEMONTID:0002450,CHEMONTID:0000000;CHEMONTID:0004707;CHEMONTID:0000278;CHEMONTID:0002449;CHEMONTID:0002450;CHEMONTID:0000469,Organic compounds;Organic nitrogen compounds;Organonitrogen compounds;Amines;Primary amines;Monoalkylamines
7489,Carbonyl compounds,0.99,CHEMONTID:0001831,4,CHEMONTID:0000323,CHEMONTID:0000000;CHEMONTID:0004603;CHEMONTID:0000323;CHEMONTID:0001831,Organic compounds;Organic oxygen compounds;Organooxygen compounds;Carbonyl compounds
12430,Carbonyl compounds,0.99,CHEMONTID:0001831,4,CHEMONTID:0000323,CHEMONTID:0000000;CHEMONTID:0004603;CHEMONTID:0000323;CHEMONTID:0001831,Organic compounds;Organic oxygen compounds;Organooxygen compounds;Carbonyl compounds
523,Alcohols and polyols,0.99,CHEMONTID:0000129,4,CHEMONTID:0000323,CHEMONTID:0000000;CHEMONTID:0004603;CHEMONTID:0000323;CHEMONTID:0000129,Organic compounds;Organic oxygen compounds;Organooxygen compounds;Alcohols and polyols
4111,Monoalkylamines,0.99,CHEMONTID:0000469,6,CHEMONTID:0002450,CHEMONTID:0000000;CHEMONTID:0004707;CHEMONTID:0000278;CHEMONTID:0002449;CHEMONTID:0002450;CHEMONTID:0000469,Organic compounds;Organic nitrogen compounds;Organonitrogen compounds;Amines;Primary amines;Monoalkylamines
7280,Alcohols and polyols,0.94,CHEMONTID:0000129,4,CHEMONTID:0000323,CHEMONTID:0000000;CHEMONTID:0004603;CHEMONTID:0000323;CHEMONTID:0000129,Organic compounds;Organic oxygen compounds;Organooxygen compounds;Alcohols and polyols
11571,Carbonyl compounds,0.98,CHEMONTID:0001831,4,CHEMONTID:0000323,CHEMONTID:0000000;CHEMONTID:0004603;CHEMONTID:0000323;CHEMONTID:0001831,Organic compounds;Organic oxygen compounds;Organooxygen compounds;Carbonyl compounds
13692,Monocarboxylic acids and derivatives,0.94,CHEMONTID:0001137,4,CHEMONTID:0000265,CHEMONTID:0000000;CHEMONTID:0000264;CHEMONTID:0000265;CHEMONTID:0001137,Organic compounds;Organic acids and derivatives;Carboxylic acids and derivatives;Monocarboxylic acids and derivatives
7633,Alcohols and polyols,0.97,CHEMONTID:0000129,4,CHEMONTID:0000323,CHEMONTID:0000000;CHEMONTID:0004603;CHEMONTID:0000323;CHEMONTID:0000129,Organic compounds;Organic oxygen compounds;Organooxygen compounds;Alcohols and polyols
12082,Ethers,0.93,CHEMONTID:0000254,4,CHEMONTID:0000323,CHEMONTID:0000000;CHEMONTID:0004603;CHEMONTID:0000323;CHEMONTID:0000254,Organic compounds;Organic oxygen compounds;Organooxygen compounds;Ethers
20445,Carboxylic acid derivatives,0.89,CHEMONTID:0001093,4,CHEMONTID:0000265,CHEMONTID:0000000;CHEMONTID:0000264;CHEMONTID:0000265;CHEMONTID:0001093,Organic compounds;Organic acids and derivatives;Carboxylic acids and derivatives;Carboxylic acid derivatives
6851,Purines and purine derivatives,0.8,CHEMONTID:0000245,4,CHEMONTID:0001797,CHEMONTID:0000000;CHEMONTID:0000002;CHEMONTID:0001797;CHEMONTID:0000245,Organic compounds;Organoheterocyclic compounds;Imidazopyrimidines;Purines and purine derivatives
2434,Carbonyl compounds,0.85,CHEMONTID:0001831,4,CHEMONTID:0000323,CHEMONTID:0000000;CHEMONTID:0004603;CHEMONTID:0000323;CHEMONTID:0001831,Organic compounds;Organic oxygen compounds;Organooxygen compounds;Carbonyl compounds
12012,Ethers,0.83,CHEMONTID:0000254,4,CHEMONTID:0000323,CHEMONTID:0000000;CHEMONTID:0004603;CHEMONTID:0000323;CHEMONTID:0000254,Organic compounds;Organic oxygen compounds;Organooxygen compounds;Ethers
7686,Carbonyl compounds,0.95,CHEMONTID:0001831,4,CHEMONTID:0000323,CHEMONTID:0000000;CHEMONTID:0004603;CHEMONTID:0000323;CHEMONTID:0001831,Organic compounds;Organic oxygen compounds;Organooxygen compounds;Carbonyl compounds
13378,Carbonyl compounds,0.94,CHEMONTID:0001831,4,CHEMONTID:0000323,CHEMONTID:0000000;CHEMONTID:0004603;CHEMONTID:0000323;CHEMONTID:0001831,Organic compounds;Organic oxygen compounds;Organooxygen compounds;Carbonyl compounds
18506,Trialkylamines,0.82,CHEMONTID:0002239,6,CHEMONTID:0002452,CHEMONTID:0000000;CHEMONTID:0004707;CHEMONTID:0000278;CHEMONTID:0002449;CHEMONTID:0002452;CHEMONTID:0002239,Organic compounds;Organic nitrogen compounds;Organonitrogen compounds;Amines;Tertiary amines;Trialkylamines
14497,Carbonyl compounds,0.92,CHEMONTID:0001831,4,CHEMONTID:0000323,CHEMONTID:0000000;CHEMONTID:0004603;CHEMONTID:0000323;CHEMONTID:0001831,Organic compounds;Organic oxygen compounds;Organooxygen compounds;Carbonyl compounds
12427,Carbonyl compounds,0.97,CHEMONTID:0001831,4,CHEMONTID:0000323,CHEMONTID:0000000;CHEMONTID:0004603;CHEMONTID:0000323;CHEMONTID:0001831,Organic compounds;Organic oxygen compounds;Organooxygen compounds;Carbonyl compounds
5363,Carboxylic acid derivatives,0.96,CHEMONTID:0001093,4,CHEMONTID:0000265,CHEMONTID:0000000;CHEMONTID:0000264;CHEMONTID:0000265;CHEMONTID:0001093,Organic compounds;Organic acids and derivatives;Carboxylic acids and derivatives;Carboxylic acid derivatives
4773,Carbonyl compounds,0.99,CHEMONTID:0001831,4,CHEMONTID:0000323,CHEMONTID:0000000;CHEMONTID:0004603;CHEMONTID:0000323;CHEMONTID:0001831,Organic compounds;Organic oxygen compounds;Organooxygen compounds;Carbonyl compounds
15042,Purines and purine derivatives,1,CHEMONTID:0000245,4,CHEMONTID:0001797,CHEMONTID:0000000;CHEMONTID:0000002;CHEMONTID:0001797;CHEMONTID:0000245,Organic compounds;Organoheterocyclic compounds;Imidazopyrimidines;Purines and purine derivatives
1521,Alcohols and polyols,0.9,CHEMONTID:0000129,4,CHEMONTID:0000323,CHEMONTID:0000000;CHEMONTID:0004603;CHEMONTID:0000323;CHEMONTID:0000129,Organic compounds;Organic oxygen compounds;Organooxygen compounds;Alcohols and polyols
17061,Monocarboxylic acids and derivatives,0.82,CHEMONTID:0001137,4,CHEMONTID:0000265,CHEMONTID:0000000;CHEMONTID:0000264;CHEMONTID:0000265;CHEMONTID:0001137,Organic compounds;Organic acids and derivatives;Carboxylic acids and derivatives;Monocarboxylic acids and derivatives
20433,Carboxylic acid derivatives,0.96,CHEMONTID:0001093,4,CHEMONTID:0000265,CHEMONTID:0000000;CHEMONTID:0000264;CHEMONTID:0000265;CHEMONTID:0001093,Organic compounds;Organic acids and derivatives;Carboxylic acids and derivatives;Carboxylic acid derivatives
2206,Purines and purine derivatives,0.97,CHEMONTID:0000245,4,CHEMONTID:0001797,CHEMONTID:0000000;CHEMONTID:0000002;CHEMONTID:0001797;CHEMONTID:0000245,Organic compounds;Organoheterocyclic compounds;Imidazopyrimidines;Purines and purine derivatives
15894,Carbohydrates and carbohydrate conjugates,1,CHEMONTID:0000011,4,CHEMONTID:0000323,CHEMONTID:0000000;CHEMONTID:0004603;CHEMONTID:0000323;CHEMONTID:0000011,Organic compounds;Organic oxygen compounds;Organooxygen compounds;Carbohydrates and carbohydrate conjugates
2133,"Amino acids, peptides, and analogues",0.91,CHEMONTID:0000013,4,CHEMONTID:0000265,CHEMONTID:0000000;CHEMONTID:0000264;CHEMONTID:0000265;CHEMONTID:0000013,"Organic compounds;Organic acids and derivatives;Carboxylic acids and derivatives;Amino acids, peptides, and analogues"
4570,Alkyl phosphates,1,CHEMONTID:0003457,5,CHEMONTID:0000408,CHEMONTID:0000000;CHEMONTID:0000264;CHEMONTID:0000402;CHEMONTID:0000408;CHEMONTID:0003457,Organic compounds;Organic acids and derivatives;Organic phosphoric acids and derivatives;Phosphate esters;Alkyl phosphates
4935,Carbonyl compounds,0.9,CHEMONTID:0001831,4,CHEMONTID:0000323,CHEMONTID:0000000;CHEMONTID:0004603;CHEMONTID:0000323;CHEMONTID:0001831,Organic compounds;Organic oxygen compounds;Organooxygen compounds;Carbonyl compounds
19639,Primary amines,0.94,CHEMONTID:0002450,5,CHEMONTID:0002449,CHEMONTID:0000000;CHEMONTID:0004707;CHEMONTID:0000278;CHEMONTID:0002449;CHEMONTID:0002450,Organic compounds;Organic nitrogen compounds;Organonitrogen compounds;Amines;Primary amines
12594,Carbonyl compounds,0.9,CHEMONTID:0001831,4,CHEMONTID:0000323,CHEMONTID:0000000;CHEMONTID:0004603;CHEMONTID:0000323;CHEMONTID:0001831,Organic compounds;Organic oxygen compounds;Organooxygen compounds;Carbonyl compounds
5631,Carbonyl compounds,0.97,CHEMONTID:0001831,4,CHEMONTID:0000323,CHEMONTID:0000000;CHEMONTID:0004603;CHEMONTID:0000323;CHEMONTID:0001831,Organic compounds;Organic oxygen compounds;Organooxygen compounds;Carbonyl compounds
14365,Monoalkylamines,0.98,CHEMONTID:0000469,6,CHEMONTID:0002450,CHEMONTID:0000000;CHEMONTID:0004707;CHEMONTID:0000278;CHEMONTID:0002449;CHEMONTID:0002450;CHEMONTID:0000469,Organic compounds;Organic nitrogen compounds;Organonitrogen compounds;Amines;Primary amines;Monoalkylamines
12202,"Amino acids, peptides, and analogues",0.93,CHEMONTID:0000013,4,CHEMONTID:0000265,CHEMONTID:0000000;CHEMONTID:0000264;CHEMONTID:0000265;CHEMONTID:0000013,"Organic compounds;Organic acids and derivatives;Carboxylic acids and derivatives;Amino acids, peptides, and analogues"
2056,Alcohols and polyols,0.98,CHEMONTID:0000129,4,CHEMONTID:0000323,CHEMONTID:0000000;CHEMONTID:0004603;CHEMONTID:0000323;CHEMONTID:0000129,Organic compounds;Organic oxygen compounds;Organooxygen compounds;Alcohols and polyols
12214,Amines,0.95,CHEMONTID:0002449,4,CHEMONTID:0000278,CHEMONTID:0000000;CHEMONTID:0004707;CHEMONTID:0000278;CHEMONTID:0002449,Organic compounds;Organic nitrogen compounds;Organonitrogen compounds;Amines
4012,Amines,0.98,CHEMONTID:0002449,4,CHEMONTID:0000278,CHEMONTID:0000000;CHEMONTID:0004707;CHEMONTID:0000278;CHEMONTID:0002449,Organic compounds;Organic nitrogen compounds;Organonitrogen compounds;Amines
17598,Primary amines,0.8,CHEMONTID:0002450,5,CHEMONTID:0002449,CHEMONTID:0000000;CHEMONTID:0004707;CHEMONTID:0000278;CHEMONTID:0002449;CHEMONTID:0002450,Organic compounds;Organic nitrogen compounds;Organonitrogen compounds;Amines;Primary amines
7901,Carboxylic acid derivatives,0.85,CHEMONTID:0001093,4,CHEMONTID:0000265,CHEMONTID:0000000;CHEMONTID:0000264;CHEMONTID:0000265;CHEMONTID:0001093,Organic compounds;Organic acids and derivatives;Carboxylic acids and derivatives;Carboxylic acid derivatives
16783,Phosphate esters,0.99,CHEMONTID:0000408,4,CHEMONTID:0000402,CHEMONTID:0000000;CHEMONTID:0000264;CHEMONTID:0000402;CHEMONTID:0000408,Organic compounds;Organic acids and derivatives;Organic phosphoric acids and derivatives;Phosphate esters
18899,Monoalkylamines,0.88,CHEMONTID:0000469,6,CHEMONTID:0002450,CHEMONTID:0000000;CHEMONTID:0004707;CHEMONTID:0000278;CHEMONTID:0002449;CHEMONTID:0002450;CHEMONTID:0000469,Organic compounds;Organic nitrogen compounds;Organonitrogen compounds;Amines;Primary amines;Monoalkylamines
1449,Alcohols and polyols,0.95,CHEMONTID:0000129,4,CHEMONTID:0000323,CHEMONTID:0000000;CHEMONTID:0004603;CHEMONTID:0000323;CHEMONTID:0000129,Organic compounds;Organic oxygen compounds;Organooxygen compounds;Alcohols and polyols
8368,Primary amines,0.94,CHEMONTID:0002450,5,CHEMONTID:0002449,CHEMONTID:0000000;CHEMONTID:0004707;CHEMONTID:0000278;CHEMONTID:0002449;CHEMONTID:0002450,Organic compounds;Organic nitrogen compounds;Organonitrogen compounds;Amines;Primary amines
5964,Carbonyl compounds,0.99,CHEMONTID:0001831,4,CHEMONTID:0000323,CHEMONTID:0000000;CHEMONTID:0004603;CHEMONTID:0000323;CHEMONTID:0001831,Organic compounds;Organic oxygen compounds;Organooxygen compounds;Carbonyl compounds
17398,Monoalkylamines,0.97,CHEMONTID:0000469,6,CHEMONTID:0002450,CHEMONTID:0000000;CHEMONTID:0004707;CHEMONTID:0000278;CHEMONTID:0002449;CHEMONTID:0002450;CHEMONTID:0000469,Organic compounds;Organic nitrogen compounds;Organonitrogen compounds;Amines;Primary amines;Monoalkylamines
15466,N-acyl-alpha amino acids and derivatives,1,CHEMONTID:0001189,7,CHEMONTID:0000060,CHEMONTID:0000000;CHEMONTID:0000264;CHEMONTID:0000265;CHEMONTID:0000013;CHEMONTID:0000347;CHEMONTID:0000060;CHEMONTID:0001189,"Organic compounds;Organic acids and derivatives;Carboxylic acids and derivatives;Amino acids, peptides, and analogues;Amino acids and derivatives;Alpha amino acids and derivatives;N-acyl-alpha amino acids and derivatives"
17170,Carbonyl compounds,0.92,CHEMONTID:0001831,4,CHEMONTID:0000323,CHEMONTID:0000000;CHEMONTID:0004603;CHEMONTID:0000323;CHEMONTID:0001831,Organic compounds;Organic oxygen compounds;Organooxygen compounds;Carbonyl compounds
8887,Ethers,0.93,CHEMONTID:0000254,4,CHEMONTID:0000323,CHEMONTID:0000000;CHEMONTID:0004603;CHEMONTID:0000323;CHEMONTID:0000254,Organic compounds;Organic oxygen compounds;Organooxygen compounds;Ethers
838,Primary amines,0.94,CHEMONTID:0002450,5,CHEMONTID:0002449,CHEMONTID:0000000;CHEMONTID:0004707;CHEMONTID:0000278;CHEMONTID:0002449;CHEMONTID:0002450,Organic compounds;Organic nitrogen compounds;Organonitrogen compounds;Amines;Primary amines
13269,Carbonyl compounds,0.87,CHEMONTID:0001831,4,CHEMONTID:0000323,CHEMONTID:0000000;CHEMONTID:0004603;CHEMONTID:0000323;CHEMONTID:0001831,Organic compounds;Organic oxygen compounds;Organooxygen compounds;Carbonyl compounds
20077,Carbonyl compounds,0.99,CHEMONTID:0001831,4,CHEMONTID:0000323,CHEMONTID:0000000;CHEMONTID:0004603;CHEMONTID:0000323;CHEMONTID:0001831,Organic compounds;Organic oxygen compounds;Organooxygen compounds;Carbonyl compounds
10508,Carbonyl compounds,0.99,CHEMONTID:0001831,4,CHEMONTID:0000323,CHEMONTID:0000000;CHEMONTID:0004603;CHEMONTID:0000323;CHEMONTID:0001831,Organic compounds;Organic oxygen compounds;Organooxygen compounds;Carbonyl compounds
14770,Amines,0.97,CHEMONTID:0002449,4,CHEMONTID:0000278,CHEMONTID:0000000;CHEMONTID:0004707;CHEMONTID:0000278;CHEMONTID:0002449,Organic compounds;Organic nitrogen compounds;Organonitrogen compounds;Amines
9668,Primary amines,0.99,CHEMONTID:0002450,5,CHEMONTID:0002449,CHEMONTID:0000000;CHEMONTID:0004707;CHEMONTID:0000278;CHEMONTID:0002449;CHEMONTID:0002450,Organic compounds;Organic nitrogen compounds;Organonitrogen compounds;Amines;Primary amines
5001,Carbonyl compounds,0.97,CHEMONTID:0001831,4,CHEMONTID:0000323,CHEMONTID:0000000;CHEMONTID:0004603;CHEMONTID:0000323;CHEMONTID:0001831,Organic compounds;Organic oxygen compounds;Organooxygen compounds;Carbonyl compounds
11900,Amines,0.96,CHEMONTID:0002449,4,CHEMONTID:0000278,CHEMONTID:0000000;CHEMONTID:0004707;CHEMONTID:0000278;CHEMONTID:0002449,Organic compounds;Organic nitrogen compounds;Organonitrogen compounds;Amines
17422,Carbonyl compounds,0.85,CHEMONTID:0001831,4,CHEMONTID:0000323,CHEMONTID:0000000;CHEMONTID:0004603;CHEMONTID:0000323;CHEMONTID:0001831,Organic compounds;Organic oxygen compounds;Organooxygen compounds;Carbonyl compounds
5049,Carboxylic acid derivatives,0.92,CHEMONTID:0001093,4,CHEMONTID:0000265,CHEMONTID:0000000;CHEMONTID:0000264;CHEMONTID:0000265;CHEMONTID:0001093,Organic compounds;Organic acids and derivatives;Carboxylic acids and derivatives;Carboxylic acid derivatives
16376,Monoalkylamines,0.99,CHEMONTID:0000469,6,CHEMONTID:0002450,CHEMONTID:0000000;CHEMONTID:0004707;CHEMONTID:0000278;CHEMONTID:0002449;CHEMONTID:0002450;CHEMONTID:0000469,Organic compounds;Organic nitrogen compounds;Organonitrogen compounds;Amines;Primary amines;Monoalkylamines
20216,Monocarboxylic acids and derivatives,0.91,CHEMONTID:0001137,4,CHEMONTID:0000265,CHEMONTID:0000000;CHEMONTID:0000264;CHEMONTID:0000265;CHEMONTID:0001137,Organic compounds;Organic acids and derivatives;Carboxylic acids and derivatives;Monocarboxylic acids and derivatives
9982,"Amino acids, peptides, and analogues",0.93,CHEMONTID:0000013,4,CHEMONTID:0000265,CHEMONTID:0000000;CHEMONTID:0000264;CHEMONTID:0000265;CHEMONTID:0000013,"Organic compounds;Organic acids and derivatives;Carboxylic acids and derivatives;Amino acids, peptides, and analogues"
14857,Alpha amino acid esters,1,CHEMONTID:0000394,7,CHEMONTID:0000060,CHEMONTID:0000000;CHEMONTID:0000264;CHEMONTID:0000265;CHEMONTID:0000013;CHEMONTID:0000347;CHEMONTID:0000060;CHEMONTID:0000394,"Organic compounds;Organic acids and derivatives;Carboxylic acids and derivatives;Amino acids, peptides, and analogues;Amino acids and derivatives;Alpha amino acids and derivatives;Alpha amino acid esters"
4133,Carbonyl compounds,0.98,CHEMONTID:0001831,4,CHEMONTID:0000323,CHEMONTID:0000000;CHEMONTID:0004603;CHEMONTID:0000323;CHEMONTID:0001831,Organic compounds;Organic oxygen compounds;Organooxygen compounds;Carbonyl compounds
2514,Carbonyl compounds,0.89,CHEMONTID:0001831,4,CHEMONTID:0000323,CHEMONTID:0000000;CHEMONTID:0004603;CHEMONTID:0000323;CHEMONTID:0001831,Organic compounds;Organic oxygen compounds;Organooxygen compounds;Carbonyl compounds
14568,Carboxylic acid derivatives,0.99,CHEMONTID:0001093,4,CHEMONTID:0000265,CHEMONTID:0000000;CHEMONTID:0000264;CHEMONTID:0000265;CHEMONTID:0001093,Organic compounds;Organic acids and derivatives;Carboxylic acids and derivatives;Carboxylic acid derivatives
13614,Carbonyl compounds,0.85,CHEMONTID:0001831,4,CHEMONTID:0000323,CHEMONTID:0000000;CHEMONTID:0004603;CHEMONTID:0000323;CHEMONTID:0001831,Organic compounds;Organic oxygen compounds;Organooxygen compounds;Carbonyl compounds
6156,Alcohols and polyols,0.83,CHEMONTID:0000129,4,CHEMONTID:0000323,CHEMONTID:0000000;CHEMONTID:0004603;CHEMONTID:0000323;CHEMONTID:0000129,Organic compounds;Organic oxygen compounds;Organooxygen compounds;Alcohols and polyols
3438,Carbonyl compounds,0.96,CHEMONTID:0001831,4,CHEMONTID:0000323,CHEMONTID:0000000;CHEMONTID:0004603;CHEMONTID:0000323;CHEMONTID:0001831,Organic compounds;Organic oxygen compounds;Organooxygen compounds;Carbonyl compounds
4444,Carbonyl compounds,0.98,CHEMONTID:0001831,4,CHEMONTID:0000323,CHEMONTID:0000000;CHEMONTID:0004603;CHEMONTID:0000323;CHEMONTID:0001831,Organic compounds;Organic oxygen compounds;Organooxygen compounds;Carbonyl compounds
8542,Primary amines,0.99,CHEMONTID:0002450,5,CHEMONTID:0002449,CHEMONTID:0000000;CHEMONTID:0004707;CHEMONTID:0000278;CHEMONTID:0002449;CHEMONTID:0002450,Organic compounds;Organic nitrogen compounds;Organonitrogen compounds;Amines;Primary amines
12627,Amino acids and derivatives,1,CHEMONTID:0000347,5,CHEMONTID:0000013,CHEMONTID:0000000;CHEMONTID:0000264;CHEMONTID:0000265;CHEMONTID:0000013;CHEMONTID:0000347,"Organic compounds;Organic acids and derivatives;Carboxylic acids and derivatives;Amino acids, peptides, and analogues;Amino acids and derivatives"
14883,6-aminopurines,0.96,CHEMONTID:0002987,5,CHEMONTID:0000245,CHEMONTID:0000000;CHEMONTID:0000002;CHEMONTID:0001797;CHEMONTID:0000245;CHEMONTID:0002987,Organic compounds;Organoheterocyclic compounds;Imidazopyrimidines;Purines and purine derivatives;6-aminopurines
11385,Carbonyl compounds,0.93,CHEMONTID:0001831,4,CHEMONTID:0000323,CHEMONTID:0000000;CHEMONTID:0004603;CHEMONTID:0000323;CHEMONTID:0001831,Organic compounds;Organic oxygen compounds;Organooxygen compounds;Carbonyl compounds
9087,Ethers,0.87,CHEMONTID:0000254,4,CHEMONTID:0000323,CHEMONTID:0000000;CHEMONTID:0004603;CHEMONTID:0000323;CHEMONTID:0000254,Organic compounds;Organic oxygen compounds;Organooxygen compounds;Ethers
15502,Primary amines,0.83,CHEMONTID:0002450,5,CHEMONTID:0002449,CHEMONTID:0000000;CHEMONTID:0004707;CHEMONTID:0000278;CHEMONTID:0002449;CHEMONTID:0002450,Organic compounds;Organic nitrogen compounds;Organonitrogen compounds;Amines;Primary amines
4535,Methyl esters,0.94,CHEMONTID:0003416,6,CHEMONTID:0001238,CHEMONTID:0000000;CHEMONTID:0000264;CHEMONTID:0000265;CHEMONTID:0001093;CHEMONTID:0001238;CHEMONTID:0003416,Organic compounds;Organic acids and derivatives;Carboxylic acids and derivatives;Carboxylic acid derivatives;Carboxylic acid esters;Methyl esters
10793,Carboxylic acid derivatives,1,CHEMONTID:0001093,4,CHEMONTID:0000265,CHEMONTID:0000000;CHEMONTID:0000264;CHEMONTID:0000265;CHEMONTID:0001093,Organic compounds;Organic acids and derivatives;Carboxylic acids and derivatives;Carboxylic acid derivatives
6424,Amines,0.81,CHEMONTID:0002449,4,CHEMONTID:0000278,CHEMONTID:0000000;CHEMONTID:0004707;CHEMONTID:0000278;CHEMONTID:0002449,Organic compounds;Organic nitrogen compounds;Organonitrogen compounds;Amines
11405,Primary amines,0.92,CHEMONTID:0002450,5,CHEMONTID:0002449,CHEMONTID:0000000;CHEMONTID:0004707;CHEMONTID:0000278;CHEMONTID:0002449;CHEMONTID:0002450,Organic compounds;Organic nitrogen compounds;Organonitrogen compounds;Amines;Primary amines
10183,Carbonyl compounds,0.98,CHEMONTID:0001831,4,CHEMONTID:0000323,CHEMONTID:0000000;CHEMONTID:0004603;CHEMONTID:0000323;CHEMONTID:0001831,Organic compounds;Organic oxygen compounds;Organooxygen compounds;Carbonyl compounds
10195,Carbonyl compounds,0.89,CHEMONTID:0001831,4,CHEMONTID:0000323,CHEMONTID:0000000;CHEMONTID:0004603;CHEMONTID:0000323;CHEMONTID:0001831,Organic compounds;Organic oxygen compounds;Organooxygen compounds;Carbonyl compounds
9375,Carbonyl compounds,0.99,CHEMONTID:0001831,4,CHEMONTID:0000323,CHEMONTID:0000000;CHEMONTID:0004603;CHEMONTID:0000323;CHEMONTID:0001831,Organic compounds;Organic oxygen compounds;Organooxygen compounds;Carbonyl compounds
4971,Phosphate esters,0.98,CHEMONTID:0000408,4,CHEMONTID:0000402,CHEMONTID:0000000;CHEMONTID:0000264;CHEMONTID:0000402;CHEMONTID:0000408,Organic compounds;Organic acids and derivatives;Organic phosphoric acids and derivatives;Phosphate esters
6580,Purines and purine derivatives,1,CHEMONTID:0000245,4,CHEMONTID:0001797,CHEMONTID:0000000;CHEMONTID:0000002;CHEMONTID:0001797;CHEMONTID:0000245,Organic compounds;Organoheterocyclic compounds;Imidazopyrimidines;Purines and purine derivatives
10992,Monoalkylamines,0.86,CHEMONTID:0000469,6,CHEMONTID:0002450,CHEMONTID:0000000;CHEMONTID:0004707;CHEMONTID:0000278;CHEMONTID:0002449;CHEMONTID:0002450;CHEMONTID:0000469,Organic compounds;Organic nitrogen compounds;Organonitrogen compounds;Amines;Primary amines;Monoalkylamines
19370,Ethers,0.81,CHEMONTID:0000254,4,CHEMONTID:0000323,CHEMONTID:0000000;CHEMONTID:0004603;CHEMONTID:0000323;CHEMONTID:0000254,Organic compounds;Organic oxygen compounds;Organooxygen compounds;Ethers
12418,Carboxylic acid derivatives,0.97,CHEMONTID:0001093,4,CHEMONTID:0000265,CHEMONTID:0000000;CHEMONTID:0000264;CHEMONTID:0000265;CHEMONTID:0001093,Organic compounds;Organic acids and derivatives;Carboxylic acids and derivatives;Carboxylic acid derivatives
19641,Amines,0.98,CHEMONTID:0002449,4,CHEMONTID:0000278,CHEMONTID:0000000;CHEMONTID:0004707;CHEMONTID:0000278;CHEMONTID:0002449,Organic compounds;Organic nitrogen compounds;Organonitrogen compounds;Amines
15120,Primary amines,0.96,CHEMONTID:0002450,5,CHEMONTID:0002449,CHEMONTID:0000000;CHEMONTID:0004707;CHEMONTID:0000278;CHEMONTID:0002449;CHEMONTID:0002450,Organic compounds;Organic nitrogen compounds;Organonitrogen compounds;Amines;Primary amines
9389,Amines,0.88,CHEMONTID:0002449,4,CHEMONTID:0000278,CHEMONTID:0000000;CHEMONTID:0004707;CHEMONTID:0000278;CHEMONTID:0002449,Organic compounds;Organic nitrogen compounds;Organonitrogen compounds;Amines
18738,Cyclic alcohols and derivatives,0.93,CHEMONTID:0001292,5,CHEMONTID:0000129,CHEMONTID:0000000;CHEMONTID:0004603;CHEMONTID:0000323;CHEMONTID:0000129;CHEMONTID:0001292,Organic compounds;Organic oxygen compounds;Organooxygen compounds;Alcohols and polyols;Cyclic alcohols and derivatives
16279,Monoalkylamines,0.96,CHEMONTID:0000469,6,CHEMONTID:0002450,CHEMONTID:0000000;CHEMONTID:0004707;CHEMONTID:0000278;CHEMONTID:0002449;CHEMONTID:0002450;CHEMONTID:0000469,Organic compounds;Organic nitrogen compounds;Organonitrogen compounds;Amines;Primary amines;Monoalkylamines
18186,Carbonyl compounds,0.91,CHEMONTID:0001831,4,CHEMONTID:0000323,CHEMONTID:0000000;CHEMONTID:0004603;CHEMONTID:0000323;CHEMONTID:0001831,Organic compounds;Organic oxygen compounds;Organooxygen compounds;Carbonyl compounds
18466,Isoindolines,0.96,CHEMONTID:0002496,4,CHEMONTID:0001819,CHEMONTID:0000000;CHEMONTID:0000002;CHEMONTID:0001819;CHEMONTID:0002496,Organic compounds;Organoheterocyclic compounds;Isoindoles and derivatives;Isoindolines
19508,Monoalkylamines,1,CHEMONTID:0000469,6,CHEMONTID:0002450,CHEMONTID:0000000;CHEMONTID:0004707;CHEMONTID:0000278;CHEMONTID:0002449;CHEMONTID:0002450;CHEMONTID:0000469,Organic compounds;Organic nitrogen compounds;Organonitrogen compounds;Amines;Primary amines;Monoalkylamines
7299,Carbonyl compounds,0.82,CHEMONTID:0001831,4,CHEMONTID:0000323,CHEMONTID:0000000;CHEMONTID:0004603;CHEMONTID:0000323;CHEMONTID:0001831,Organic compounds;Organic oxygen compounds;Organooxygen compounds;Carbonyl compounds
10621,Carboxylic acid derivatives,0.95,CHEMONTID:0001093,4,CHEMONTID:0000265,CHEMONTID:0000000;CHEMONTID:0000264;CHEMONTID:0000265;CHEMONTID:0001093,Organic compounds;Organic acids and derivatives;Carboxylic acids and derivatives;Carboxylic acid derivatives
9292,Monoalkylamines,0.82,CHEMONTID:0000469,6,CHEMONTID:0002450,CHEMONTID:0000000;CHEMONTID:0004707;CHEMONTID:0000278;CHEMONTID:0002449;CHEMONTID:0002450;CHEMONTID:0000469,Organic compounds;Organic nitrogen compounds;Organonitrogen compounds;Amines;Primary amines;Monoalkylamines
843,Primary amines,0.99,CHEMONTID:0002450,5,CHEMONTID:0002449,CHEMONTID:0000000;CHEMONTID:0004707;CHEMONTID:0000278;CHEMONTID:0002449;CHEMONTID:0002450,Organic compounds;Organic nitrogen compounds;Organonitrogen compounds;Amines;Primary amines
14268,Amines,1,CHEMONTID:0002449,4,CHEMONTID:0000278,CHEMONTID:0000000;CHEMONTID:0004707;CHEMONTID:0000278;CHEMONTID:0002449,Organic compounds;Organic nitrogen compounds;Organonitrogen compounds;Amines
20082,Amino fatty acids,0.88,CHEMONTID:0000489,5,CHEMONTID:0000262,CHEMONTID:0000000;CHEMONTID:0000012;CHEMONTID:0003909;CHEMONTID:0000262;CHEMONTID:0000489,Organic compounds;Lipids and lipid-like molecules;Fatty Acyls;Fatty acids and conjugates;Amino fatty acids
6534,Dialkyl ethers,0.91,CHEMONTID:0001167,5,CHEMONTID:0000254,CHEMONTID:0000000;CHEMONTID:0004603;CHEMONTID:0000323;CHEMONTID:0000254;CHEMONTID:0001167,Organic compounds;Organic oxygen compounds;Organooxygen compounds;Ethers;Dialkyl ethers
3068,Carbonyl compounds,0.81,CHEMONTID:0001831,4,CHEMONTID:0000323,CHEMONTID:0000000;CHEMONTID:0004603;CHEMONTID:0000323;CHEMONTID:0001831,Organic compounds;Organic oxygen compounds;Organooxygen compounds;Carbonyl compounds
13394,N-acyl-alpha amino acids,1,CHEMONTID:0002402,8,CHEMONTID:0001189,CHEMONTID:0000000;CHEMONTID:0000264;CHEMONTID:0000265;CHEMONTID:0000013;CHEMONTID:0000347;CHEMONTID:0000060;CHEMONTID:0001189;CHEMONTID:0002402,"Organic compounds;Organic acids and derivatives;Carboxylic acids and derivatives;Amino acids, peptides, and analogues;Amino acids and derivatives;Alpha amino acids and derivatives;N-acyl-alpha amino acids and derivatives;N-acyl-alpha amino acids"
7453,Carbonyl compounds,0.96,CHEMONTID:0001831,4,CHEMONTID:0000323,CHEMONTID:0000000;CHEMONTID:0004603;CHEMONTID:0000323;CHEMONTID:0001831,Organic compounds;Organic oxygen compounds;Organooxygen compounds;Carbonyl compounds
1875,Amines,0.99,CHEMONTID:0002449,4,CHEMONTID:0000278,CHEMONTID:0000000;CHEMONTID:0004707;CHEMONTID:0000278;CHEMONTID:0002449,Organic compounds;Organic nitrogen compounds;Organonitrogen compounds;Amines
16238,Carbonyl compounds,0.84,CHEMONTID:0001831,4,CHEMONTID:0000323,CHEMONTID:0000000;CHEMONTID:0004603;CHEMONTID:0000323;CHEMONTID:0001831,Organic compounds;Organic oxygen compounds;Organooxygen compounds;Carbonyl compounds
9633,Carbonyl compounds,0.82,CHEMONTID:0001831,4,CHEMONTID:0000323,CHEMONTID:0000000;CHEMONTID:0004603;CHEMONTID:0000323;CHEMONTID:0001831,Organic compounds;Organic oxygen compounds;Organooxygen compounds;Carbonyl compounds
5336,Phosphate esters,0.95,CHEMONTID:0000408,4,CHEMONTID:0000402,CHEMONTID:0000000;CHEMONTID:0000264;CHEMONTID:0000402;CHEMONTID:0000408,Organic compounds;Organic acids and derivatives;Organic phosphoric acids and derivatives;Phosphate esters
6743,Carboxylic acid derivatives,0.9,CHEMONTID:0001093,4,CHEMONTID:0000265,CHEMONTID:0000000;CHEMONTID:0000264;CHEMONTID:0000265;CHEMONTID:0001093,Organic compounds;Organic acids and derivatives;Carboxylic acids and derivatives;Carboxylic acid derivatives
6435,"1,3,5-triazines",1,CHEMONTID:0004105,4,CHEMONTID:0000098,CHEMONTID:0000000;CHEMONTID:0000002;CHEMONTID:0000098;CHEMONTID:0004105,"Organic compounds;Organoheterocyclic compounds;Triazines;1,3,5-triazines"
5135,Monoalkylamines,1,CHEMONTID:0000469,6,CHEMONTID:0002450,CHEMONTID:0000000;CHEMONTID:0004707;CHEMONTID:0000278;CHEMONTID:0002449;CHEMONTID:0002450;CHEMONTID:0000469,Organic compounds;Organic nitrogen compounds;Organonitrogen compounds;Amines;Primary amines;Monoalkylamines
16275,Trialkylamines,0.92,CHEMONTID:0002239,6,CHEMONTID:0002452,CHEMONTID:0000000;CHEMONTID:0004707;CHEMONTID:0000278;CHEMONTID:0002449;CHEMONTID:0002452;CHEMONTID:0002239,Organic compounds;Organic nitrogen compounds;Organonitrogen compounds;Amines;Tertiary amines;Trialkylamines
12054,Carboxylic acid derivatives,0.93,CHEMONTID:0001093,4,CHEMONTID:0000265,CHEMONTID:0000000;CHEMONTID:0000264;CHEMONTID:0000265;CHEMONTID:0001093,Organic compounds;Organic acids and derivatives;Carboxylic acids and derivatives;Carboxylic acid derivatives
6591,Amines,0.85,CHEMONTID:0002449,4,CHEMONTID:0000278,CHEMONTID:0000000;CHEMONTID:0004707;CHEMONTID:0000278;CHEMONTID:0002449,Organic compounds;Organic nitrogen compounds;Organonitrogen compounds;Amines
7867,Carboxylic acid amides,0.87,CHEMONTID:0000475,5,CHEMONTID:0001093,CHEMONTID:0000000;CHEMONTID:0000264;CHEMONTID:0000265;CHEMONTID:0001093;CHEMONTID:0000475,Organic compounds;Organic acids and derivatives;Carboxylic acids and derivatives;Carboxylic acid derivatives;Carboxylic acid amides
16797,Ethers,0.99,CHEMONTID:0000254,4,CHEMONTID:0000323,CHEMONTID:0000000;CHEMONTID:0004603;CHEMONTID:0000323;CHEMONTID:0000254,Organic compounds;Organic oxygen compounds;Organooxygen compounds;Ethers
8566,Carboxylic acid derivatives,1,CHEMONTID:0001093,4,CHEMONTID:0000265,CHEMONTID:0000000;CHEMONTID:0000264;CHEMONTID:0000265;CHEMONTID:0001093,Organic compounds;Organic acids and derivatives;Carboxylic acids and derivatives;Carboxylic acid derivatives
522,N-substituted imidazoles,0.97,CHEMONTID:0002311,6,CHEMONTID:0002310,CHEMONTID:0000000;CHEMONTID:0000002;CHEMONTID:0000436;CHEMONTID:0000078;CHEMONTID:0002310;CHEMONTID:0002311,Organic compounds;Organoheterocyclic compounds;Azoles;Imidazoles;Substituted imidazoles;N-substituted imidazoles
10658,Carboxylic acid derivatives,0.87,CHEMONTID:0001093,4,CHEMONTID:0000265,CHEMONTID:0000000;CHEMONTID:0000264;CHEMONTID:0000265;CHEMONTID:0001093,Organic compounds;Organic acids and derivatives;Carboxylic acids and derivatives;Carboxylic acid derivatives
9993,Fatty acid methyl esters,0.94,CHEMONTID:0003417,5,CHEMONTID:0000324,CHEMONTID:0000000;CHEMONTID:0000012;CHEMONTID:0003909;CHEMONTID:0000324;CHEMONTID:0003417,Organic compounds;Lipids and lipid-like molecules;Fatty Acyls;Fatty acid esters;Fatty acid methyl esters
11512,Carboxylic acid derivatives,0.97,CHEMONTID:0001093,4,CHEMONTID:0000265,CHEMONTID:0000000;CHEMONTID:0000264;CHEMONTID:0000265;CHEMONTID:0001093,Organic compounds;Organic acids and derivatives;Carboxylic acids and derivatives;Carboxylic acid derivatives
13057,Carbonyl compounds,0.8,CHEMONTID:0001831,4,CHEMONTID:0000323,CHEMONTID:0000000;CHEMONTID:0004603;CHEMONTID:0000323;CHEMONTID:0001831,Organic compounds;Organic oxygen compounds;Organooxygen compounds;Carbonyl compounds
9766,Carbonyl compounds,0.98,CHEMONTID:0001831,4,CHEMONTID:0000323,CHEMONTID:0000000;CHEMONTID:0004603;CHEMONTID:0000323;CHEMONTID:0001831,Organic compounds;Organic oxygen compounds;Organooxygen compounds;Carbonyl compounds
6446,Dialkyl ethers,0.98,CHEMONTID:0001167,5,CHEMONTID:0000254,CHEMONTID:0000000;CHEMONTID:0004603;CHEMONTID:0000323;CHEMONTID:0000254;CHEMONTID:0001167,Organic compounds;Organic oxygen compounds;Organooxygen compounds;Ethers;Dialkyl ethers
6811,Monoalkylamines,0.86,CHEMONTID:0000469,6,CHEMONTID:0002450,CHEMONTID:0000000;CHEMONTID:0004707;CHEMONTID:0000278;CHEMONTID:0002449;CHEMONTID:0002450;CHEMONTID:0000469,Organic compounds;Organic nitrogen compounds;Organonitrogen compounds;Amines;Primary amines;Monoalkylamines
18689,Alcohols and polyols,0.84,CHEMONTID:0000129,4,CHEMONTID:0000323,CHEMONTID:0000000;CHEMONTID:0004603;CHEMONTID:0000323;CHEMONTID:0000129,Organic compounds;Organic oxygen compounds;Organooxygen compounds;Alcohols and polyols
2162,Carbonyl compounds,0.94,CHEMONTID:0001831,4,CHEMONTID:0000323,CHEMONTID:0000000;CHEMONTID:0004603;CHEMONTID:0000323;CHEMONTID:0001831,Organic compounds;Organic oxygen compounds;Organooxygen compounds;Carbonyl compounds
11189,Amines,0.96,CHEMONTID:0002449,4,CHEMONTID:0000278,CHEMONTID:0000000;CHEMONTID:0004707;CHEMONTID:0000278;CHEMONTID:0002449,Organic compounds;Organic nitrogen compounds;Organonitrogen compounds;Amines
1043,Carbonyl compounds,0.87,CHEMONTID:0001831,4,CHEMONTID:0000323,CHEMONTID:0000000;CHEMONTID:0004603;CHEMONTID:0000323;CHEMONTID:0001831,Organic compounds;Organic oxygen compounds;Organooxygen compounds;Carbonyl compounds
10844,Carbonyl compounds,0.92,CHEMONTID:0001831,4,CHEMONTID:0000323,CHEMONTID:0000000;CHEMONTID:0004603;CHEMONTID:0000323;CHEMONTID:0001831,Organic compounds;Organic oxygen compounds;Organooxygen compounds;Carbonyl compounds
20420,Amines,0.96,CHEMONTID:0002449,4,CHEMONTID:0000278,CHEMONTID:0000000;CHEMONTID:0004707;CHEMONTID:0000278;CHEMONTID:0002449,Organic compounds;Organic nitrogen compounds;Organonitrogen compounds;Amines
8044,Carboxylic acid derivatives,0.98,CHEMONTID:0001093,4,CHEMONTID:0000265,CHEMONTID:0000000;CHEMONTID:0000264;CHEMONTID:0000265;CHEMONTID:0001093,Organic compounds;Organic acids and derivatives;Carboxylic acids and derivatives;Carboxylic acid derivatives
15912,Alcohols and polyols,0.84,CHEMONTID:0000129,4,CHEMONTID:0000323,CHEMONTID:0000000;CHEMONTID:0004603;CHEMONTID:0000323;CHEMONTID:0000129,Organic compounds;Organic oxygen compounds;Organooxygen compounds;Alcohols and polyols
2176,Carbonyl compounds,0.97,CHEMONTID:0001831,4,CHEMONTID:0000323,CHEMONTID:0000000;CHEMONTID:0004603;CHEMONTID:0000323;CHEMONTID:0001831,Organic compounds;Organic oxygen compounds;Organooxygen compounds;Carbonyl compounds
1405,Primary amines,0.9,CHEMONTID:0002450,5,CHEMONTID:0002449,CHEMONTID:0000000;CHEMONTID:0004707;CHEMONTID:0000278;CHEMONTID:0002449;CHEMONTID:0002450,Organic compounds;Organic nitrogen compounds;Organonitrogen compounds;Amines;Primary amines
12357,Alkyl phosphates,0.96,CHEMONTID:0003457,5,CHEMONTID:0000408,CHEMONTID:0000000;CHEMONTID:0000264;CHEMONTID:0000402;CHEMONTID:0000408;CHEMONTID:0003457,Organic compounds;Organic acids and derivatives;Organic phosphoric acids and derivatives;Phosphate esters;Alkyl phosphates
16332,N-acyl amines,0.81,CHEMONTID:0001096,5,CHEMONTID:0000331,CHEMONTID:0000000;CHEMONTID:0000012;CHEMONTID:0003909;CHEMONTID:0000331;CHEMONTID:0001096,Organic compounds;Lipids and lipid-like molecules;Fatty Acyls;Fatty amides;N-acyl amines
18431,Monoalkylamines,0.98,CHEMONTID:0000469,6,CHEMONTID:0002450,CHEMONTID:0000000;CHEMONTID:0004707;CHEMONTID:0000278;CHEMONTID:0002449;CHEMONTID:0002450;CHEMONTID:0000469,Organic compounds;Organic nitrogen compounds;Organonitrogen compounds;Amines;Primary amines;Monoalkylamines
9773,Carbohydrates and carbohydrate conjugates,0.98,CHEMONTID:0000011,4,CHEMONTID:0000323,CHEMONTID:0000000;CHEMONTID:0004603;CHEMONTID:0000323;CHEMONTID:0000011,Organic compounds;Organic oxygen compounds;Organooxygen compounds;Carbohydrates and carbohydrate conjugates
20174,Purines and purine derivatives,0.94,CHEMONTID:0000245,4,CHEMONTID:0001797,CHEMONTID:0000000;CHEMONTID:0000002;CHEMONTID:0001797;CHEMONTID:0000245,Organic compounds;Organoheterocyclic compounds;Imidazopyrimidines;Purines and purine derivatives
3934,Monocarboxylic acids and derivatives,0.82,CHEMONTID:0001137,4,CHEMONTID:0000265,CHEMONTID:0000000;CHEMONTID:0000264;CHEMONTID:0000265;CHEMONTID:0001137,Organic compounds;Organic acids and derivatives;Carboxylic acids and derivatives;Monocarboxylic acids and derivatives
3630,Carbonyl compounds,0.9,CHEMONTID:0001831,4,CHEMONTID:0000323,CHEMONTID:0000000;CHEMONTID:0004603;CHEMONTID:0000323;CHEMONTID:0001831,Organic compounds;Organic oxygen compounds;Organooxygen compounds;Carbonyl compounds
9679,Ethers,0.99,CHEMONTID:0000254,4,CHEMONTID:0000323,CHEMONTID:0000000;CHEMONTID:0004603;CHEMONTID:0000323;CHEMONTID:0000254,Organic compounds;Organic oxygen compounds;Organooxygen compounds;Ethers
16188,N-acyl amines,0.89,CHEMONTID:0001096,5,CHEMONTID:0000331,CHEMONTID:0000000;CHEMONTID:0000012;CHEMONTID:0003909;CHEMONTID:0000331;CHEMONTID:0001096,Organic compounds;Lipids and lipid-like molecules;Fatty Acyls;Fatty amides;N-acyl amines
3189,Carboxylic acid derivatives,0.9,CHEMONTID:0001093,4,CHEMONTID:0000265,CHEMONTID:0000000;CHEMONTID:0000264;CHEMONTID:0000265;CHEMONTID:0001093,Organic compounds;Organic acids and derivatives;Carboxylic acids and derivatives;Carboxylic acid derivatives
8896,Dialkyl ethers,0.91,CHEMONTID:0001167,5,CHEMONTID:0000254,CHEMONTID:0000000;CHEMONTID:0004603;CHEMONTID:0000323;CHEMONTID:0000254;CHEMONTID:0001167,Organic compounds;Organic oxygen compounds;Organooxygen compounds;Ethers;Dialkyl ethers
8782,Carbonyl compounds,0.91,CHEMONTID:0001831,4,CHEMONTID:0000323,CHEMONTID:0000000;CHEMONTID:0004603;CHEMONTID:0000323;CHEMONTID:0001831,Organic compounds;Organic oxygen compounds;Organooxygen compounds;Carbonyl compounds
148,Primary amines,0.99,CHEMONTID:0002450,5,CHEMONTID:0002449,CHEMONTID:0000000;CHEMONTID:0004707;CHEMONTID:0000278;CHEMONTID:0002449;CHEMONTID:0002450,Organic compounds;Organic nitrogen compounds;Organonitrogen compounds;Amines;Primary amines
812,Carbonyl compounds,0.92,CHEMONTID:0001831,4,CHEMONTID:0000323,CHEMONTID:0000000;CHEMONTID:0004603;CHEMONTID:0000323;CHEMONTID:0001831,Organic compounds;Organic oxygen compounds;Organooxygen compounds;Carbonyl compounds
10483,Carbonyl compounds,1,CHEMONTID:0001831,4,CHEMONTID:0000323,CHEMONTID:0000000;CHEMONTID:0004603;CHEMONTID:0000323;CHEMONTID:0001831,Organic compounds;Organic oxygen compounds;Organooxygen compounds;Carbonyl compounds
11363,Carbonyl compounds,0.96,CHEMONTID:0001831,4,CHEMONTID:0000323,CHEMONTID:0000000;CHEMONTID:0004603;CHEMONTID:0000323;CHEMONTID:0001831,Organic compounds;Organic oxygen compounds;Organooxygen compounds;Carbonyl compounds
15918,Amines,0.92,CHEMONTID:0002449,4,CHEMONTID:0000278,CHEMONTID:0000000;CHEMONTID:0004707;CHEMONTID:0000278;CHEMONTID:0002449,Organic compounds;Organic nitrogen compounds;Organonitrogen compounds;Amines
11717,Carbonyl compounds,0.92,CHEMONTID:0001831,4,CHEMONTID:0000323,CHEMONTID:0000000;CHEMONTID:0004603;CHEMONTID:0000323;CHEMONTID:0001831,Organic compounds;Organic oxygen compounds;Organooxygen compounds;Carbonyl compounds
13261,Carbonyl compounds,0.83,CHEMONTID:0001831,4,CHEMONTID:0000323,CHEMONTID:0000000;CHEMONTID:0004603;CHEMONTID:0000323;CHEMONTID:0001831,Organic compounds;Organic oxygen compounds;Organooxygen compounds;Carbonyl compounds
6798,Carboxylic acid derivatives,0.86,CHEMONTID:0001093,4,CHEMONTID:0000265,CHEMONTID:0000000;CHEMONTID:0000264;CHEMONTID:0000265;CHEMONTID:0001093,Organic compounds;Organic acids and derivatives;Carboxylic acids and derivatives;Carboxylic acid derivatives
467,Dialkyl ethers,0.87,CHEMONTID:0001167,5,CHEMONTID:0000254,CHEMONTID:0000000;CHEMONTID:0004603;CHEMONTID:0000323;CHEMONTID:0000254;CHEMONTID:0001167,Organic compounds;Organic oxygen compounds;Organooxygen compounds;Ethers;Dialkyl ethers
16425,Alcohols and polyols,0.91,CHEMONTID:0000129,4,CHEMONTID:0000323,CHEMONTID:0000000;CHEMONTID:0004603;CHEMONTID:0000323;CHEMONTID:0000129,Organic compounds;Organic oxygen compounds;Organooxygen compounds;Alcohols and polyols
5110,Carbonyl compounds,0.9,CHEMONTID:0001831,4,CHEMONTID:0000323,CHEMONTID:0000000;CHEMONTID:0004603;CHEMONTID:0000323;CHEMONTID:0001831,Organic compounds;Organic oxygen compounds;Organooxygen compounds;Carbonyl compounds
2034,Carbonyl compounds,0.81,CHEMONTID:0001831,4,CHEMONTID:0000323,CHEMONTID:0000000;CHEMONTID:0004603;CHEMONTID:0000323;CHEMONTID:0001831,Organic compounds;Organic oxygen compounds;Organooxygen compounds;Carbonyl compounds
15315,Carboxylic acid derivatives,0.98,CHEMONTID:0001093,4,CHEMONTID:0000265,CHEMONTID:0000000;CHEMONTID:0000264;CHEMONTID:0000265;CHEMONTID:0001093,Organic compounds;Organic acids and derivatives;Carboxylic acids and derivatives;Carboxylic acid derivatives
11930,Amines,0.91,CHEMONTID:0002449,4,CHEMONTID:0000278,CHEMONTID:0000000;CHEMONTID:0004707;CHEMONTID:0000278;CHEMONTID:0002449,Organic compounds;Organic nitrogen compounds;Organonitrogen compounds;Amines
12750,Carbonyl compounds,0.91,CHEMONTID:0001831,4,CHEMONTID:0000323,CHEMONTID:0000000;CHEMONTID:0004603;CHEMONTID:0000323;CHEMONTID:0001831,Organic compounds;Organic oxygen compounds;Organooxygen compounds;Carbonyl compounds
9200,Alcohols and polyols,0.93,CHEMONTID:0000129,4,CHEMONTID:0000323,CHEMONTID:0000000;CHEMONTID:0004603;CHEMONTID:0000323;CHEMONTID:0000129,Organic compounds;Organic oxygen compounds;Organooxygen compounds;Alcohols and polyols
15113,Primary amines,0.97,CHEMONTID:0002450,5,CHEMONTID:0002449,CHEMONTID:0000000;CHEMONTID:0004707;CHEMONTID:0000278;CHEMONTID:0002449;CHEMONTID:0002450,Organic compounds;Organic nitrogen compounds;Organonitrogen compounds;Amines;Primary amines
3468,Secondary alcohols,1,CHEMONTID:0001661,5,CHEMONTID:0000129,CHEMONTID:0000000;CHEMONTID:0004603;CHEMONTID:0000323;CHEMONTID:0000129;CHEMONTID:0001661,Organic compounds;Organic oxygen compounds;Organooxygen compounds;Alcohols and polyols;Secondary alcohols
14949,Carbonyl compounds,0.86,CHEMONTID:0001831,4,CHEMONTID:0000323,CHEMONTID:0000000;CHEMONTID:0004603;CHEMONTID:0000323;CHEMONTID:0001831,Organic compounds;Organic oxygen compounds;Organooxygen compounds;Carbonyl compounds
12313,Carbonyl compounds,0.94,CHEMONTID:0001831,4,CHEMONTID:0000323,CHEMONTID:0000000;CHEMONTID:0004603;CHEMONTID:0000323;CHEMONTID:0001831,Organic compounds;Organic oxygen compounds;Organooxygen compounds;Carbonyl compounds
6846,Carbonyl compounds,0.95,CHEMONTID:0001831,4,CHEMONTID:0000323,CHEMONTID:0000000;CHEMONTID:0004603;CHEMONTID:0000323;CHEMONTID:0001831,Organic compounds;Organic oxygen compounds;Organooxygen compounds;Carbonyl compounds
15516,6-aminopurines,0.99,CHEMONTID:0002987,5,CHEMONTID:0000245,CHEMONTID:0000000;CHEMONTID:0000002;CHEMONTID:0001797;CHEMONTID:0000245;CHEMONTID:0002987,Organic compounds;Organoheterocyclic compounds;Imidazopyrimidines;Purines and purine derivatives;6-aminopurines
14535,Carbonyl compounds,0.98,CHEMONTID:0001831,4,CHEMONTID:0000323,CHEMONTID:0000000;CHEMONTID:0004603;CHEMONTID:0000323;CHEMONTID:0001831,Organic compounds;Organic oxygen compounds;Organooxygen compounds;Carbonyl compounds
14064,Carbonyl compounds,0.83,CHEMONTID:0001831,4,CHEMONTID:0000323,CHEMONTID:0000000;CHEMONTID:0004603;CHEMONTID:0000323;CHEMONTID:0001831,Organic compounds;Organic oxygen compounds;Organooxygen compounds;Carbonyl compounds
18063,Amines,1,CHEMONTID:0002449,4,CHEMONTID:0000278,CHEMONTID:0000000;CHEMONTID:0004707;CHEMONTID:0000278;CHEMONTID:0002449,Organic compounds;Organic nitrogen compounds;Organonitrogen compounds;Amines
16269,Alcohols and polyols,0.89,CHEMONTID:0000129,4,CHEMONTID:0000323,CHEMONTID:0000000;CHEMONTID:0004603;CHEMONTID:0000323;CHEMONTID:0000129,Organic compounds;Organic oxygen compounds;Organooxygen compounds;Alcohols and polyols
8487,Carboxylic acid derivatives,0.9,CHEMONTID:0001093,4,CHEMONTID:0000265,CHEMONTID:0000000;CHEMONTID:0000264;CHEMONTID:0000265;CHEMONTID:0001093,Organic compounds;Organic acids and derivatives;Carboxylic acids and derivatives;Carboxylic acid derivatives
17851,Ethers,0.97,CHEMONTID:0000254,4,CHEMONTID:0000323,CHEMONTID:0000000;CHEMONTID:0004603;CHEMONTID:0000323;CHEMONTID:0000254,Organic compounds;Organic oxygen compounds;Organooxygen compounds;Ethers
11194,Carbonyl compounds,0.89,CHEMONTID:0001831,4,CHEMONTID:0000323,CHEMONTID:0000000;CHEMONTID:0004603;CHEMONTID:0000323;CHEMONTID:0001831,Organic compounds;Organic oxygen compounds;Organooxygen compounds;Carbonyl compounds
20262,Carboxylic acids,0.9,CHEMONTID:0001205,4,CHEMONTID:0000265,CHEMONTID:0000000;CHEMONTID:0000264;CHEMONTID:0000265;CHEMONTID:0001205,Organic compounds;Organic acids and derivatives;Carboxylic acids and derivatives;Carboxylic acids
17569,Carbonyl compounds,0.99,CHEMONTID:0001831,4,CHEMONTID:0000323,CHEMONTID:0000000;CHEMONTID:0004603;CHEMONTID:0000323;CHEMONTID:0001831,Organic compounds;Organic oxygen compounds;Organooxygen compounds;Carbonyl compounds
6296,Ethers,0.99,CHEMONTID:0000254,4,CHEMONTID:0000323,CHEMONTID:0000000;CHEMONTID:0004603;CHEMONTID:0000323;CHEMONTID:0000254,Organic compounds;Organic oxygen compounds;Organooxygen compounds;Ethers
789,Monoalkylamines,0.96,CHEMONTID:0000469,6,CHEMONTID:0002450,CHEMONTID:0000000;CHEMONTID:0004707;CHEMONTID:0000278;CHEMONTID:0002449;CHEMONTID:0002450;CHEMONTID:0000469,Organic compounds;Organic nitrogen compounds;Organonitrogen compounds;Amines;Primary amines;Monoalkylamines
3578,Carbonyl compounds,0.85,CHEMONTID:0001831,4,CHEMONTID:0000323,CHEMONTID:0000000;CHEMONTID:0004603;CHEMONTID:0000323;CHEMONTID:0001831,Organic compounds;Organic oxygen compounds;Organooxygen compounds;Carbonyl compounds
6470,Amines,0.88,CHEMONTID:0002449,4,CHEMONTID:0000278,CHEMONTID:0000000;CHEMONTID:0004707;CHEMONTID:0000278;CHEMONTID:0002449,Organic compounds;Organic nitrogen compounds;Organonitrogen compounds;Amines
411,Alcohols and polyols,0.9,CHEMONTID:0000129,4,CHEMONTID:0000323,CHEMONTID:0000000;CHEMONTID:0004603;CHEMONTID:0000323;CHEMONTID:0000129,Organic compounds;Organic oxygen compounds;Organooxygen compounds;Alcohols and polyols
19360,Amines,0.98,CHEMONTID:0002449,4,CHEMONTID:0000278,CHEMONTID:0000000;CHEMONTID:0004707;CHEMONTID:0000278;CHEMONTID:0002449,Organic compounds;Organic nitrogen compounds;Organonitrogen compounds;Amines
9408,Amines,0.98,CHEMONTID:0002449,4,CHEMONTID:0000278,CHEMONTID:0000000;CHEMONTID:0004707;CHEMONTID:0000278;CHEMONTID:0002449,Organic compounds;Organic nitrogen compounds;Organonitrogen compounds;Amines
3547,Dialkyl ethers,0.97,CHEMONTID:0001167,5,CHEMONTID:0000254,CHEMONTID:0000000;CHEMONTID:0004603;CHEMONTID:0000323;CHEMONTID:0000254;CHEMONTID:0001167,Organic compounds;Organic oxygen compounds;Organooxygen compounds;Ethers;Dialkyl ethers
20676,Carbonyl compounds,0.99,CHEMONTID:0001831,4,CHEMONTID:0000323,CHEMONTID:0000000;CHEMONTID:0004603;CHEMONTID:0000323;CHEMONTID:0001831,Organic compounds;Organic oxygen compounds;Organooxygen compounds;Carbonyl compounds
19692,Monocarboxylic acids and derivatives,0.97,CHEMONTID:0001137,4,CHEMONTID:0000265,CHEMONTID:0000000;CHEMONTID:0000264;CHEMONTID:0000265;CHEMONTID:0001137,Organic compounds;Organic acids and derivatives;Carboxylic acids and derivatives;Monocarboxylic acids and derivatives
14359,Carbonyl compounds,0.88,CHEMONTID:0001831,4,CHEMONTID:0000323,CHEMONTID:0000000;CHEMONTID:0004603;CHEMONTID:0000323;CHEMONTID:0001831,Organic compounds;Organic oxygen compounds;Organooxygen compounds;Carbonyl compounds
13008,Phosphate esters,0.98,CHEMONTID:0000408,4,CHEMONTID:0000402,CHEMONTID:0000000;CHEMONTID:0000264;CHEMONTID:0000402;CHEMONTID:0000408,Organic compounds;Organic acids and derivatives;Organic phosphoric acids and derivatives;Phosphate esters
19483,Carbonyl compounds,1,CHEMONTID:0001831,4,CHEMONTID:0000323,CHEMONTID:0000000;CHEMONTID:0004603;CHEMONTID:0000323;CHEMONTID:0001831,Organic compounds;Organic oxygen compounds;Organooxygen compounds;Carbonyl compounds
7035,Carbonyl compounds,0.94,CHEMONTID:0001831,4,CHEMONTID:0000323,CHEMONTID:0000000;CHEMONTID:0004603;CHEMONTID:0000323;CHEMONTID:0001831,Organic compounds;Organic oxygen compounds;Organooxygen compounds;Carbonyl compounds
16762,Monoalkylamines,0.96,CHEMONTID:0000469,6,CHEMONTID:0002450,CHEMONTID:0000000;CHEMONTID:0004707;CHEMONTID:0000278;CHEMONTID:0002449;CHEMONTID:0002450;CHEMONTID:0000469,Organic compounds;Organic nitrogen compounds;Organonitrogen compounds;Amines;Primary amines;Monoalkylamines
2021,Alkyl phosphates,0.98,CHEMONTID:0003457,5,CHEMONTID:0000408,CHEMONTID:0000000;CHEMONTID:0000264;CHEMONTID:0000402;CHEMONTID:0000408;CHEMONTID:0003457,Organic compounds;Organic acids and derivatives;Organic phosphoric acids and derivatives;Phosphate esters;Alkyl phosphates
18726,Alcohols and polyols,0.89,CHEMONTID:0000129,4,CHEMONTID:0000323,CHEMONTID:0000000;CHEMONTID:0004603;CHEMONTID:0000323;CHEMONTID:0000129,Organic compounds;Organic oxygen compounds;Organooxygen compounds;Alcohols and polyols
15992,Alcohols and polyols,0.98,CHEMONTID:0000129,4,CHEMONTID:0000323,CHEMONTID:0000000;CHEMONTID:0004603;CHEMONTID:0000323;CHEMONTID:0000129,Organic compounds;Organic oxygen compounds;Organooxygen compounds;Alcohols and polyols
7819,Primary amines,0.85,CHEMONTID:0002450,5,CHEMONTID:0002449,CHEMONTID:0000000;CHEMONTID:0004707;CHEMONTID:0000278;CHEMONTID:0002449;CHEMONTID:0002450,Organic compounds;Organic nitrogen compounds;Organonitrogen compounds;Amines;Primary amines
10296,Carbonyl compounds,0.9,CHEMONTID:0001831,4,CHEMONTID:0000323,CHEMONTID:0000000;CHEMONTID:0004603;CHEMONTID:0000323;CHEMONTID:0001831,Organic compounds;Organic oxygen compounds;Organooxygen compounds;Carbonyl compounds
10249,Carbonyl compounds,0.89,CHEMONTID:0001831,4,CHEMONTID:0000323,CHEMONTID:0000000;CHEMONTID:0004603;CHEMONTID:0000323;CHEMONTID:0001831,Organic compounds;Organic oxygen compounds;Organooxygen compounds;Carbonyl compounds
12605,Pyrimidines and pyrimidine derivatives,0.96,CHEMONTID:0000075,4,CHEMONTID:0001346,CHEMONTID:0000000;CHEMONTID:0000002;CHEMONTID:0001346;CHEMONTID:0000075,Organic compounds;Organoheterocyclic compounds;Diazines;Pyrimidines and pyrimidine derivatives
16451,Primary amines,0.84,CHEMONTID:0002450,5,CHEMONTID:0002449,CHEMONTID:0000000;CHEMONTID:0004707;CHEMONTID:0000278;CHEMONTID:0002449;CHEMONTID:0002450,Organic compounds;Organic nitrogen compounds;Organonitrogen compounds;Amines;Primary amines
8802,Purines and purine derivatives,1,CHEMONTID:0000245,4,CHEMONTID:0001797,CHEMONTID:0000000;CHEMONTID:0000002;CHEMONTID:0001797;CHEMONTID:0000245,Organic compounds;Organoheterocyclic compounds;Imidazopyrimidines;Purines and purine derivatives
2790,Amines,0.94,CHEMONTID:0002449,4,CHEMONTID:0000278,CHEMONTID:0000000;CHEMONTID:0004707;CHEMONTID:0000278;CHEMONTID:0002449,Organic compounds;Organic nitrogen compounds;Organonitrogen compounds;Amines
13625,Carbonyl compounds,0.89,CHEMONTID:0001831,4,CHEMONTID:0000323,CHEMONTID:0000000;CHEMONTID:0004603;CHEMONTID:0000323;CHEMONTID:0001831,Organic compounds;Organic oxygen compounds;Organooxygen compounds;Carbonyl compounds
8813,Carbonyl compounds,0.98,CHEMONTID:0001831,4,CHEMONTID:0000323,CHEMONTID:0000000;CHEMONTID:0004603;CHEMONTID:0000323;CHEMONTID:0001831,Organic compounds;Organic oxygen compounds;Organooxygen compounds;Carbonyl compounds
5902,Dialkyl ethers,0.85,CHEMONTID:0001167,5,CHEMONTID:0000254,CHEMONTID:0000000;CHEMONTID:0004603;CHEMONTID:0000323;CHEMONTID:0000254;CHEMONTID:0001167,Organic compounds;Organic oxygen compounds;Organooxygen compounds;Ethers;Dialkyl ethers
18084,Alcohols and polyols,0.96,CHEMONTID:0000129,4,CHEMONTID:0000323,CHEMONTID:0000000;CHEMONTID:0004603;CHEMONTID:0000323;CHEMONTID:0000129,Organic compounds;Organic oxygen compounds;Organooxygen compounds;Alcohols and polyols
13633,Carbonyl compounds,0.97,CHEMONTID:0001831,4,CHEMONTID:0000323,CHEMONTID:0000000;CHEMONTID:0004603;CHEMONTID:0000323;CHEMONTID:0001831,Organic compounds;Organic oxygen compounds;Organooxygen compounds;Carbonyl compounds
3446,Carbonyl compounds,0.94,CHEMONTID:0001831,4,CHEMONTID:0000323,CHEMONTID:0000000;CHEMONTID:0004603;CHEMONTID:0000323;CHEMONTID:0001831,Organic compounds;Organic oxygen compounds;Organooxygen compounds;Carbonyl compounds
16871,Ortho amides,0.82,CHEMONTID:0002927,4,CHEMONTID:0000278,CHEMONTID:0000000;CHEMONTID:0004707;CHEMONTID:0000278;CHEMONTID:0002927,Organic compounds;Organic nitrogen compounds;Organonitrogen compounds;Ortho amides
18024,Amines,1,CHEMONTID:0002449,4,CHEMONTID:0000278,CHEMONTID:0000000;CHEMONTID:0004707;CHEMONTID:0000278;CHEMONTID:0002449,Organic compounds;Organic nitrogen compounds;Organonitrogen compounds;Amines
7050,Amines,0.88,CHEMONTID:0002449,4,CHEMONTID:0000278,CHEMONTID:0000000;CHEMONTID:0004707;CHEMONTID:0000278;CHEMONTID:0002449,Organic compounds;Organic nitrogen compounds;Organonitrogen compounds;Amines
17495,Carboxylic acid derivatives,0.86,CHEMONTID:0001093,4,CHEMONTID:0000265,CHEMONTID:0000000;CHEMONTID:0000264;CHEMONTID:0000265;CHEMONTID:0001093,Organic compounds;Organic acids and derivatives;Carboxylic acids and derivatives;Carboxylic acid derivatives
6762,Monocarboxylic acids and derivatives,0.92,CHEMONTID:0001137,4,CHEMONTID:0000265,CHEMONTID:0000000;CHEMONTID:0000264;CHEMONTID:0000265;CHEMONTID:0001137,Organic compounds;Organic acids and derivatives;Carboxylic acids and derivatives;Monocarboxylic acids and derivatives
9334,Carbonyl compounds,0.93,CHEMONTID:0001831,4,CHEMONTID:0000323,CHEMONTID:0000000;CHEMONTID:0004603;CHEMONTID:0000323;CHEMONTID:0001831,Organic compounds;Organic oxygen compounds;Organooxygen compounds;Carbonyl compounds
14997,Amines,0.84,CHEMONTID:0002449,4,CHEMONTID:0000278,CHEMONTID:0000000;CHEMONTID:0004707;CHEMONTID:0000278;CHEMONTID:0002449,Organic compounds;Organic nitrogen compounds;Organonitrogen compounds;Amines
6630,Ethers,0.91,CHEMONTID:0000254,4,CHEMONTID:0000323,CHEMONTID:0000000;CHEMONTID:0004603;CHEMONTID:0000323;CHEMONTID:0000254,Organic compounds;Organic oxygen compounds;Organooxygen compounds;Ethers
12392,Organic phosphonic acids,0.88,CHEMONTID:0001302,4,CHEMONTID:0000419,CHEMONTID:0000000;CHEMONTID:0000264;CHEMONTID:0000419;CHEMONTID:0001302,Organic compounds;Organic acids and derivatives;Organic phosphonic acids and derivatives;Organic phosphonic acids
13123,Carbonyl compounds,0.95,CHEMONTID:0001831,4,CHEMONTID:0000323,CHEMONTID:0000000;CHEMONTID:0004603;CHEMONTID:0000323;CHEMONTID:0001831,Organic compounds;Organic oxygen compounds;Organooxygen compounds;Carbonyl compounds
15381,N-substituted imidazoles,0.97,CHEMONTID:0002311,6,CHEMONTID:0002310,CHEMONTID:0000000;CHEMONTID:0000002;CHEMONTID:0000436;CHEMONTID:0000078;CHEMONTID:0002310;CHEMONTID:0002311,Organic compounds;Organoheterocyclic compounds;Azoles;Imidazoles;Substituted imidazoles;N-substituted imidazoles
13586,Alcohols and polyols,0.89,CHEMONTID:0000129,4,CHEMONTID:0000323,CHEMONTID:0000000;CHEMONTID:0004603;CHEMONTID:0000323;CHEMONTID:0000129,Organic compounds;Organic oxygen compounds;Organooxygen compounds;Alcohols and polyols
14908,Carbonyl compounds,0.98,CHEMONTID:0001831,4,CHEMONTID:0000323,CHEMONTID:0000000;CHEMONTID:0004603;CHEMONTID:0000323;CHEMONTID:0001831,Organic compounds;Organic oxygen compounds;Organooxygen compounds;Carbonyl compounds
15401,Carbonyl compounds,0.94,CHEMONTID:0001831,4,CHEMONTID:0000323,CHEMONTID:0000000;CHEMONTID:0004603;CHEMONTID:0000323;CHEMONTID:0001831,Organic compounds;Organic oxygen compounds;Organooxygen compounds;Carbonyl compounds
13609,Carbonyl compounds,0.89,CHEMONTID:0001831,4,CHEMONTID:0000323,CHEMONTID:0000000;CHEMONTID:0004603;CHEMONTID:0000323;CHEMONTID:0001831,Organic compounds;Organic oxygen compounds;Organooxygen compounds;Carbonyl compounds
12412,Carbonyl compounds,0.83,CHEMONTID:0001831,4,CHEMONTID:0000323,CHEMONTID:0000000;CHEMONTID:0004603;CHEMONTID:0000323;CHEMONTID:0001831,Organic compounds;Organic oxygen compounds;Organooxygen compounds;Carbonyl compounds
12744,Carbonyl compounds,0.8,CHEMONTID:0001831,4,CHEMONTID:0000323,CHEMONTID:0000000;CHEMONTID:0004603;CHEMONTID:0000323;CHEMONTID:0001831,Organic compounds;Organic oxygen compounds;Organooxygen compounds;Carbonyl compounds
1603,Primary amines,0.95,CHEMONTID:0002450,5,CHEMONTID:0002449,CHEMONTID:0000000;CHEMONTID:0004707;CHEMONTID:0000278;CHEMONTID:0002449;CHEMONTID:0002450,Organic compounds;Organic nitrogen compounds;Organonitrogen compounds;Amines;Primary amines
17889,Secondary alcohols,1,CHEMONTID:0001661,5,CHEMONTID:0000129,CHEMONTID:0000000;CHEMONTID:0004603;CHEMONTID:0000323;CHEMONTID:0000129;CHEMONTID:0001661,Organic compounds;Organic oxygen compounds;Organooxygen compounds;Alcohols and polyols;Secondary alcohols
12499,Carbonyl compounds,0.84,CHEMONTID:0001831,4,CHEMONTID:0000323,CHEMONTID:0000000;CHEMONTID:0004603;CHEMONTID:0000323;CHEMONTID:0001831,Organic compounds;Organic oxygen compounds;Organooxygen compounds;Carbonyl compounds
5693,Ethers,0.96,CHEMONTID:0000254,4,CHEMONTID:0000323,CHEMONTID:0000000;CHEMONTID:0004603;CHEMONTID:0000323;CHEMONTID:0000254,Organic compounds;Organic oxygen compounds;Organooxygen compounds;Ethers
8322,Primary amines,0.84,CHEMONTID:0002450,5,CHEMONTID:0002449,CHEMONTID:0000000;CHEMONTID:0004707;CHEMONTID:0000278;CHEMONTID:0002449;CHEMONTID:0002450,Organic compounds;Organic nitrogen compounds;Organonitrogen compounds;Amines;Primary amines
15583,Primary amines,0.97,CHEMONTID:0002450,5,CHEMONTID:0002449,CHEMONTID:0000000;CHEMONTID:0004707;CHEMONTID:0000278;CHEMONTID:0002449;CHEMONTID:0002450,Organic compounds;Organic nitrogen compounds;Organonitrogen compounds;Amines;Primary amines
17202,Carbonyl compounds,0.89,CHEMONTID:0001831,4,CHEMONTID:0000323,CHEMONTID:0000000;CHEMONTID:0004603;CHEMONTID:0000323;CHEMONTID:0001831,Organic compounds;Organic oxygen compounds;Organooxygen compounds;Carbonyl compounds
4466,Ethers,0.87,CHEMONTID:0000254,4,CHEMONTID:0000323,CHEMONTID:0000000;CHEMONTID:0004603;CHEMONTID:0000323;CHEMONTID:0000254,Organic compounds;Organic oxygen compounds;Organooxygen compounds;Ethers
17816,Carbonyl compounds,0.86,CHEMONTID:0001831,4,CHEMONTID:0000323,CHEMONTID:0000000;CHEMONTID:0004603;CHEMONTID:0000323;CHEMONTID:0001831,Organic compounds;Organic oxygen compounds;Organooxygen compounds;Carbonyl compounds
20549,Monocarboxylic acids and derivatives,0.98,CHEMONTID:0001137,4,CHEMONTID:0000265,CHEMONTID:0000000;CHEMONTID:0000264;CHEMONTID:0000265;CHEMONTID:0001137,Organic compounds;Organic acids and derivatives;Carboxylic acids and derivatives;Monocarboxylic acids and derivatives
8793,Carbonyl compounds,0.82,CHEMONTID:0001831,4,CHEMONTID:0000323,CHEMONTID:0000000;CHEMONTID:0004603;CHEMONTID:0000323;CHEMONTID:0001831,Organic compounds;Organic oxygen compounds;Organooxygen compounds;Carbonyl compounds
19704,Alcohols and polyols,0.88,CHEMONTID:0000129,4,CHEMONTID:0000323,CHEMONTID:0000000;CHEMONTID:0004603;CHEMONTID:0000323;CHEMONTID:0000129,Organic compounds;Organic oxygen compounds;Organooxygen compounds;Alcohols and polyols
11268,Monoalkylamines,0.88,CHEMONTID:0000469,6,CHEMONTID:0002450,CHEMONTID:0000000;CHEMONTID:0004707;CHEMONTID:0000278;CHEMONTID:0002449;CHEMONTID:0002450;CHEMONTID:0000469,Organic compounds;Organic nitrogen compounds;Organonitrogen compounds;Amines;Primary amines;Monoalkylamines
6348,Ethers,0.99,CHEMONTID:0000254,4,CHEMONTID:0000323,CHEMONTID:0000000;CHEMONTID:0004603;CHEMONTID:0000323;CHEMONTID:0000254,Organic compounds;Organic oxygen compounds;Organooxygen compounds;Ethers
8970,Primary amines,0.95,CHEMONTID:0002450,5,CHEMONTID:0002449,CHEMONTID:0000000;CHEMONTID:0004707;CHEMONTID:0000278;CHEMONTID:0002449;CHEMONTID:0002450,Organic compounds;Organic nitrogen compounds;Organonitrogen compounds;Amines;Primary amines
1003,Carbonyl compounds,0.83,CHEMONTID:0001831,4,CHEMONTID:0000323,CHEMONTID:0000000;CHEMONTID:0004603;CHEMONTID:0000323;CHEMONTID:0001831,Organic compounds;Organic oxygen compounds;Organooxygen compounds;Carbonyl compounds
7616,Carboxylic acid derivatives,0.91,CHEMONTID:0001093,4,CHEMONTID:0000265,CHEMONTID:0000000;CHEMONTID:0000264;CHEMONTID:0000265;CHEMONTID:0001093,Organic compounds;Organic acids and derivatives;Carboxylic acids and derivatives;Carboxylic acid derivatives
4782,Carbonyl compounds,0.92,CHEMONTID:0001831,4,CHEMONTID:0000323,CHEMONTID:0000000;CHEMONTID:0004603;CHEMONTID:0000323;CHEMONTID:0001831,Organic compounds;Organic oxygen compounds;Organooxygen compounds;Carbonyl compounds
15973,Amines,0.99,CHEMONTID:0002449,4,CHEMONTID:0000278,CHEMONTID:0000000;CHEMONTID:0004707;CHEMONTID:0000278;CHEMONTID:0002449,Organic compounds;Organic nitrogen compounds;Organonitrogen compounds;Amines
5351,Imidazoles,0.93,CHEMONTID:0000078,4,CHEMONTID:0000436,CHEMONTID:0000000;CHEMONTID:0000002;CHEMONTID:0000436;CHEMONTID:0000078,Organic compounds;Organoheterocyclic compounds;Azoles;Imidazoles
6026,Carbonyl compounds,0.91,CHEMONTID:0001831,4,CHEMONTID:0000323,CHEMONTID:0000000;CHEMONTID:0004603;CHEMONTID:0000323;CHEMONTID:0001831,Organic compounds;Organic oxygen compounds;Organooxygen compounds;Carbonyl compounds
19879,Carbonyl compounds,0.83,CHEMONTID:0001831,4,CHEMONTID:0000323,CHEMONTID:0000000;CHEMONTID:0004603;CHEMONTID:0000323;CHEMONTID:0001831,Organic compounds;Organic oxygen compounds;Organooxygen compounds;Carbonyl compounds
4525,Dicarboxylic acids and derivatives,0.83,CHEMONTID:0000346,4,CHEMONTID:0000265,CHEMONTID:0000000;CHEMONTID:0000264;CHEMONTID:0000265;CHEMONTID:0000346,Organic compounds;Organic acids and derivatives;Carboxylic acids and derivatives;Dicarboxylic acids and derivatives
5583,Glycosyl compounds,1,CHEMONTID:0002105,5,CHEMONTID:0000011,CHEMONTID:0000000;CHEMONTID:0004603;CHEMONTID:0000323;CHEMONTID:0000011;CHEMONTID:0002105,Organic compounds;Organic oxygen compounds;Organooxygen compounds;Carbohydrates and carbohydrate conjugates;Glycosyl compounds
1981,Alcohols and polyols,0.99,CHEMONTID:0000129,4,CHEMONTID:0000323,CHEMONTID:0000000;CHEMONTID:0004603;CHEMONTID:0000323;CHEMONTID:0000129,Organic compounds;Organic oxygen compounds;Organooxygen compounds;Alcohols and polyols
13886,Amines,0.87,CHEMONTID:0002449,4,CHEMONTID:0000278,CHEMONTID:0000000;CHEMONTID:0004707;CHEMONTID:0000278;CHEMONTID:0002449,Organic compounds;Organic nitrogen compounds;Organonitrogen compounds;Amines
10424,Carboxylic acid derivatives,0.86,CHEMONTID:0001093,4,CHEMONTID:0000265,CHEMONTID:0000000;CHEMONTID:0000264;CHEMONTID:0000265;CHEMONTID:0001093,Organic compounds;Organic acids and derivatives;Carboxylic acids and derivatives;Carboxylic acid derivatives
15172,Carboxylic acid derivatives,0.95,CHEMONTID:0001093,4,CHEMONTID:0000265,CHEMONTID:0000000;CHEMONTID:0000264;CHEMONTID:0000265;CHEMONTID:0001093,Organic compounds;Organic acids and derivatives;Carboxylic acids and derivatives;Carboxylic acid derivatives
4491,Carbonyl compounds,0.99,CHEMONTID:0001831,4,CHEMONTID:0000323,CHEMONTID:0000000;CHEMONTID:0004603;CHEMONTID:0000323;CHEMONTID:0001831,Organic compounds;Organic oxygen compounds;Organooxygen compounds;Carbonyl compounds
10930,Monoalkylamines,0.98,CHEMONTID:0000469,6,CHEMONTID:0002450,CHEMONTID:0000000;CHEMONTID:0004707;CHEMONTID:0000278;CHEMONTID:0002449;CHEMONTID:0002450;CHEMONTID:0000469,Organic compounds;Organic nitrogen compounds;Organonitrogen compounds;Amines;Primary amines;Monoalkylamines
5070,Cyclic alcohols and derivatives,0.89,CHEMONTID:0001292,5,CHEMONTID:0000129,CHEMONTID:0000000;CHEMONTID:0004603;CHEMONTID:0000323;CHEMONTID:0000129;CHEMONTID:0001292,Organic compounds;Organic oxygen compounds;Organooxygen compounds;Alcohols and polyols;Cyclic alcohols and derivatives
5543,Primary amines,1,CHEMONTID:0002450,5,CHEMONTID:0002449,CHEMONTID:0000000;CHEMONTID:0004707;CHEMONTID:0000278;CHEMONTID:0002449;CHEMONTID:0002450,Organic compounds;Organic nitrogen compounds;Organonitrogen compounds;Amines;Primary amines
2279,Carbonyl compounds,0.86,CHEMONTID:0001831,4,CHEMONTID:0000323,CHEMONTID:0000000;CHEMONTID:0004603;CHEMONTID:0000323;CHEMONTID:0001831,Organic compounds;Organic oxygen compounds;Organooxygen compounds;Carbonyl compounds
5482,Guanidines,0.96,CHEMONTID:0000375,4,CHEMONTID:0000278,CHEMONTID:0000000;CHEMONTID:0004707;CHEMONTID:0000278;CHEMONTID:0000375,Organic compounds;Organic nitrogen compounds;Organonitrogen compounds;Guanidines
7264,Amines,0.94,CHEMONTID:0002449,4,CHEMONTID:0000278,CHEMONTID:0000000;CHEMONTID:0004707;CHEMONTID:0000278;CHEMONTID:0002449,Organic compounds;Organic nitrogen compounds;Organonitrogen compounds;Amines
17281,Carbonyl compounds,0.95,CHEMONTID:0001831,4,CHEMONTID:0000323,CHEMONTID:0000000;CHEMONTID:0004603;CHEMONTID:0000323;CHEMONTID:0001831,Organic compounds;Organic oxygen compounds;Organooxygen compounds;Carbonyl compounds
12527,Carbonyl compounds,0.96,CHEMONTID:0001831,4,CHEMONTID:0000323,CHEMONTID:0000000;CHEMONTID:0004603;CHEMONTID:0000323;CHEMONTID:0001831,Organic compounds;Organic oxygen compounds;Organooxygen compounds;Carbonyl compounds
17143,Carbonyl compounds,0.85,CHEMONTID:0001831,4,CHEMONTID:0000323,CHEMONTID:0000000;CHEMONTID:0004603;CHEMONTID:0000323;CHEMONTID:0001831,Organic compounds;Organic oxygen compounds;Organooxygen compounds;Carbonyl compounds
11653,Ethers,0.97,CHEMONTID:0000254,4,CHEMONTID:0000323,CHEMONTID:0000000;CHEMONTID:0004603;CHEMONTID:0000323;CHEMONTID:0000254,Organic compounds;Organic oxygen compounds;Organooxygen compounds;Ethers
1824,Carbonyl compounds,0.89,CHEMONTID:0001831,4,CHEMONTID:0000323,CHEMONTID:0000000;CHEMONTID:0004603;CHEMONTID:0000323;CHEMONTID:0001831,Organic compounds;Organic oxygen compounds;Organooxygen compounds;Carbonyl compounds
1770,Monoalkylamines,0.92,CHEMONTID:0000469,6,CHEMONTID:0002450,CHEMONTID:0000000;CHEMONTID:0004707;CHEMONTID:0000278;CHEMONTID:0002449;CHEMONTID:0002450;CHEMONTID:0000469,Organic compounds;Organic nitrogen compounds;Organonitrogen compounds;Amines;Primary amines;Monoalkylamines
7584,Carbonyl compounds,0.8,CHEMONTID:0001831,4,CHEMONTID:0000323,CHEMONTID:0000000;CHEMONTID:0004603;CHEMONTID:0000323;CHEMONTID:0001831,Organic compounds;Organic oxygen compounds;Organooxygen compounds;Carbonyl compounds
6033,Primary amines,0.99,CHEMONTID:0002450,5,CHEMONTID:0002449,CHEMONTID:0000000;CHEMONTID:0004707;CHEMONTID:0000278;CHEMONTID:0002449;CHEMONTID:0002450,Organic compounds;Organic nitrogen compounds;Organonitrogen compounds;Amines;Primary amines
17400,Amines,0.92,CHEMONTID:0002449,4,CHEMONTID:0000278,CHEMONTID:0000000;CHEMONTID:0004707;CHEMONTID:0000278;CHEMONTID:0002449,Organic compounds;Organic nitrogen compounds;Organonitrogen compounds;Amines
18149,Ethers,0.92,CHEMONTID:0000254,4,CHEMONTID:0000323,CHEMONTID:0000000;CHEMONTID:0004603;CHEMONTID:0000323;CHEMONTID:0000254,Organic compounds;Organic oxygen compounds;Organooxygen compounds;Ethers
1863,Alcohols and polyols,0.92,CHEMONTID:0000129,4,CHEMONTID:0000323,CHEMONTID:0000000;CHEMONTID:0004603;CHEMONTID:0000323;CHEMONTID:0000129,Organic compounds;Organic oxygen compounds;Organooxygen compounds;Alcohols and polyols
9311,Amines,0.98,CHEMONTID:0002449,4,CHEMONTID:0000278,CHEMONTID:0000000;CHEMONTID:0004707;CHEMONTID:0000278;CHEMONTID:0002449,Organic compounds;Organic nitrogen compounds;Organonitrogen compounds;Amines
20459,Pyrimidines and pyrimidine derivatives,0.93,CHEMONTID:0000075,4,CHEMONTID:0001346,CHEMONTID:0000000;CHEMONTID:0000002;CHEMONTID:0001346;CHEMONTID:0000075,Organic compounds;Organoheterocyclic compounds;Diazines;Pyrimidines and pyrimidine derivatives
6602,Purines and purine derivatives,0.99,CHEMONTID:0000245,4,CHEMONTID:0001797,CHEMONTID:0000000;CHEMONTID:0000002;CHEMONTID:0001797;CHEMONTID:0000245,Organic compounds;Organoheterocyclic compounds;Imidazopyrimidines;Purines and purine derivatives
3771,Carbonyl compounds,0.9,CHEMONTID:0001831,4,CHEMONTID:0000323,CHEMONTID:0000000;CHEMONTID:0004603;CHEMONTID:0000323;CHEMONTID:0001831,Organic compounds;Organic oxygen compounds;Organooxygen compounds;Carbonyl compounds
12324,Carboxylic acid derivatives,0.91,CHEMONTID:0001093,4,CHEMONTID:0000265,CHEMONTID:0000000;CHEMONTID:0000264;CHEMONTID:0000265;CHEMONTID:0001093,Organic compounds;Organic acids and derivatives;Carboxylic acids and derivatives;Carboxylic acid derivatives
17416,Amines,1,CHEMONTID:0002449,4,CHEMONTID:0000278,CHEMONTID:0000000;CHEMONTID:0004707;CHEMONTID:0000278;CHEMONTID:0002449,Organic compounds;Organic nitrogen compounds;Organonitrogen compounds;Amines
2588,Carboxylic acid derivatives,0.89,CHEMONTID:0001093,4,CHEMONTID:0000265,CHEMONTID:0000000;CHEMONTID:0000264;CHEMONTID:0000265;CHEMONTID:0001093,Organic compounds;Organic acids and derivatives;Carboxylic acids and derivatives;Carboxylic acid derivatives
9525,Carbonyl compounds,1,CHEMONTID:0001831,4,CHEMONTID:0000323,CHEMONTID:0000000;CHEMONTID:0004603;CHEMONTID:0000323;CHEMONTID:0001831,Organic compounds;Organic oxygen compounds;Organooxygen compounds;Carbonyl compounds
16846,Alcohols and polyols,0.94,CHEMONTID:0000129,4,CHEMONTID:0000323,CHEMONTID:0000000;CHEMONTID:0004603;CHEMONTID:0000323;CHEMONTID:0000129,Organic compounds;Organic oxygen compounds;Organooxygen compounds;Alcohols and polyols
7426,Fatty acid esters,0.92,CHEMONTID:0000324,4,CHEMONTID:0003909,CHEMONTID:0000000;CHEMONTID:0000012;CHEMONTID:0003909;CHEMONTID:0000324,Organic compounds;Lipids and lipid-like molecules;Fatty Acyls;Fatty acid esters
13281,Carboxylic acid derivatives,0.91,CHEMONTID:0001093,4,CHEMONTID:0000265,CHEMONTID:0000000;CHEMONTID:0000264;CHEMONTID:0000265;CHEMONTID:0001093,Organic compounds;Organic acids and derivatives;Carboxylic acids and derivatives;Carboxylic acid derivatives
6146,Monoalkylamines,0.97,CHEMONTID:0000469,6,CHEMONTID:0002450,CHEMONTID:0000000;CHEMONTID:0004707;CHEMONTID:0000278;CHEMONTID:0002449;CHEMONTID:0002450;CHEMONTID:0000469,Organic compounds;Organic nitrogen compounds;Organonitrogen compounds;Amines;Primary amines;Monoalkylamines
11776,Primary amines,0.92,CHEMONTID:0002450,5,CHEMONTID:0002449,CHEMONTID:0000000;CHEMONTID:0004707;CHEMONTID:0000278;CHEMONTID:0002449;CHEMONTID:0002450,Organic compounds;Organic nitrogen compounds;Organonitrogen compounds;Amines;Primary amines
4829,Monoalkylamines,1,CHEMONTID:0000469,6,CHEMONTID:0002450,CHEMONTID:0000000;CHEMONTID:0004707;CHEMONTID:0000278;CHEMONTID:0002449;CHEMONTID:0002450;CHEMONTID:0000469,Organic compounds;Organic nitrogen compounds;Organonitrogen compounds;Amines;Primary amines;Monoalkylamines
6308,Dialkyl ethers,0.96,CHEMONTID:0001167,5,CHEMONTID:0000254,CHEMONTID:0000000;CHEMONTID:0004603;CHEMONTID:0000323;CHEMONTID:0000254;CHEMONTID:0001167,Organic compounds;Organic oxygen compounds;Organooxygen compounds;Ethers;Dialkyl ethers
20475,Carboxylic acid derivatives,0.85,CHEMONTID:0001093,4,CHEMONTID:0000265,CHEMONTID:0000000;CHEMONTID:0000264;CHEMONTID:0000265;CHEMONTID:0001093,Organic compounds;Organic acids and derivatives;Carboxylic acids and derivatives;Carboxylic acid derivatives
10560,Carboxylic acid derivatives,0.94,CHEMONTID:0001093,4,CHEMONTID:0000265,CHEMONTID:0000000;CHEMONTID:0000264;CHEMONTID:0000265;CHEMONTID:0001093,Organic compounds;Organic acids and derivatives;Carboxylic acids and derivatives;Carboxylic acid derivatives
3415,Carbonyl compounds,0.98,CHEMONTID:0001831,4,CHEMONTID:0000323,CHEMONTID:0000000;CHEMONTID:0004603;CHEMONTID:0000323;CHEMONTID:0001831,Organic compounds;Organic oxygen compounds;Organooxygen compounds;Carbonyl compounds
20396,Carboxylic acid derivatives,0.96,CHEMONTID:0001093,4,CHEMONTID:0000265,CHEMONTID:0000000;CHEMONTID:0000264;CHEMONTID:0000265;CHEMONTID:0001093,Organic compounds;Organic acids and derivatives;Carboxylic acids and derivatives;Carboxylic acid derivatives
8050,Carbonyl compounds,0.95,CHEMONTID:0001831,4,CHEMONTID:0000323,CHEMONTID:0000000;CHEMONTID:0004603;CHEMONTID:0000323;CHEMONTID:0001831,Organic compounds;Organic oxygen compounds;Organooxygen compounds;Carbonyl compounds
8237,Monoalkylamines,0.99,CHEMONTID:0000469,6,CHEMONTID:0002450,CHEMONTID:0000000;CHEMONTID:0004707;CHEMONTID:0000278;CHEMONTID:0002449;CHEMONTID:0002450;CHEMONTID:0000469,Organic compounds;Organic nitrogen compounds;Organonitrogen compounds;Amines;Primary amines;Monoalkylamines
13044,Guanidines,0.9,CHEMONTID:0000375,4,CHEMONTID:0000278,CHEMONTID:0000000;CHEMONTID:0004707;CHEMONTID:0000278;CHEMONTID:0000375,Organic compounds;Organic nitrogen compounds;Organonitrogen compounds;Guanidines
20566,Primary amines,1,CHEMONTID:0002450,5,CHEMONTID:0002449,CHEMONTID:0000000;CHEMONTID:0004707;CHEMONTID:0000278;CHEMONTID:0002449;CHEMONTID:0002450,Organic compounds;Organic nitrogen compounds;Organonitrogen compounds;Amines;Primary amines
533,Ethers,0.94,CHEMONTID:0000254,4,CHEMONTID:0000323,CHEMONTID:0000000;CHEMONTID:0004603;CHEMONTID:0000323;CHEMONTID:0000254,Organic compounds;Organic oxygen compounds;Organooxygen compounds;Ethers
16466,Primary alcohols,0.94,CHEMONTID:0000286,5,CHEMONTID:0000129,CHEMONTID:0000000;CHEMONTID:0004603;CHEMONTID:0000323;CHEMONTID:0000129;CHEMONTID:0000286,Organic compounds;Organic oxygen compounds;Organooxygen compounds;Alcohols and polyols;Primary alcohols
20461,Ethers,0.86,CHEMONTID:0000254,4,CHEMONTID:0000323,CHEMONTID:0000000;CHEMONTID:0004603;CHEMONTID:0000323;CHEMONTID:0000254,Organic compounds;Organic oxygen compounds;Organooxygen compounds;Ethers
20502,Monoalkylamines,1,CHEMONTID:0000469,6,CHEMONTID:0002450,CHEMONTID:0000000;CHEMONTID:0004707;CHEMONTID:0000278;CHEMONTID:0002449;CHEMONTID:0002450;CHEMONTID:0000469,Organic compounds;Organic nitrogen compounds;Organonitrogen compounds;Amines;Primary amines;Monoalkylamines
15925,Amines,0.97,CHEMONTID:0002449,4,CHEMONTID:0000278,CHEMONTID:0000000;CHEMONTID:0004707;CHEMONTID:0000278;CHEMONTID:0002449,Organic compounds;Organic nitrogen compounds;Organonitrogen compounds;Amines
7796,Alcohols and polyols,0.97,CHEMONTID:0000129,4,CHEMONTID:0000323,CHEMONTID:0000000;CHEMONTID:0004603;CHEMONTID:0000323;CHEMONTID:0000129,Organic compounds;Organic oxygen compounds;Organooxygen compounds;Alcohols and polyols
3762,Alcohols and polyols,0.94,CHEMONTID:0000129,4,CHEMONTID:0000323,CHEMONTID:0000000;CHEMONTID:0004603;CHEMONTID:0000323;CHEMONTID:0000129,Organic compounds;Organic oxygen compounds;Organooxygen compounds;Alcohols and polyols
6456,Amines,0.81,CHEMONTID:0002449,4,CHEMONTID:0000278,CHEMONTID:0000000;CHEMONTID:0004707;CHEMONTID:0000278;CHEMONTID:0002449,Organic compounds;Organic nitrogen compounds;Organonitrogen compounds;Amines
6385,Carbonyl compounds,0.93,CHEMONTID:0001831,4,CHEMONTID:0000323,CHEMONTID:0000000;CHEMONTID:0004603;CHEMONTID:0000323;CHEMONTID:0001831,Organic compounds;Organic oxygen compounds;Organooxygen compounds;Carbonyl compounds
12571,Alcohols and polyols,0.81,CHEMONTID:0000129,4,CHEMONTID:0000323,CHEMONTID:0000000;CHEMONTID:0004603;CHEMONTID:0000323;CHEMONTID:0000129,Organic compounds;Organic oxygen compounds;Organooxygen compounds;Alcohols and polyols
8240,Carbonyl compounds,0.99,CHEMONTID:0001831,4,CHEMONTID:0000323,CHEMONTID:0000000;CHEMONTID:0004603;CHEMONTID:0000323;CHEMONTID:0001831,Organic compounds;Organic oxygen compounds;Organooxygen compounds;Carbonyl compounds
7595,Primary amines,0.91,CHEMONTID:0002450,5,CHEMONTID:0002449,CHEMONTID:0000000;CHEMONTID:0004707;CHEMONTID:0000278;CHEMONTID:0002449;CHEMONTID:0002450,Organic compounds;Organic nitrogen compounds;Organonitrogen compounds;Amines;Primary amines
3561,Carbonyl compounds,0.99,CHEMONTID:0001831,4,CHEMONTID:0000323,CHEMONTID:0000000;CHEMONTID:0004603;CHEMONTID:0000323;CHEMONTID:0001831,Organic compounds;Organic oxygen compounds;Organooxygen compounds;Carbonyl compounds
3924,Carbonyl compounds,0.97,CHEMONTID:0001831,4,CHEMONTID:0000323,CHEMONTID:0000000;CHEMONTID:0004603;CHEMONTID:0000323;CHEMONTID:0001831,Organic compounds;Organic oxygen compounds;Organooxygen compounds;Carbonyl compounds
7863,Carbonyl compounds,0.96,CHEMONTID:0001831,4,CHEMONTID:0000323,CHEMONTID:0000000;CHEMONTID:0004603;CHEMONTID:0000323;CHEMONTID:0001831,Organic compounds;Organic oxygen compounds;Organooxygen compounds;Carbonyl compounds
298,Alcohols and polyols,0.95,CHEMONTID:0000129,4,CHEMONTID:0000323,CHEMONTID:0000000;CHEMONTID:0004603;CHEMONTID:0000323;CHEMONTID:0000129,Organic compounds;Organic oxygen compounds;Organooxygen compounds;Alcohols and polyols
9372,Carbonyl compounds,0.83,CHEMONTID:0001831,4,CHEMONTID:0000323,CHEMONTID:0000000;CHEMONTID:0004603;CHEMONTID:0000323;CHEMONTID:0001831,Organic compounds;Organic oxygen compounds;Organooxygen compounds;Carbonyl compounds
17441,Carbonyl compounds,0.8,CHEMONTID:0001831,4,CHEMONTID:0000323,CHEMONTID:0000000;CHEMONTID:0004603;CHEMONTID:0000323;CHEMONTID:0001831,Organic compounds;Organic oxygen compounds;Organooxygen compounds;Carbonyl compounds
13194,Amines,0.98,CHEMONTID:0002449,4,CHEMONTID:0000278,CHEMONTID:0000000;CHEMONTID:0004707;CHEMONTID:0000278;CHEMONTID:0002449,Organic compounds;Organic nitrogen compounds;Organonitrogen compounds;Amines
8224,Ethers,0.99,CHEMONTID:0000254,4,CHEMONTID:0000323,CHEMONTID:0000000;CHEMONTID:0004603;CHEMONTID:0000323;CHEMONTID:0000254,Organic compounds;Organic oxygen compounds;Organooxygen compounds;Ethers
7485,Amines,0.89,CHEMONTID:0002449,4,CHEMONTID:0000278,CHEMONTID:0000000;CHEMONTID:0004707;CHEMONTID:0000278;CHEMONTID:0002449,Organic compounds;Organic nitrogen compounds;Organonitrogen compounds;Amines
19214,Carboxylic acid derivatives,0.98,CHEMONTID:0001093,4,CHEMONTID:0000265,CHEMONTID:0000000;CHEMONTID:0000264;CHEMONTID:0000265;CHEMONTID:0001093,Organic compounds;Organic acids and derivatives;Carboxylic acids and derivatives;Carboxylic acid derivatives
7120,Carbonyl compounds,0.93,CHEMONTID:0001831,4,CHEMONTID:0000323,CHEMONTID:0000000;CHEMONTID:0004603;CHEMONTID:0000323;CHEMONTID:0001831,Organic compounds;Organic oxygen compounds;Organooxygen compounds;Carbonyl compounds
18966,Carbonyl compounds,1,CHEMONTID:0001831,4,CHEMONTID:0000323,CHEMONTID:0000000;CHEMONTID:0004603;CHEMONTID:0000323;CHEMONTID:0001831,Organic compounds;Organic oxygen compounds;Organooxygen compounds;Carbonyl compounds
2011,Carbonyl compounds,0.98,CHEMONTID:0001831,4,CHEMONTID:0000323,CHEMONTID:0000000;CHEMONTID:0004603;CHEMONTID:0000323;CHEMONTID:0001831,Organic compounds;Organic oxygen compounds;Organooxygen compounds;Carbonyl compounds
4480,Carbonyl compounds,0.99,CHEMONTID:0001831,4,CHEMONTID:0000323,CHEMONTID:0000000;CHEMONTID:0004603;CHEMONTID:0000323;CHEMONTID:0001831,Organic compounds;Organic oxygen compounds;Organooxygen compounds;Carbonyl compounds
4023,Carbonyl compounds,0.85,CHEMONTID:0001831,4,CHEMONTID:0000323,CHEMONTID:0000000;CHEMONTID:0004603;CHEMONTID:0000323;CHEMONTID:0001831,Organic compounds;Organic oxygen compounds;Organooxygen compounds;Carbonyl compounds
9027,Secondary alcohols,1,CHEMONTID:0001661,5,CHEMONTID:0000129,CHEMONTID:0000000;CHEMONTID:0004603;CHEMONTID:0000323;CHEMONTID:0000129;CHEMONTID:0001661,Organic compounds;Organic oxygen compounds;Organooxygen compounds;Alcohols and polyols;Secondary alcohols
2085,Hexoses,0.94,CHEMONTID:0001498,6,CHEMONTID:0001540,CHEMONTID:0000000;CHEMONTID:0004603;CHEMONTID:0000323;CHEMONTID:0000011;CHEMONTID:0001540;CHEMONTID:0001498,Organic compounds;Organic oxygen compounds;Organooxygen compounds;Carbohydrates and carbohydrate conjugates;Monosaccharides;Hexoses
19875,Amines,0.97,CHEMONTID:0002449,4,CHEMONTID:0000278,CHEMONTID:0000000;CHEMONTID:0004707;CHEMONTID:0000278;CHEMONTID:0002449,Organic compounds;Organic nitrogen compounds;Organonitrogen compounds;Amines
13365,Carbonyl compounds,0.84,CHEMONTID:0001831,4,CHEMONTID:0000323,CHEMONTID:0000000;CHEMONTID:0004603;CHEMONTID:0000323;CHEMONTID:0001831,Organic compounds;Organic oxygen compounds;Organooxygen compounds;Carbonyl compounds
20165,Amines,0.97,CHEMONTID:0002449,4,CHEMONTID:0000278,CHEMONTID:0000000;CHEMONTID:0004707;CHEMONTID:0000278;CHEMONTID:0002449,Organic compounds;Organic nitrogen compounds;Organonitrogen compounds;Amines
15166,Guanidines,0.88,CHEMONTID:0000375,4,CHEMONTID:0000278,CHEMONTID:0000000;CHEMONTID:0004707;CHEMONTID:0000278;CHEMONTID:0000375,Organic compounds;Organic nitrogen compounds;Organonitrogen compounds;Guanidines
11987,Carbonyl compounds,0.98,CHEMONTID:0001831,4,CHEMONTID:0000323,CHEMONTID:0000000;CHEMONTID:0004603;CHEMONTID:0000323;CHEMONTID:0001831,Organic compounds;Organic oxygen compounds;Organooxygen compounds;Carbonyl compounds
7341,Carbonyl compounds,0.98,CHEMONTID:0001831,4,CHEMONTID:0000323,CHEMONTID:0000000;CHEMONTID:0004603;CHEMONTID:0000323;CHEMONTID:0001831,Organic compounds;Organic oxygen compounds;Organooxygen compounds;Carbonyl compounds
16742,Carbonyl compounds,0.96,CHEMONTID:0001831,4,CHEMONTID:0000323,CHEMONTID:0000000;CHEMONTID:0004603;CHEMONTID:0000323;CHEMONTID:0001831,Organic compounds;Organic oxygen compounds;Organooxygen compounds;Carbonyl compounds
15845,Carbonyl compounds,0.85,CHEMONTID:0001831,4,CHEMONTID:0000323,CHEMONTID:0000000;CHEMONTID:0004603;CHEMONTID:0000323;CHEMONTID:0001831,Organic compounds;Organic oxygen compounds;Organooxygen compounds;Carbonyl compounds
7607,Monoalkylamines,0.95,CHEMONTID:0000469,6,CHEMONTID:0002450,CHEMONTID:0000000;CHEMONTID:0004707;CHEMONTID:0000278;CHEMONTID:0002449;CHEMONTID:0002450;CHEMONTID:0000469,Organic compounds;Organic nitrogen compounds;Organonitrogen compounds;Amines;Primary amines;Monoalkylamines
20149,Carboxylic acid derivatives,0.83,CHEMONTID:0001093,4,CHEMONTID:0000265,CHEMONTID:0000000;CHEMONTID:0000264;CHEMONTID:0000265;CHEMONTID:0001093,Organic compounds;Organic acids and derivatives;Carboxylic acids and derivatives;Carboxylic acid derivatives
10475,Primary amines,0.93,CHEMONTID:0002450,5,CHEMONTID:0002449,CHEMONTID:0000000;CHEMONTID:0004707;CHEMONTID:0000278;CHEMONTID:0002449;CHEMONTID:0002450,Organic compounds;Organic nitrogen compounds;Organonitrogen compounds;Amines;Primary amines
10683,Alcohols and polyols,0.87,CHEMONTID:0000129,4,CHEMONTID:0000323,CHEMONTID:0000000;CHEMONTID:0004603;CHEMONTID:0000323;CHEMONTID:0000129,Organic compounds;Organic oxygen compounds;Organooxygen compounds;Alcohols and polyols
5622,Fatty amides,0.92,CHEMONTID:0000331,4,CHEMONTID:0003909,CHEMONTID:0000000;CHEMONTID:0000012;CHEMONTID:0003909;CHEMONTID:0000331,Organic compounds;Lipids and lipid-like molecules;Fatty Acyls;Fatty amides
3321,Monoalkylamines,0.82,CHEMONTID:0000469,6,CHEMONTID:0002450,CHEMONTID:0000000;CHEMONTID:0004707;CHEMONTID:0000278;CHEMONTID:0002449;CHEMONTID:0002450;CHEMONTID:0000469,Organic compounds;Organic nitrogen compounds;Organonitrogen compounds;Amines;Primary amines;Monoalkylamines
11643,Carbonyl compounds,0.99,CHEMONTID:0001831,4,CHEMONTID:0000323,CHEMONTID:0000000;CHEMONTID:0004603;CHEMONTID:0000323;CHEMONTID:0001831,Organic compounds;Organic oxygen compounds;Organooxygen compounds;Carbonyl compounds
16519,Dialkyl ethers,0.84,CHEMONTID:0001167,5,CHEMONTID:0000254,CHEMONTID:0000000;CHEMONTID:0004603;CHEMONTID:0000323;CHEMONTID:0000254;CHEMONTID:0001167,Organic compounds;Organic oxygen compounds;Organooxygen compounds;Ethers;Dialkyl ethers
9908,Carbonyl compounds,0.98,CHEMONTID:0001831,4,CHEMONTID:0000323,CHEMONTID:0000000;CHEMONTID:0004603;CHEMONTID:0000323;CHEMONTID:0001831,Organic compounds;Organic oxygen compounds;Organooxygen compounds;Carbonyl compounds
599,Carbohydrates and carbohydrate conjugates,1,CHEMONTID:0000011,4,CHEMONTID:0000323,CHEMONTID:0000000;CHEMONTID:0004603;CHEMONTID:0000323;CHEMONTID:0000011,Organic compounds;Organic oxygen compounds;Organooxygen compounds;Carbohydrates and carbohydrate conjugates
3074,Carbonyl compounds,0.98,CHEMONTID:0001831,4,CHEMONTID:0000323,CHEMONTID:0000000;CHEMONTID:0004603;CHEMONTID:0000323;CHEMONTID:0001831,Organic compounds;Organic oxygen compounds;Organooxygen compounds;Carbonyl compounds
9196,Carboxylic acid derivatives,0.93,CHEMONTID:0001093,4,CHEMONTID:0000265,CHEMONTID:0000000;CHEMONTID:0000264;CHEMONTID:0000265;CHEMONTID:0001093,Organic compounds;Organic acids and derivatives;Carboxylic acids and derivatives;Carboxylic acid derivatives
4001,Alcohols and polyols,0.99,CHEMONTID:0000129,4,CHEMONTID:0000323,CHEMONTID:0000000;CHEMONTID:0004603;CHEMONTID:0000323;CHEMONTID:0000129,Organic compounds;Organic oxygen compounds;Organooxygen compounds;Alcohols and polyols
9210,Monoalkylamines,0.96,CHEMONTID:0000469,6,CHEMONTID:0002450,CHEMONTID:0000000;CHEMONTID:0004707;CHEMONTID:0000278;CHEMONTID:0002449;CHEMONTID:0002450;CHEMONTID:0000469,Organic compounds;Organic nitrogen compounds;Organonitrogen compounds;Amines;Primary amines;Monoalkylamines
16410,Carbonyl compounds,0.84,CHEMONTID:0001831,4,CHEMONTID:0000323,CHEMONTID:0000000;CHEMONTID:0004603;CHEMONTID:0000323;CHEMONTID:0001831,Organic compounds;Organic oxygen compounds;Organooxygen compounds;Carbonyl compounds
4887,Secondary alcohols,1,CHEMONTID:0001661,5,CHEMONTID:0000129,CHEMONTID:0000000;CHEMONTID:0004603;CHEMONTID:0000323;CHEMONTID:0000129;CHEMONTID:0001661,Organic compounds;Organic oxygen compounds;Organooxygen compounds;Alcohols and polyols;Secondary alcohols
16442,Carbonyl compounds,1,CHEMONTID:0001831,4,CHEMONTID:0000323,CHEMONTID:0000000;CHEMONTID:0004603;CHEMONTID:0000323;CHEMONTID:0001831,Organic compounds;Organic oxygen compounds;Organooxygen compounds;Carbonyl compounds
763,Monoalkylamines,0.96,CHEMONTID:0000469,6,CHEMONTID:0002450,CHEMONTID:0000000;CHEMONTID:0004707;CHEMONTID:0000278;CHEMONTID:0002449;CHEMONTID:0002450;CHEMONTID:0000469,Organic compounds;Organic nitrogen compounds;Organonitrogen compounds;Amines;Primary amines;Monoalkylamines
8178,Carbonyl compounds,0.85,CHEMONTID:0001831,4,CHEMONTID:0000323,CHEMONTID:0000000;CHEMONTID:0004603;CHEMONTID:0000323;CHEMONTID:0001831,Organic compounds;Organic oxygen compounds;Organooxygen compounds;Carbonyl compounds
3913,Carbonyl compounds,0.99,CHEMONTID:0001831,4,CHEMONTID:0000323,CHEMONTID:0000000;CHEMONTID:0004603;CHEMONTID:0000323;CHEMONTID:0001831,Organic compounds;Organic oxygen compounds;Organooxygen compounds;Carbonyl compounds
1638,Dialkyl ethers,0.97,CHEMONTID:0001167,5,CHEMONTID:0000254,CHEMONTID:0000000;CHEMONTID:0004603;CHEMONTID:0000323;CHEMONTID:0000254;CHEMONTID:0001167,Organic compounds;Organic oxygen compounds;Organooxygen compounds;Ethers;Dialkyl ethers
19869,Amines,0.97,CHEMONTID:0002449,4,CHEMONTID:0000278,CHEMONTID:0000000;CHEMONTID:0004707;CHEMONTID:0000278;CHEMONTID:0002449,Organic compounds;Organic nitrogen compounds;Organonitrogen compounds;Amines
12252,Carbonyl compounds,0.92,CHEMONTID:0001831,4,CHEMONTID:0000323,CHEMONTID:0000000;CHEMONTID:0004603;CHEMONTID:0000323;CHEMONTID:0001831,Organic compounds;Organic oxygen compounds;Organooxygen compounds;Carbonyl compounds
8662,Carbonyl compounds,0.94,CHEMONTID:0001831,4,CHEMONTID:0000323,CHEMONTID:0000000;CHEMONTID:0004603;CHEMONTID:0000323;CHEMONTID:0001831,Organic compounds;Organic oxygen compounds;Organooxygen compounds;Carbonyl compounds
7117,Carbonyl compounds,0.86,CHEMONTID:0001831,4,CHEMONTID:0000323,CHEMONTID:0000000;CHEMONTID:0004603;CHEMONTID:0000323;CHEMONTID:0001831,Organic compounds;Organic oxygen compounds;Organooxygen compounds;Carbonyl compounds
15963,Amines,0.98,CHEMONTID:0002449,4,CHEMONTID:0000278,CHEMONTID:0000000;CHEMONTID:0004707;CHEMONTID:0000278;CHEMONTID:0002449,Organic compounds;Organic nitrogen compounds;Organonitrogen compounds;Amines
20386,Carboxylic acid derivatives,1,CHEMONTID:0001093,4,CHEMONTID:0000265,CHEMONTID:0000000;CHEMONTID:0000264;CHEMONTID:0000265;CHEMONTID:0001093,Organic compounds;Organic acids and derivatives;Carboxylic acids and derivatives;Carboxylic acid derivatives
12812,Ethers,0.94,CHEMONTID:0000254,4,CHEMONTID:0000323,CHEMONTID:0000000;CHEMONTID:0004603;CHEMONTID:0000323;CHEMONTID:0000254,Organic compounds;Organic oxygen compounds;Organooxygen compounds;Ethers
7531,Phosphate esters,1,CHEMONTID:0000408,4,CHEMONTID:0000402,CHEMONTID:0000000;CHEMONTID:0000264;CHEMONTID:0000402;CHEMONTID:0000408,Organic compounds;Organic acids and derivatives;Organic phosphoric acids and derivatives;Phosphate esters
10671,Amines,0.96,CHEMONTID:0002449,4,CHEMONTID:0000278,CHEMONTID:0000000;CHEMONTID:0004707;CHEMONTID:0000278;CHEMONTID:0002449,Organic compounds;Organic nitrogen compounds;Organonitrogen compounds;Amines
13189,Carbonyl compounds,0.87,CHEMONTID:0001831,4,CHEMONTID:0000323,CHEMONTID:0000000;CHEMONTID:0004603;CHEMONTID:0000323;CHEMONTID:0001831,Organic compounds;Organic oxygen compounds;Organooxygen compounds;Carbonyl compounds
1544,Carbonyl compounds,0.85,CHEMONTID:0001831,4,CHEMONTID:0000323,CHEMONTID:0000000;CHEMONTID:0004603;CHEMONTID:0000323;CHEMONTID:0001831,Organic compounds;Organic oxygen compounds;Organooxygen compounds;Carbonyl compounds
13291,Carboxylic acid derivatives,0.99,CHEMONTID:0001093,4,CHEMONTID:0000265,CHEMONTID:0000000;CHEMONTID:0000264;CHEMONTID:0000265;CHEMONTID:0001093,Organic compounds;Organic acids and derivatives;Carboxylic acids and derivatives;Carboxylic acid derivatives
6842,Amines,0.98,CHEMONTID:0002449,4,CHEMONTID:0000278,CHEMONTID:0000000;CHEMONTID:0004707;CHEMONTID:0000278;CHEMONTID:0002449,Organic compounds;Organic nitrogen compounds;Organonitrogen compounds;Amines
4641,Primary amines,0.98,CHEMONTID:0002450,5,CHEMONTID:0002449,CHEMONTID:0000000;CHEMONTID:0004707;CHEMONTID:0000278;CHEMONTID:0002449;CHEMONTID:0002450,Organic compounds;Organic nitrogen compounds;Organonitrogen compounds;Amines;Primary amines
11567,Guanidines,0.99,CHEMONTID:0000375,4,CHEMONTID:0000278,CHEMONTID:0000000;CHEMONTID:0004707;CHEMONTID:0000278;CHEMONTID:0000375,Organic compounds;Organic nitrogen compounds;Organonitrogen compounds;Guanidines
17541,Carbonyl compounds,0.91,CHEMONTID:0001831,4,CHEMONTID:0000323,CHEMONTID:0000000;CHEMONTID:0004603;CHEMONTID:0000323;CHEMONTID:0001831,Organic compounds;Organic oxygen compounds;Organooxygen compounds;Carbonyl compounds
8444,Carbonyl compounds,0.85,CHEMONTID:0001831,4,CHEMONTID:0000323,CHEMONTID:0000000;CHEMONTID:0004603;CHEMONTID:0000323;CHEMONTID:0001831,Organic compounds;Organic oxygen compounds;Organooxygen compounds;Carbonyl compounds
3727,Primary amines,0.98,CHEMONTID:0002450,5,CHEMONTID:0002449,CHEMONTID:0000000;CHEMONTID:0004707;CHEMONTID:0000278;CHEMONTID:0002449;CHEMONTID:0002450,Organic compounds;Organic nitrogen compounds;Organonitrogen compounds;Amines;Primary amines
16213,Primary amines,0.9,CHEMONTID:0002450,5,CHEMONTID:0002449,CHEMONTID:0000000;CHEMONTID:0004707;CHEMONTID:0000278;CHEMONTID:0002449;CHEMONTID:0002450,Organic compounds;Organic nitrogen compounds;Organonitrogen compounds;Amines;Primary amines
4609,Azasteroids and derivatives,0.87,CHEMONTID:0002340,4,CHEMONTID:0000258,CHEMONTID:0000000;CHEMONTID:0000012;CHEMONTID:0000258;CHEMONTID:0002340,Organic compounds;Lipids and lipid-like molecules;Steroids and steroid derivatives;Azasteroids and derivatives
4697,"Amino acids, peptides, and analogues",0.95,CHEMONTID:0000013,4,CHEMONTID:0000265,CHEMONTID:0000000;CHEMONTID:0000264;CHEMONTID:0000265;CHEMONTID:0000013,"Organic compounds;Organic acids and derivatives;Carboxylic acids and derivatives;Amino acids, peptides, and analogues"
5458,Amines,0.95,CHEMONTID:0002449,4,CHEMONTID:0000278,CHEMONTID:0000000;CHEMONTID:0004707;CHEMONTID:0000278;CHEMONTID:0002449,Organic compounds;Organic nitrogen compounds;Organonitrogen compounds;Amines
3543,Carbonyl compounds,0.84,CHEMONTID:0001831,4,CHEMONTID:0000323,CHEMONTID:0000000;CHEMONTID:0004603;CHEMONTID:0000323;CHEMONTID:0001831,Organic compounds;Organic oxygen compounds;Organooxygen compounds;Carbonyl compounds
5835,Guanidines,0.99,CHEMONTID:0000375,4,CHEMONTID:0000278,CHEMONTID:0000000;CHEMONTID:0004707;CHEMONTID:0000278;CHEMONTID:0000375,Organic compounds;Organic nitrogen compounds;Organonitrogen compounds;Guanidines
11280,Carbonyl compounds,0.84,CHEMONTID:0001831,4,CHEMONTID:0000323,CHEMONTID:0000000;CHEMONTID:0004603;CHEMONTID:0000323;CHEMONTID:0001831,Organic compounds;Organic oxygen compounds;Organooxygen compounds;Carbonyl compounds
8049,Cyclic alcohols and derivatives,0.83,CHEMONTID:0001292,5,CHEMONTID:0000129,CHEMONTID:0000000;CHEMONTID:0004603;CHEMONTID:0000323;CHEMONTID:0000129;CHEMONTID:0001292,Organic compounds;Organic oxygen compounds;Organooxygen compounds;Alcohols and polyols;Cyclic alcohols and derivatives
19056,Secondary alcohols,0.89,CHEMONTID:0001661,5,CHEMONTID:0000129,CHEMONTID:0000000;CHEMONTID:0004603;CHEMONTID:0000323;CHEMONTID:0000129;CHEMONTID:0001661,Organic compounds;Organic oxygen compounds;Organooxygen compounds;Alcohols and polyols;Secondary alcohols
20035,Carboximidamides,0.94,CHEMONTID:0003152,4,CHEMONTID:0000278,CHEMONTID:0000000;CHEMONTID:0004707;CHEMONTID:0000278;CHEMONTID:0003152,Organic compounds;Organic nitrogen compounds;Organonitrogen compounds;Carboximidamides
3594,Carbonyl compounds,0.96,CHEMONTID:0001831,4,CHEMONTID:0000323,CHEMONTID:0000000;CHEMONTID:0004603;CHEMONTID:0000323;CHEMONTID:0001831,Organic compounds;Organic oxygen compounds;Organooxygen compounds;Carbonyl compounds
10748,Alpha amino acids and derivatives,1,CHEMONTID:0000060,6,CHEMONTID:0000347,CHEMONTID:0000000;CHEMONTID:0000264;CHEMONTID:0000265;CHEMONTID:0000013;CHEMONTID:0000347;CHEMONTID:0000060,"Organic compounds;Organic acids and derivatives;Carboxylic acids and derivatives;Amino acids, peptides, and analogues;Amino acids and derivatives;Alpha amino acids and derivatives"
1346,Carbonyl compounds,0.92,CHEMONTID:0001831,4,CHEMONTID:0000323,CHEMONTID:0000000;CHEMONTID:0004603;CHEMONTID:0000323;CHEMONTID:0001831,Organic compounds;Organic oxygen compounds;Organooxygen compounds;Carbonyl compounds
17358,Carbonyl compounds,0.97,CHEMONTID:0001831,4,CHEMONTID:0000323,CHEMONTID:0000000;CHEMONTID:0004603;CHEMONTID:0000323;CHEMONTID:0001831,Organic compounds;Organic oxygen compounds;Organooxygen compounds;Carbonyl compounds
6944,Dialkyl ethers,0.98,CHEMONTID:0001167,5,CHEMONTID:0000254,CHEMONTID:0000000;CHEMONTID:0004603;CHEMONTID:0000323;CHEMONTID:0000254;CHEMONTID:0001167,Organic compounds;Organic oxygen compounds;Organooxygen compounds;Ethers;Dialkyl ethers
5712,Carboxylic acid derivatives,0.97,CHEMONTID:0001093,4,CHEMONTID:0000265,CHEMONTID:0000000;CHEMONTID:0000264;CHEMONTID:0000265;CHEMONTID:0001093,Organic compounds;Organic acids and derivatives;Carboxylic acids and derivatives;Carboxylic acid derivatives
12561,Alcohols and polyols,0.93,CHEMONTID:0000129,4,CHEMONTID:0000323,CHEMONTID:0000000;CHEMONTID:0004603;CHEMONTID:0000323;CHEMONTID:0000129,Organic compounds;Organic oxygen compounds;Organooxygen compounds;Alcohols and polyols
3939,Alcohols and polyols,0.82,CHEMONTID:0000129,4,CHEMONTID:0000323,CHEMONTID:0000000;CHEMONTID:0004603;CHEMONTID:0000323;CHEMONTID:0000129,Organic compounds;Organic oxygen compounds;Organooxygen compounds;Alcohols and polyols
3676,Carboxylic acid derivatives,0.85,CHEMONTID:0001093,4,CHEMONTID:0000265,CHEMONTID:0000000;CHEMONTID:0000264;CHEMONTID:0000265;CHEMONTID:0001093,Organic compounds;Organic acids and derivatives;Carboxylic acids and derivatives;Carboxylic acid derivatives
13383,Amines,0.8,CHEMONTID:0002449,4,CHEMONTID:0000278,CHEMONTID:0000000;CHEMONTID:0004707;CHEMONTID:0000278;CHEMONTID:0002449,Organic compounds;Organic nitrogen compounds;Organonitrogen compounds;Amines
2043,N-acyl amines,0.97,CHEMONTID:0001096,5,CHEMONTID:0000331,CHEMONTID:0000000;CHEMONTID:0000012;CHEMONTID:0003909;CHEMONTID:0000331;CHEMONTID:0001096,Organic compounds;Lipids and lipid-like molecules;Fatty Acyls;Fatty amides;N-acyl amines
16219,Monoalkylamines,0.95,CHEMONTID:0000469,6,CHEMONTID:0002450,CHEMONTID:0000000;CHEMONTID:0004707;CHEMONTID:0000278;CHEMONTID:0002449;CHEMONTID:0002450;CHEMONTID:0000469,Organic compounds;Organic nitrogen compounds;Organonitrogen compounds;Amines;Primary amines;Monoalkylamines
3248,Amines,0.89,CHEMONTID:0002449,4,CHEMONTID:0000278,CHEMONTID:0000000;CHEMONTID:0004707;CHEMONTID:0000278;CHEMONTID:0002449,Organic compounds;Organic nitrogen compounds;Organonitrogen compounds;Amines
8431,Carbonyl compounds,0.85,CHEMONTID:0001831,4,CHEMONTID:0000323,CHEMONTID:0000000;CHEMONTID:0004603;CHEMONTID:0000323;CHEMONTID:0001831,Organic compounds;Organic oxygen compounds;Organooxygen compounds;Carbonyl compounds
12432,Dialkyl ethers,0.97,CHEMONTID:0001167,5,CHEMONTID:0000254,CHEMONTID:0000000;CHEMONTID:0004603;CHEMONTID:0000323;CHEMONTID:0000254;CHEMONTID:0001167,Organic compounds;Organic oxygen compounds;Organooxygen compounds;Ethers;Dialkyl ethers
8180,Carbonyl compounds,0.92,CHEMONTID:0001831,4,CHEMONTID:0000323,CHEMONTID:0000000;CHEMONTID:0004603;CHEMONTID:0000323;CHEMONTID:0001831,Organic compounds;Organic oxygen compounds;Organooxygen compounds;Carbonyl compounds
6358,Carbohydrates and carbohydrate conjugates,0.97,CHEMONTID:0000011,4,CHEMONTID:0000323,CHEMONTID:0000000;CHEMONTID:0004603;CHEMONTID:0000323;CHEMONTID:0000011,Organic compounds;Organic oxygen compounds;Organooxygen compounds;Carbohydrates and carbohydrate conjugates
9720,Dialkyl ethers,0.81,CHEMONTID:0001167,5,CHEMONTID:0000254,CHEMONTID:0000000;CHEMONTID:0004603;CHEMONTID:0000323;CHEMONTID:0000254;CHEMONTID:0001167,Organic compounds;Organic oxygen compounds;Organooxygen compounds;Ethers;Dialkyl ethers
11573,Amines,0.95,CHEMONTID:0002449,4,CHEMONTID:0000278,CHEMONTID:0000000;CHEMONTID:0004707;CHEMONTID:0000278;CHEMONTID:0002449,Organic compounds;Organic nitrogen compounds;Organonitrogen compounds;Amines
13686,Carbonyl compounds,0.87,CHEMONTID:0001831,4,CHEMONTID:0000323,CHEMONTID:0000000;CHEMONTID:0004603;CHEMONTID:0000323;CHEMONTID:0001831,Organic compounds;Organic oxygen compounds;Organooxygen compounds;Carbonyl compounds
4922,Carboxylic acid derivatives,0.92,CHEMONTID:0001093,4,CHEMONTID:0000265,CHEMONTID:0000000;CHEMONTID:0000264;CHEMONTID:0000265;CHEMONTID:0001093,Organic compounds;Organic acids and derivatives;Carboxylic acids and derivatives;Carboxylic acid derivatives
9582,Alcohols and polyols,0.91,CHEMONTID:0000129,4,CHEMONTID:0000323,CHEMONTID:0000000;CHEMONTID:0004603;CHEMONTID:0000323;CHEMONTID:0000129,Organic compounds;Organic oxygen compounds;Organooxygen compounds;Alcohols and polyols
20447,Carbonyl compounds,0.89,CHEMONTID:0001831,4,CHEMONTID:0000323,CHEMONTID:0000000;CHEMONTID:0004603;CHEMONTID:0000323;CHEMONTID:0001831,Organic compounds;Organic oxygen compounds;Organooxygen compounds;Carbonyl compounds
13758,Trialkylamines,0.94,CHEMONTID:0002239,6,CHEMONTID:0002452,CHEMONTID:0000000;CHEMONTID:0004707;CHEMONTID:0000278;CHEMONTID:0002449;CHEMONTID:0002452;CHEMONTID:0002239,Organic compounds;Organic nitrogen compounds;Organonitrogen compounds;Amines;Tertiary amines;Trialkylamines
8673,Amines,0.94,CHEMONTID:0002449,4,CHEMONTID:0000278,CHEMONTID:0000000;CHEMONTID:0004707;CHEMONTID:0000278;CHEMONTID:0002449,Organic compounds;Organic nitrogen compounds;Organonitrogen compounds;Amines
18504,Alcohols and polyols,0.96,CHEMONTID:0000129,4,CHEMONTID:0000323,CHEMONTID:0000000;CHEMONTID:0004603;CHEMONTID:0000323;CHEMONTID:0000129,Organic compounds;Organic oxygen compounds;Organooxygen compounds;Alcohols and polyols
4507,Carbonyl compounds,1,CHEMONTID:0001831,4,CHEMONTID:0000323,CHEMONTID:0000000;CHEMONTID:0004603;CHEMONTID:0000323;CHEMONTID:0001831,Organic compounds;Organic oxygen compounds;Organooxygen compounds;Carbonyl compounds
1121,Amines,0.8,CHEMONTID:0002449,4,CHEMONTID:0000278,CHEMONTID:0000000;CHEMONTID:0004707;CHEMONTID:0000278;CHEMONTID:0002449,Organic compounds;Organic nitrogen compounds;Organonitrogen compounds;Amines
14500,Carbonyl compounds,0.99,CHEMONTID:0001831,4,CHEMONTID:0000323,CHEMONTID:0000000;CHEMONTID:0004603;CHEMONTID:0000323;CHEMONTID:0001831,Organic compounds;Organic oxygen compounds;Organooxygen compounds;Carbonyl compounds
17063,Amines,0.97,CHEMONTID:0002449,4,CHEMONTID:0000278,CHEMONTID:0000000;CHEMONTID:0004707;CHEMONTID:0000278;CHEMONTID:0002449,Organic compounds;Organic nitrogen compounds;Organonitrogen compounds;Amines
5301,Carbonyl compounds,0.95,CHEMONTID:0001831,4,CHEMONTID:0000323,CHEMONTID:0000000;CHEMONTID:0004603;CHEMONTID:0000323;CHEMONTID:0001831,Organic compounds;Organic oxygen compounds;Organooxygen compounds;Carbonyl compounds
12189,Carbonyl compounds,0.95,CHEMONTID:0001831,4,CHEMONTID:0000323,CHEMONTID:0000000;CHEMONTID:0004603;CHEMONTID:0000323;CHEMONTID:0001831,Organic compounds;Organic oxygen compounds;Organooxygen compounds;Carbonyl compounds
5417,Glycosylamines,1,CHEMONTID:0002203,6,CHEMONTID:0002105,CHEMONTID:0000000;CHEMONTID:0004603;CHEMONTID:0000323;CHEMONTID:0000011;CHEMONTID:0002105;CHEMONTID:0002203,Organic compounds;Organic oxygen compounds;Organooxygen compounds;Carbohydrates and carbohydrate conjugates;Glycosyl compounds;Glycosylamines
8849,Alcohols and polyols,0.88,CHEMONTID:0000129,4,CHEMONTID:0000323,CHEMONTID:0000000;CHEMONTID:0004603;CHEMONTID:0000323;CHEMONTID:0000129,Organic compounds;Organic oxygen compounds;Organooxygen compounds;Alcohols and polyols
14935,Amines,0.96,CHEMONTID:0002449,4,CHEMONTID:0000278,CHEMONTID:0000000;CHEMONTID:0004707;CHEMONTID:0000278;CHEMONTID:0002449,Organic compounds;Organic nitrogen compounds;Organonitrogen compounds;Amines
7021,Ethers,0.84,CHEMONTID:0000254,4,CHEMONTID:0000323,CHEMONTID:0000000;CHEMONTID:0004603;CHEMONTID:0000323;CHEMONTID:0000254,Organic compounds;Organic oxygen compounds;Organooxygen compounds;Ethers
12200,Phosphate esters,0.99,CHEMONTID:0000408,4,CHEMONTID:0000402,CHEMONTID:0000000;CHEMONTID:0000264;CHEMONTID:0000402;CHEMONTID:0000408,Organic compounds;Organic acids and derivatives;Organic phosphoric acids and derivatives;Phosphate esters
13556,Carbonyl compounds,0.97,CHEMONTID:0001831,4,CHEMONTID:0000323,CHEMONTID:0000000;CHEMONTID:0004603;CHEMONTID:0000323;CHEMONTID:0001831,Organic compounds;Organic oxygen compounds;Organooxygen compounds;Carbonyl compounds
15110,Monocarboxylic acids and derivatives,0.95,CHEMONTID:0001137,4,CHEMONTID:0000265,CHEMONTID:0000000;CHEMONTID:0000264;CHEMONTID:0000265;CHEMONTID:0001137,Organic compounds;Organic acids and derivatives;Carboxylic acids and derivatives;Monocarboxylic acids and derivatives
8937,Primary amines,0.97,CHEMONTID:0002450,5,CHEMONTID:0002449,CHEMONTID:0000000;CHEMONTID:0004707;CHEMONTID:0000278;CHEMONTID:0002449;CHEMONTID:0002450,Organic compounds;Organic nitrogen compounds;Organonitrogen compounds;Amines;Primary amines
12079,Carbohydrates and carbohydrate conjugates,0.94,CHEMONTID:0000011,4,CHEMONTID:0000323,CHEMONTID:0000000;CHEMONTID:0004603;CHEMONTID:0000323;CHEMONTID:0000011,Organic compounds;Organic oxygen compounds;Organooxygen compounds;Carbohydrates and carbohydrate conjugates
3354,Monoalkylamines,0.99,CHEMONTID:0000469,6,CHEMONTID:0002450,CHEMONTID:0000000;CHEMONTID:0004707;CHEMONTID:0000278;CHEMONTID:0002449;CHEMONTID:0002450;CHEMONTID:0000469,Organic compounds;Organic nitrogen compounds;Organonitrogen compounds;Amines;Primary amines;Monoalkylamines
6772,Carbonyl compounds,0.84,CHEMONTID:0001831,4,CHEMONTID:0000323,CHEMONTID:0000000;CHEMONTID:0004603;CHEMONTID:0000323;CHEMONTID:0001831,Organic compounds;Organic oxygen compounds;Organooxygen compounds;Carbonyl compounds
2815,Dialkyl ethers,0.97,CHEMONTID:0001167,5,CHEMONTID:0000254,CHEMONTID:0000000;CHEMONTID:0004603;CHEMONTID:0000323;CHEMONTID:0000254;CHEMONTID:0001167,Organic compounds;Organic oxygen compounds;Organooxygen compounds;Ethers;Dialkyl ethers
4284,Dicarboxylic acids and derivatives,0.87,CHEMONTID:0000346,4,CHEMONTID:0000265,CHEMONTID:0000000;CHEMONTID:0000264;CHEMONTID:0000265;CHEMONTID:0000346,Organic compounds;Organic acids and derivatives;Carboxylic acids and derivatives;Dicarboxylic acids and derivatives
1350,Amines,0.98,CHEMONTID:0002449,4,CHEMONTID:0000278,CHEMONTID:0000000;CHEMONTID:0004707;CHEMONTID:0000278;CHEMONTID:0002449,Organic compounds;Organic nitrogen compounds;Organonitrogen compounds;Amines
5052,Guanidines,0.88,CHEMONTID:0000375,4,CHEMONTID:0000278,CHEMONTID:0000000;CHEMONTID:0004707;CHEMONTID:0000278;CHEMONTID:0000375,Organic compounds;Organic nitrogen compounds;Organonitrogen compounds;Guanidines
12216,Carbonyl compounds,0.96,CHEMONTID:0001831,4,CHEMONTID:0000323,CHEMONTID:0000000;CHEMONTID:0004603;CHEMONTID:0000323;CHEMONTID:0001831,Organic compounds;Organic oxygen compounds;Organooxygen compounds;Carbonyl compounds
11528,Carbonyl compounds,0.93,CHEMONTID:0001831,4,CHEMONTID:0000323,CHEMONTID:0000000;CHEMONTID:0004603;CHEMONTID:0000323;CHEMONTID:0001831,Organic compounds;Organic oxygen compounds;Organooxygen compounds;Carbonyl compounds
894,Carbonyl compounds,0.86,CHEMONTID:0001831,4,CHEMONTID:0000323,CHEMONTID:0000000;CHEMONTID:0004603;CHEMONTID:0000323;CHEMONTID:0001831,Organic compounds;Organic oxygen compounds;Organooxygen compounds;Carbonyl compounds
5839,Amines,0.93,CHEMONTID:0002449,4,CHEMONTID:0000278,CHEMONTID:0000000;CHEMONTID:0004707;CHEMONTID:0000278;CHEMONTID:0002449,Organic compounds;Organic nitrogen compounds;Organonitrogen compounds;Amines
7379,Dialkyl ethers,0.98,CHEMONTID:0001167,5,CHEMONTID:0000254,CHEMONTID:0000000;CHEMONTID:0004603;CHEMONTID:0000323;CHEMONTID:0000254;CHEMONTID:0001167,Organic compounds;Organic oxygen compounds;Organooxygen compounds;Ethers;Dialkyl ethers
17173,Alcohols and polyols,1,CHEMONTID:0000129,4,CHEMONTID:0000323,CHEMONTID:0000000;CHEMONTID:0004603;CHEMONTID:0000323;CHEMONTID:0000129,Organic compounds;Organic oxygen compounds;Organooxygen compounds;Alcohols and polyols
8624,Carbonyl compounds,0.84,CHEMONTID:0001831,4,CHEMONTID:0000323,CHEMONTID:0000000;CHEMONTID:0004603;CHEMONTID:0000323;CHEMONTID:0001831,Organic compounds;Organic oxygen compounds;Organooxygen compounds;Carbonyl compounds
7200,Amines,0.96,CHEMONTID:0002449,4,CHEMONTID:0000278,CHEMONTID:0000000;CHEMONTID:0004707;CHEMONTID:0000278;CHEMONTID:0002449,Organic compounds;Organic nitrogen compounds;Organonitrogen compounds;Amines
16085,Amines,0.97,CHEMONTID:0002449,4,CHEMONTID:0000278,CHEMONTID:0000000;CHEMONTID:0004707;CHEMONTID:0000278;CHEMONTID:0002449,Organic compounds;Organic nitrogen compounds;Organonitrogen compounds;Amines
15464,Carbonyl compounds,0.8,CHEMONTID:0001831,4,CHEMONTID:0000323,CHEMONTID:0000000;CHEMONTID:0004603;CHEMONTID:0000323;CHEMONTID:0001831,Organic compounds;Organic oxygen compounds;Organooxygen compounds;Carbonyl compounds
17715,Monocarboxylic acids and derivatives,0.8,CHEMONTID:0001137,4,CHEMONTID:0000265,CHEMONTID:0000000;CHEMONTID:0000264;CHEMONTID:0000265;CHEMONTID:0001137,Organic compounds;Organic acids and derivatives;Carboxylic acids and derivatives;Monocarboxylic acids and derivatives
2291,Dialkyl ethers,0.99,CHEMONTID:0001167,5,CHEMONTID:0000254,CHEMONTID:0000000;CHEMONTID:0004603;CHEMONTID:0000323;CHEMONTID:0000254;CHEMONTID:0001167,Organic compounds;Organic oxygen compounds;Organooxygen compounds;Ethers;Dialkyl ethers
8310,Carboxylic acid derivatives,0.95,CHEMONTID:0001093,4,CHEMONTID:0000265,CHEMONTID:0000000;CHEMONTID:0000264;CHEMONTID:0000265;CHEMONTID:0001093,Organic compounds;Organic acids and derivatives;Carboxylic acids and derivatives;Carboxylic acid derivatives
3598,Carbonyl compounds,0.93,CHEMONTID:0001831,4,CHEMONTID:0000323,CHEMONTID:0000000;CHEMONTID:0004603;CHEMONTID:0000323;CHEMONTID:0001831,Organic compounds;Organic oxygen compounds;Organooxygen compounds;Carbonyl compounds
17146,Carbonyl compounds,0.96,CHEMONTID:0001831,4,CHEMONTID:0000323,CHEMONTID:0000000;CHEMONTID:0004603;CHEMONTID:0000323;CHEMONTID:0001831,Organic compounds;Organic oxygen compounds;Organooxygen compounds;Carbonyl compounds
4966,Carbonyl compounds,0.88,CHEMONTID:0001831,4,CHEMONTID:0000323,CHEMONTID:0000000;CHEMONTID:0004603;CHEMONTID:0000323;CHEMONTID:0001831,Organic compounds;Organic oxygen compounds;Organooxygen compounds;Carbonyl compounds
13883,Amines,0.86,CHEMONTID:0002449,4,CHEMONTID:0000278,CHEMONTID:0000000;CHEMONTID:0004707;CHEMONTID:0000278;CHEMONTID:0002449,Organic compounds;Organic nitrogen compounds;Organonitrogen compounds;Amines
1567,Monocarboxylic acids and derivatives,0.81,CHEMONTID:0001137,4,CHEMONTID:0000265,CHEMONTID:0000000;CHEMONTID:0000264;CHEMONTID:0000265;CHEMONTID:0001137,Organic compounds;Organic acids and derivatives;Carboxylic acids and derivatives;Monocarboxylic acids and derivatives
7924,Carbonyl compounds,0.99,CHEMONTID:0001831,4,CHEMONTID:0000323,CHEMONTID:0000000;CHEMONTID:0004603;CHEMONTID:0000323;CHEMONTID:0001831,Organic compounds;Organic oxygen compounds;Organooxygen compounds;Carbonyl compounds
20008,Carbonyl compounds,0.92,CHEMONTID:0001831,4,CHEMONTID:0000323,CHEMONTID:0000000;CHEMONTID:0004603;CHEMONTID:0000323;CHEMONTID:0001831,Organic compounds;Organic oxygen compounds;Organooxygen compounds;Carbonyl compounds
4204,Carbonyl compounds,0.97,CHEMONTID:0001831,4,CHEMONTID:0000323,CHEMONTID:0000000;CHEMONTID:0004603;CHEMONTID:0000323;CHEMONTID:0001831,Organic compounds;Organic oxygen compounds;Organooxygen compounds;Carbonyl compounds
20074,Carbonyl compounds,0.94,CHEMONTID:0001831,4,CHEMONTID:0000323,CHEMONTID:0000000;CHEMONTID:0004603;CHEMONTID:0000323;CHEMONTID:0001831,Organic compounds;Organic oxygen compounds;Organooxygen compounds;Carbonyl compounds
9464,Carbonyl compounds,0.97,CHEMONTID:0001831,4,CHEMONTID:0000323,CHEMONTID:0000000;CHEMONTID:0004603;CHEMONTID:0000323;CHEMONTID:0001831,Organic compounds;Organic oxygen compounds;Organooxygen compounds;Carbonyl compounds
4556,Carbonyl compounds,0.99,CHEMONTID:0001831,4,CHEMONTID:0000323,CHEMONTID:0000000;CHEMONTID:0004603;CHEMONTID:0000323;CHEMONTID:0001831,Organic compounds;Organic oxygen compounds;Organooxygen compounds;Carbonyl compounds
12284,Monoalkylamines,1,CHEMONTID:0000469,6,CHEMONTID:0002450,CHEMONTID:0000000;CHEMONTID:0004707;CHEMONTID:0000278;CHEMONTID:0002449;CHEMONTID:0002450;CHEMONTID:0000469,Organic compounds;Organic nitrogen compounds;Organonitrogen compounds;Amines;Primary amines;Monoalkylamines
17420,Amines,0.94,CHEMONTID:0002449,4,CHEMONTID:0000278,CHEMONTID:0000000;CHEMONTID:0004707;CHEMONTID:0000278;CHEMONTID:0002449,Organic compounds;Organic nitrogen compounds;Organonitrogen compounds;Amines
4587,Carbonyl compounds,0.9,CHEMONTID:0001831,4,CHEMONTID:0000323,CHEMONTID:0000000;CHEMONTID:0004603;CHEMONTID:0000323;CHEMONTID:0001831,Organic compounds;Organic oxygen compounds;Organooxygen compounds;Carbonyl compounds
2255,Carbonyl compounds,0.81,CHEMONTID:0001831,4,CHEMONTID:0000323,CHEMONTID:0000000;CHEMONTID:0004603;CHEMONTID:0000323;CHEMONTID:0001831,Organic compounds;Organic oxygen compounds;Organooxygen compounds;Carbonyl compounds
12645,Purines and purine derivatives,1,CHEMONTID:0000245,4,CHEMONTID:0001797,CHEMONTID:0000000;CHEMONTID:0000002;CHEMONTID:0001797;CHEMONTID:0000245,Organic compounds;Organoheterocyclic compounds;Imidazopyrimidines;Purines and purine derivatives
17436,Carbonyl compounds,1,CHEMONTID:0001831,4,CHEMONTID:0000323,CHEMONTID:0000000;CHEMONTID:0004603;CHEMONTID:0000323;CHEMONTID:0001831,Organic compounds;Organic oxygen compounds;Organooxygen compounds;Carbonyl compounds
6557,Amines,0.98,CHEMONTID:0002449,4,CHEMONTID:0000278,CHEMONTID:0000000;CHEMONTID:0004707;CHEMONTID:0000278;CHEMONTID:0002449,Organic compounds;Organic nitrogen compounds;Organonitrogen compounds;Amines
10987,Carbonyl compounds,0.9,CHEMONTID:0001831,4,CHEMONTID:0000323,CHEMONTID:0000000;CHEMONTID:0004603;CHEMONTID:0000323;CHEMONTID:0001831,Organic compounds;Organic oxygen compounds;Organooxygen compounds;Carbonyl compounds
14916,Methyl esters,0.86,CHEMONTID:0003416,6,CHEMONTID:0001238,CHEMONTID:0000000;CHEMONTID:0000264;CHEMONTID:0000265;CHEMONTID:0001093;CHEMONTID:0001238;CHEMONTID:0003416,Organic compounds;Organic acids and derivatives;Carboxylic acids and derivatives;Carboxylic acid derivatives;Carboxylic acid esters;Methyl esters
11406,Alcohols and polyols,0.96,CHEMONTID:0000129,4,CHEMONTID:0000323,CHEMONTID:0000000;CHEMONTID:0004603;CHEMONTID:0000323;CHEMONTID:0000129,Organic compounds;Organic oxygen compounds;Organooxygen compounds;Alcohols and polyols
10181,Carboxylic acids,0.81,CHEMONTID:0001205,4,CHEMONTID:0000265,CHEMONTID:0000000;CHEMONTID:0000264;CHEMONTID:0000265;CHEMONTID:0001205,Organic compounds;Organic acids and derivatives;Carboxylic acids and derivatives;Carboxylic acids
10811,Alcohols and polyols,0.82,CHEMONTID:0000129,4,CHEMONTID:0000323,CHEMONTID:0000000;CHEMONTID:0004603;CHEMONTID:0000323;CHEMONTID:0000129,Organic compounds;Organic oxygen compounds;Organooxygen compounds;Alcohols and polyols
7229,Guanidines,0.99,CHEMONTID:0000375,4,CHEMONTID:0000278,CHEMONTID:0000000;CHEMONTID:0004707;CHEMONTID:0000278;CHEMONTID:0000375,Organic compounds;Organic nitrogen compounds;Organonitrogen compounds;Guanidines
18204,Glycosyl compounds,1,CHEMONTID:0002105,5,CHEMONTID:0000011,CHEMONTID:0000000;CHEMONTID:0004603;CHEMONTID:0000323;CHEMONTID:0000011;CHEMONTID:0002105,Organic compounds;Organic oxygen compounds;Organooxygen compounds;Carbohydrates and carbohydrate conjugates;Glycosyl compounds
2851,Alcohols and polyols,0.98,CHEMONTID:0000129,4,CHEMONTID:0000323,CHEMONTID:0000000;CHEMONTID:0004603;CHEMONTID:0000323;CHEMONTID:0000129,Organic compounds;Organic oxygen compounds;Organooxygen compounds;Alcohols and polyols
11386,Alcohols and polyols,0.98,CHEMONTID:0000129,4,CHEMONTID:0000323,CHEMONTID:0000000;CHEMONTID:0004603;CHEMONTID:0000323;CHEMONTID:0000129,Organic compounds;Organic oxygen compounds;Organooxygen compounds;Alcohols and polyols
2700,Phosphate esters,0.91,CHEMONTID:0000408,4,CHEMONTID:0000402,CHEMONTID:0000000;CHEMONTID:0000264;CHEMONTID:0000402;CHEMONTID:0000408,Organic compounds;Organic acids and derivatives;Organic phosphoric acids and derivatives;Phosphate esters
5016,Primary amines,0.95,CHEMONTID:0002450,5,CHEMONTID:0002449,CHEMONTID:0000000;CHEMONTID:0004707;CHEMONTID:0000278;CHEMONTID:0002449;CHEMONTID:0002450,Organic compounds;Organic nitrogen compounds;Organonitrogen compounds;Amines;Primary amines
7815,Carboxylic acid derivatives,0.88,CHEMONTID:0001093,4,CHEMONTID:0000265,CHEMONTID:0000000;CHEMONTID:0000264;CHEMONTID:0000265;CHEMONTID:0001093,Organic compounds;Organic acids and derivatives;Carboxylic acids and derivatives;Carboxylic acid derivatives
760,Carboxylic acid derivatives,0.99,CHEMONTID:0001093,4,CHEMONTID:0000265,CHEMONTID:0000000;CHEMONTID:0000264;CHEMONTID:0000265;CHEMONTID:0001093,Organic compounds;Organic acids and derivatives;Carboxylic acids and derivatives;Carboxylic acid derivatives
19372,Monoalkylamines,0.9,CHEMONTID:0000469,6,CHEMONTID:0002450,CHEMONTID:0000000;CHEMONTID:0004707;CHEMONTID:0000278;CHEMONTID:0002449;CHEMONTID:0002450;CHEMONTID:0000469,Organic compounds;Organic nitrogen compounds;Organonitrogen compounds;Amines;Primary amines;Monoalkylamines
19642,Pyrimidines and pyrimidine derivatives,1,CHEMONTID:0000075,4,CHEMONTID:0001346,CHEMONTID:0000000;CHEMONTID:0000002;CHEMONTID:0001346;CHEMONTID:0000075,Organic compounds;Organoheterocyclic compounds;Diazines;Pyrimidines and pyrimidine derivatives
8845,Alcohols and polyols,0.82,CHEMONTID:0000129,4,CHEMONTID:0000323,CHEMONTID:0000000;CHEMONTID:0004603;CHEMONTID:0000323;CHEMONTID:0000129,Organic compounds;Organic oxygen compounds;Organooxygen compounds;Alcohols and polyols
6392,Carbonyl compounds,0.86,CHEMONTID:0001831,4,CHEMONTID:0000323,CHEMONTID:0000000;CHEMONTID:0004603;CHEMONTID:0000323;CHEMONTID:0001831,Organic compounds;Organic oxygen compounds;Organooxygen compounds;Carbonyl compounds
20182,Alkyl aryl ethers,0.8,CHEMONTID:0000128,5,CHEMONTID:0000254,CHEMONTID:0000000;CHEMONTID:0004603;CHEMONTID:0000323;CHEMONTID:0000254;CHEMONTID:0000128,Organic compounds;Organic oxygen compounds;Organooxygen compounds;Ethers;Alkyl aryl ethers
9281,Alkyl phosphates,0.94,CHEMONTID:0003457,5,CHEMONTID:0000408,CHEMONTID:0000000;CHEMONTID:0000264;CHEMONTID:0000402;CHEMONTID:0000408;CHEMONTID:0003457,Organic compounds;Organic acids and derivatives;Organic phosphoric acids and derivatives;Phosphate esters;Alkyl phosphates
6793,Primary amines,1,CHEMONTID:0002450,5,CHEMONTID:0002449,CHEMONTID:0000000;CHEMONTID:0004707;CHEMONTID:0000278;CHEMONTID:0002449;CHEMONTID:0002450,Organic compounds;Organic nitrogen compounds;Organonitrogen compounds;Amines;Primary amines
6929,Carboxylic acid derivatives,0.89,CHEMONTID:0001093,4,CHEMONTID:0000265,CHEMONTID:0000000;CHEMONTID:0000264;CHEMONTID:0000265;CHEMONTID:0001093,Organic compounds;Organic acids and derivatives;Carboxylic acids and derivatives;Carboxylic acid derivatives
6191,Monoalkylamines,1,CHEMONTID:0000469,6,CHEMONTID:0002450,CHEMONTID:0000000;CHEMONTID:0004707;CHEMONTID:0000278;CHEMONTID:0002449;CHEMONTID:0002450;CHEMONTID:0000469,Organic compounds;Organic nitrogen compounds;Organonitrogen compounds;Amines;Primary amines;Monoalkylamines
17768,Dialkyl ethers,0.95,CHEMONTID:0001167,5,CHEMONTID:0000254,CHEMONTID:0000000;CHEMONTID:0004603;CHEMONTID:0000323;CHEMONTID:0000254;CHEMONTID:0001167,Organic compounds;Organic oxygen compounds;Organooxygen compounds;Ethers;Dialkyl ethers
9739,Carbonyl compounds,0.96,CHEMONTID:0001831,4,CHEMONTID:0000323,CHEMONTID:0000000;CHEMONTID:0004603;CHEMONTID:0000323;CHEMONTID:0001831,Organic compounds;Organic oxygen compounds;Organooxygen compounds;Carbonyl compounds
4341,Carbonyl compounds,1,CHEMONTID:0001831,4,CHEMONTID:0000323,CHEMONTID:0000000;CHEMONTID:0004603;CHEMONTID:0000323;CHEMONTID:0001831,Organic compounds;Organic oxygen compounds;Organooxygen compounds;Carbonyl compounds
19291,Guanidines,0.97,CHEMONTID:0000375,4,CHEMONTID:0000278,CHEMONTID:0000000;CHEMONTID:0004707;CHEMONTID:0000278;CHEMONTID:0000375,Organic compounds;Organic nitrogen compounds;Organonitrogen compounds;Guanidines
2485,Carboxylic acid derivatives,1,CHEMONTID:0001093,4,CHEMONTID:0000265,CHEMONTID:0000000;CHEMONTID:0000264;CHEMONTID:0000265;CHEMONTID:0001093,Organic compounds;Organic acids and derivatives;Carboxylic acids and derivatives;Carboxylic acid derivatives
6343,Carboxylic acid derivatives,0.99,CHEMONTID:0001093,4,CHEMONTID:0000265,CHEMONTID:0000000;CHEMONTID:0000264;CHEMONTID:0000265;CHEMONTID:0001093,Organic compounds;Organic acids and derivatives;Carboxylic acids and derivatives;Carboxylic acid derivatives
1686,Guanidines,0.91,CHEMONTID:0000375,4,CHEMONTID:0000278,CHEMONTID:0000000;CHEMONTID:0004707;CHEMONTID:0000278;CHEMONTID:0000375,Organic compounds;Organic nitrogen compounds;Organonitrogen compounds;Guanidines
13001,Carboxylic acid derivatives,0.94,CHEMONTID:0001093,4,CHEMONTID:0000265,CHEMONTID:0000000;CHEMONTID:0000264;CHEMONTID:0000265;CHEMONTID:0001093,Organic compounds;Organic acids and derivatives;Carboxylic acids and derivatives;Carboxylic acid derivatives
5442,Amines,0.84,CHEMONTID:0002449,4,CHEMONTID:0000278,CHEMONTID:0000000;CHEMONTID:0004707;CHEMONTID:0000278;CHEMONTID:0002449,Organic compounds;Organic nitrogen compounds;Organonitrogen compounds;Amines
15286,Alcohols and polyols,1,CHEMONTID:0000129,4,CHEMONTID:0000323,CHEMONTID:0000000;CHEMONTID:0004603;CHEMONTID:0000323;CHEMONTID:0000129,Organic compounds;Organic oxygen compounds;Organooxygen compounds;Alcohols and polyols
17600,Carbonyl compounds,0.81,CHEMONTID:0001831,4,CHEMONTID:0000323,CHEMONTID:0000000;CHEMONTID:0004603;CHEMONTID:0000323;CHEMONTID:0001831,Organic compounds;Organic oxygen compounds;Organooxygen compounds;Carbonyl compounds
10623,Carbonyl compounds,0.82,CHEMONTID:0001831,4,CHEMONTID:0000323,CHEMONTID:0000000;CHEMONTID:0004603;CHEMONTID:0000323;CHEMONTID:0001831,Organic compounds;Organic oxygen compounds;Organooxygen compounds;Carbonyl compounds
634,Primary amines,0.91,CHEMONTID:0002450,5,CHEMONTID:0002449,CHEMONTID:0000000;CHEMONTID:0004707;CHEMONTID:0000278;CHEMONTID:0002449;CHEMONTID:0002450,Organic compounds;Organic nitrogen compounds;Organonitrogen compounds;Amines;Primary amines
10776,Amines,0.99,CHEMONTID:0002449,4,CHEMONTID:0000278,CHEMONTID:0000000;CHEMONTID:0004707;CHEMONTID:0000278;CHEMONTID:0002449,Organic compounds;Organic nitrogen compounds;Organonitrogen compounds;Amines
17078,Alcohols and polyols,0.99,CHEMONTID:0000129,4,CHEMONTID:0000323,CHEMONTID:0000000;CHEMONTID:0004603;CHEMONTID:0000323;CHEMONTID:0000129,Organic compounds;Organic oxygen compounds;Organooxygen compounds;Alcohols and polyols
1444,Amines,0.99,CHEMONTID:0002449,4,CHEMONTID:0000278,CHEMONTID:0000000;CHEMONTID:0004707;CHEMONTID:0000278;CHEMONTID:0002449,Organic compounds;Organic nitrogen compounds;Organonitrogen compounds;Amines
3957,Carbonyl compounds,0.95,CHEMONTID:0001831,4,CHEMONTID:0000323,CHEMONTID:0000000;CHEMONTID:0004603;CHEMONTID:0000323;CHEMONTID:0001831,Organic compounds;Organic oxygen compounds;Organooxygen compounds;Carbonyl compounds
9728,Carbonyl compounds,0.98,CHEMONTID:0001831,4,CHEMONTID:0000323,CHEMONTID:0000000;CHEMONTID:0004603;CHEMONTID:0000323;CHEMONTID:0001831,Organic compounds;Organic oxygen compounds;Organooxygen compounds;Carbonyl compounds
17444,Dialkyl ethers,0.86,CHEMONTID:0001167,5,CHEMONTID:0000254,CHEMONTID:0000000;CHEMONTID:0004603;CHEMONTID:0000323;CHEMONTID:0000254;CHEMONTID:0001167,Organic compounds;Organic oxygen compounds;Organooxygen compounds;Ethers;Dialkyl ethers
3986,Carbonyl compounds,0.82,CHEMONTID:0001831,4,CHEMONTID:0000323,CHEMONTID:0000000;CHEMONTID:0004603;CHEMONTID:0000323;CHEMONTID:0001831,Organic compounds;Organic oxygen compounds;Organooxygen compounds;Carbonyl compounds
12903,Carbonyl compounds,0.99,CHEMONTID:0001831,4,CHEMONTID:0000323,CHEMONTID:0000000;CHEMONTID:0004603;CHEMONTID:0000323;CHEMONTID:0001831,Organic compounds;Organic oxygen compounds;Organooxygen compounds;Carbonyl compounds
10455,Carboxylic acid derivatives,0.99,CHEMONTID:0001093,4,CHEMONTID:0000265,CHEMONTID:0000000;CHEMONTID:0000264;CHEMONTID:0000265;CHEMONTID:0001093,Organic compounds;Organic acids and derivatives;Carboxylic acids and derivatives;Carboxylic acid derivatives
11094,Alcohols and polyols,0.95,CHEMONTID:0000129,4,CHEMONTID:0000323,CHEMONTID:0000000;CHEMONTID:0004603;CHEMONTID:0000323;CHEMONTID:0000129,Organic compounds;Organic oxygen compounds;Organooxygen compounds;Alcohols and polyols
5490,Carbonyl compounds,0.9,CHEMONTID:0001831,4,CHEMONTID:0000323,CHEMONTID:0000000;CHEMONTID:0004603;CHEMONTID:0000323;CHEMONTID:0001831,Organic compounds;Organic oxygen compounds;Organooxygen compounds;Carbonyl compounds
2840,Pyranones and derivatives,0.88,CHEMONTID:0000481,4,CHEMONTID:0000086,CHEMONTID:0000000;CHEMONTID:0000002;CHEMONTID:0000086;CHEMONTID:0000481,Organic compounds;Organoheterocyclic compounds;Pyrans;Pyranones and derivatives
17935,Purines and purine derivatives,0.99,CHEMONTID:0000245,4,CHEMONTID:0001797,CHEMONTID:0000000;CHEMONTID:0000002;CHEMONTID:0001797;CHEMONTID:0000245,Organic compounds;Organoheterocyclic compounds;Imidazopyrimidines;Purines and purine derivatives
12040,Monoalkylamines,0.97,CHEMONTID:0000469,6,CHEMONTID:0002450,CHEMONTID:0000000;CHEMONTID:0004707;CHEMONTID:0000278;CHEMONTID:0002449;CHEMONTID:0002450;CHEMONTID:0000469,Organic compounds;Organic nitrogen compounds;Organonitrogen compounds;Amines;Primary amines;Monoalkylamines
491,Carboxylic acid derivatives,0.86,CHEMONTID:0001093,4,CHEMONTID:0000265,CHEMONTID:0000000;CHEMONTID:0000264;CHEMONTID:0000265;CHEMONTID:0001093,Organic compounds;Organic acids and derivatives;Carboxylic acids and derivatives;Carboxylic acid derivatives
908,Amino acids and derivatives,0.96,CHEMONTID:0000347,5,CHEMONTID:0000013,CHEMONTID:0000000;CHEMONTID:0000264;CHEMONTID:0000265;CHEMONTID:0000013;CHEMONTID:0000347,"Organic compounds;Organic acids and derivatives;Carboxylic acids and derivatives;Amino acids, peptides, and analogues;Amino acids and derivatives"
19249,Monosaccharide phosphates,1,CHEMONTID:0001541,6,CHEMONTID:0001540,CHEMONTID:0000000;CHEMONTID:0004603;CHEMONTID:0000323;CHEMONTID:0000011;CHEMONTID:0001540;CHEMONTID:0001541,Organic compounds;Organic oxygen compounds;Organooxygen compounds;Carbohydrates and carbohydrate conjugates;Monosaccharides;Monosaccharide phosphates
14957,6-aminopurines,0.97,CHEMONTID:0002987,5,CHEMONTID:0000245,CHEMONTID:0000000;CHEMONTID:0000002;CHEMONTID:0001797;CHEMONTID:0000245;CHEMONTID:0002987,Organic compounds;Organoheterocyclic compounds;Imidazopyrimidines;Purines and purine derivatives;6-aminopurines
16795,Carbonyl compounds,0.95,CHEMONTID:0001831,4,CHEMONTID:0000323,CHEMONTID:0000000;CHEMONTID:0004603;CHEMONTID:0000323;CHEMONTID:0001831,Organic compounds;Organic oxygen compounds;Organooxygen compounds;Carbonyl compounds
1947,Amines,0.82,CHEMONTID:0002449,4,CHEMONTID:0000278,CHEMONTID:0000000;CHEMONTID:0004707;CHEMONTID:0000278;CHEMONTID:0002449,Organic compounds;Organic nitrogen compounds;Organonitrogen compounds;Amines
8854,Alcohols and polyols,0.95,CHEMONTID:0000129,4,CHEMONTID:0000323,CHEMONTID:0000000;CHEMONTID:0004603;CHEMONTID:0000323;CHEMONTID:0000129,Organic compounds;Organic oxygen compounds;Organooxygen compounds;Alcohols and polyols
8683,Carbonyl compounds,0.92,CHEMONTID:0001831,4,CHEMONTID:0000323,CHEMONTID:0000000;CHEMONTID:0004603;CHEMONTID:0000323;CHEMONTID:0001831,Organic compounds;Organic oxygen compounds;Organooxygen compounds;Carbonyl compounds
17752,Fatty acid esters,0.93,CHEMONTID:0000324,4,CHEMONTID:0003909,CHEMONTID:0000000;CHEMONTID:0000012;CHEMONTID:0003909;CHEMONTID:0000324,Organic compounds;Lipids and lipid-like molecules;Fatty Acyls;Fatty acid esters
9847,Alcohols and polyols,0.93,CHEMONTID:0000129,4,CHEMONTID:0000323,CHEMONTID:0000000;CHEMONTID:0004603;CHEMONTID:0000323;CHEMONTID:0000129,Organic compounds;Organic oxygen compounds;Organooxygen compounds;Alcohols and polyols
15768,Carbonyl compounds,0.87,CHEMONTID:0001831,4,CHEMONTID:0000323,CHEMONTID:0000000;CHEMONTID:0004603;CHEMONTID:0000323;CHEMONTID:0001831,Organic compounds;Organic oxygen compounds;Organooxygen compounds;Carbonyl compounds
724,Monoalkylamines,0.99,CHEMONTID:0000469,6,CHEMONTID:0002450,CHEMONTID:0000000;CHEMONTID:0004707;CHEMONTID:0000278;CHEMONTID:0002449;CHEMONTID:0002450;CHEMONTID:0000469,Organic compounds;Organic nitrogen compounds;Organonitrogen compounds;Amines;Primary amines;Monoalkylamines
20651,Carboximidamides,0.97,CHEMONTID:0003152,4,CHEMONTID:0000278,CHEMONTID:0000000;CHEMONTID:0004707;CHEMONTID:0000278;CHEMONTID:0003152,Organic compounds;Organic nitrogen compounds;Organonitrogen compounds;Carboximidamides
12945,Carbonyl compounds,0.95,CHEMONTID:0001831,4,CHEMONTID:0000323,CHEMONTID:0000000;CHEMONTID:0004603;CHEMONTID:0000323;CHEMONTID:0001831,Organic compounds;Organic oxygen compounds;Organooxygen compounds;Carbonyl compounds
19019,Alcohols and polyols,0.95,CHEMONTID:0000129,4,CHEMONTID:0000323,CHEMONTID:0000000;CHEMONTID:0004603;CHEMONTID:0000323;CHEMONTID:0000129,Organic compounds;Organic oxygen compounds;Organooxygen compounds;Alcohols and polyols
5731,Amines,0.88,CHEMONTID:0002449,4,CHEMONTID:0000278,CHEMONTID:0000000;CHEMONTID:0004707;CHEMONTID:0000278;CHEMONTID:0002449,Organic compounds;Organic nitrogen compounds;Organonitrogen compounds;Amines
10846,Dialkyl ethers,0.85,CHEMONTID:0001167,5,CHEMONTID:0000254,CHEMONTID:0000000;CHEMONTID:0004603;CHEMONTID:0000323;CHEMONTID:0000254;CHEMONTID:0001167,Organic compounds;Organic oxygen compounds;Organooxygen compounds;Ethers;Dialkyl ethers
20079,Primary amines,0.99,CHEMONTID:0002450,5,CHEMONTID:0002449,CHEMONTID:0000000;CHEMONTID:0004707;CHEMONTID:0000278;CHEMONTID:0002449;CHEMONTID:0002450,Organic compounds;Organic nitrogen compounds;Organonitrogen compounds;Amines;Primary amines
168,Carboxylic acid derivatives,0.89,CHEMONTID:0001093,4,CHEMONTID:0000265,CHEMONTID:0000000;CHEMONTID:0000264;CHEMONTID:0000265;CHEMONTID:0001093,Organic compounds;Organic acids and derivatives;Carboxylic acids and derivatives;Carboxylic acid derivatives
19656,Amines,0.97,CHEMONTID:0002449,4,CHEMONTID:0000278,CHEMONTID:0000000;CHEMONTID:0004707;CHEMONTID:0000278;CHEMONTID:0002449,Organic compounds;Organic nitrogen compounds;Organonitrogen compounds;Amines
8032,Carbonyl compounds,1,CHEMONTID:0001831,4,CHEMONTID:0000323,CHEMONTID:0000000;CHEMONTID:0004603;CHEMONTID:0000323;CHEMONTID:0001831,Organic compounds;Organic oxygen compounds;Organooxygen compounds;Carbonyl compounds
8301,Carboxylic acid derivatives,0.97,CHEMONTID:0001093,4,CHEMONTID:0000265,CHEMONTID:0000000;CHEMONTID:0000264;CHEMONTID:0000265;CHEMONTID:0001093,Organic compounds;Organic acids and derivatives;Carboxylic acids and derivatives;Carboxylic acid derivatives
11031,Carbonyl compounds,0.87,CHEMONTID:0001831,4,CHEMONTID:0000323,CHEMONTID:0000000;CHEMONTID:0004603;CHEMONTID:0000323;CHEMONTID:0001831,Organic compounds;Organic oxygen compounds;Organooxygen compounds;Carbonyl compounds
1035,Alcohols and polyols,0.99,CHEMONTID:0000129,4,CHEMONTID:0000323,CHEMONTID:0000000;CHEMONTID:0004603;CHEMONTID:0000323;CHEMONTID:0000129,Organic compounds;Organic oxygen compounds;Organooxygen compounds;Alcohols and polyols
19035,Purines and purine derivatives,0.98,CHEMONTID:0000245,4,CHEMONTID:0001797,CHEMONTID:0000000;CHEMONTID:0000002;CHEMONTID:0001797;CHEMONTID:0000245,Organic compounds;Organoheterocyclic compounds;Imidazopyrimidines;Purines and purine derivatives
20422,Primary amines,0.98,CHEMONTID:0002450,5,CHEMONTID:0002449,CHEMONTID:0000000;CHEMONTID:0004707;CHEMONTID:0000278;CHEMONTID:0002449;CHEMONTID:0002450,Organic compounds;Organic nitrogen compounds;Organonitrogen compounds;Amines;Primary amines
20324,Carbonyl compounds,0.97,CHEMONTID:0001831,4,CHEMONTID:0000323,CHEMONTID:0000000;CHEMONTID:0004603;CHEMONTID:0000323;CHEMONTID:0001831,Organic compounds;Organic oxygen compounds;Organooxygen compounds;Carbonyl compounds
2092,Ethers,0.94,CHEMONTID:0000254,4,CHEMONTID:0000323,CHEMONTID:0000000;CHEMONTID:0004603;CHEMONTID:0000323;CHEMONTID:0000254,Organic compounds;Organic oxygen compounds;Organooxygen compounds;Ethers
5122,Enoate esters,0.85,CHEMONTID:0003626,7,CHEMONTID:0003628,CHEMONTID:0000000;CHEMONTID:0000264;CHEMONTID:0000265;CHEMONTID:0001093;CHEMONTID:0001238;CHEMONTID:0003628;CHEMONTID:0003626,"Organic compounds;Organic acids and derivatives;Carboxylic acids and derivatives;Carboxylic acid derivatives;Carboxylic acid esters;Alpha,beta-unsaturated carboxylic esters;Enoate esters"
11262,Indoles,0.85,CHEMONTID:0002497,4,CHEMONTID:0000211,CHEMONTID:0000000;CHEMONTID:0000002;CHEMONTID:0000211;CHEMONTID:0002497,Organic compounds;Organoheterocyclic compounds;Indoles and derivatives;Indoles
15818,Carbonyl compounds,0.93,CHEMONTID:0001831,4,CHEMONTID:0000323,CHEMONTID:0000000;CHEMONTID:0004603;CHEMONTID:0000323;CHEMONTID:0001831,Organic compounds;Organic oxygen compounds;Organooxygen compounds;Carbonyl compounds
16091,Carbonyl compounds,0.96,CHEMONTID:0001831,4,CHEMONTID:0000323,CHEMONTID:0000000;CHEMONTID:0004603;CHEMONTID:0000323;CHEMONTID:0001831,Organic compounds;Organic oxygen compounds;Organooxygen compounds;Carbonyl compounds
19770,Carbonyl compounds,0.96,CHEMONTID:0001831,4,CHEMONTID:0000323,CHEMONTID:0000000;CHEMONTID:0004603;CHEMONTID:0000323;CHEMONTID:0001831,Organic compounds;Organic oxygen compounds;Organooxygen compounds;Carbonyl compounds
4834,Amines,0.9,CHEMONTID:0002449,4,CHEMONTID:0000278,CHEMONTID:0000000;CHEMONTID:0004707;CHEMONTID:0000278;CHEMONTID:0002449,Organic compounds;Organic nitrogen compounds;Organonitrogen compounds;Amines
8944,Amines,0.99,CHEMONTID:0002449,4,CHEMONTID:0000278,CHEMONTID:0000000;CHEMONTID:0004707;CHEMONTID:0000278;CHEMONTID:0002449,Organic compounds;Organic nitrogen compounds;Organonitrogen compounds;Amines
5280,Alpha amino acids and derivatives,0.95,CHEMONTID:0000060,6,CHEMONTID:0000347,CHEMONTID:0000000;CHEMONTID:0000264;CHEMONTID:0000265;CHEMONTID:0000013;CHEMONTID:0000347;CHEMONTID:0000060,"Organic compounds;Organic acids and derivatives;Carboxylic acids and derivatives;Amino acids, peptides, and analogues;Amino acids and derivatives;Alpha amino acids and derivatives"
8277,Secondary alcohols,0.91,CHEMONTID:0001661,5,CHEMONTID:0000129,CHEMONTID:0000000;CHEMONTID:0004603;CHEMONTID:0000323;CHEMONTID:0000129;CHEMONTID:0001661,Organic compounds;Organic oxygen compounds;Organooxygen compounds;Alcohols and polyols;Secondary alcohols
8143,Primary amines,0.95,CHEMONTID:0002450,5,CHEMONTID:0002449,CHEMONTID:0000000;CHEMONTID:0004707;CHEMONTID:0000278;CHEMONTID:0002449;CHEMONTID:0002450,Organic compounds;Organic nitrogen compounds;Organonitrogen compounds;Amines;Primary amines
3960,Guanidines,0.97,CHEMONTID:0000375,4,CHEMONTID:0000278,CHEMONTID:0000000;CHEMONTID:0004707;CHEMONTID:0000278;CHEMONTID:0000375,Organic compounds;Organic nitrogen compounds;Organonitrogen compounds;Guanidines
10497,Carbonyl compounds,0.98,CHEMONTID:0001831,4,CHEMONTID:0000323,CHEMONTID:0000000;CHEMONTID:0004603;CHEMONTID:0000323;CHEMONTID:0001831,Organic compounds;Organic oxygen compounds;Organooxygen compounds;Carbonyl compounds
3664,Alcohols and polyols,0.99,CHEMONTID:0000129,4,CHEMONTID:0000323,CHEMONTID:0000000;CHEMONTID:0004603;CHEMONTID:0000323;CHEMONTID:0000129,Organic compounds;Organic oxygen compounds;Organooxygen compounds;Alcohols and polyols
10502,Carbonyl compounds,0.95,CHEMONTID:0001831,4,CHEMONTID:0000323,CHEMONTID:0000000;CHEMONTID:0004603;CHEMONTID:0000323;CHEMONTID:0001831,Organic compounds;Organic oxygen compounds;Organooxygen compounds;Carbonyl compounds
3434,Trialkylamines,0.95,CHEMONTID:0002239,6,CHEMONTID:0002452,CHEMONTID:0000000;CHEMONTID:0004707;CHEMONTID:0000278;CHEMONTID:0002449;CHEMONTID:0002452;CHEMONTID:0002239,Organic compounds;Organic nitrogen compounds;Organonitrogen compounds;Amines;Tertiary amines;Trialkylamines
4448,Alcohols and polyols,0.95,CHEMONTID:0000129,4,CHEMONTID:0000323,CHEMONTID:0000000;CHEMONTID:0004603;CHEMONTID:0000323;CHEMONTID:0000129,Organic compounds;Organic oxygen compounds;Organooxygen compounds;Alcohols and polyols
8505,Alcohols and polyols,0.93,CHEMONTID:0000129,4,CHEMONTID:0000323,CHEMONTID:0000000;CHEMONTID:0004603;CHEMONTID:0000323;CHEMONTID:0000129,Organic compounds;Organic oxygen compounds;Organooxygen compounds;Alcohols and polyols
14562,Monocarboxylic acids and derivatives,0.8,CHEMONTID:0001137,4,CHEMONTID:0000265,CHEMONTID:0000000;CHEMONTID:0000264;CHEMONTID:0000265;CHEMONTID:0001137,Organic compounds;Organic acids and derivatives;Carboxylic acids and derivatives;Monocarboxylic acids and derivatives
20569,Carboxylic acid derivatives,0.96,CHEMONTID:0001093,4,CHEMONTID:0000265,CHEMONTID:0000000;CHEMONTID:0000264;CHEMONTID:0000265;CHEMONTID:0001093,Organic compounds;Organic acids and derivatives;Carboxylic acids and derivatives;Carboxylic acid derivatives
5968,Quinoxalines,1,CHEMONTID:0000486,5,CHEMONTID:0004789,CHEMONTID:0000000;CHEMONTID:0000002;CHEMONTID:0004788;CHEMONTID:0004789;CHEMONTID:0000486,Organic compounds;Organoheterocyclic compounds;Diazanaphthalenes;Benzodiazines;Quinoxalines
10651,Purines and purine derivatives,0.99,CHEMONTID:0000245,4,CHEMONTID:0001797,CHEMONTID:0000000;CHEMONTID:0000002;CHEMONTID:0001797;CHEMONTID:0000245,Organic compounds;Organoheterocyclic compounds;Imidazopyrimidines;Purines and purine derivatives
11089,Alcohols and polyols,0.95,CHEMONTID:0000129,4,CHEMONTID:0000323,CHEMONTID:0000000;CHEMONTID:0004603;CHEMONTID:0000323;CHEMONTID:0000129,Organic compounds;Organic oxygen compounds;Organooxygen compounds;Alcohols and polyols
11108,Monoalkylamines,0.92,CHEMONTID:0000469,6,CHEMONTID:0002450,CHEMONTID:0000000;CHEMONTID:0004707;CHEMONTID:0000278;CHEMONTID:0002449;CHEMONTID:0002450;CHEMONTID:0000469,Organic compounds;Organic nitrogen compounds;Organonitrogen compounds;Amines;Primary amines;Monoalkylamines
2962,Primary amines,0.84,CHEMONTID:0002450,5,CHEMONTID:0002449,CHEMONTID:0000000;CHEMONTID:0004707;CHEMONTID:0000278;CHEMONTID:0002449;CHEMONTID:0002450,Organic compounds;Organic nitrogen compounds;Organonitrogen compounds;Amines;Primary amines
18457,Dialkyl ethers,0.98,CHEMONTID:0001167,5,CHEMONTID:0000254,CHEMONTID:0000000;CHEMONTID:0004603;CHEMONTID:0000323;CHEMONTID:0000254;CHEMONTID:0001167,Organic compounds;Organic oxygen compounds;Organooxygen compounds;Ethers;Dialkyl ethers
5798,Carbonyl compounds,0.89,CHEMONTID:0001831,4,CHEMONTID:0000323,CHEMONTID:0000000;CHEMONTID:0004603;CHEMONTID:0000323;CHEMONTID:0001831,Organic compounds;Organic oxygen compounds;Organooxygen compounds;Carbonyl compounds
11318,N-acyl amines,0.91,CHEMONTID:0001096,5,CHEMONTID:0000331,CHEMONTID:0000000;CHEMONTID:0000012;CHEMONTID:0003909;CHEMONTID:0000331;CHEMONTID:0001096,Organic compounds;Lipids and lipid-like molecules;Fatty Acyls;Fatty amides;N-acyl amines
3178,Carbonyl compounds,0.93,CHEMONTID:0001831,4,CHEMONTID:0000323,CHEMONTID:0000000;CHEMONTID:0004603;CHEMONTID:0000323;CHEMONTID:0001831,Organic compounds;Organic oxygen compounds;Organooxygen compounds;Carbonyl compounds
10819,Primary amines,0.99,CHEMONTID:0002450,5,CHEMONTID:0002449,CHEMONTID:0000000;CHEMONTID:0004707;CHEMONTID:0000278;CHEMONTID:0002449;CHEMONTID:0002450,Organic compounds;Organic nitrogen compounds;Organonitrogen compounds;Amines;Primary amines
1466,Alcohols and polyols,0.89,CHEMONTID:0000129,4,CHEMONTID:0000323,CHEMONTID:0000000;CHEMONTID:0004603;CHEMONTID:0000323;CHEMONTID:0000129,Organic compounds;Organic oxygen compounds;Organooxygen compounds;Alcohols and polyols
19837,Carboxylic acid derivatives,0.98,CHEMONTID:0001093,4,CHEMONTID:0000265,CHEMONTID:0000000;CHEMONTID:0000264;CHEMONTID:0000265;CHEMONTID:0001093,Organic compounds;Organic acids and derivatives;Carboxylic acids and derivatives;Carboxylic acid derivatives
19255,Monosaccharide phosphates,1,CHEMONTID:0001541,6,CHEMONTID:0001540,CHEMONTID:0000000;CHEMONTID:0004603;CHEMONTID:0000323;CHEMONTID:0000011;CHEMONTID:0001540;CHEMONTID:0001541,Organic compounds;Organic oxygen compounds;Organooxygen compounds;Carbohydrates and carbohydrate conjugates;Monosaccharides;Monosaccharide phosphates
12307,Monoalkylamines,1,CHEMONTID:0000469,6,CHEMONTID:0002450,CHEMONTID:0000000;CHEMONTID:0004707;CHEMONTID:0000278;CHEMONTID:0002449;CHEMONTID:0002450;CHEMONTID:0000469,Organic compounds;Organic nitrogen compounds;Organonitrogen compounds;Amines;Primary amines;Monoalkylamines
14129,Carbonyl compounds,0.97,CHEMONTID:0001831,4,CHEMONTID:0000323,CHEMONTID:0000000;CHEMONTID:0004603;CHEMONTID:0000323;CHEMONTID:0001831,Organic compounds;Organic oxygen compounds;Organooxygen compounds;Carbonyl compounds
9950,Carbonyl compounds,0.87,CHEMONTID:0001831,4,CHEMONTID:0000323,CHEMONTID:0000000;CHEMONTID:0004603;CHEMONTID:0000323;CHEMONTID:0001831,Organic compounds;Organic oxygen compounds;Organooxygen compounds;Carbonyl compounds
18703,Amines,0.98,CHEMONTID:0002449,4,CHEMONTID:0000278,CHEMONTID:0000000;CHEMONTID:0004707;CHEMONTID:0000278;CHEMONTID:0002449,Organic compounds;Organic nitrogen compounds;Organonitrogen compounds;Amines
17758,Alkyl phosphates,1,CHEMONTID:0003457,5,CHEMONTID:0000408,CHEMONTID:0000000;CHEMONTID:0000264;CHEMONTID:0000402;CHEMONTID:0000408;CHEMONTID:0003457,Organic compounds;Organic acids and derivatives;Organic phosphoric acids and derivatives;Phosphate esters;Alkyl phosphates
18061,Monoalkylamines,1,CHEMONTID:0000469,6,CHEMONTID:0002450,CHEMONTID:0000000;CHEMONTID:0004707;CHEMONTID:0000278;CHEMONTID:0002449;CHEMONTID:0002450;CHEMONTID:0000469,Organic compounds;Organic nitrogen compounds;Organonitrogen compounds;Amines;Primary amines;Monoalkylamines
8262,Carboxylic acid derivatives,0.91,CHEMONTID:0001093,4,CHEMONTID:0000265,CHEMONTID:0000000;CHEMONTID:0000264;CHEMONTID:0000265;CHEMONTID:0001093,Organic compounds;Organic acids and derivatives;Carboxylic acids and derivatives;Carboxylic acid derivatives
4539,Carbonyl compounds,0.96,CHEMONTID:0001831,4,CHEMONTID:0000323,CHEMONTID:0000000;CHEMONTID:0004603;CHEMONTID:0000323;CHEMONTID:0001831,Organic compounds;Organic oxygen compounds;Organooxygen compounds;Carbonyl compounds
14260,Primary amines,0.96,CHEMONTID:0002450,5,CHEMONTID:0002449,CHEMONTID:0000000;CHEMONTID:0004707;CHEMONTID:0000278;CHEMONTID:0002449;CHEMONTID:0002450,Organic compounds;Organic nitrogen compounds;Organonitrogen compounds;Amines;Primary amines
19481,Carboxylic acid derivatives,0.87,CHEMONTID:0001093,4,CHEMONTID:0000265,CHEMONTID:0000000;CHEMONTID:0000264;CHEMONTID:0000265;CHEMONTID:0001093,Organic compounds;Organic acids and derivatives;Carboxylic acids and derivatives;Carboxylic acid derivatives
17546,Carbonyl compounds,0.91,CHEMONTID:0001831,4,CHEMONTID:0000323,CHEMONTID:0000000;CHEMONTID:0004603;CHEMONTID:0000323;CHEMONTID:0001831,Organic compounds;Organic oxygen compounds;Organooxygen compounds;Carbonyl compounds
19690,Amines,1,CHEMONTID:0002449,4,CHEMONTID:0000278,CHEMONTID:0000000;CHEMONTID:0004707;CHEMONTID:0000278;CHEMONTID:0002449,Organic compounds;Organic nitrogen compounds;Organonitrogen compounds;Amines
7855,Amines,1,CHEMONTID:0002449,4,CHEMONTID:0000278,CHEMONTID:0000000;CHEMONTID:0004707;CHEMONTID:0000278;CHEMONTID:0002449,Organic compounds;Organic nitrogen compounds;Organonitrogen compounds;Amines
17545,Monoalkylamines,0.84,CHEMONTID:0000469,6,CHEMONTID:0002450,CHEMONTID:0000000;CHEMONTID:0004707;CHEMONTID:0000278;CHEMONTID:0002449;CHEMONTID:0002450;CHEMONTID:0000469,Organic compounds;Organic nitrogen compounds;Organonitrogen compounds;Amines;Primary amines;Monoalkylamines
5269,Amino acids and derivatives,0.9,CHEMONTID:0000347,5,CHEMONTID:0000013,CHEMONTID:0000000;CHEMONTID:0000264;CHEMONTID:0000265;CHEMONTID:0000013;CHEMONTID:0000347,"Organic compounds;Organic acids and derivatives;Carboxylic acids and derivatives;Amino acids, peptides, and analogues;Amino acids and derivatives"
18725,Phosphate esters,0.97,CHEMONTID:0000408,4,CHEMONTID:0000402,CHEMONTID:0000000;CHEMONTID:0000264;CHEMONTID:0000402;CHEMONTID:0000408,Organic compounds;Organic acids and derivatives;Organic phosphoric acids and derivatives;Phosphate esters
15072,Monoalkylamines,0.92,CHEMONTID:0000469,6,CHEMONTID:0002450,CHEMONTID:0000000;CHEMONTID:0004707;CHEMONTID:0000278;CHEMONTID:0002449;CHEMONTID:0002450;CHEMONTID:0000469,Organic compounds;Organic nitrogen compounds;Organonitrogen compounds;Amines;Primary amines;Monoalkylamines
7953,Carbonyl compounds,0.88,CHEMONTID:0001831,4,CHEMONTID:0000323,CHEMONTID:0000000;CHEMONTID:0004603;CHEMONTID:0000323;CHEMONTID:0001831,Organic compounds;Organic oxygen compounds;Organooxygen compounds;Carbonyl compounds
14198,Amines,0.86,CHEMONTID:0002449,4,CHEMONTID:0000278,CHEMONTID:0000000;CHEMONTID:0004707;CHEMONTID:0000278;CHEMONTID:0002449,Organic compounds;Organic nitrogen compounds;Organonitrogen compounds;Amines
13093,Amines,0.89,CHEMONTID:0002449,4,CHEMONTID:0000278,CHEMONTID:0000000;CHEMONTID:0004707;CHEMONTID:0000278;CHEMONTID:0002449,Organic compounds;Organic nitrogen compounds;Organonitrogen compounds;Amines
16760,Dialkyl ethers,0.97,CHEMONTID:0001167,5,CHEMONTID:0000254,CHEMONTID:0000000;CHEMONTID:0004603;CHEMONTID:0000323;CHEMONTID:0000254;CHEMONTID:0001167,Organic compounds;Organic oxygen compounds;Organooxygen compounds;Ethers;Dialkyl ethers
781,Dialkylamines,0.85,CHEMONTID:0002228,6,CHEMONTID:0002451,CHEMONTID:0000000;CHEMONTID:0004707;CHEMONTID:0000278;CHEMONTID:0002449;CHEMONTID:0002451;CHEMONTID:0002228,Organic compounds;Organic nitrogen compounds;Organonitrogen compounds;Amines;Secondary amines;Dialkylamines
1391,Alkyl phosphates,0.9,CHEMONTID:0003457,5,CHEMONTID:0000408,CHEMONTID:0000000;CHEMONTID:0000264;CHEMONTID:0000402;CHEMONTID:0000408;CHEMONTID:0003457,Organic compounds;Organic acids and derivatives;Organic phosphoric acids and derivatives;Phosphate esters;Alkyl phosphates
4980,Amines,0.85,CHEMONTID:0002449,4,CHEMONTID:0000278,CHEMONTID:0000000;CHEMONTID:0004707;CHEMONTID:0000278;CHEMONTID:0002449,Organic compounds;Organic nitrogen compounds;Organonitrogen compounds;Amines
5927,Dialkyl ethers,0.96,CHEMONTID:0001167,5,CHEMONTID:0000254,CHEMONTID:0000000;CHEMONTID:0004603;CHEMONTID:0000323;CHEMONTID:0000254;CHEMONTID:0001167,Organic compounds;Organic oxygen compounds;Organooxygen compounds;Ethers;Dialkyl ethers
14947,Carbonyl compounds,0.98,CHEMONTID:0001831,4,CHEMONTID:0000323,CHEMONTID:0000000;CHEMONTID:0004603;CHEMONTID:0000323;CHEMONTID:0001831,Organic compounds;Organic oxygen compounds;Organooxygen compounds;Carbonyl compounds
17313,Carbonyl compounds,0.91,CHEMONTID:0001831,4,CHEMONTID:0000323,CHEMONTID:0000000;CHEMONTID:0004603;CHEMONTID:0000323;CHEMONTID:0001831,Organic compounds;Organic oxygen compounds;Organooxygen compounds;Carbonyl compounds
18731,Ethers,0.96,CHEMONTID:0000254,4,CHEMONTID:0000323,CHEMONTID:0000000;CHEMONTID:0004603;CHEMONTID:0000323;CHEMONTID:0000254,Organic compounds;Organic oxygen compounds;Organooxygen compounds;Ethers
15066,Amines,0.98,CHEMONTID:0002449,4,CHEMONTID:0000278,CHEMONTID:0000000;CHEMONTID:0004707;CHEMONTID:0000278;CHEMONTID:0002449,Organic compounds;Organic nitrogen compounds;Organonitrogen compounds;Amines
15128,Primary amines,0.85,CHEMONTID:0002450,5,CHEMONTID:0002449,CHEMONTID:0000000;CHEMONTID:0004707;CHEMONTID:0000278;CHEMONTID:0002449;CHEMONTID:0002450,Organic compounds;Organic nitrogen compounds;Organonitrogen compounds;Amines;Primary amines
15578,Alkyl phosphates,1,CHEMONTID:0003457,5,CHEMONTID:0000408,CHEMONTID:0000000;CHEMONTID:0000264;CHEMONTID:0000402;CHEMONTID:0000408;CHEMONTID:0003457,Organic compounds;Organic acids and derivatives;Organic phosphoric acids and derivatives;Phosphate esters;Alkyl phosphates
13627,Carbonyl compounds,0.94,CHEMONTID:0001831,4,CHEMONTID:0000323,CHEMONTID:0000000;CHEMONTID:0004603;CHEMONTID:0000323;CHEMONTID:0001831,Organic compounds;Organic oxygen compounds;Organooxygen compounds;Carbonyl compounds
5034,Primary amines,0.99,CHEMONTID:0002450,5,CHEMONTID:0002449,CHEMONTID:0000000;CHEMONTID:0004707;CHEMONTID:0000278;CHEMONTID:0002449;CHEMONTID:0002450,Organic compounds;Organic nitrogen compounds;Organonitrogen compounds;Amines;Primary amines
13631,Carbonyl compounds,0.97,CHEMONTID:0001831,4,CHEMONTID:0000323,CHEMONTID:0000000;CHEMONTID:0004603;CHEMONTID:0000323;CHEMONTID:0001831,Organic compounds;Organic oxygen compounds;Organooxygen compounds;Carbonyl compounds
16873,Amines,0.8,CHEMONTID:0002449,4,CHEMONTID:0000278,CHEMONTID:0000000;CHEMONTID:0004707;CHEMONTID:0000278;CHEMONTID:0002449,Organic compounds;Organic nitrogen compounds;Organonitrogen compounds;Amines
19785,Amines,0.83,CHEMONTID:0002449,4,CHEMONTID:0000278,CHEMONTID:0000000;CHEMONTID:0004707;CHEMONTID:0000278;CHEMONTID:0002449,Organic compounds;Organic nitrogen compounds;Organonitrogen compounds;Amines
18059,Primary amines,0.97,CHEMONTID:0002450,5,CHEMONTID:0002449,CHEMONTID:0000000;CHEMONTID:0004707;CHEMONTID:0000278;CHEMONTID:0002449;CHEMONTID:0002450,Organic compounds;Organic nitrogen compounds;Organonitrogen compounds;Amines;Primary amines
19495,Alcohols and polyols,0.97,CHEMONTID:0000129,4,CHEMONTID:0000323,CHEMONTID:0000000;CHEMONTID:0004603;CHEMONTID:0000323;CHEMONTID:0000129,Organic compounds;Organic oxygen compounds;Organooxygen compounds;Alcohols and polyols
9596,Carboxylic acid derivatives,0.87,CHEMONTID:0001093,4,CHEMONTID:0000265,CHEMONTID:0000000;CHEMONTID:0000264;CHEMONTID:0000265;CHEMONTID:0001093,Organic compounds;Organic acids and derivatives;Carboxylic acids and derivatives;Carboxylic acid derivatives
7470,Carbonyl compounds,0.92,CHEMONTID:0001831,4,CHEMONTID:0000323,CHEMONTID:0000000;CHEMONTID:0004603;CHEMONTID:0000323;CHEMONTID:0001831,Organic compounds;Organic oxygen compounds;Organooxygen compounds;Carbonyl compounds
14995,Primary amines,0.9,CHEMONTID:0002450,5,CHEMONTID:0002449,CHEMONTID:0000000;CHEMONTID:0004707;CHEMONTID:0000278;CHEMONTID:0002449;CHEMONTID:0002450,Organic compounds;Organic nitrogen compounds;Organonitrogen compounds;Amines;Primary amines
1791,Alcohols and polyols,0.82,CHEMONTID:0000129,4,CHEMONTID:0000323,CHEMONTID:0000000;CHEMONTID:0004603;CHEMONTID:0000323;CHEMONTID:0000129,Organic compounds;Organic oxygen compounds;Organooxygen compounds;Alcohols and polyols
3169,Carbonyl compounds,0.87,CHEMONTID:0001831,4,CHEMONTID:0000323,CHEMONTID:0000000;CHEMONTID:0004603;CHEMONTID:0000323;CHEMONTID:0001831,Organic compounds;Organic oxygen compounds;Organooxygen compounds;Carbonyl compounds
17497,Alkanolamines,0.82,CHEMONTID:0002460,5,CHEMONTID:0002449,CHEMONTID:0000000;CHEMONTID:0004707;CHEMONTID:0000278;CHEMONTID:0002449;CHEMONTID:0002460,Organic compounds;Organic nitrogen compounds;Organonitrogen compounds;Amines;Alkanolamines
4407,Carboxylic acid derivatives,0.94,CHEMONTID:0001093,4,CHEMONTID:0000265,CHEMONTID:0000000;CHEMONTID:0000264;CHEMONTID:0000265;CHEMONTID:0001093,Organic compounds;Organic acids and derivatives;Carboxylic acids and derivatives;Carboxylic acid derivatives
19648,Monoalkylamines,0.95,CHEMONTID:0000469,6,CHEMONTID:0002450,CHEMONTID:0000000;CHEMONTID:0004707;CHEMONTID:0000278;CHEMONTID:0002449;CHEMONTID:0002450;CHEMONTID:0000469,Organic compounds;Organic nitrogen compounds;Organonitrogen compounds;Amines;Primary amines;Monoalkylamines
12411,"1,3,5-triazines",0.92,CHEMONTID:0004105,4,CHEMONTID:0000098,CHEMONTID:0000000;CHEMONTID:0000002;CHEMONTID:0000098;CHEMONTID:0004105,"Organic compounds;Organoheterocyclic compounds;Triazines;1,3,5-triazines"
3488,Carboxylic acid derivatives,0.86,CHEMONTID:0001093,4,CHEMONTID:0000265,CHEMONTID:0000000;CHEMONTID:0000264;CHEMONTID:0000265;CHEMONTID:0001093,Organic compounds;Organic acids and derivatives;Carboxylic acids and derivatives;Carboxylic acid derivatives
12391,Primary amines,0.94,CHEMONTID:0002450,5,CHEMONTID:0002449,CHEMONTID:0000000;CHEMONTID:0004707;CHEMONTID:0000278;CHEMONTID:0002449;CHEMONTID:0002450,Organic compounds;Organic nitrogen compounds;Organonitrogen compounds;Amines;Primary amines
13584,Amines,0.86,CHEMONTID:0002449,4,CHEMONTID:0000278,CHEMONTID:0000000;CHEMONTID:0004707;CHEMONTID:0000278;CHEMONTID:0002449,Organic compounds;Organic nitrogen compounds;Organonitrogen compounds;Amines
16758,Ethers,0.82,CHEMONTID:0000254,4,CHEMONTID:0000323,CHEMONTID:0000000;CHEMONTID:0004603;CHEMONTID:0000323;CHEMONTID:0000254,Organic compounds;Organic oxygen compounds;Organooxygen compounds;Ethers
252,Amines,0.99,CHEMONTID:0002449,4,CHEMONTID:0000278,CHEMONTID:0000000;CHEMONTID:0004707;CHEMONTID:0000278;CHEMONTID:0002449,Organic compounds;Organic nitrogen compounds;Organonitrogen compounds;Amines
4167,Amines,0.95,CHEMONTID:0002449,4,CHEMONTID:0000278,CHEMONTID:0000000;CHEMONTID:0004707;CHEMONTID:0000278;CHEMONTID:0002449,Organic compounds;Organic nitrogen compounds;Organonitrogen compounds;Amines
8108,Carboxylic acid derivatives,0.98,CHEMONTID:0001093,4,CHEMONTID:0000265,CHEMONTID:0000000;CHEMONTID:0000264;CHEMONTID:0000265;CHEMONTID:0001093,Organic compounds;Organic acids and derivatives;Carboxylic acids and derivatives;Carboxylic acid derivatives
4226,Carbonyl compounds,0.94,CHEMONTID:0001831,4,CHEMONTID:0000323,CHEMONTID:0000000;CHEMONTID:0004603;CHEMONTID:0000323;CHEMONTID:0001831,Organic compounds;Organic oxygen compounds;Organooxygen compounds;Carbonyl compounds
19090,Amines,0.99,CHEMONTID:0002449,4,CHEMONTID:0000278,CHEMONTID:0000000;CHEMONTID:0004707;CHEMONTID:0000278;CHEMONTID:0002449,Organic compounds;Organic nitrogen compounds;Organonitrogen compounds;Amines
299,Alcohols and polyols,0.96,CHEMONTID:0000129,4,CHEMONTID:0000323,CHEMONTID:0000000;CHEMONTID:0004603;CHEMONTID:0000323;CHEMONTID:0000129,Organic compounds;Organic oxygen compounds;Organooxygen compounds;Alcohols and polyols
12746,Carbonyl compounds,0.88,CHEMONTID:0001831,4,CHEMONTID:0000323,CHEMONTID:0000000;CHEMONTID:0004603;CHEMONTID:0000323;CHEMONTID:0001831,Organic compounds;Organic oxygen compounds;Organooxygen compounds;Carbonyl compounds
4637,Carbonyl compounds,0.96,CHEMONTID:0001831,4,CHEMONTID:0000323,CHEMONTID:0000000;CHEMONTID:0004603;CHEMONTID:0000323;CHEMONTID:0001831,Organic compounds;Organic oxygen compounds;Organooxygen compounds;Carbonyl compounds
19947,Monoalkylamines,0.97,CHEMONTID:0000469,6,CHEMONTID:0002450,CHEMONTID:0000000;CHEMONTID:0004707;CHEMONTID:0000278;CHEMONTID:0002449;CHEMONTID:0002450;CHEMONTID:0000469,Organic compounds;Organic nitrogen compounds;Organonitrogen compounds;Amines;Primary amines;Monoalkylamines
10645,Carbonyl compounds,1,CHEMONTID:0001831,4,CHEMONTID:0000323,CHEMONTID:0000000;CHEMONTID:0004603;CHEMONTID:0000323;CHEMONTID:0001831,Organic compounds;Organic oxygen compounds;Organooxygen compounds;Carbonyl compounds
20138,Dialkyl ethers,0.96,CHEMONTID:0001167,5,CHEMONTID:0000254,CHEMONTID:0000000;CHEMONTID:0004603;CHEMONTID:0000323;CHEMONTID:0000254;CHEMONTID:0001167,Organic compounds;Organic oxygen compounds;Organooxygen compounds;Ethers;Dialkyl ethers
15828,Carbonyl compounds,0.84,CHEMONTID:0001831,4,CHEMONTID:0000323,CHEMONTID:0000000;CHEMONTID:0004603;CHEMONTID:0000323;CHEMONTID:0001831,Organic compounds;Organic oxygen compounds;Organooxygen compounds;Carbonyl compounds
11487,Carbonyl compounds,0.97,CHEMONTID:0001831,4,CHEMONTID:0000323,CHEMONTID:0000000;CHEMONTID:0004603;CHEMONTID:0000323;CHEMONTID:0001831,Organic compounds;Organic oxygen compounds;Organooxygen compounds;Carbonyl compounds
2973,Carboxylic acid derivatives,0.99,CHEMONTID:0001093,4,CHEMONTID:0000265,CHEMONTID:0000000;CHEMONTID:0000264;CHEMONTID:0000265;CHEMONTID:0001093,Organic compounds;Organic acids and derivatives;Carboxylic acids and derivatives;Carboxylic acid derivatives
5932,Amines,1,CHEMONTID:0002449,4,CHEMONTID:0000278,CHEMONTID:0000000;CHEMONTID:0004707;CHEMONTID:0000278;CHEMONTID:0002449,Organic compounds;Organic nitrogen compounds;Organonitrogen compounds;Amines
4702,Carbonyl compounds,0.93,CHEMONTID:0001831,4,CHEMONTID:0000323,CHEMONTID:0000000;CHEMONTID:0004603;CHEMONTID:0000323;CHEMONTID:0001831,Organic compounds;Organic oxygen compounds;Organooxygen compounds;Carbonyl compounds
4853,Phosphate esters,1,CHEMONTID:0000408,4,CHEMONTID:0000402,CHEMONTID:0000000;CHEMONTID:0000264;CHEMONTID:0000402;CHEMONTID:0000408,Organic compounds;Organic acids and derivatives;Organic phosphoric acids and derivatives;Phosphate esters
17200,Carboxylic acid derivatives,0.94,CHEMONTID:0001093,4,CHEMONTID:0000265,CHEMONTID:0000000;CHEMONTID:0000264;CHEMONTID:0000265;CHEMONTID:0001093,Organic compounds;Organic acids and derivatives;Carboxylic acids and derivatives;Carboxylic acid derivatives
20069,Carbonyl compounds,0.9,CHEMONTID:0001831,4,CHEMONTID:0000323,CHEMONTID:0000000;CHEMONTID:0004603;CHEMONTID:0000323;CHEMONTID:0001831,Organic compounds;Organic oxygen compounds;Organooxygen compounds;Carbonyl compounds
1610,Monoalkylamines,0.91,CHEMONTID:0000469,6,CHEMONTID:0002450,CHEMONTID:0000000;CHEMONTID:0004707;CHEMONTID:0000278;CHEMONTID:0002449;CHEMONTID:0002450;CHEMONTID:0000469,Organic compounds;Organic nitrogen compounds;Organonitrogen compounds;Amines;Primary amines;Monoalkylamines
2584,Monocarboxylic acids and derivatives,0.88,CHEMONTID:0001137,4,CHEMONTID:0000265,CHEMONTID:0000000;CHEMONTID:0000264;CHEMONTID:0000265;CHEMONTID:0001137,Organic compounds;Organic acids and derivatives;Carboxylic acids and derivatives;Monocarboxylic acids and derivatives
20015,Carbonyl compounds,0.93,CHEMONTID:0001831,4,CHEMONTID:0000323,CHEMONTID:0000000;CHEMONTID:0004603;CHEMONTID:0000323;CHEMONTID:0001831,Organic compounds;Organic oxygen compounds;Organooxygen compounds;Carbonyl compounds
7729,Monoalkylamines,1,CHEMONTID:0000469,6,CHEMONTID:0002450,CHEMONTID:0000000;CHEMONTID:0004707;CHEMONTID:0000278;CHEMONTID:0002449;CHEMONTID:0002450;CHEMONTID:0000469,Organic compounds;Organic nitrogen compounds;Organonitrogen compounds;Amines;Primary amines;Monoalkylamines
13105,Imidazoles,0.93,CHEMONTID:0000078,4,CHEMONTID:0000436,CHEMONTID:0000000;CHEMONTID:0000002;CHEMONTID:0000436;CHEMONTID:0000078,Organic compounds;Organoheterocyclic compounds;Azoles;Imidazoles
9661,Carbonyl compounds,0.85,CHEMONTID:0001831,4,CHEMONTID:0000323,CHEMONTID:0000000;CHEMONTID:0004603;CHEMONTID:0000323;CHEMONTID:0001831,Organic compounds;Organic oxygen compounds;Organooxygen compounds;Carbonyl compounds
20661,Carboxylic acid derivatives,0.99,CHEMONTID:0001093,4,CHEMONTID:0000265,CHEMONTID:0000000;CHEMONTID:0000264;CHEMONTID:0000265;CHEMONTID:0001093,Organic compounds;Organic acids and derivatives;Carboxylic acids and derivatives;Carboxylic acid derivatives
14339,Carbonyl compounds,0.94,CHEMONTID:0001831,4,CHEMONTID:0000323,CHEMONTID:0000000;CHEMONTID:0004603;CHEMONTID:0000323;CHEMONTID:0001831,Organic compounds;Organic oxygen compounds;Organooxygen compounds;Carbonyl compounds
13016,Amines,0.95,CHEMONTID:0002449,4,CHEMONTID:0000278,CHEMONTID:0000000;CHEMONTID:0004707;CHEMONTID:0000278;CHEMONTID:0002449,Organic compounds;Organic nitrogen compounds;Organonitrogen compounds;Amines
19665,Carbonyl compounds,0.94,CHEMONTID:0001831,4,CHEMONTID:0000323,CHEMONTID:0000000;CHEMONTID:0004603;CHEMONTID:0000323;CHEMONTID:0001831,Organic compounds;Organic oxygen compounds;Organooxygen compounds;Carbonyl compounds
11457,Primary amines,0.93,CHEMONTID:0002450,5,CHEMONTID:0002449,CHEMONTID:0000000;CHEMONTID:0004707;CHEMONTID:0000278;CHEMONTID:0002449;CHEMONTID:0002450,Organic compounds;Organic nitrogen compounds;Organonitrogen compounds;Amines;Primary amines
20623,Carbonyl compounds,0.92,CHEMONTID:0001831,4,CHEMONTID:0000323,CHEMONTID:0000000;CHEMONTID:0004603;CHEMONTID:0000323;CHEMONTID:0001831,Organic compounds;Organic oxygen compounds;Organooxygen compounds;Carbonyl compounds
4644,Carbohydrates and carbohydrate conjugates,0.82,CHEMONTID:0000011,4,CHEMONTID:0000323,CHEMONTID:0000000;CHEMONTID:0004603;CHEMONTID:0000323;CHEMONTID:0000011,Organic compounds;Organic oxygen compounds;Organooxygen compounds;Carbohydrates and carbohydrate conjugates
16953,Carboxylic acid derivatives,0.87,CHEMONTID:0001093,4,CHEMONTID:0000265,CHEMONTID:0000000;CHEMONTID:0000264;CHEMONTID:0000265;CHEMONTID:0001093,Organic compounds;Organic acids and derivatives;Carboxylic acids and derivatives;Carboxylic acid derivatives
6509,Carbonyl compounds,0.82,CHEMONTID:0001831,4,CHEMONTID:0000323,CHEMONTID:0000000;CHEMONTID:0004603;CHEMONTID:0000323;CHEMONTID:0001831,Organic compounds;Organic oxygen compounds;Organooxygen compounds;Carbonyl compounds
18413,Tertiary amines,0.91,CHEMONTID:0002452,5,CHEMONTID:0002449,CHEMONTID:0000000;CHEMONTID:0004707;CHEMONTID:0000278;CHEMONTID:0002449;CHEMONTID:0002452,Organic compounds;Organic nitrogen compounds;Organonitrogen compounds;Amines;Tertiary amines
1590,Alcohols and polyols,0.95,CHEMONTID:0000129,4,CHEMONTID:0000323,CHEMONTID:0000000;CHEMONTID:0004603;CHEMONTID:0000323;CHEMONTID:0000129,Organic compounds;Organic oxygen compounds;Organooxygen compounds;Alcohols and polyols
7040,Carbonyl compounds,0.99,CHEMONTID:0001831,4,CHEMONTID:0000323,CHEMONTID:0000000;CHEMONTID:0004603;CHEMONTID:0000323;CHEMONTID:0001831,Organic compounds;Organic oxygen compounds;Organooxygen compounds;Carbonyl compounds
18955,Carboximidamides,0.97,CHEMONTID:0003152,4,CHEMONTID:0000278,CHEMONTID:0000000;CHEMONTID:0004707;CHEMONTID:0000278;CHEMONTID:0003152,Organic compounds;Organic nitrogen compounds;Organonitrogen compounds;Carboximidamides
7302,Guanidines,0.91,CHEMONTID:0000375,4,CHEMONTID:0000278,CHEMONTID:0000000;CHEMONTID:0004707;CHEMONTID:0000278;CHEMONTID:0000375,Organic compounds;Organic nitrogen compounds;Organonitrogen compounds;Guanidines
6222,Amines,0.99,CHEMONTID:0002449,4,CHEMONTID:0000278,CHEMONTID:0000000;CHEMONTID:0004707;CHEMONTID:0000278;CHEMONTID:0002449,Organic compounds;Organic nitrogen compounds;Organonitrogen compounds;Amines
16051,Carbonyl compounds,0.98,CHEMONTID:0001831,4,CHEMONTID:0000323,CHEMONTID:0000000;CHEMONTID:0004603;CHEMONTID:0000323;CHEMONTID:0001831,Organic compounds;Organic oxygen compounds;Organooxygen compounds;Carbonyl compounds
18171,Dialkyl ethers,0.99,CHEMONTID:0001167,5,CHEMONTID:0000254,CHEMONTID:0000000;CHEMONTID:0004603;CHEMONTID:0000323;CHEMONTID:0000254;CHEMONTID:0001167,Organic compounds;Organic oxygen compounds;Organooxygen compounds;Ethers;Dialkyl ethers
7534,Carboxylic acid derivatives,0.9,CHEMONTID:0001093,4,CHEMONTID:0000265,CHEMONTID:0000000;CHEMONTID:0000264;CHEMONTID:0000265;CHEMONTID:0001093,Organic compounds;Organic acids and derivatives;Carboxylic acids and derivatives;Carboxylic acid derivatives
5941,Primary amines,0.97,CHEMONTID:0002450,5,CHEMONTID:0002449,CHEMONTID:0000000;CHEMONTID:0004707;CHEMONTID:0000278;CHEMONTID:0002449;CHEMONTID:0002450,Organic compounds;Organic nitrogen compounds;Organonitrogen compounds;Amines;Primary amines
8327,Carbonyl compounds,0.91,CHEMONTID:0001831,4,CHEMONTID:0000323,CHEMONTID:0000000;CHEMONTID:0004603;CHEMONTID:0000323;CHEMONTID:0001831,Organic compounds;Organic oxygen compounds;Organooxygen compounds;Carbonyl compounds
11784,Dicarboxylic acids and derivatives,0.81,CHEMONTID:0000346,4,CHEMONTID:0000265,CHEMONTID:0000000;CHEMONTID:0000264;CHEMONTID:0000265;CHEMONTID:0000346,Organic compounds;Organic acids and derivatives;Carboxylic acids and derivatives;Dicarboxylic acids and derivatives
7128,Carbonyl compounds,0.98,CHEMONTID:0001831,4,CHEMONTID:0000323,CHEMONTID:0000000;CHEMONTID:0004603;CHEMONTID:0000323;CHEMONTID:0001831,Organic compounds;Organic oxygen compounds;Organooxygen compounds;Carbonyl compounds
9468,Alcohols and polyols,0.87,CHEMONTID:0000129,4,CHEMONTID:0000323,CHEMONTID:0000000;CHEMONTID:0004603;CHEMONTID:0000323;CHEMONTID:0000129,Organic compounds;Organic oxygen compounds;Organooxygen compounds;Alcohols and polyols
20555,Monoalkylamines,0.9,CHEMONTID:0000469,6,CHEMONTID:0002450,CHEMONTID:0000000;CHEMONTID:0004707;CHEMONTID:0000278;CHEMONTID:0002449;CHEMONTID:0002450;CHEMONTID:0000469,Organic compounds;Organic nitrogen compounds;Organonitrogen compounds;Amines;Primary amines;Monoalkylamines
11177,Carbonyl compounds,0.94,CHEMONTID:0001831,4,CHEMONTID:0000323,CHEMONTID:0000000;CHEMONTID:0004603;CHEMONTID:0000323;CHEMONTID:0001831,Organic compounds;Organic oxygen compounds;Organooxygen compounds;Carbonyl compounds
20431,Carboxylic acid derivatives,0.99,CHEMONTID:0001093,4,CHEMONTID:0000265,CHEMONTID:0000000;CHEMONTID:0000264;CHEMONTID:0000265;CHEMONTID:0001093,Organic compounds;Organic acids and derivatives;Carboxylic acids and derivatives;Carboxylic acid derivatives
18742,Tertiary amines,0.8,CHEMONTID:0002452,5,CHEMONTID:0002449,CHEMONTID:0000000;CHEMONTID:0004707;CHEMONTID:0000278;CHEMONTID:0002449;CHEMONTID:0002452,Organic compounds;Organic nitrogen compounds;Organonitrogen compounds;Amines;Tertiary amines
6878,Carbonyl compounds,0.95,CHEMONTID:0001831,4,CHEMONTID:0000323,CHEMONTID:0000000;CHEMONTID:0004603;CHEMONTID:0000323;CHEMONTID:0001831,Organic compounds;Organic oxygen compounds;Organooxygen compounds;Carbonyl compounds
11161,Amines,0.99,CHEMONTID:0002449,4,CHEMONTID:0000278,CHEMONTID:0000000;CHEMONTID:0004707;CHEMONTID:0000278;CHEMONTID:0002449,Organic compounds;Organic nitrogen compounds;Organonitrogen compounds;Amines
13116,Cyclic olefins,0.96,CHEMONTID:0002840,5,CHEMONTID:0002838,CHEMONTID:0000000;CHEMONTID:0002837;CHEMONTID:0004475;CHEMONTID:0002838;CHEMONTID:0002840,Organic compounds;Hydrocarbons;Unsaturated hydrocarbons;Olefins;Cyclic olefins
75,Carboxylic acid derivatives,1,CHEMONTID:0001093,4,CHEMONTID:0000265,CHEMONTID:0000000;CHEMONTID:0000264;CHEMONTID:0000265;CHEMONTID:0001093,Organic compounds;Organic acids and derivatives;Carboxylic acids and derivatives;Carboxylic acid derivatives
8455,Carboxylic acid derivatives,1,CHEMONTID:0001093,4,CHEMONTID:0000265,CHEMONTID:0000000;CHEMONTID:0000264;CHEMONTID:0000265;CHEMONTID:0001093,Organic compounds;Organic acids and derivatives;Carboxylic acids and derivatives;Carboxylic acid derivatives
12080,Monoalkylamines,0.82,CHEMONTID:0000469,6,CHEMONTID:0002450,CHEMONTID:0000000;CHEMONTID:0004707;CHEMONTID:0000278;CHEMONTID:0002449;CHEMONTID:0002450;CHEMONTID:0000469,Organic compounds;Organic nitrogen compounds;Organonitrogen compounds;Amines;Primary amines;Monoalkylamines
12230,Alcohols and polyols,0.84,CHEMONTID:0000129,4,CHEMONTID:0000323,CHEMONTID:0000000;CHEMONTID:0004603;CHEMONTID:0000323;CHEMONTID:0000129,Organic compounds;Organic oxygen compounds;Organooxygen compounds;Alcohols and polyols
7905,Amines,0.84,CHEMONTID:0002449,4,CHEMONTID:0000278,CHEMONTID:0000000;CHEMONTID:0004707;CHEMONTID:0000278;CHEMONTID:0002449,Organic compounds;Organic nitrogen compounds;Organonitrogen compounds;Amines
7069,Dialkyl ethers,0.9,CHEMONTID:0001167,5,CHEMONTID:0000254,CHEMONTID:0000000;CHEMONTID:0004603;CHEMONTID:0000323;CHEMONTID:0000254;CHEMONTID:0001167,Organic compounds;Organic oxygen compounds;Organooxygen compounds;Ethers;Dialkyl ethers
6159,Primary amines,1,CHEMONTID:0002450,5,CHEMONTID:0002449,CHEMONTID:0000000;CHEMONTID:0004707;CHEMONTID:0000278;CHEMONTID:0002449;CHEMONTID:0002450,Organic compounds;Organic nitrogen compounds;Organonitrogen compounds;Amines;Primary amines
10218,Carbonyl compounds,0.92,CHEMONTID:0001831,4,CHEMONTID:0000323,CHEMONTID:0000000;CHEMONTID:0004603;CHEMONTID:0000323;CHEMONTID:0001831,Organic compounds;Organic oxygen compounds;Organooxygen compounds;Carbonyl compounds
2340,Pyrimidines and pyrimidine derivatives,1,CHEMONTID:0000075,4,CHEMONTID:0001346,CHEMONTID:0000000;CHEMONTID:0000002;CHEMONTID:0001346;CHEMONTID:0000075,Organic compounds;Organoheterocyclic compounds;Diazines;Pyrimidines and pyrimidine derivatives
12226,Carbonyl compounds,0.99,CHEMONTID:0001831,4,CHEMONTID:0000323,CHEMONTID:0000000;CHEMONTID:0004603;CHEMONTID:0000323;CHEMONTID:0001831,Organic compounds;Organic oxygen compounds;Organooxygen compounds;Carbonyl compounds
15208,Phosphate esters,0.9,CHEMONTID:0000408,4,CHEMONTID:0000402,CHEMONTID:0000000;CHEMONTID:0000264;CHEMONTID:0000402;CHEMONTID:0000408,Organic compounds;Organic acids and derivatives;Organic phosphoric acids and derivatives;Phosphate esters
10901,Dialkyl ethers,0.95,CHEMONTID:0001167,5,CHEMONTID:0000254,CHEMONTID:0000000;CHEMONTID:0004603;CHEMONTID:0000323;CHEMONTID:0000254;CHEMONTID:0001167,Organic compounds;Organic oxygen compounds;Organooxygen compounds;Ethers;Dialkyl ethers
11954,Amino acids and derivatives,0.9,CHEMONTID:0000347,5,CHEMONTID:0000013,CHEMONTID:0000000;CHEMONTID:0000264;CHEMONTID:0000265;CHEMONTID:0000013;CHEMONTID:0000347,"Organic compounds;Organic acids and derivatives;Carboxylic acids and derivatives;Amino acids, peptides, and analogues;Amino acids and derivatives"
9151,Carboxylic acid derivatives,0.91,CHEMONTID:0001093,4,CHEMONTID:0000265,CHEMONTID:0000000;CHEMONTID:0000264;CHEMONTID:0000265;CHEMONTID:0001093,Organic compounds;Organic acids and derivatives;Carboxylic acids and derivatives;Carboxylic acid derivatives
5907,Amines,0.95,CHEMONTID:0002449,4,CHEMONTID:0000278,CHEMONTID:0000000;CHEMONTID:0004707;CHEMONTID:0000278;CHEMONTID:0002449,Organic compounds;Organic nitrogen compounds;Organonitrogen compounds;Amines
2308,Carbohydrates and carbohydrate conjugates,0.98,CHEMONTID:0000011,4,CHEMONTID:0000323,CHEMONTID:0000000;CHEMONTID:0004603;CHEMONTID:0000323;CHEMONTID:0000011,Organic compounds;Organic oxygen compounds;Organooxygen compounds;Carbohydrates and carbohydrate conjugates
20023,Carbohydrates and carbohydrate conjugates,0.98,CHEMONTID:0000011,4,CHEMONTID:0000323,CHEMONTID:0000000;CHEMONTID:0004603;CHEMONTID:0000323;CHEMONTID:0000011,Organic compounds;Organic oxygen compounds;Organooxygen compounds;Carbohydrates and carbohydrate conjugates
2202,Carbonyl compounds,0.98,CHEMONTID:0001831,4,CHEMONTID:0000323,CHEMONTID:0000000;CHEMONTID:0004603;CHEMONTID:0000323;CHEMONTID:0001831,Organic compounds;Organic oxygen compounds;Organooxygen compounds;Carbonyl compounds
19115,Monoalkylamines,0.85,CHEMONTID:0000469,6,CHEMONTID:0002450,CHEMONTID:0000000;CHEMONTID:0004707;CHEMONTID:0000278;CHEMONTID:0002449;CHEMONTID:0002450;CHEMONTID:0000469,Organic compounds;Organic nitrogen compounds;Organonitrogen compounds;Amines;Primary amines;Monoalkylamines
493,Carbonyl compounds,0.97,CHEMONTID:0001831,4,CHEMONTID:0000323,CHEMONTID:0000000;CHEMONTID:0004603;CHEMONTID:0000323;CHEMONTID:0001831,Organic compounds;Organic oxygen compounds;Organooxygen compounds;Carbonyl compounds
2719,Carbonyl compounds,0.83,CHEMONTID:0001831,4,CHEMONTID:0000323,CHEMONTID:0000000;CHEMONTID:0004603;CHEMONTID:0000323;CHEMONTID:0001831,Organic compounds;Organic oxygen compounds;Organooxygen compounds;Carbonyl compounds
14426,Primary amines,0.97,CHEMONTID:0002450,5,CHEMONTID:0002449,CHEMONTID:0000000;CHEMONTID:0004707;CHEMONTID:0000278;CHEMONTID:0002449;CHEMONTID:0002450,Organic compounds;Organic nitrogen compounds;Organonitrogen compounds;Amines;Primary amines
8667,Monoalkylamines,0.91,CHEMONTID:0000469,6,CHEMONTID:0002450,CHEMONTID:0000000;CHEMONTID:0004707;CHEMONTID:0000278;CHEMONTID:0002449;CHEMONTID:0002450;CHEMONTID:0000469,Organic compounds;Organic nitrogen compounds;Organonitrogen compounds;Amines;Primary amines;Monoalkylamines
2795,Primary amines,0.89,CHEMONTID:0002450,5,CHEMONTID:0002449,CHEMONTID:0000000;CHEMONTID:0004707;CHEMONTID:0000278;CHEMONTID:0002449;CHEMONTID:0002450,Organic compounds;Organic nitrogen compounds;Organonitrogen compounds;Amines;Primary amines
14430,Purines and purine derivatives,0.99,CHEMONTID:0000245,4,CHEMONTID:0001797,CHEMONTID:0000000;CHEMONTID:0000002;CHEMONTID:0001797;CHEMONTID:0000245,Organic compounds;Organoheterocyclic compounds;Imidazopyrimidines;Purines and purine derivatives
19731,Methyl esters,0.96,CHEMONTID:0003416,6,CHEMONTID:0001238,CHEMONTID:0000000;CHEMONTID:0000264;CHEMONTID:0000265;CHEMONTID:0001093;CHEMONTID:0001238;CHEMONTID:0003416,Organic compounds;Organic acids and derivatives;Carboxylic acids and derivatives;Carboxylic acid derivatives;Carboxylic acid esters;Methyl esters
13581,Monocarboxylic acids and derivatives,0.9,CHEMONTID:0001137,4,CHEMONTID:0000265,CHEMONTID:0000000;CHEMONTID:0000264;CHEMONTID:0000265;CHEMONTID:0001137,Organic compounds;Organic acids and derivatives;Carboxylic acids and derivatives;Monocarboxylic acids and derivatives
17741,Alkyl phosphates,0.98,CHEMONTID:0003457,5,CHEMONTID:0000408,CHEMONTID:0000000;CHEMONTID:0000264;CHEMONTID:0000402;CHEMONTID:0000408;CHEMONTID:0003457,Organic compounds;Organic acids and derivatives;Organic phosphoric acids and derivatives;Phosphate esters;Alkyl phosphates
5199,Carbohydrates and carbohydrate conjugates,1,CHEMONTID:0000011,4,CHEMONTID:0000323,CHEMONTID:0000000;CHEMONTID:0004603;CHEMONTID:0000323;CHEMONTID:0000011,Organic compounds;Organic oxygen compounds;Organooxygen compounds;Carbohydrates and carbohydrate conjugates
6690,Amines,0.92,CHEMONTID:0002449,4,CHEMONTID:0000278,CHEMONTID:0000000;CHEMONTID:0004707;CHEMONTID:0000278;CHEMONTID:0002449,Organic compounds;Organic nitrogen compounds;Organonitrogen compounds;Amines
20142,Primary amines,0.91,CHEMONTID:0002450,5,CHEMONTID:0002449,CHEMONTID:0000000;CHEMONTID:0004707;CHEMONTID:0000278;CHEMONTID:0002449;CHEMONTID:0002450,Organic compounds;Organic nitrogen compounds;Organonitrogen compounds;Amines;Primary amines
6837,Carboxylic acid derivatives,0.97,CHEMONTID:0001093,4,CHEMONTID:0000265,CHEMONTID:0000000;CHEMONTID:0000264;CHEMONTID:0000265;CHEMONTID:0001093,Organic compounds;Organic acids and derivatives;Carboxylic acids and derivatives;Carboxylic acid derivatives
808,Dialkyl ethers,0.98,CHEMONTID:0001167,5,CHEMONTID:0000254,CHEMONTID:0000000;CHEMONTID:0004603;CHEMONTID:0000323;CHEMONTID:0000254;CHEMONTID:0001167,Organic compounds;Organic oxygen compounds;Organooxygen compounds;Ethers;Dialkyl ethers
14471,Primary amines,0.9,CHEMONTID:0002450,5,CHEMONTID:0002449,CHEMONTID:0000000;CHEMONTID:0004707;CHEMONTID:0000278;CHEMONTID:0002449;CHEMONTID:0002450,Organic compounds;Organic nitrogen compounds;Organonitrogen compounds;Amines;Primary amines
2024,Primary amines,1,CHEMONTID:0002450,5,CHEMONTID:0002449,CHEMONTID:0000000;CHEMONTID:0004707;CHEMONTID:0000278;CHEMONTID:0002449;CHEMONTID:0002450,Organic compounds;Organic nitrogen compounds;Organonitrogen compounds;Amines;Primary amines
18327,Primary amines,0.98,CHEMONTID:0002450,5,CHEMONTID:0002449,CHEMONTID:0000000;CHEMONTID:0004707;CHEMONTID:0000278;CHEMONTID:0002449;CHEMONTID:0002450,Organic compounds;Organic nitrogen compounds;Organonitrogen compounds;Amines;Primary amines
17700,Carbonyl compounds,0.99,CHEMONTID:0001831,4,CHEMONTID:0000323,CHEMONTID:0000000;CHEMONTID:0004603;CHEMONTID:0000323;CHEMONTID:0001831,Organic compounds;Organic oxygen compounds;Organooxygen compounds;Carbonyl compounds
14892,Guanidines,0.99,CHEMONTID:0000375,4,CHEMONTID:0000278,CHEMONTID:0000000;CHEMONTID:0004707;CHEMONTID:0000278;CHEMONTID:0000375,Organic compounds;Organic nitrogen compounds;Organonitrogen compounds;Guanidines
17578,Primary amines,0.92,CHEMONTID:0002450,5,CHEMONTID:0002449,CHEMONTID:0000000;CHEMONTID:0004707;CHEMONTID:0000278;CHEMONTID:0002449;CHEMONTID:0002450,Organic compounds;Organic nitrogen compounds;Organonitrogen compounds;Amines;Primary amines
1914,Monoalkylamines,0.96,CHEMONTID:0000469,6,CHEMONTID:0002450,CHEMONTID:0000000;CHEMONTID:0004707;CHEMONTID:0000278;CHEMONTID:0002449;CHEMONTID:0002450;CHEMONTID:0000469,Organic compounds;Organic nitrogen compounds;Organonitrogen compounds;Amines;Primary amines;Monoalkylamines
4225,Monoalkylamines,0.99,CHEMONTID:0000469,6,CHEMONTID:0002450,CHEMONTID:0000000;CHEMONTID:0004707;CHEMONTID:0000278;CHEMONTID:0002449;CHEMONTID:0002450;CHEMONTID:0000469,Organic compounds;Organic nitrogen compounds;Organonitrogen compounds;Amines;Primary amines;Monoalkylamines
12151,Carbonyl compounds,0.91,CHEMONTID:0001831,4,CHEMONTID:0000323,CHEMONTID:0000000;CHEMONTID:0004603;CHEMONTID:0000323;CHEMONTID:0001831,Organic compounds;Organic oxygen compounds;Organooxygen compounds;Carbonyl compounds
6681,Primary amines,0.92,CHEMONTID:0002450,5,CHEMONTID:0002449,CHEMONTID:0000000;CHEMONTID:0004707;CHEMONTID:0000278;CHEMONTID:0002449;CHEMONTID:0002450,Organic compounds;Organic nitrogen compounds;Organonitrogen compounds;Amines;Primary amines
10023,Carbonyl compounds,0.98,CHEMONTID:0001831,4,CHEMONTID:0000323,CHEMONTID:0000000;CHEMONTID:0004603;CHEMONTID:0000323;CHEMONTID:0001831,Organic compounds;Organic oxygen compounds;Organooxygen compounds;Carbonyl compounds
11635,Amino acids and derivatives,0.99,CHEMONTID:0000347,5,CHEMONTID:0000013,CHEMONTID:0000000;CHEMONTID:0000264;CHEMONTID:0000265;CHEMONTID:0000013;CHEMONTID:0000347,"Organic compounds;Organic acids and derivatives;Carboxylic acids and derivatives;Amino acids, peptides, and analogues;Amino acids and derivatives"
4218,Phosphate esters,0.96,CHEMONTID:0000408,4,CHEMONTID:0000402,CHEMONTID:0000000;CHEMONTID:0000264;CHEMONTID:0000402;CHEMONTID:0000408,Organic compounds;Organic acids and derivatives;Organic phosphoric acids and derivatives;Phosphate esters
2784,Imidazoles,0.96,CHEMONTID:0000078,4,CHEMONTID:0000436,CHEMONTID:0000000;CHEMONTID:0000002;CHEMONTID:0000436;CHEMONTID:0000078,Organic compounds;Organoheterocyclic compounds;Azoles;Imidazoles
9204,Carbonyl compounds,0.86,CHEMONTID:0001831,4,CHEMONTID:0000323,CHEMONTID:0000000;CHEMONTID:0004603;CHEMONTID:0000323;CHEMONTID:0001831,Organic compounds;Organic oxygen compounds;Organooxygen compounds;Carbonyl compounds
11619,Carbonyl compounds,0.9,CHEMONTID:0001831,4,CHEMONTID:0000323,CHEMONTID:0000000;CHEMONTID:0004603;CHEMONTID:0000323;CHEMONTID:0001831,Organic compounds;Organic oxygen compounds;Organooxygen compounds;Carbonyl compounds
20353,Primary amines,0.88,CHEMONTID:0002450,5,CHEMONTID:0002449,CHEMONTID:0000000;CHEMONTID:0004707;CHEMONTID:0000278;CHEMONTID:0002449;CHEMONTID:0002450,Organic compounds;Organic nitrogen compounds;Organonitrogen compounds;Amines;Primary amines
11958,Amines,0.96,CHEMONTID:0002449,4,CHEMONTID:0000278,CHEMONTID:0000000;CHEMONTID:0004707;CHEMONTID:0000278;CHEMONTID:0002449,Organic compounds;Organic nitrogen compounds;Organonitrogen compounds;Amines
18869,Monoalkylamines,1,CHEMONTID:0000469,6,CHEMONTID:0002450,CHEMONTID:0000000;CHEMONTID:0004707;CHEMONTID:0000278;CHEMONTID:0002449;CHEMONTID:0002450;CHEMONTID:0000469,Organic compounds;Organic nitrogen compounds;Organonitrogen compounds;Amines;Primary amines;Monoalkylamines
6624,Dialkyl ethers,0.99,CHEMONTID:0001167,5,CHEMONTID:0000254,CHEMONTID:0000000;CHEMONTID:0004603;CHEMONTID:0000323;CHEMONTID:0000254;CHEMONTID:0001167,Organic compounds;Organic oxygen compounds;Organooxygen compounds;Ethers;Dialkyl ethers
12271,Phosphate esters,0.92,CHEMONTID:0000408,4,CHEMONTID:0000402,CHEMONTID:0000000;CHEMONTID:0000264;CHEMONTID:0000402;CHEMONTID:0000408,Organic compounds;Organic acids and derivatives;Organic phosphoric acids and derivatives;Phosphate esters
17536,Carbonyl compounds,0.87,CHEMONTID:0001831,4,CHEMONTID:0000323,CHEMONTID:0000000;CHEMONTID:0004603;CHEMONTID:0000323;CHEMONTID:0001831,Organic compounds;Organic oxygen compounds;Organooxygen compounds;Carbonyl compounds
15349,Methyl esters,0.95,CHEMONTID:0003416,6,CHEMONTID:0001238,CHEMONTID:0000000;CHEMONTID:0000264;CHEMONTID:0000265;CHEMONTID:0001093;CHEMONTID:0001238;CHEMONTID:0003416,Organic compounds;Organic acids and derivatives;Carboxylic acids and derivatives;Carboxylic acid derivatives;Carboxylic acid esters;Methyl esters
8858,Carbonyl compounds,0.95,CHEMONTID:0001831,4,CHEMONTID:0000323,CHEMONTID:0000000;CHEMONTID:0004603;CHEMONTID:0000323;CHEMONTID:0001831,Organic compounds;Organic oxygen compounds;Organooxygen compounds;Carbonyl compounds
6869,Dicarboxylic acids and derivatives,0.81,CHEMONTID:0000346,4,CHEMONTID:0000265,CHEMONTID:0000000;CHEMONTID:0000264;CHEMONTID:0000265;CHEMONTID:0000346,Organic compounds;Organic acids and derivatives;Carboxylic acids and derivatives;Dicarboxylic acids and derivatives
11331,Monoalkylamines,0.98,CHEMONTID:0000469,6,CHEMONTID:0002450,CHEMONTID:0000000;CHEMONTID:0004707;CHEMONTID:0000278;CHEMONTID:0002449;CHEMONTID:0002450;CHEMONTID:0000469,Organic compounds;Organic nitrogen compounds;Organonitrogen compounds;Amines;Primary amines;Monoalkylamines
9479,Alcohols and polyols,0.93,CHEMONTID:0000129,4,CHEMONTID:0000323,CHEMONTID:0000000;CHEMONTID:0004603;CHEMONTID:0000323;CHEMONTID:0000129,Organic compounds;Organic oxygen compounds;Organooxygen compounds;Alcohols and polyols
18640,Monoalkylamines,1,CHEMONTID:0000469,6,CHEMONTID:0002450,CHEMONTID:0000000;CHEMONTID:0004707;CHEMONTID:0000278;CHEMONTID:0002449;CHEMONTID:0002450;CHEMONTID:0000469,Organic compounds;Organic nitrogen compounds;Organonitrogen compounds;Amines;Primary amines;Monoalkylamines
3484,Carboxylic acids,0.81,CHEMONTID:0001205,4,CHEMONTID:0000265,CHEMONTID:0000000;CHEMONTID:0000264;CHEMONTID:0000265;CHEMONTID:0001205,Organic compounds;Organic acids and derivatives;Carboxylic acids and derivatives;Carboxylic acids
16045,Amines,0.97,CHEMONTID:0002449,4,CHEMONTID:0000278,CHEMONTID:0000000;CHEMONTID:0004707;CHEMONTID:0000278;CHEMONTID:0002449,Organic compounds;Organic nitrogen compounds;Organonitrogen compounds;Amines
8964,Dialkyl ethers,0.98,CHEMONTID:0001167,5,CHEMONTID:0000254,CHEMONTID:0000000;CHEMONTID:0004603;CHEMONTID:0000323;CHEMONTID:0000254;CHEMONTID:0001167,Organic compounds;Organic oxygen compounds;Organooxygen compounds;Ethers;Dialkyl ethers
12583,Dialkyl ethers,0.93,CHEMONTID:0001167,5,CHEMONTID:0000254,CHEMONTID:0000000;CHEMONTID:0004603;CHEMONTID:0000323;CHEMONTID:0000254;CHEMONTID:0001167,Organic compounds;Organic oxygen compounds;Organooxygen compounds;Ethers;Dialkyl ethers
11597,Carboxylic acid derivatives,0.92,CHEMONTID:0001093,4,CHEMONTID:0000265,CHEMONTID:0000000;CHEMONTID:0000264;CHEMONTID:0000265;CHEMONTID:0001093,Organic compounds;Organic acids and derivatives;Carboxylic acids and derivatives;Carboxylic acid derivatives
17622,Carbonyl compounds,0.99,CHEMONTID:0001831,4,CHEMONTID:0000323,CHEMONTID:0000000;CHEMONTID:0004603;CHEMONTID:0000323;CHEMONTID:0001831,Organic compounds;Organic oxygen compounds;Organooxygen compounds;Carbonyl compounds
1792,Olefins,0.96,CHEMONTID:0002838,4,CHEMONTID:0004475,CHEMONTID:0000000;CHEMONTID:0002837;CHEMONTID:0004475;CHEMONTID:0002838,Organic compounds;Hydrocarbons;Unsaturated hydrocarbons;Olefins
10109,Primary alcohols,0.99,CHEMONTID:0000286,5,CHEMONTID:0000129,CHEMONTID:0000000;CHEMONTID:0004603;CHEMONTID:0000323;CHEMONTID:0000129;CHEMONTID:0000286,Organic compounds;Organic oxygen compounds;Organooxygen compounds;Alcohols and polyols;Primary alcohols
8334,Monocarboxylic acids and derivatives,0.83,CHEMONTID:0001137,4,CHEMONTID:0000265,CHEMONTID:0000000;CHEMONTID:0000264;CHEMONTID:0000265;CHEMONTID:0001137,Organic compounds;Organic acids and derivatives;Carboxylic acids and derivatives;Monocarboxylic acids and derivatives
9566,Carbonyl compounds,0.82,CHEMONTID:0001831,4,CHEMONTID:0000323,CHEMONTID:0000000;CHEMONTID:0004603;CHEMONTID:0000323;CHEMONTID:0001831,Organic compounds;Organic oxygen compounds;Organooxygen compounds;Carbonyl compounds
4908,Amines,0.84,CHEMONTID:0002449,4,CHEMONTID:0000278,CHEMONTID:0000000;CHEMONTID:0004707;CHEMONTID:0000278;CHEMONTID:0002449,Organic compounds;Organic nitrogen compounds;Organonitrogen compounds;Amines
18407,Tertiary amines,1,CHEMONTID:0002452,5,CHEMONTID:0002449,CHEMONTID:0000000;CHEMONTID:0004707;CHEMONTID:0000278;CHEMONTID:0002449;CHEMONTID:0002452,Organic compounds;Organic nitrogen compounds;Organonitrogen compounds;Amines;Tertiary amines
6233,Carboxylic acid derivatives,0.99,CHEMONTID:0001093,4,CHEMONTID:0000265,CHEMONTID:0000000;CHEMONTID:0000264;CHEMONTID:0000265;CHEMONTID:0001093,Organic compounds;Organic acids and derivatives;Carboxylic acids and derivatives;Carboxylic acid derivatives
16912,Carbonyl compounds,0.99,CHEMONTID:0001831,4,CHEMONTID:0000323,CHEMONTID:0000000;CHEMONTID:0004603;CHEMONTID:0000323;CHEMONTID:0001831,Organic compounds;Organic oxygen compounds;Organooxygen compounds;Carbonyl compounds
7313,Carbonyl compounds,0.99,CHEMONTID:0001831,4,CHEMONTID:0000323,CHEMONTID:0000000;CHEMONTID:0004603;CHEMONTID:0000323;CHEMONTID:0001831,Organic compounds;Organic oxygen compounds;Organooxygen compounds;Carbonyl compounds
18996,Fatty acid esters,0.85,CHEMONTID:0000324,4,CHEMONTID:0003909,CHEMONTID:0000000;CHEMONTID:0000012;CHEMONTID:0003909;CHEMONTID:0000324,Organic compounds;Lipids and lipid-like molecules;Fatty Acyls;Fatty acid esters
4141,Carbonyl compounds,0.84,CHEMONTID:0001831,4,CHEMONTID:0000323,CHEMONTID:0000000;CHEMONTID:0004603;CHEMONTID:0000323;CHEMONTID:0001831,Organic compounds;Organic oxygen compounds;Organooxygen compounds;Carbonyl compounds
250,Carbonyl compounds,0.84,CHEMONTID:0001831,4,CHEMONTID:0000323,CHEMONTID:0000000;CHEMONTID:0004603;CHEMONTID:0000323;CHEMONTID:0001831,Organic compounds;Organic oxygen compounds;Organooxygen compounds;Carbonyl compounds
5015,Carbonyl compounds,0.95,CHEMONTID:0001831,4,CHEMONTID:0000323,CHEMONTID:0000000;CHEMONTID:0004603;CHEMONTID:0000323;CHEMONTID:0001831,Organic compounds;Organic oxygen compounds;Organooxygen compounds;Carbonyl compounds
16899,Carbonyl compounds,0.92,CHEMONTID:0001831,4,CHEMONTID:0000323,CHEMONTID:0000000;CHEMONTID:0004603;CHEMONTID:0000323;CHEMONTID:0001831,Organic compounds;Organic oxygen compounds;Organooxygen compounds;Carbonyl compounds
20497,Imidazoles,0.96,CHEMONTID:0000078,4,CHEMONTID:0000436,CHEMONTID:0000000;CHEMONTID:0000002;CHEMONTID:0000436;CHEMONTID:0000078,Organic compounds;Organoheterocyclic compounds;Azoles;Imidazoles
3931,Carboximidamides,0.93,CHEMONTID:0003152,4,CHEMONTID:0000278,CHEMONTID:0000000;CHEMONTID:0004707;CHEMONTID:0000278;CHEMONTID:0003152,Organic compounds;Organic nitrogen compounds;Organonitrogen compounds;Carboximidamides
20374,Amines,0.97,CHEMONTID:0002449,4,CHEMONTID:0000278,CHEMONTID:0000000;CHEMONTID:0004707;CHEMONTID:0000278;CHEMONTID:0002449,Organic compounds;Organic nitrogen compounds;Organonitrogen compounds;Amines
10463,Carbonyl compounds,0.94,CHEMONTID:0001831,4,CHEMONTID:0000323,CHEMONTID:0000000;CHEMONTID:0004603;CHEMONTID:0000323;CHEMONTID:0001831,Organic compounds;Organic oxygen compounds;Organooxygen compounds;Carbonyl compounds
19595,Amines,0.95,CHEMONTID:0002449,4,CHEMONTID:0000278,CHEMONTID:0000000;CHEMONTID:0004707;CHEMONTID:0000278;CHEMONTID:0002449,Organic compounds;Organic nitrogen compounds;Organonitrogen compounds;Amines
8576,Carboxylic acid derivatives,0.97,CHEMONTID:0001093,4,CHEMONTID:0000265,CHEMONTID:0000000;CHEMONTID:0000264;CHEMONTID:0000265;CHEMONTID:0001093,Organic compounds;Organic acids and derivatives;Carboxylic acids and derivatives;Carboxylic acid derivatives
6391,Amines,0.98,CHEMONTID:0002449,4,CHEMONTID:0000278,CHEMONTID:0000000;CHEMONTID:0004707;CHEMONTID:0000278;CHEMONTID:0002449,Organic compounds;Organic nitrogen compounds;Organonitrogen compounds;Amines
10703,Carbonyl compounds,0.96,CHEMONTID:0001831,4,CHEMONTID:0000323,CHEMONTID:0000000;CHEMONTID:0004603;CHEMONTID:0000323;CHEMONTID:0001831,Organic compounds;Organic oxygen compounds;Organooxygen compounds;Carbonyl compounds
18752,"Amino acids, peptides, and analogues",0.83,CHEMONTID:0000013,4,CHEMONTID:0000265,CHEMONTID:0000000;CHEMONTID:0000264;CHEMONTID:0000265;CHEMONTID:0000013,"Organic compounds;Organic acids and derivatives;Carboxylic acids and derivatives;Amino acids, peptides, and analogues"
8041,Carbonyl compounds,0.83,CHEMONTID:0001831,4,CHEMONTID:0000323,CHEMONTID:0000000;CHEMONTID:0004603;CHEMONTID:0000323;CHEMONTID:0001831,Organic compounds;Organic oxygen compounds;Organooxygen compounds;Carbonyl compounds
13214,Carbonyl compounds,0.96,CHEMONTID:0001831,4,CHEMONTID:0000323,CHEMONTID:0000000;CHEMONTID:0004603;CHEMONTID:0000323;CHEMONTID:0001831,Organic compounds;Organic oxygen compounds;Organooxygen compounds;Carbonyl compounds
13676,Carbonyl compounds,0.98,CHEMONTID:0001831,4,CHEMONTID:0000323,CHEMONTID:0000000;CHEMONTID:0004603;CHEMONTID:0000323;CHEMONTID:0001831,Organic compounds;Organic oxygen compounds;Organooxygen compounds;Carbonyl compounds
7816,"Amino acids, peptides, and analogues",0.92,CHEMONTID:0000013,4,CHEMONTID:0000265,CHEMONTID:0000000;CHEMONTID:0000264;CHEMONTID:0000265;CHEMONTID:0000013,"Organic compounds;Organic acids and derivatives;Carboxylic acids and derivatives;Amino acids, peptides, and analogues"
14234,Carboxylic acid derivatives,0.93,CHEMONTID:0001093,4,CHEMONTID:0000265,CHEMONTID:0000000;CHEMONTID:0000264;CHEMONTID:0000265;CHEMONTID:0001093,Organic compounds;Organic acids and derivatives;Carboxylic acids and derivatives;Carboxylic acid derivatives
13738,Carbonyl compounds,0.9,CHEMONTID:0001831,4,CHEMONTID:0000323,CHEMONTID:0000000;CHEMONTID:0004603;CHEMONTID:0000323;CHEMONTID:0001831,Organic compounds;Organic oxygen compounds;Organooxygen compounds;Carbonyl compounds
17963,Carbonyl compounds,0.97,CHEMONTID:0001831,4,CHEMONTID:0000323,CHEMONTID:0000000;CHEMONTID:0004603;CHEMONTID:0000323;CHEMONTID:0001831,Organic compounds;Organic oxygen compounds;Organooxygen compounds;Carbonyl compounds
9165,Dialkyl ethers,0.85,CHEMONTID:0001167,5,CHEMONTID:0000254,CHEMONTID:0000000;CHEMONTID:0004603;CHEMONTID:0000323;CHEMONTID:0000254;CHEMONTID:0001167,Organic compounds;Organic oxygen compounds;Organooxygen compounds;Ethers;Dialkyl ethers
6849,Carbonyl compounds,0.91,CHEMONTID:0001831,4,CHEMONTID:0000323,CHEMONTID:0000000;CHEMONTID:0004603;CHEMONTID:0000323;CHEMONTID:0001831,Organic compounds;Organic oxygen compounds;Organooxygen compounds;Carbonyl compounds
9282,Carboxylic acid derivatives,0.89,CHEMONTID:0001093,4,CHEMONTID:0000265,CHEMONTID:0000000;CHEMONTID:0000264;CHEMONTID:0000265;CHEMONTID:0001093,Organic compounds;Organic acids and derivatives;Carboxylic acids and derivatives;Carboxylic acid derivatives
12819,Carbonyl compounds,0.88,CHEMONTID:0001831,4,CHEMONTID:0000323,CHEMONTID:0000000;CHEMONTID:0004603;CHEMONTID:0000323;CHEMONTID:0001831,Organic compounds;Organic oxygen compounds;Organooxygen compounds;Carbonyl compounds
11447,Amines,0.95,CHEMONTID:0002449,4,CHEMONTID:0000278,CHEMONTID:0000000;CHEMONTID:0004707;CHEMONTID:0000278;CHEMONTID:0002449,Organic compounds;Organic nitrogen compounds;Organonitrogen compounds;Amines
9623,Carbonyl compounds,0.86,CHEMONTID:0001831,4,CHEMONTID:0000323,CHEMONTID:0000000;CHEMONTID:0004603;CHEMONTID:0000323;CHEMONTID:0001831,Organic compounds;Organic oxygen compounds;Organooxygen compounds;Carbonyl compounds
6299,Amines,0.93,CHEMONTID:0002449,4,CHEMONTID:0000278,CHEMONTID:0000000;CHEMONTID:0004707;CHEMONTID:0000278;CHEMONTID:0002449,Organic compounds;Organic nitrogen compounds;Organonitrogen compounds;Amines
16943,Amines,0.92,CHEMONTID:0002449,4,CHEMONTID:0000278,CHEMONTID:0000000;CHEMONTID:0004707;CHEMONTID:0000278;CHEMONTID:0002449,Organic compounds;Organic nitrogen compounds;Organonitrogen compounds;Amines
6594,Carbonyl compounds,0.93,CHEMONTID:0001831,4,CHEMONTID:0000323,CHEMONTID:0000000;CHEMONTID:0004603;CHEMONTID:0000323;CHEMONTID:0001831,Organic compounds;Organic oxygen compounds;Organooxygen compounds;Carbonyl compounds
4520,Carbonyl compounds,0.85,CHEMONTID:0001831,4,CHEMONTID:0000323,CHEMONTID:0000000;CHEMONTID:0004603;CHEMONTID:0000323;CHEMONTID:0001831,Organic compounds;Organic oxygen compounds;Organooxygen compounds;Carbonyl compounds
2292,Carboxylic acid derivatives,0.97,CHEMONTID:0001093,4,CHEMONTID:0000265,CHEMONTID:0000000;CHEMONTID:0000264;CHEMONTID:0000265;CHEMONTID:0001093,Organic compounds;Organic acids and derivatives;Carboxylic acids and derivatives;Carboxylic acid derivatives
15421,Carbonyl compounds,0.87,CHEMONTID:0001831,4,CHEMONTID:0000323,CHEMONTID:0000000;CHEMONTID:0004603;CHEMONTID:0000323;CHEMONTID:0001831,Organic compounds;Organic oxygen compounds;Organooxygen compounds;Carbonyl compounds
13182,Carboxylic acid derivatives,0.98,CHEMONTID:0001093,4,CHEMONTID:0000265,CHEMONTID:0000000;CHEMONTID:0000264;CHEMONTID:0000265;CHEMONTID:0001093,Organic compounds;Organic acids and derivatives;Carboxylic acids and derivatives;Carboxylic acid derivatives
9093,Alcohols and polyols,0.98,CHEMONTID:0000129,4,CHEMONTID:0000323,CHEMONTID:0000000;CHEMONTID:0004603;CHEMONTID:0000323;CHEMONTID:0000129,Organic compounds;Organic oxygen compounds;Organooxygen compounds;Alcohols and polyols
7456,Dialkyl ethers,0.99,CHEMONTID:0001167,5,CHEMONTID:0000254,CHEMONTID:0000000;CHEMONTID:0004603;CHEMONTID:0000323;CHEMONTID:0000254;CHEMONTID:0001167,Organic compounds;Organic oxygen compounds;Organooxygen compounds;Ethers;Dialkyl ethers
5333,Fatty amides,0.87,CHEMONTID:0000331,4,CHEMONTID:0003909,CHEMONTID:0000000;CHEMONTID:0000012;CHEMONTID:0003909;CHEMONTID:0000331,Organic compounds;Lipids and lipid-like molecules;Fatty Acyls;Fatty amides
16310,Amines,1,CHEMONTID:0002449,4,CHEMONTID:0000278,CHEMONTID:0000000;CHEMONTID:0004707;CHEMONTID:0000278;CHEMONTID:0002449,Organic compounds;Organic nitrogen compounds;Organonitrogen compounds;Amines
14793,Carboxylic acid derivatives,0.98,CHEMONTID:0001093,4,CHEMONTID:0000265,CHEMONTID:0000000;CHEMONTID:0000264;CHEMONTID:0000265;CHEMONTID:0001093,Organic compounds;Organic acids and derivatives;Carboxylic acids and derivatives;Carboxylic acid derivatives
6746,Carbonyl compounds,0.93,CHEMONTID:0001831,4,CHEMONTID:0000323,CHEMONTID:0000000;CHEMONTID:0004603;CHEMONTID:0000323;CHEMONTID:0001831,Organic compounds;Organic oxygen compounds;Organooxygen compounds;Carbonyl compounds
19337,Alcohols and polyols,0.93,CHEMONTID:0000129,4,CHEMONTID:0000323,CHEMONTID:0000000;CHEMONTID:0004603;CHEMONTID:0000323;CHEMONTID:0000129,Organic compounds;Organic oxygen compounds;Organooxygen compounds;Alcohols and polyols
4723,Carbonyl compounds,0.97,CHEMONTID:0001831,4,CHEMONTID:0000323,CHEMONTID:0000000;CHEMONTID:0004603;CHEMONTID:0000323;CHEMONTID:0001831,Organic compounds;Organic oxygen compounds;Organooxygen compounds;Carbonyl compounds
16307,Alcohols and polyols,0.87,CHEMONTID:0000129,4,CHEMONTID:0000323,CHEMONTID:0000000;CHEMONTID:0004603;CHEMONTID:0000323;CHEMONTID:0000129,Organic compounds;Organic oxygen compounds;Organooxygen compounds;Alcohols and polyols
2256,Organic peroxides,0.8,CHEMONTID:0000414,4,CHEMONTID:0003940,CHEMONTID:0000000;CHEMONTID:0004603;CHEMONTID:0003940;CHEMONTID:0000414,Organic compounds;Organic oxygen compounds;Organic oxides;Organic peroxides
4568,Alkyl phosphates,1,CHEMONTID:0003457,5,CHEMONTID:0000408,CHEMONTID:0000000;CHEMONTID:0000264;CHEMONTID:0000402;CHEMONTID:0000408;CHEMONTID:0003457,Organic compounds;Organic acids and derivatives;Organic phosphoric acids and derivatives;Phosphate esters;Alkyl phosphates
7663,Carbonyl compounds,0.88,CHEMONTID:0001831,4,CHEMONTID:0000323,CHEMONTID:0000000;CHEMONTID:0004603;CHEMONTID:0000323;CHEMONTID:0001831,Organic compounds;Organic oxygen compounds;Organooxygen compounds;Carbonyl compounds
14217,Carbonyl compounds,0.98,CHEMONTID:0001831,4,CHEMONTID:0000323,CHEMONTID:0000000;CHEMONTID:0004603;CHEMONTID:0000323;CHEMONTID:0001831,Organic compounds;Organic oxygen compounds;Organooxygen compounds;Carbonyl compounds
12179,Dialkyl ethers,0.97,CHEMONTID:0001167,5,CHEMONTID:0000254,CHEMONTID:0000000;CHEMONTID:0004603;CHEMONTID:0000323;CHEMONTID:0000254;CHEMONTID:0001167,Organic compounds;Organic oxygen compounds;Organooxygen compounds;Ethers;Dialkyl ethers
17333,Carbonyl compounds,0.98,CHEMONTID:0001831,4,CHEMONTID:0000323,CHEMONTID:0000000;CHEMONTID:0004603;CHEMONTID:0000323;CHEMONTID:0001831,Organic compounds;Organic oxygen compounds;Organooxygen compounds;Carbonyl compounds
16655,Dialkyl ethers,0.96,CHEMONTID:0001167,5,CHEMONTID:0000254,CHEMONTID:0000000;CHEMONTID:0004603;CHEMONTID:0000323;CHEMONTID:0000254;CHEMONTID:0001167,Organic compounds;Organic oxygen compounds;Organooxygen compounds;Ethers;Dialkyl ethers
1282,Primary amines,0.85,CHEMONTID:0002450,5,CHEMONTID:0002449,CHEMONTID:0000000;CHEMONTID:0004707;CHEMONTID:0000278;CHEMONTID:0002449;CHEMONTID:0002450,Organic compounds;Organic nitrogen compounds;Organonitrogen compounds;Amines;Primary amines
14203,Fatty amides,0.96,CHEMONTID:0000331,4,CHEMONTID:0003909,CHEMONTID:0000000;CHEMONTID:0000012;CHEMONTID:0003909;CHEMONTID:0000331,Organic compounds;Lipids and lipid-like molecules;Fatty Acyls;Fatty amides
9253,Amines,0.88,CHEMONTID:0002449,4,CHEMONTID:0000278,CHEMONTID:0000000;CHEMONTID:0004707;CHEMONTID:0000278;CHEMONTID:0002449,Organic compounds;Organic nitrogen compounds;Organonitrogen compounds;Amines
1093,Carbonyl compounds,0.94,CHEMONTID:0001831,4,CHEMONTID:0000323,CHEMONTID:0000000;CHEMONTID:0004603;CHEMONTID:0000323;CHEMONTID:0001831,Organic compounds;Organic oxygen compounds;Organooxygen compounds;Carbonyl compounds
5322,Secondary alcohols,0.81,CHEMONTID:0001661,5,CHEMONTID:0000129,CHEMONTID:0000000;CHEMONTID:0004603;CHEMONTID:0000323;CHEMONTID:0000129;CHEMONTID:0001661,Organic compounds;Organic oxygen compounds;Organooxygen compounds;Alcohols and polyols;Secondary alcohols
6909,Carbonyl compounds,0.94,CHEMONTID:0001831,4,CHEMONTID:0000323,CHEMONTID:0000000;CHEMONTID:0004603;CHEMONTID:0000323;CHEMONTID:0001831,Organic compounds;Organic oxygen compounds;Organooxygen compounds;Carbonyl compounds
16680,Dialkyl ethers,0.97,CHEMONTID:0001167,5,CHEMONTID:0000254,CHEMONTID:0000000;CHEMONTID:0004603;CHEMONTID:0000323;CHEMONTID:0000254;CHEMONTID:0001167,Organic compounds;Organic oxygen compounds;Organooxygen compounds;Ethers;Dialkyl ethers
20740,Carbonyl compounds,0.97,CHEMONTID:0001831,4,CHEMONTID:0000323,CHEMONTID:0000000;CHEMONTID:0004603;CHEMONTID:0000323;CHEMONTID:0001831,Organic compounds;Organic oxygen compounds;Organooxygen compounds;Carbonyl compounds
7447,Carbonyl compounds,0.83,CHEMONTID:0001831,4,CHEMONTID:0000323,CHEMONTID:0000000;CHEMONTID:0004603;CHEMONTID:0000323;CHEMONTID:0001831,Organic compounds;Organic oxygen compounds;Organooxygen compounds;Carbonyl compounds
5059,Carbonyl compounds,0.89,CHEMONTID:0001831,4,CHEMONTID:0000323,CHEMONTID:0000000;CHEMONTID:0004603;CHEMONTID:0000323;CHEMONTID:0001831,Organic compounds;Organic oxygen compounds;Organooxygen compounds;Carbonyl compounds
4009,1-benzopyrans,0.86,CHEMONTID:0003410,4,CHEMONTID:0000123,CHEMONTID:0000000;CHEMONTID:0000002;CHEMONTID:0000123;CHEMONTID:0003410,Organic compounds;Organoheterocyclic compounds;Benzopyrans;1-benzopyrans
1050,Carbonyl compounds,0.9,CHEMONTID:0001831,4,CHEMONTID:0000323,CHEMONTID:0000000;CHEMONTID:0004603;CHEMONTID:0000323;CHEMONTID:0001831,Organic compounds;Organic oxygen compounds;Organooxygen compounds;Carbonyl compounds
9237,Carbonyl compounds,0.83,CHEMONTID:0001831,4,CHEMONTID:0000323,CHEMONTID:0000000;CHEMONTID:0004603;CHEMONTID:0000323;CHEMONTID:0001831,Organic compounds;Organic oxygen compounds;Organooxygen compounds;Carbonyl compounds
15099,"1,2-diacylglycerols",0.97,CHEMONTID:0001644,6,CHEMONTID:0001129,CHEMONTID:0000000;CHEMONTID:0000012;CHEMONTID:0000175;CHEMONTID:0003809;CHEMONTID:0001129;CHEMONTID:0001644,"Organic compounds;Lipids and lipid-like molecules;Glycerolipids;Diradylglycerols;Diacylglycerols;1,2-diacylglycerols"
4454,Carbonyl compounds,0.93,CHEMONTID:0001831,4,CHEMONTID:0000323,CHEMONTID:0000000;CHEMONTID:0004603;CHEMONTID:0000323;CHEMONTID:0001831,Organic compounds;Organic oxygen compounds;Organooxygen compounds;Carbonyl compounds
11836,Carbonyl compounds,0.87,CHEMONTID:0001831,4,CHEMONTID:0000323,CHEMONTID:0000000;CHEMONTID:0004603;CHEMONTID:0000323;CHEMONTID:0001831,Organic compounds;Organic oxygen compounds;Organooxygen compounds;Carbonyl compounds
11948,Organic phosphoramides,0.85,CHEMONTID:0001204,4,CHEMONTID:0000402,CHEMONTID:0000000;CHEMONTID:0000264;CHEMONTID:0000402;CHEMONTID:0001204,Organic compounds;Organic acids and derivatives;Organic phosphoric acids and derivatives;Organic phosphoramides
5732,Carbohydrates and carbohydrate conjugates,1,CHEMONTID:0000011,4,CHEMONTID:0000323,CHEMONTID:0000000;CHEMONTID:0004603;CHEMONTID:0000323;CHEMONTID:0000011,Organic compounds;Organic oxygen compounds;Organooxygen compounds;Carbohydrates and carbohydrate conjugates
14170,Carbonyl compounds,0.99,CHEMONTID:0001831,4,CHEMONTID:0000323,CHEMONTID:0000000;CHEMONTID:0004603;CHEMONTID:0000323;CHEMONTID:0001831,Organic compounds;Organic oxygen compounds;Organooxygen compounds;Carbonyl compounds
16549,Carboxylic acid derivatives,0.81,CHEMONTID:0001093,4,CHEMONTID:0000265,CHEMONTID:0000000;CHEMONTID:0000264;CHEMONTID:0000265;CHEMONTID:0001093,Organic compounds;Organic acids and derivatives;Carboxylic acids and derivatives;Carboxylic acid derivatives
14627,Carbonyl compounds,0.91,CHEMONTID:0001831,4,CHEMONTID:0000323,CHEMONTID:0000000;CHEMONTID:0004603;CHEMONTID:0000323;CHEMONTID:0001831,Organic compounds;Organic oxygen compounds;Organooxygen compounds;Carbonyl compounds
15217,Amines,0.95,CHEMONTID:0002449,4,CHEMONTID:0000278,CHEMONTID:0000000;CHEMONTID:0004707;CHEMONTID:0000278;CHEMONTID:0002449,Organic compounds;Organic nitrogen compounds;Organonitrogen compounds;Amines
4531,Alcohols and polyols,0.99,CHEMONTID:0000129,4,CHEMONTID:0000323,CHEMONTID:0000000;CHEMONTID:0004603;CHEMONTID:0000323;CHEMONTID:0000129,Organic compounds;Organic oxygen compounds;Organooxygen compounds;Alcohols and polyols
6585,Carbonyl compounds,0.9,CHEMONTID:0001831,4,CHEMONTID:0000323,CHEMONTID:0000000;CHEMONTID:0004603;CHEMONTID:0000323;CHEMONTID:0001831,Organic compounds;Organic oxygen compounds;Organooxygen compounds;Carbonyl compounds
18860,Carboxylic acid derivatives,0.99,CHEMONTID:0001093,4,CHEMONTID:0000265,CHEMONTID:0000000;CHEMONTID:0000264;CHEMONTID:0000265;CHEMONTID:0001093,Organic compounds;Organic acids and derivatives;Carboxylic acids and derivatives;Carboxylic acid derivatives
9082,Carbonyl compounds,0.9,CHEMONTID:0001831,4,CHEMONTID:0000323,CHEMONTID:0000000;CHEMONTID:0004603;CHEMONTID:0000323;CHEMONTID:0001831,Organic compounds;Organic oxygen compounds;Organooxygen compounds;Carbonyl compounds
11690,Amines,0.82,CHEMONTID:0002449,4,CHEMONTID:0000278,CHEMONTID:0000000;CHEMONTID:0004707;CHEMONTID:0000278;CHEMONTID:0002449,Organic compounds;Organic nitrogen compounds;Organonitrogen compounds;Amines
5121,Primary amines,0.98,CHEMONTID:0002450,5,CHEMONTID:0002449,CHEMONTID:0000000;CHEMONTID:0004707;CHEMONTID:0000278;CHEMONTID:0002449;CHEMONTID:0002450,Organic compounds;Organic nitrogen compounds;Organonitrogen compounds;Amines;Primary amines
10588,Carbonyl compounds,0.93,CHEMONTID:0001831,4,CHEMONTID:0000323,CHEMONTID:0000000;CHEMONTID:0004603;CHEMONTID:0000323;CHEMONTID:0001831,Organic compounds;Organic oxygen compounds;Organooxygen compounds;Carbonyl compounds
4755,Carbohydrates and carbohydrate conjugates,1,CHEMONTID:0000011,4,CHEMONTID:0000323,CHEMONTID:0000000;CHEMONTID:0004603;CHEMONTID:0000323;CHEMONTID:0000011,Organic compounds;Organic oxygen compounds;Organooxygen compounds;Carbohydrates and carbohydrate conjugates
2091,Carbonyl compounds,0.92,CHEMONTID:0001831,4,CHEMONTID:0000323,CHEMONTID:0000000;CHEMONTID:0004603;CHEMONTID:0000323;CHEMONTID:0001831,Organic compounds;Organic oxygen compounds;Organooxygen compounds;Carbonyl compounds
7191,Glycosyl compounds,1,CHEMONTID:0002105,5,CHEMONTID:0000011,CHEMONTID:0000000;CHEMONTID:0004603;CHEMONTID:0000323;CHEMONTID:0000011;CHEMONTID:0002105,Organic compounds;Organic oxygen compounds;Organooxygen compounds;Carbohydrates and carbohydrate conjugates;Glycosyl compounds
9174,Primary amines,0.86,CHEMONTID:0002450,5,CHEMONTID:0002449,CHEMONTID:0000000;CHEMONTID:0004707;CHEMONTID:0000278;CHEMONTID:0002449;CHEMONTID:0002450,Organic compounds;Organic nitrogen compounds;Organonitrogen compounds;Amines;Primary amines
13177,Fatty acids and conjugates,0.92,CHEMONTID:0000262,4,CHEMONTID:0003909,CHEMONTID:0000000;CHEMONTID:0000012;CHEMONTID:0003909;CHEMONTID:0000262,Organic compounds;Lipids and lipid-like molecules;Fatty Acyls;Fatty acids and conjugates
10170,Alcohols and polyols,0.91,CHEMONTID:0000129,4,CHEMONTID:0000323,CHEMONTID:0000000;CHEMONTID:0004603;CHEMONTID:0000323;CHEMONTID:0000129,Organic compounds;Organic oxygen compounds;Organooxygen compounds;Alcohols and polyols
8547,Carbonyl compounds,0.99,CHEMONTID:0001831,4,CHEMONTID:0000323,CHEMONTID:0000000;CHEMONTID:0004603;CHEMONTID:0000323;CHEMONTID:0001831,Organic compounds;Organic oxygen compounds;Organooxygen compounds;Carbonyl compounds
387,Amines,0.95,CHEMONTID:0002449,4,CHEMONTID:0000278,CHEMONTID:0000000;CHEMONTID:0004707;CHEMONTID:0000278;CHEMONTID:0002449,Organic compounds;Organic nitrogen compounds;Organonitrogen compounds;Amines
1685,Carbonyl compounds,0.93,CHEMONTID:0001831,4,CHEMONTID:0000323,CHEMONTID:0000000;CHEMONTID:0004603;CHEMONTID:0000323;CHEMONTID:0001831,Organic compounds;Organic oxygen compounds;Organooxygen compounds;Carbonyl compounds
20104,Alcohols and polyols,0.96,CHEMONTID:0000129,4,CHEMONTID:0000323,CHEMONTID:0000000;CHEMONTID:0004603;CHEMONTID:0000323;CHEMONTID:0000129,Organic compounds;Organic oxygen compounds;Organooxygen compounds;Alcohols and polyols
7289,Carboxylic acid derivatives,0.86,CHEMONTID:0001093,4,CHEMONTID:0000265,CHEMONTID:0000000;CHEMONTID:0000264;CHEMONTID:0000265;CHEMONTID:0001093,Organic compounds;Organic acids and derivatives;Carboxylic acids and derivatives;Carboxylic acid derivatives
4666,Primary amines,0.99,CHEMONTID:0002450,5,CHEMONTID:0002449,CHEMONTID:0000000;CHEMONTID:0004707;CHEMONTID:0000278;CHEMONTID:0002449;CHEMONTID:0002450,Organic compounds;Organic nitrogen compounds;Organonitrogen compounds;Amines;Primary amines
10411,Amines,0.93,CHEMONTID:0002449,4,CHEMONTID:0000278,CHEMONTID:0000000;CHEMONTID:0004707;CHEMONTID:0000278;CHEMONTID:0002449,Organic compounds;Organic nitrogen compounds;Organonitrogen compounds;Amines
10119,Alcohols and polyols,0.83,CHEMONTID:0000129,4,CHEMONTID:0000323,CHEMONTID:0000000;CHEMONTID:0004603;CHEMONTID:0000323;CHEMONTID:0000129,Organic compounds;Organic oxygen compounds;Organooxygen compounds;Alcohols and polyols
13999,Carboxylic acid derivatives,0.93,CHEMONTID:0001093,4,CHEMONTID:0000265,CHEMONTID:0000000;CHEMONTID:0000264;CHEMONTID:0000265;CHEMONTID:0001093,Organic compounds;Organic acids and derivatives;Carboxylic acids and derivatives;Carboxylic acid derivatives
1086,Carbonyl compounds,0.8,CHEMONTID:0001831,4,CHEMONTID:0000323,CHEMONTID:0000000;CHEMONTID:0004603;CHEMONTID:0000323;CHEMONTID:0001831,Organic compounds;Organic oxygen compounds;Organooxygen compounds;Carbonyl compounds
4136,Carboxylic acid derivatives,0.86,CHEMONTID:0001093,4,CHEMONTID:0000265,CHEMONTID:0000000;CHEMONTID:0000264;CHEMONTID:0000265;CHEMONTID:0001093,Organic compounds;Organic acids and derivatives;Carboxylic acids and derivatives;Carboxylic acid derivatives
11581,Carbonyl compounds,0.9,CHEMONTID:0001831,4,CHEMONTID:0000323,CHEMONTID:0000000;CHEMONTID:0004603;CHEMONTID:0000323;CHEMONTID:0001831,Organic compounds;Organic oxygen compounds;Organooxygen compounds;Carbonyl compounds
18523,Carbonyl compounds,0.89,CHEMONTID:0001831,4,CHEMONTID:0000323,CHEMONTID:0000000;CHEMONTID:0004603;CHEMONTID:0000323;CHEMONTID:0001831,Organic compounds;Organic oxygen compounds;Organooxygen compounds;Carbonyl compounds
19624,Carboxylic acid derivatives,0.87,CHEMONTID:0001093,4,CHEMONTID:0000265,CHEMONTID:0000000;CHEMONTID:0000264;CHEMONTID:0000265;CHEMONTID:0001093,Organic compounds;Organic acids and derivatives;Carboxylic acids and derivatives;Carboxylic acid derivatives
12821,Amines,0.93,CHEMONTID:0002449,4,CHEMONTID:0000278,CHEMONTID:0000000;CHEMONTID:0004707;CHEMONTID:0000278;CHEMONTID:0002449,Organic compounds;Organic nitrogen compounds;Organonitrogen compounds;Amines
4150,Dicarboxylic acids and derivatives,0.86,CHEMONTID:0000346,4,CHEMONTID:0000265,CHEMONTID:0000000;CHEMONTID:0000264;CHEMONTID:0000265;CHEMONTID:0000346,Organic compounds;Organic acids and derivatives;Carboxylic acids and derivatives;Dicarboxylic acids and derivatives
10717,Dialkyl ethers,0.99,CHEMONTID:0001167,5,CHEMONTID:0000254,CHEMONTID:0000000;CHEMONTID:0004603;CHEMONTID:0000323;CHEMONTID:0000254;CHEMONTID:0001167,Organic compounds;Organic oxygen compounds;Organooxygen compounds;Ethers;Dialkyl ethers
20360,Monoalkylamines,1,CHEMONTID:0000469,6,CHEMONTID:0002450,CHEMONTID:0000000;CHEMONTID:0004707;CHEMONTID:0000278;CHEMONTID:0002449;CHEMONTID:0002450;CHEMONTID:0000469,Organic compounds;Organic nitrogen compounds;Organonitrogen compounds;Amines;Primary amines;Monoalkylamines
7753,Alcohols and polyols,0.96,CHEMONTID:0000129,4,CHEMONTID:0000323,CHEMONTID:0000000;CHEMONTID:0004603;CHEMONTID:0000323;CHEMONTID:0000129,Organic compounds;Organic oxygen compounds;Organooxygen compounds;Alcohols and polyols
7590,Imidazoles,0.8,CHEMONTID:0000078,4,CHEMONTID:0000436,CHEMONTID:0000000;CHEMONTID:0000002;CHEMONTID:0000436;CHEMONTID:0000078,Organic compounds;Organoheterocyclic compounds;Azoles;Imidazoles
3449,Alkyl phosphates,1,CHEMONTID:0003457,5,CHEMONTID:0000408,CHEMONTID:0000000;CHEMONTID:0000264;CHEMONTID:0000402;CHEMONTID:0000408;CHEMONTID:0003457,Organic compounds;Organic acids and derivatives;Organic phosphoric acids and derivatives;Phosphate esters;Alkyl phosphates
2449,Primary amines,0.98,CHEMONTID:0002450,5,CHEMONTID:0002449,CHEMONTID:0000000;CHEMONTID:0004707;CHEMONTID:0000278;CHEMONTID:0002449;CHEMONTID:0002450,Organic compounds;Organic nitrogen compounds;Organonitrogen compounds;Amines;Primary amines
3864,Carboxylic acid derivatives,0.89,CHEMONTID:0001093,4,CHEMONTID:0000265,CHEMONTID:0000000;CHEMONTID:0000264;CHEMONTID:0000265;CHEMONTID:0001093,Organic compounds;Organic acids and derivatives;Carboxylic acids and derivatives;Carboxylic acid derivatives
20003,Monoalkylamines,0.81,CHEMONTID:0000469,6,CHEMONTID:0002450,CHEMONTID:0000000;CHEMONTID:0004707;CHEMONTID:0000278;CHEMONTID:0002449;CHEMONTID:0002450;CHEMONTID:0000469,Organic compounds;Organic nitrogen compounds;Organonitrogen compounds;Amines;Primary amines;Monoalkylamines
14873,Amines,0.89,CHEMONTID:0002449,4,CHEMONTID:0000278,CHEMONTID:0000000;CHEMONTID:0004707;CHEMONTID:0000278;CHEMONTID:0002449,Organic compounds;Organic nitrogen compounds;Organonitrogen compounds;Amines
11375,Amines,0.99,CHEMONTID:0002449,4,CHEMONTID:0000278,CHEMONTID:0000000;CHEMONTID:0004707;CHEMONTID:0000278;CHEMONTID:0002449,Organic compounds;Organic nitrogen compounds;Organonitrogen compounds;Amines
20332,Carboxylic acid derivatives,0.98,CHEMONTID:0001093,4,CHEMONTID:0000265,CHEMONTID:0000000;CHEMONTID:0000264;CHEMONTID:0000265;CHEMONTID:0001093,Organic compounds;Organic acids and derivatives;Carboxylic acids and derivatives;Carboxylic acid derivatives
11909,Ethers,0.99,CHEMONTID:0000254,4,CHEMONTID:0000323,CHEMONTID:0000000;CHEMONTID:0004603;CHEMONTID:0000323;CHEMONTID:0000254,Organic compounds;Organic oxygen compounds;Organooxygen compounds;Ethers
5165,Carbonyl compounds,1,CHEMONTID:0001831,4,CHEMONTID:0000323,CHEMONTID:0000000;CHEMONTID:0004603;CHEMONTID:0000323;CHEMONTID:0001831,Organic compounds;Organic oxygen compounds;Organooxygen compounds;Carbonyl compounds
5224,Monosaccharide phosphates,1,CHEMONTID:0001541,6,CHEMONTID:0001540,CHEMONTID:0000000;CHEMONTID:0004603;CHEMONTID:0000323;CHEMONTID:0000011;CHEMONTID:0001540;CHEMONTID:0001541,Organic compounds;Organic oxygen compounds;Organooxygen compounds;Carbohydrates and carbohydrate conjugates;Monosaccharides;Monosaccharide phosphates
10303,Carbonyl compounds,1,CHEMONTID:0001831,4,CHEMONTID:0000323,CHEMONTID:0000000;CHEMONTID:0004603;CHEMONTID:0000323;CHEMONTID:0001831,Organic compounds;Organic oxygen compounds;Organooxygen compounds;Carbonyl compounds
8744,Carbonyl compounds,0.94,CHEMONTID:0001831,4,CHEMONTID:0000323,CHEMONTID:0000000;CHEMONTID:0004603;CHEMONTID:0000323;CHEMONTID:0001831,Organic compounds;Organic oxygen compounds;Organooxygen compounds;Carbonyl compounds
4189,Pyrrolidinecarboxamides,1,CHEMONTID:0002256,5,CHEMONTID:0001903,CHEMONTID:0000000;CHEMONTID:0000002;CHEMONTID:0000218;CHEMONTID:0001903;CHEMONTID:0002256,Organic compounds;Organoheterocyclic compounds;Pyrrolidines;Pyrrolidine carboxylic acids and derivatives;Pyrrolidinecarboxamides
6841,Carbonyl compounds,0.98,CHEMONTID:0001831,4,CHEMONTID:0000323,CHEMONTID:0000000;CHEMONTID:0004603;CHEMONTID:0000323;CHEMONTID:0001831,Organic compounds;Organic oxygen compounds;Organooxygen compounds;Carbonyl compounds
19500,Primary amines,0.99,CHEMONTID:0002450,5,CHEMONTID:0002449,CHEMONTID:0000000;CHEMONTID:0004707;CHEMONTID:0000278;CHEMONTID:0002449;CHEMONTID:0002450,Organic compounds;Organic nitrogen compounds;Organonitrogen compounds;Amines;Primary amines
19380,6-aminopurines,1,CHEMONTID:0002987,5,CHEMONTID:0000245,CHEMONTID:0000000;CHEMONTID:0000002;CHEMONTID:0001797;CHEMONTID:0000245;CHEMONTID:0002987,Organic compounds;Organoheterocyclic compounds;Imidazopyrimidines;Purines and purine derivatives;6-aminopurines
19711,Carboxylic acid derivatives,0.99,CHEMONTID:0001093,4,CHEMONTID:0000265,CHEMONTID:0000000;CHEMONTID:0000264;CHEMONTID:0000265;CHEMONTID:0001093,Organic compounds;Organic acids and derivatives;Carboxylic acids and derivatives;Carboxylic acid derivatives
20696,Carbonyl compounds,0.96,CHEMONTID:0001831,4,CHEMONTID:0000323,CHEMONTID:0000000;CHEMONTID:0004603;CHEMONTID:0000323;CHEMONTID:0001831,Organic compounds;Organic oxygen compounds;Organooxygen compounds;Carbonyl compounds
500,Phenylpropanes,0.86,CHEMONTID:0002811,4,CHEMONTID:0002279,CHEMONTID:0000000;CHEMONTID:0002448;CHEMONTID:0002279;CHEMONTID:0002811,Organic compounds;Benzenoids;Benzene and substituted derivatives;Phenylpropanes
19672,"Amino acids, peptides, and analogues",0.99,CHEMONTID:0000013,4,CHEMONTID:0000265,CHEMONTID:0000000;CHEMONTID:0000264;CHEMONTID:0000265;CHEMONTID:0000013,"Organic compounds;Organic acids and derivatives;Carboxylic acids and derivatives;Amino acids, peptides, and analogues"
16289,Alkyl phosphates,0.99,CHEMONTID:0003457,5,CHEMONTID:0000408,CHEMONTID:0000000;CHEMONTID:0000264;CHEMONTID:0000402;CHEMONTID:0000408;CHEMONTID:0003457,Organic compounds;Organic acids and derivatives;Organic phosphoric acids and derivatives;Phosphate esters;Alkyl phosphates
5776,Ethers,0.88,CHEMONTID:0000254,4,CHEMONTID:0000323,CHEMONTID:0000000;CHEMONTID:0004603;CHEMONTID:0000323;CHEMONTID:0000254,Organic compounds;Organic oxygen compounds;Organooxygen compounds;Ethers
12136,Amines,0.85,CHEMONTID:0002449,4,CHEMONTID:0000278,CHEMONTID:0000000;CHEMONTID:0004707;CHEMONTID:0000278;CHEMONTID:0002449,Organic compounds;Organic nitrogen compounds;Organonitrogen compounds;Amines
12120,Monoalkylamines,1,CHEMONTID:0000469,6,CHEMONTID:0002450,CHEMONTID:0000000;CHEMONTID:0004707;CHEMONTID:0000278;CHEMONTID:0002449;CHEMONTID:0002450;CHEMONTID:0000469,Organic compounds;Organic nitrogen compounds;Organonitrogen compounds;Amines;Primary amines;Monoalkylamines
5512,Indoles,0.89,CHEMONTID:0002497,4,CHEMONTID:0000211,CHEMONTID:0000000;CHEMONTID:0000002;CHEMONTID:0000211;CHEMONTID:0002497,Organic compounds;Organoheterocyclic compounds;Indoles and derivatives;Indoles
7199,Monocarboxylic acids and derivatives,0.93,CHEMONTID:0001137,4,CHEMONTID:0000265,CHEMONTID:0000000;CHEMONTID:0000264;CHEMONTID:0000265;CHEMONTID:0001137,Organic compounds;Organic acids and derivatives;Carboxylic acids and derivatives;Monocarboxylic acids and derivatives
18816,Monoalkylamines,0.99,CHEMONTID:0000469,6,CHEMONTID:0002450,CHEMONTID:0000000;CHEMONTID:0004707;CHEMONTID:0000278;CHEMONTID:0002449;CHEMONTID:0002450;CHEMONTID:0000469,Organic compounds;Organic nitrogen compounds;Organonitrogen compounds;Amines;Primary amines;Monoalkylamines
18357,Dialkyl ethers,0.98,CHEMONTID:0001167,5,CHEMONTID:0000254,CHEMONTID:0000000;CHEMONTID:0004603;CHEMONTID:0000323;CHEMONTID:0000254;CHEMONTID:0001167,Organic compounds;Organic oxygen compounds;Organooxygen compounds;Ethers;Dialkyl ethers
18794,Primary alcohols,0.98,CHEMONTID:0000286,5,CHEMONTID:0000129,CHEMONTID:0000000;CHEMONTID:0004603;CHEMONTID:0000323;CHEMONTID:0000129;CHEMONTID:0000286,Organic compounds;Organic oxygen compounds;Organooxygen compounds;Alcohols and polyols;Primary alcohols
8391,Carbonyl compounds,0.95,CHEMONTID:0001831,4,CHEMONTID:0000323,CHEMONTID:0000000;CHEMONTID:0004603;CHEMONTID:0000323;CHEMONTID:0001831,Organic compounds;Organic oxygen compounds;Organooxygen compounds;Carbonyl compounds
11247,Carbonyl compounds,0.85,CHEMONTID:0001831,4,CHEMONTID:0000323,CHEMONTID:0000000;CHEMONTID:0004603;CHEMONTID:0000323;CHEMONTID:0001831,Organic compounds;Organic oxygen compounds;Organooxygen compounds;Carbonyl compounds
13330,Monocarboxylic acids and derivatives,0.85,CHEMONTID:0001137,4,CHEMONTID:0000265,CHEMONTID:0000000;CHEMONTID:0000264;CHEMONTID:0000265;CHEMONTID:0001137,Organic compounds;Organic acids and derivatives;Carboxylic acids and derivatives;Monocarboxylic acids and derivatives
20411,Carbonyl compounds,0.9,CHEMONTID:0001831,4,CHEMONTID:0000323,CHEMONTID:0000000;CHEMONTID:0004603;CHEMONTID:0000323;CHEMONTID:0001831,Organic compounds;Organic oxygen compounds;Organooxygen compounds;Carbonyl compounds
13121,Alcohols and polyols,0.97,CHEMONTID:0000129,4,CHEMONTID:0000323,CHEMONTID:0000000;CHEMONTID:0004603;CHEMONTID:0000323;CHEMONTID:0000129,Organic compounds;Organic oxygen compounds;Organooxygen compounds;Alcohols and polyols
17180,Monoalkylamines,0.93,CHEMONTID:0000469,6,CHEMONTID:0002450,CHEMONTID:0000000;CHEMONTID:0004707;CHEMONTID:0000278;CHEMONTID:0002449;CHEMONTID:0002450;CHEMONTID:0000469,Organic compounds;Organic nitrogen compounds;Organonitrogen compounds;Amines;Primary amines;Monoalkylamines
16077,Alcohols and polyols,0.87,CHEMONTID:0000129,4,CHEMONTID:0000323,CHEMONTID:0000000;CHEMONTID:0004603;CHEMONTID:0000323;CHEMONTID:0000129,Organic compounds;Organic oxygen compounds;Organooxygen compounds;Alcohols and polyols
5621,Monoalkylamines,0.99,CHEMONTID:0000469,6,CHEMONTID:0002450,CHEMONTID:0000000;CHEMONTID:0004707;CHEMONTID:0000278;CHEMONTID:0002449;CHEMONTID:0002450;CHEMONTID:0000469,Organic compounds;Organic nitrogen compounds;Organonitrogen compounds;Amines;Primary amines;Monoalkylamines
17114,Carboxylic acid derivatives,0.94,CHEMONTID:0001093,4,CHEMONTID:0000265,CHEMONTID:0000000;CHEMONTID:0000264;CHEMONTID:0000265;CHEMONTID:0001093,Organic compounds;Organic acids and derivatives;Carboxylic acids and derivatives;Carboxylic acid derivatives
17724,Phosphate esters,0.98,CHEMONTID:0000408,4,CHEMONTID:0000402,CHEMONTID:0000000;CHEMONTID:0000264;CHEMONTID:0000402;CHEMONTID:0000408,Organic compounds;Organic acids and derivatives;Organic phosphoric acids and derivatives;Phosphate esters
11057,Carboxylic acid derivatives,0.99,CHEMONTID:0001093,4,CHEMONTID:0000265,CHEMONTID:0000000;CHEMONTID:0000264;CHEMONTID:0000265;CHEMONTID:0001093,Organic compounds;Organic acids and derivatives;Carboxylic acids and derivatives;Carboxylic acid derivatives
8378,Carbonyl compounds,0.99,CHEMONTID:0001831,4,CHEMONTID:0000323,CHEMONTID:0000000;CHEMONTID:0004603;CHEMONTID:0000323;CHEMONTID:0001831,Organic compounds;Organic oxygen compounds;Organooxygen compounds;Carbonyl compounds
14780,Carbonyl compounds,0.96,CHEMONTID:0001831,4,CHEMONTID:0000323,CHEMONTID:0000000;CHEMONTID:0004603;CHEMONTID:0000323;CHEMONTID:0001831,Organic compounds;Organic oxygen compounds;Organooxygen compounds;Carbonyl compounds
19240,Carboxylic acid derivatives,0.93,CHEMONTID:0001093,4,CHEMONTID:0000265,CHEMONTID:0000000;CHEMONTID:0000264;CHEMONTID:0000265;CHEMONTID:0001093,Organic compounds;Organic acids and derivatives;Carboxylic acids and derivatives;Carboxylic acid derivatives
7285,Carbonyl compounds,0.89,CHEMONTID:0001831,4,CHEMONTID:0000323,CHEMONTID:0000000;CHEMONTID:0004603;CHEMONTID:0000323;CHEMONTID:0001831,Organic compounds;Organic oxygen compounds;Organooxygen compounds;Carbonyl compounds
6809,Carboxylic acid derivatives,0.91,CHEMONTID:0001093,4,CHEMONTID:0000265,CHEMONTID:0000000;CHEMONTID:0000264;CHEMONTID:0000265;CHEMONTID:0001093,Organic compounds;Organic acids and derivatives;Carboxylic acids and derivatives;Carboxylic acid derivatives
7911,Carbonyl compounds,1,CHEMONTID:0001831,4,CHEMONTID:0000323,CHEMONTID:0000000;CHEMONTID:0004603;CHEMONTID:0000323;CHEMONTID:0001831,Organic compounds;Organic oxygen compounds;Organooxygen compounds;Carbonyl compounds
9195,Alcohols and polyols,0.94,CHEMONTID:0000129,4,CHEMONTID:0000323,CHEMONTID:0000000;CHEMONTID:0004603;CHEMONTID:0000323;CHEMONTID:0000129,Organic compounds;Organic oxygen compounds;Organooxygen compounds;Alcohols and polyols
8797,Carbonyl compounds,0.91,CHEMONTID:0001831,4,CHEMONTID:0000323,CHEMONTID:0000000;CHEMONTID:0004603;CHEMONTID:0000323;CHEMONTID:0001831,Organic compounds;Organic oxygen compounds;Organooxygen compounds;Carbonyl compounds
19950,Carbonyl compounds,0.98,CHEMONTID:0001831,4,CHEMONTID:0000323,CHEMONTID:0000000;CHEMONTID:0004603;CHEMONTID:0000323;CHEMONTID:0001831,Organic compounds;Organic oxygen compounds;Organooxygen compounds;Carbonyl compounds
20344,Carbonyl compounds,0.95,CHEMONTID:0001831,4,CHEMONTID:0000323,CHEMONTID:0000000;CHEMONTID:0004603;CHEMONTID:0000323;CHEMONTID:0001831,Organic compounds;Organic oxygen compounds;Organooxygen compounds;Carbonyl compounds
16662,Carbonyl compounds,0.89,CHEMONTID:0001831,4,CHEMONTID:0000323,CHEMONTID:0000000;CHEMONTID:0004603;CHEMONTID:0000323;CHEMONTID:0001831,Organic compounds;Organic oxygen compounds;Organooxygen compounds;Carbonyl compounds
10061,Carbonyl compounds,0.9,CHEMONTID:0001831,4,CHEMONTID:0000323,CHEMONTID:0000000;CHEMONTID:0004603;CHEMONTID:0000323;CHEMONTID:0001831,Organic compounds;Organic oxygen compounds;Organooxygen compounds;Carbonyl compounds
10396,Amines,0.98,CHEMONTID:0002449,4,CHEMONTID:0000278,CHEMONTID:0000000;CHEMONTID:0004707;CHEMONTID:0000278;CHEMONTID:0002449,Organic compounds;Organic nitrogen compounds;Organonitrogen compounds;Amines
18086,Carbonyl compounds,0.82,CHEMONTID:0001831,4,CHEMONTID:0000323,CHEMONTID:0000000;CHEMONTID:0004603;CHEMONTID:0000323;CHEMONTID:0001831,Organic compounds;Organic oxygen compounds;Organooxygen compounds;Carbonyl compounds
17386,Carbonyl compounds,0.82,CHEMONTID:0001831,4,CHEMONTID:0000323,CHEMONTID:0000000;CHEMONTID:0004603;CHEMONTID:0000323;CHEMONTID:0001831,Organic compounds;Organic oxygen compounds;Organooxygen compounds;Carbonyl compounds
10076,Carbonyl compounds,0.91,CHEMONTID:0001831,4,CHEMONTID:0000323,CHEMONTID:0000000;CHEMONTID:0004603;CHEMONTID:0000323;CHEMONTID:0001831,Organic compounds;Organic oxygen compounds;Organooxygen compounds;Carbonyl compounds
15984,Amines,0.98,CHEMONTID:0002449,4,CHEMONTID:0000278,CHEMONTID:0000000;CHEMONTID:0004707;CHEMONTID:0000278;CHEMONTID:0002449,Organic compounds;Organic nitrogen compounds;Organonitrogen compounds;Amines
7360,Alcohols and polyols,0.93,CHEMONTID:0000129,4,CHEMONTID:0000323,CHEMONTID:0000000;CHEMONTID:0004603;CHEMONTID:0000323;CHEMONTID:0000129,Organic compounds;Organic oxygen compounds;Organooxygen compounds;Alcohols and polyols
3733,Primary amines,0.93,CHEMONTID:0002450,5,CHEMONTID:0002449,CHEMONTID:0000000;CHEMONTID:0004707;CHEMONTID:0000278;CHEMONTID:0002449;CHEMONTID:0002450,Organic compounds;Organic nitrogen compounds;Organonitrogen compounds;Amines;Primary amines
17912,Monoalkylamines,1,CHEMONTID:0000469,6,CHEMONTID:0002450,CHEMONTID:0000000;CHEMONTID:0004707;CHEMONTID:0000278;CHEMONTID:0002449;CHEMONTID:0002450;CHEMONTID:0000469,Organic compounds;Organic nitrogen compounds;Organonitrogen compounds;Amines;Primary amines;Monoalkylamines
17870,Imidazoles,0.92,CHEMONTID:0000078,4,CHEMONTID:0000436,CHEMONTID:0000000;CHEMONTID:0000002;CHEMONTID:0000436;CHEMONTID:0000078,Organic compounds;Organoheterocyclic compounds;Azoles;Imidazoles
16006,Dialkyl ethers,0.95,CHEMONTID:0001167,5,CHEMONTID:0000254,CHEMONTID:0000000;CHEMONTID:0004603;CHEMONTID:0000323;CHEMONTID:0000254;CHEMONTID:0001167,Organic compounds;Organic oxygen compounds;Organooxygen compounds;Ethers;Dialkyl ethers
18541,Amines,0.91,CHEMONTID:0002449,4,CHEMONTID:0000278,CHEMONTID:0000000;CHEMONTID:0004707;CHEMONTID:0000278;CHEMONTID:0002449,Organic compounds;Organic nitrogen compounds;Organonitrogen compounds;Amines
10294,Amines,0.95,CHEMONTID:0002449,4,CHEMONTID:0000278,CHEMONTID:0000000;CHEMONTID:0004707;CHEMONTID:0000278;CHEMONTID:0002449,Organic compounds;Organic nitrogen compounds;Organonitrogen compounds;Amines
3639,Guanidines,0.95,CHEMONTID:0000375,4,CHEMONTID:0000278,CHEMONTID:0000000;CHEMONTID:0004707;CHEMONTID:0000278;CHEMONTID:0000375,Organic compounds;Organic nitrogen compounds;Organonitrogen compounds;Guanidines
9670,Alcohols and polyols,0.83,CHEMONTID:0000129,4,CHEMONTID:0000323,CHEMONTID:0000000;CHEMONTID:0004603;CHEMONTID:0000323;CHEMONTID:0000129,Organic compounds;Organic oxygen compounds;Organooxygen compounds;Alcohols and polyols
15990,Glycosyl compounds,0.99,CHEMONTID:0002105,5,CHEMONTID:0000011,CHEMONTID:0000000;CHEMONTID:0004603;CHEMONTID:0000323;CHEMONTID:0000011;CHEMONTID:0002105,Organic compounds;Organic oxygen compounds;Organooxygen compounds;Carbohydrates and carbohydrate conjugates;Glycosyl compounds
18092,Carbonyl compounds,0.94,CHEMONTID:0001831,4,CHEMONTID:0000323,CHEMONTID:0000000;CHEMONTID:0004603;CHEMONTID:0000323;CHEMONTID:0001831,Organic compounds;Organic oxygen compounds;Organooxygen compounds;Carbonyl compounds
11428,Carbonyl compounds,0.99,CHEMONTID:0001831,4,CHEMONTID:0000323,CHEMONTID:0000000;CHEMONTID:0004603;CHEMONTID:0000323;CHEMONTID:0001831,Organic compounds;Organic oxygen compounds;Organooxygen compounds;Carbonyl compounds
7371,Alcohols and polyols,0.99,CHEMONTID:0000129,4,CHEMONTID:0000323,CHEMONTID:0000000;CHEMONTID:0004603;CHEMONTID:0000323;CHEMONTID:0000129,Organic compounds;Organic oxygen compounds;Organooxygen compounds;Alcohols and polyols
14844,Carbonyl compounds,0.95,CHEMONTID:0001831,4,CHEMONTID:0000323,CHEMONTID:0000000;CHEMONTID:0004603;CHEMONTID:0000323;CHEMONTID:0001831,Organic compounds;Organic oxygen compounds;Organooxygen compounds;Carbonyl compounds
5918,Carbonyl compounds,0.9,CHEMONTID:0001831,4,CHEMONTID:0000323,CHEMONTID:0000000;CHEMONTID:0004603;CHEMONTID:0000323;CHEMONTID:0001831,Organic compounds;Organic oxygen compounds;Organooxygen compounds;Carbonyl compounds
1330,Alcohols and polyols,0.87,CHEMONTID:0000129,4,CHEMONTID:0000323,CHEMONTID:0000000;CHEMONTID:0004603;CHEMONTID:0000323;CHEMONTID:0000129,Organic compounds;Organic oxygen compounds;Organooxygen compounds;Alcohols and polyols
11210,Carbonyl compounds,0.98,CHEMONTID:0001831,4,CHEMONTID:0000323,CHEMONTID:0000000;CHEMONTID:0004603;CHEMONTID:0000323;CHEMONTID:0001831,Organic compounds;Organic oxygen compounds;Organooxygen compounds;Carbonyl compounds
11196,Amines,0.97,CHEMONTID:0002449,4,CHEMONTID:0000278,CHEMONTID:0000000;CHEMONTID:0004707;CHEMONTID:0000278;CHEMONTID:0002449,Organic compounds;Organic nitrogen compounds;Organonitrogen compounds;Amines
19823,Monosaccharide phosphates,0.99,CHEMONTID:0001541,6,CHEMONTID:0001540,CHEMONTID:0000000;CHEMONTID:0004603;CHEMONTID:0000323;CHEMONTID:0000011;CHEMONTID:0001540;CHEMONTID:0001541,Organic compounds;Organic oxygen compounds;Organooxygen compounds;Carbohydrates and carbohydrate conjugates;Monosaccharides;Monosaccharide phosphates
386,Carbonyl compounds,0.96,CHEMONTID:0001831,4,CHEMONTID:0000323,CHEMONTID:0000000;CHEMONTID:0004603;CHEMONTID:0000323;CHEMONTID:0001831,Organic compounds;Organic oxygen compounds;Organooxygen compounds;Carbonyl compounds
7022,Monoalkylamines,0.99,CHEMONTID:0000469,6,CHEMONTID:0002450,CHEMONTID:0000000;CHEMONTID:0004707;CHEMONTID:0000278;CHEMONTID:0002449;CHEMONTID:0002450;CHEMONTID:0000469,Organic compounds;Organic nitrogen compounds;Organonitrogen compounds;Amines;Primary amines;Monoalkylamines
12678,Carbonyl compounds,0.98,CHEMONTID:0001831,4,CHEMONTID:0000323,CHEMONTID:0000000;CHEMONTID:0004603;CHEMONTID:0000323;CHEMONTID:0001831,Organic compounds;Organic oxygen compounds;Organooxygen compounds;Carbonyl compounds
8786,Monoalkylamines,0.91,CHEMONTID:0000469,6,CHEMONTID:0002450,CHEMONTID:0000000;CHEMONTID:0004707;CHEMONTID:0000278;CHEMONTID:0002449;CHEMONTID:0002450;CHEMONTID:0000469,Organic compounds;Organic nitrogen compounds;Organonitrogen compounds;Amines;Primary amines;Monoalkylamines
14541,Amines,0.96,CHEMONTID:0002449,4,CHEMONTID:0000278,CHEMONTID:0000000;CHEMONTID:0004707;CHEMONTID:0000278;CHEMONTID:0002449,Organic compounds;Organic nitrogen compounds;Organonitrogen compounds;Amines
16036,Alcohols and polyols,0.92,CHEMONTID:0000129,4,CHEMONTID:0000323,CHEMONTID:0000000;CHEMONTID:0004603;CHEMONTID:0000323;CHEMONTID:0000129,Organic compounds;Organic oxygen compounds;Organooxygen compounds;Alcohols and polyols
7294,Dialkyl ethers,0.95,CHEMONTID:0001167,5,CHEMONTID:0000254,CHEMONTID:0000000;CHEMONTID:0004603;CHEMONTID:0000323;CHEMONTID:0000254;CHEMONTID:0001167,Organic compounds;Organic oxygen compounds;Organooxygen compounds;Ethers;Dialkyl ethers
20405,Carbonyl compounds,0.99,CHEMONTID:0001831,4,CHEMONTID:0000323,CHEMONTID:0000000;CHEMONTID:0004603;CHEMONTID:0000323;CHEMONTID:0001831,Organic compounds;Organic oxygen compounds;Organooxygen compounds;Carbonyl compounds
17349,Alcohols and polyols,0.99,CHEMONTID:0000129,4,CHEMONTID:0000323,CHEMONTID:0000000;CHEMONTID:0004603;CHEMONTID:0000323;CHEMONTID:0000129,Organic compounds;Organic oxygen compounds;Organooxygen compounds;Alcohols and polyols
5051,Carbonyl compounds,0.81,CHEMONTID:0001831,4,CHEMONTID:0000323,CHEMONTID:0000000;CHEMONTID:0004603;CHEMONTID:0000323;CHEMONTID:0001831,Organic compounds;Organic oxygen compounds;Organooxygen compounds;Carbonyl compounds
10784,Phosphate esters,0.99,CHEMONTID:0000408,4,CHEMONTID:0000402,CHEMONTID:0000000;CHEMONTID:0000264;CHEMONTID:0000402;CHEMONTID:0000408,Organic compounds;Organic acids and derivatives;Organic phosphoric acids and derivatives;Phosphate esters
4969,Carbonyl compounds,0.93,CHEMONTID:0001831,4,CHEMONTID:0000323,CHEMONTID:0000000;CHEMONTID:0004603;CHEMONTID:0000323;CHEMONTID:0001831,Organic compounds;Organic oxygen compounds;Organooxygen compounds;Carbonyl compounds
15199,Amines,0.99,CHEMONTID:0002449,4,CHEMONTID:0000278,CHEMONTID:0000000;CHEMONTID:0004707;CHEMONTID:0000278;CHEMONTID:0002449,Organic compounds;Organic nitrogen compounds;Organonitrogen compounds;Amines
2073,Amines,0.99,CHEMONTID:0002449,4,CHEMONTID:0000278,CHEMONTID:0000000;CHEMONTID:0004707;CHEMONTID:0000278;CHEMONTID:0002449,Organic compounds;Organic nitrogen compounds;Organonitrogen compounds;Amines
10279,Alcohols and polyols,0.95,CHEMONTID:0000129,4,CHEMONTID:0000323,CHEMONTID:0000000;CHEMONTID:0004603;CHEMONTID:0000323;CHEMONTID:0000129,Organic compounds;Organic oxygen compounds;Organooxygen compounds;Alcohols and polyols
1535,Dialkyl ethers,0.98,CHEMONTID:0001167,5,CHEMONTID:0000254,CHEMONTID:0000000;CHEMONTID:0004603;CHEMONTID:0000323;CHEMONTID:0000254;CHEMONTID:0001167,Organic compounds;Organic oxygen compounds;Organooxygen compounds;Ethers;Dialkyl ethers
8806,Carbonyl compounds,1,CHEMONTID:0001831,4,CHEMONTID:0000323,CHEMONTID:0000000;CHEMONTID:0004603;CHEMONTID:0000323;CHEMONTID:0001831,Organic compounds;Organic oxygen compounds;Organooxygen compounds;Carbonyl compounds
17980,Carbonyl compounds,0.94,CHEMONTID:0001831,4,CHEMONTID:0000323,CHEMONTID:0000000;CHEMONTID:0004603;CHEMONTID:0000323;CHEMONTID:0001831,Organic compounds;Organic oxygen compounds;Organooxygen compounds;Carbonyl compounds
12310,Amino acids and derivatives,1,CHEMONTID:0000347,5,CHEMONTID:0000013,CHEMONTID:0000000;CHEMONTID:0000264;CHEMONTID:0000265;CHEMONTID:0000013;CHEMONTID:0000347,"Organic compounds;Organic acids and derivatives;Carboxylic acids and derivatives;Amino acids, peptides, and analogues;Amino acids and derivatives"
8380,Amines,0.81,CHEMONTID:0002449,4,CHEMONTID:0000278,CHEMONTID:0000000;CHEMONTID:0004707;CHEMONTID:0000278;CHEMONTID:0002449,Organic compounds;Organic nitrogen compounds;Organonitrogen compounds;Amines
17516,Alcohols and polyols,0.85,CHEMONTID:0000129,4,CHEMONTID:0000323,CHEMONTID:0000000;CHEMONTID:0004603;CHEMONTID:0000323;CHEMONTID:0000129,Organic compounds;Organic oxygen compounds;Organooxygen compounds;Alcohols and polyols
15317,Amines,0.86,CHEMONTID:0002449,4,CHEMONTID:0000278,CHEMONTID:0000000;CHEMONTID:0004707;CHEMONTID:0000278;CHEMONTID:0002449,Organic compounds;Organic nitrogen compounds;Organonitrogen compounds;Amines
10013,Carboxylic acid derivatives,0.81,CHEMONTID:0001093,4,CHEMONTID:0000265,CHEMONTID:0000000;CHEMONTID:0000264;CHEMONTID:0000265;CHEMONTID:0001093,Organic compounds;Organic acids and derivatives;Carboxylic acids and derivatives;Carboxylic acid derivatives
10564,N-acyl-alpha amino acids,1,CHEMONTID:0002402,8,CHEMONTID:0001189,CHEMONTID:0000000;CHEMONTID:0000264;CHEMONTID:0000265;CHEMONTID:0000013;CHEMONTID:0000347;CHEMONTID:0000060;CHEMONTID:0001189;CHEMONTID:0002402,"Organic compounds;Organic acids and derivatives;Carboxylic acids and derivatives;Amino acids, peptides, and analogues;Amino acids and derivatives;Alpha amino acids and derivatives;N-acyl-alpha amino acids and derivatives;N-acyl-alpha amino acids"
11925,Primary amines,0.99,CHEMONTID:0002450,5,CHEMONTID:0002449,CHEMONTID:0000000;CHEMONTID:0004707;CHEMONTID:0000278;CHEMONTID:0002449;CHEMONTID:0002450,Organic compounds;Organic nitrogen compounds;Organonitrogen compounds;Amines;Primary amines
6474,Carbonyl compounds,0.82,CHEMONTID:0001831,4,CHEMONTID:0000323,CHEMONTID:0000000;CHEMONTID:0004603;CHEMONTID:0000323;CHEMONTID:0001831,Organic compounds;Organic oxygen compounds;Organooxygen compounds;Carbonyl compounds
15689,Carboxylic acid derivatives,0.92,CHEMONTID:0001093,4,CHEMONTID:0000265,CHEMONTID:0000000;CHEMONTID:0000264;CHEMONTID:0000265;CHEMONTID:0001093,Organic compounds;Organic acids and derivatives;Carboxylic acids and derivatives;Carboxylic acid derivatives
6881,Carbonyl compounds,0.88,CHEMONTID:0001831,4,CHEMONTID:0000323,CHEMONTID:0000000;CHEMONTID:0004603;CHEMONTID:0000323;CHEMONTID:0001831,Organic compounds;Organic oxygen compounds;Organooxygen compounds;Carbonyl compounds
16427,Carboxylic acid derivatives,0.97,CHEMONTID:0001093,4,CHEMONTID:0000265,CHEMONTID:0000000;CHEMONTID:0000264;CHEMONTID:0000265;CHEMONTID:0001093,Organic compounds;Organic acids and derivatives;Carboxylic acids and derivatives;Carboxylic acid derivatives
11701,Carbonyl compounds,0.83,CHEMONTID:0001831,4,CHEMONTID:0000323,CHEMONTID:0000000;CHEMONTID:0004603;CHEMONTID:0000323;CHEMONTID:0001831,Organic compounds;Organic oxygen compounds;Organooxygen compounds;Carbonyl compounds
13514,Imidazoles,0.97,CHEMONTID:0000078,4,CHEMONTID:0000436,CHEMONTID:0000000;CHEMONTID:0000002;CHEMONTID:0000436;CHEMONTID:0000078,Organic compounds;Organoheterocyclic compounds;Azoles;Imidazoles
10860,"Amino acids, peptides, and analogues",0.81,CHEMONTID:0000013,4,CHEMONTID:0000265,CHEMONTID:0000000;CHEMONTID:0000264;CHEMONTID:0000265;CHEMONTID:0000013,"Organic compounds;Organic acids and derivatives;Carboxylic acids and derivatives;Amino acids, peptides, and analogues"
12454,Carboxylic acid derivatives,0.86,CHEMONTID:0001093,4,CHEMONTID:0000265,CHEMONTID:0000000;CHEMONTID:0000264;CHEMONTID:0000265;CHEMONTID:0001093,Organic compounds;Organic acids and derivatives;Carboxylic acids and derivatives;Carboxylic acid derivatives
15259,Dialkyl ethers,0.93,CHEMONTID:0001167,5,CHEMONTID:0000254,CHEMONTID:0000000;CHEMONTID:0004603;CHEMONTID:0000323;CHEMONTID:0000254;CHEMONTID:0001167,Organic compounds;Organic oxygen compounds;Organooxygen compounds;Ethers;Dialkyl ethers
4921,Amino acids and derivatives,0.98,CHEMONTID:0000347,5,CHEMONTID:0000013,CHEMONTID:0000000;CHEMONTID:0000264;CHEMONTID:0000265;CHEMONTID:0000013;CHEMONTID:0000347,"Organic compounds;Organic acids and derivatives;Carboxylic acids and derivatives;Amino acids, peptides, and analogues;Amino acids and derivatives"
11361,Carbonyl compounds,0.97,CHEMONTID:0001831,4,CHEMONTID:0000323,CHEMONTID:0000000;CHEMONTID:0004603;CHEMONTID:0000323;CHEMONTID:0001831,Organic compounds;Organic oxygen compounds;Organooxygen compounds;Carbonyl compounds
8755,Carbonyl compounds,0.81,CHEMONTID:0001831,4,CHEMONTID:0000323,CHEMONTID:0000000;CHEMONTID:0004603;CHEMONTID:0000323;CHEMONTID:0001831,Organic compounds;Organic oxygen compounds;Organooxygen compounds;Carbonyl compounds
18276,Carbonyl compounds,0.99,CHEMONTID:0001831,4,CHEMONTID:0000323,CHEMONTID:0000000;CHEMONTID:0004603;CHEMONTID:0000323;CHEMONTID:0001831,Organic compounds;Organic oxygen compounds;Organooxygen compounds;Carbonyl compounds
20176,Carbonyl compounds,0.89,CHEMONTID:0001831,4,CHEMONTID:0000323,CHEMONTID:0000000;CHEMONTID:0004603;CHEMONTID:0000323;CHEMONTID:0001831,Organic compounds;Organic oxygen compounds;Organooxygen compounds;Carbonyl compounds
10256,Carbonyl compounds,0.93,CHEMONTID:0001831,4,CHEMONTID:0000323,CHEMONTID:0000000;CHEMONTID:0004603;CHEMONTID:0000323;CHEMONTID:0001831,Organic compounds;Organic oxygen compounds;Organooxygen compounds;Carbonyl compounds
2223,Alcohols and polyols,0.94,CHEMONTID:0000129,4,CHEMONTID:0000323,CHEMONTID:0000000;CHEMONTID:0004603;CHEMONTID:0000323;CHEMONTID:0000129,Organic compounds;Organic oxygen compounds;Organooxygen compounds;Alcohols and polyols
12106,Carbohydrates and carbohydrate conjugates,1,CHEMONTID:0000011,4,CHEMONTID:0000323,CHEMONTID:0000000;CHEMONTID:0004603;CHEMONTID:0000323;CHEMONTID:0000011,Organic compounds;Organic oxygen compounds;Organooxygen compounds;Carbohydrates and carbohydrate conjugates
4323,Carbonyl compounds,0.98,CHEMONTID:0001831,4,CHEMONTID:0000323,CHEMONTID:0000000;CHEMONTID:0004603;CHEMONTID:0000323;CHEMONTID:0001831,Organic compounds;Organic oxygen compounds;Organooxygen compounds;Carbonyl compounds
17,Primary carboxylic acid amides,0.87,CHEMONTID:0001662,6,CHEMONTID:0000475,CHEMONTID:0000000;CHEMONTID:0000264;CHEMONTID:0000265;CHEMONTID:0001093;CHEMONTID:0000475;CHEMONTID:0001662,Organic compounds;Organic acids and derivatives;Carboxylic acids and derivatives;Carboxylic acid derivatives;Carboxylic acid amides;Primary carboxylic acid amides
8115,Alcohols and polyols,0.97,CHEMONTID:0000129,4,CHEMONTID:0000323,CHEMONTID:0000000;CHEMONTID:0004603;CHEMONTID:0000323;CHEMONTID:0000129,Organic compounds;Organic oxygen compounds;Organooxygen compounds;Alcohols and polyols
16330,Carboxylic acid derivatives,0.95,CHEMONTID:0001093,4,CHEMONTID:0000265,CHEMONTID:0000000;CHEMONTID:0000264;CHEMONTID:0000265;CHEMONTID:0001093,Organic compounds;Organic acids and derivatives;Carboxylic acids and derivatives;Carboxylic acid derivatives
9241,Amines,0.91,CHEMONTID:0002449,4,CHEMONTID:0000278,CHEMONTID:0000000;CHEMONTID:0004707;CHEMONTID:0000278;CHEMONTID:0002449,Organic compounds;Organic nitrogen compounds;Organonitrogen compounds;Amines
14041,Carbonyl compounds,0.9,CHEMONTID:0001831,4,CHEMONTID:0000323,CHEMONTID:0000000;CHEMONTID:0004603;CHEMONTID:0000323;CHEMONTID:0001831,Organic compounds;Organic oxygen compounds;Organooxygen compounds;Carbonyl compounds
14675,Carbonyl compounds,0.87,CHEMONTID:0001831,4,CHEMONTID:0000323,CHEMONTID:0000000;CHEMONTID:0004603;CHEMONTID:0000323;CHEMONTID:0001831,Organic compounds;Organic oxygen compounds;Organooxygen compounds;Carbonyl compounds
13508,Monoalkylamines,0.94,CHEMONTID:0000469,6,CHEMONTID:0002450,CHEMONTID:0000000;CHEMONTID:0004707;CHEMONTID:0000278;CHEMONTID:0002449;CHEMONTID:0002450;CHEMONTID:0000469,Organic compounds;Organic nitrogen compounds;Organonitrogen compounds;Amines;Primary amines;Monoalkylamines
12860,Amines,0.85,CHEMONTID:0002449,4,CHEMONTID:0000278,CHEMONTID:0000000;CHEMONTID:0004707;CHEMONTID:0000278;CHEMONTID:0002449,Organic compounds;Organic nitrogen compounds;Organonitrogen compounds;Amines
5814,Amines,0.99,CHEMONTID:0002449,4,CHEMONTID:0000278,CHEMONTID:0000000;CHEMONTID:0004707;CHEMONTID:0000278;CHEMONTID:0002449,Organic compounds;Organic nitrogen compounds;Organonitrogen compounds;Amines
2788,Carbonyl compounds,0.95,CHEMONTID:0001831,4,CHEMONTID:0000323,CHEMONTID:0000000;CHEMONTID:0004603;CHEMONTID:0000323;CHEMONTID:0001831,Organic compounds;Organic oxygen compounds;Organooxygen compounds;Carbonyl compounds
6601,Carboxylic acids,0.83,CHEMONTID:0001205,4,CHEMONTID:0000265,CHEMONTID:0000000;CHEMONTID:0000264;CHEMONTID:0000265;CHEMONTID:0001205,Organic compounds;Organic acids and derivatives;Carboxylic acids and derivatives;Carboxylic acids
12110,Carboxylic acid derivatives,0.94,CHEMONTID:0001093,4,CHEMONTID:0000265,CHEMONTID:0000000;CHEMONTID:0000264;CHEMONTID:0000265;CHEMONTID:0001093,Organic compounds;Organic acids and derivatives;Carboxylic acids and derivatives;Carboxylic acid derivatives
4988,Carbohydrates and carbohydrate conjugates,0.99,CHEMONTID:0000011,4,CHEMONTID:0000323,CHEMONTID:0000000;CHEMONTID:0004603;CHEMONTID:0000323;CHEMONTID:0000011,Organic compounds;Organic oxygen compounds;Organooxygen compounds;Carbohydrates and carbohydrate conjugates
9637,"Amino acids, peptides, and analogues",0.97,CHEMONTID:0000013,4,CHEMONTID:0000265,CHEMONTID:0000000;CHEMONTID:0000264;CHEMONTID:0000265;CHEMONTID:0000013,"Organic compounds;Organic acids and derivatives;Carboxylic acids and derivatives;Amino acids, peptides, and analogues"
1715,Alcohols and polyols,0.99,CHEMONTID:0000129,4,CHEMONTID:0000323,CHEMONTID:0000000;CHEMONTID:0004603;CHEMONTID:0000323;CHEMONTID:0000129,Organic compounds;Organic oxygen compounds;Organooxygen compounds;Alcohols and polyols
20686,Secondary alcohols,0.92,CHEMONTID:0001661,5,CHEMONTID:0000129,CHEMONTID:0000000;CHEMONTID:0004603;CHEMONTID:0000323;CHEMONTID:0000129;CHEMONTID:0001661,Organic compounds;Organic oxygen compounds;Organooxygen compounds;Alcohols and polyols;Secondary alcohols
6145,Dialkyl ethers,0.96,CHEMONTID:0001167,5,CHEMONTID:0000254,CHEMONTID:0000000;CHEMONTID:0004603;CHEMONTID:0000323;CHEMONTID:0000254;CHEMONTID:0001167,Organic compounds;Organic oxygen compounds;Organooxygen compounds;Ethers;Dialkyl ethers
359,Amines,1,CHEMONTID:0002449,4,CHEMONTID:0000278,CHEMONTID:0000000;CHEMONTID:0004707;CHEMONTID:0000278;CHEMONTID:0002449,Organic compounds;Organic nitrogen compounds;Organonitrogen compounds;Amines
3161,Amines,0.98,CHEMONTID:0002449,4,CHEMONTID:0000278,CHEMONTID:0000000;CHEMONTID:0004707;CHEMONTID:0000278;CHEMONTID:0002449,Organic compounds;Organic nitrogen compounds;Organonitrogen compounds;Amines
2461,Carboxylic acid derivatives,0.92,CHEMONTID:0001093,4,CHEMONTID:0000265,CHEMONTID:0000000;CHEMONTID:0000264;CHEMONTID:0000265;CHEMONTID:0001093,Organic compounds;Organic acids and derivatives;Carboxylic acids and derivatives;Carboxylic acid derivatives
12926,Carboxylic acid derivatives,0.98,CHEMONTID:0001093,4,CHEMONTID:0000265,CHEMONTID:0000000;CHEMONTID:0000264;CHEMONTID:0000265;CHEMONTID:0001093,Organic compounds;Organic acids and derivatives;Carboxylic acids and derivatives;Carboxylic acid derivatives
17792,Alcohols and polyols,0.9,CHEMONTID:0000129,4,CHEMONTID:0000323,CHEMONTID:0000000;CHEMONTID:0004603;CHEMONTID:0000323;CHEMONTID:0000129,Organic compounds;Organic oxygen compounds;Organooxygen compounds;Alcohols and polyols
3416,Carbonyl compounds,0.94,CHEMONTID:0001831,4,CHEMONTID:0000323,CHEMONTID:0000000;CHEMONTID:0004603;CHEMONTID:0000323;CHEMONTID:0001831,Organic compounds;Organic oxygen compounds;Organooxygen compounds;Carbonyl compounds
11082,Primary amines,0.99,CHEMONTID:0002450,5,CHEMONTID:0002449,CHEMONTID:0000000;CHEMONTID:0004707;CHEMONTID:0000278;CHEMONTID:0002449;CHEMONTID:0002450,Organic compounds;Organic nitrogen compounds;Organonitrogen compounds;Amines;Primary amines
9475,Monoalkylamines,0.99,CHEMONTID:0000469,6,CHEMONTID:0002450,CHEMONTID:0000000;CHEMONTID:0004707;CHEMONTID:0000278;CHEMONTID:0002449;CHEMONTID:0002450;CHEMONTID:0000469,Organic compounds;Organic nitrogen compounds;Organonitrogen compounds;Amines;Primary amines;Monoalkylamines
16594,Carbonyl compounds,1,CHEMONTID:0001831,4,CHEMONTID:0000323,CHEMONTID:0000000;CHEMONTID:0004603;CHEMONTID:0000323;CHEMONTID:0001831,Organic compounds;Organic oxygen compounds;Organooxygen compounds;Carbonyl compounds
14709,Carbonyl compounds,0.93,CHEMONTID:0001831,4,CHEMONTID:0000323,CHEMONTID:0000000;CHEMONTID:0004603;CHEMONTID:0000323;CHEMONTID:0001831,Organic compounds;Organic oxygen compounds;Organooxygen compounds;Carbonyl compounds
8892,Amines,0.89,CHEMONTID:0002449,4,CHEMONTID:0000278,CHEMONTID:0000000;CHEMONTID:0004707;CHEMONTID:0000278;CHEMONTID:0002449,Organic compounds;Organic nitrogen compounds;Organonitrogen compounds;Amines
8199,Glycosyl compounds,0.97,CHEMONTID:0002105,5,CHEMONTID:0000011,CHEMONTID:0000000;CHEMONTID:0004603;CHEMONTID:0000323;CHEMONTID:0000011;CHEMONTID:0002105,Organic compounds;Organic oxygen compounds;Organooxygen compounds;Carbohydrates and carbohydrate conjugates;Glycosyl compounds
16028,Primary amines,1,CHEMONTID:0002450,5,CHEMONTID:0002449,CHEMONTID:0000000;CHEMONTID:0004707;CHEMONTID:0000278;CHEMONTID:0002449;CHEMONTID:0002450,Organic compounds;Organic nitrogen compounds;Organonitrogen compounds;Amines;Primary amines
4596,Primary amines,0.96,CHEMONTID:0002450,5,CHEMONTID:0002449,CHEMONTID:0000000;CHEMONTID:0004707;CHEMONTID:0000278;CHEMONTID:0002449;CHEMONTID:0002450,Organic compounds;Organic nitrogen compounds;Organonitrogen compounds;Amines;Primary amines
13025,Primary amines,0.95,CHEMONTID:0002450,5,CHEMONTID:0002449,CHEMONTID:0000000;CHEMONTID:0004707;CHEMONTID:0000278;CHEMONTID:0002449;CHEMONTID:0002450,Organic compounds;Organic nitrogen compounds;Organonitrogen compounds;Amines;Primary amines
1112,Amines,0.94,CHEMONTID:0002449,4,CHEMONTID:0000278,CHEMONTID:0000000;CHEMONTID:0004707;CHEMONTID:0000278;CHEMONTID:0002449,Organic compounds;Organic nitrogen compounds;Organonitrogen compounds;Amines
16396,Monoalkylamines,0.89,CHEMONTID:0000469,6,CHEMONTID:0002450,CHEMONTID:0000000;CHEMONTID:0004707;CHEMONTID:0000278;CHEMONTID:0002449;CHEMONTID:0002450;CHEMONTID:0000469,Organic compounds;Organic nitrogen compounds;Organonitrogen compounds;Amines;Primary amines;Monoalkylamines
8100,Carboxylic acid derivatives,0.97,CHEMONTID:0001093,4,CHEMONTID:0000265,CHEMONTID:0000000;CHEMONTID:0000264;CHEMONTID:0000265;CHEMONTID:0001093,Organic compounds;Organic acids and derivatives;Carboxylic acids and derivatives;Carboxylic acid derivatives
16803,Alkyl phosphates,0.91,CHEMONTID:0003457,5,CHEMONTID:0000408,CHEMONTID:0000000;CHEMONTID:0000264;CHEMONTID:0000402;CHEMONTID:0000408;CHEMONTID:0003457,Organic compounds;Organic acids and derivatives;Organic phosphoric acids and derivatives;Phosphate esters;Alkyl phosphates
17918,Alcohols and polyols,0.97,CHEMONTID:0000129,4,CHEMONTID:0000323,CHEMONTID:0000000;CHEMONTID:0004603;CHEMONTID:0000323;CHEMONTID:0000129,Organic compounds;Organic oxygen compounds;Organooxygen compounds;Alcohols and polyols
7973,Alcohols and polyols,0.95,CHEMONTID:0000129,4,CHEMONTID:0000323,CHEMONTID:0000000;CHEMONTID:0004603;CHEMONTID:0000323;CHEMONTID:0000129,Organic compounds;Organic oxygen compounds;Organooxygen compounds;Alcohols and polyols
5481,Amines,0.99,CHEMONTID:0002449,4,CHEMONTID:0000278,CHEMONTID:0000000;CHEMONTID:0004707;CHEMONTID:0000278;CHEMONTID:0002449,Organic compounds;Organic nitrogen compounds;Organonitrogen compounds;Amines
16930,Trialkylamines,0.98,CHEMONTID:0002239,6,CHEMONTID:0002452,CHEMONTID:0000000;CHEMONTID:0004707;CHEMONTID:0000278;CHEMONTID:0002449;CHEMONTID:0002452;CHEMONTID:0002239,Organic compounds;Organic nitrogen compounds;Organonitrogen compounds;Amines;Tertiary amines;Trialkylamines
17124,Primary amines,1,CHEMONTID:0002450,5,CHEMONTID:0002449,CHEMONTID:0000000;CHEMONTID:0004707;CHEMONTID:0000278;CHEMONTID:0002449;CHEMONTID:0002450,Organic compounds;Organic nitrogen compounds;Organonitrogen compounds;Amines;Primary amines
8654,Amino acids,0.86,CHEMONTID:0004176,6,CHEMONTID:0000347,CHEMONTID:0000000;CHEMONTID:0000264;CHEMONTID:0000265;CHEMONTID:0000013;CHEMONTID:0000347;CHEMONTID:0004176,"Organic compounds;Organic acids and derivatives;Carboxylic acids and derivatives;Amino acids, peptides, and analogues;Amino acids and derivatives;Amino acids"
13222,Guanidines,0.89,CHEMONTID:0000375,4,CHEMONTID:0000278,CHEMONTID:0000000;CHEMONTID:0004707;CHEMONTID:0000278;CHEMONTID:0000375,Organic compounds;Organic nitrogen compounds;Organonitrogen compounds;Guanidines
11435,Amines,0.98,CHEMONTID:0002449,4,CHEMONTID:0000278,CHEMONTID:0000000;CHEMONTID:0004707;CHEMONTID:0000278;CHEMONTID:0002449,Organic compounds;Organic nitrogen compounds;Organonitrogen compounds;Amines
13234,Carboxylic acid derivatives,0.9,CHEMONTID:0001093,4,CHEMONTID:0000265,CHEMONTID:0000000;CHEMONTID:0000264;CHEMONTID:0000265;CHEMONTID:0001093,Organic compounds;Organic acids and derivatives;Carboxylic acids and derivatives;Carboxylic acid derivatives
19211,Monoalkylamines,0.97,CHEMONTID:0000469,6,CHEMONTID:0002450,CHEMONTID:0000000;CHEMONTID:0004707;CHEMONTID:0000278;CHEMONTID:0002449;CHEMONTID:0002450;CHEMONTID:0000469,Organic compounds;Organic nitrogen compounds;Organonitrogen compounds;Amines;Primary amines;Monoalkylamines
10443,Carbonyl compounds,0.97,CHEMONTID:0001831,4,CHEMONTID:0000323,CHEMONTID:0000000;CHEMONTID:0004603;CHEMONTID:0000323;CHEMONTID:0001831,Organic compounds;Organic oxygen compounds;Organooxygen compounds;Carbonyl compounds
12801,"Amino acids, peptides, and analogues",1,CHEMONTID:0000013,4,CHEMONTID:0000265,CHEMONTID:0000000;CHEMONTID:0000264;CHEMONTID:0000265;CHEMONTID:0000013,"Organic compounds;Organic acids and derivatives;Carboxylic acids and derivatives;Amino acids, peptides, and analogues"
3086,Carboxylic acid derivatives,0.96,CHEMONTID:0001093,4,CHEMONTID:0000265,CHEMONTID:0000000;CHEMONTID:0000264;CHEMONTID:0000265;CHEMONTID:0001093,Organic compounds;Organic acids and derivatives;Carboxylic acids and derivatives;Carboxylic acid derivatives
10529,Purines and purine derivatives,0.95,CHEMONTID:0000245,4,CHEMONTID:0001797,CHEMONTID:0000000;CHEMONTID:0000002;CHEMONTID:0001797;CHEMONTID:0000245,Organic compounds;Organoheterocyclic compounds;Imidazopyrimidines;Purines and purine derivatives
20194,Carbonyl compounds,0.95,CHEMONTID:0001831,4,CHEMONTID:0000323,CHEMONTID:0000000;CHEMONTID:0004603;CHEMONTID:0000323;CHEMONTID:0001831,Organic compounds;Organic oxygen compounds;Organooxygen compounds;Carbonyl compounds
8645,Monoalkylamines,0.99,CHEMONTID:0000469,6,CHEMONTID:0002450,CHEMONTID:0000000;CHEMONTID:0004707;CHEMONTID:0000278;CHEMONTID:0002449;CHEMONTID:0002450;CHEMONTID:0000469,Organic compounds;Organic nitrogen compounds;Organonitrogen compounds;Amines;Primary amines;Monoalkylamines
8406,Amino acids and derivatives,0.96,CHEMONTID:0000347,5,CHEMONTID:0000013,CHEMONTID:0000000;CHEMONTID:0000264;CHEMONTID:0000265;CHEMONTID:0000013;CHEMONTID:0000347,"Organic compounds;Organic acids and derivatives;Carboxylic acids and derivatives;Amino acids, peptides, and analogues;Amino acids and derivatives"
2930,Glycosyl compounds,0.98,CHEMONTID:0002105,5,CHEMONTID:0000011,CHEMONTID:0000000;CHEMONTID:0004603;CHEMONTID:0000323;CHEMONTID:0000011;CHEMONTID:0002105,Organic compounds;Organic oxygen compounds;Organooxygen compounds;Carbohydrates and carbohydrate conjugates;Glycosyl compounds
11421,"Amino acids, peptides, and analogues",0.97,CHEMONTID:0000013,4,CHEMONTID:0000265,CHEMONTID:0000000;CHEMONTID:0000264;CHEMONTID:0000265;CHEMONTID:0000013,"Organic compounds;Organic acids and derivatives;Carboxylic acids and derivatives;Amino acids, peptides, and analogues"
2064,Monoalkylamines,1,CHEMONTID:0000469,6,CHEMONTID:0002450,CHEMONTID:0000000;CHEMONTID:0004707;CHEMONTID:0000278;CHEMONTID:0002449;CHEMONTID:0002450;CHEMONTID:0000469,Organic compounds;Organic nitrogen compounds;Organonitrogen compounds;Amines;Primary amines;Monoalkylamines
19699,Carbonyl compounds,0.85,CHEMONTID:0001831,4,CHEMONTID:0000323,CHEMONTID:0000000;CHEMONTID:0004603;CHEMONTID:0000323;CHEMONTID:0001831,Organic compounds;Organic oxygen compounds;Organooxygen compounds;Carbonyl compounds
14352,Monocarboxylic acids and derivatives,0.91,CHEMONTID:0001137,4,CHEMONTID:0000265,CHEMONTID:0000000;CHEMONTID:0000264;CHEMONTID:0000265;CHEMONTID:0001137,Organic compounds;Organic acids and derivatives;Carboxylic acids and derivatives;Monocarboxylic acids and derivatives
16924,Alcohols and polyols,0.99,CHEMONTID:0000129,4,CHEMONTID:0000323,CHEMONTID:0000000;CHEMONTID:0004603;CHEMONTID:0000323;CHEMONTID:0000129,Organic compounds;Organic oxygen compounds;Organooxygen compounds;Alcohols and polyols
4427,Carbonyl compounds,0.81,CHEMONTID:0001831,4,CHEMONTID:0000323,CHEMONTID:0000000;CHEMONTID:0004603;CHEMONTID:0000323;CHEMONTID:0001831,Organic compounds;Organic oxygen compounds;Organooxygen compounds;Carbonyl compounds
10150,Carboxylic acid derivatives,0.94,CHEMONTID:0001093,4,CHEMONTID:0000265,CHEMONTID:0000000;CHEMONTID:0000264;CHEMONTID:0000265;CHEMONTID:0001093,Organic compounds;Organic acids and derivatives;Carboxylic acids and derivatives;Carboxylic acid derivatives
8883,Monoalkylamines,0.93,CHEMONTID:0000469,6,CHEMONTID:0002450,CHEMONTID:0000000;CHEMONTID:0004707;CHEMONTID:0000278;CHEMONTID:0002449;CHEMONTID:0002450;CHEMONTID:0000469,Organic compounds;Organic nitrogen compounds;Organonitrogen compounds;Amines;Primary amines;Monoalkylamines
17562,Imidazoles,0.95,CHEMONTID:0000078,4,CHEMONTID:0000436,CHEMONTID:0000000;CHEMONTID:0000002;CHEMONTID:0000436;CHEMONTID:0000078,Organic compounds;Organoheterocyclic compounds;Azoles;Imidazoles
4210,Carbonyl compounds,0.84,CHEMONTID:0001831,4,CHEMONTID:0000323,CHEMONTID:0000000;CHEMONTID:0004603;CHEMONTID:0000323;CHEMONTID:0001831,Organic compounds;Organic oxygen compounds;Organooxygen compounds;Carbonyl compounds
9035,Carboxylic acid derivatives,0.99,CHEMONTID:0001093,4,CHEMONTID:0000265,CHEMONTID:0000000;CHEMONTID:0000264;CHEMONTID:0000265;CHEMONTID:0001093,Organic compounds;Organic acids and derivatives;Carboxylic acids and derivatives;Carboxylic acid derivatives
10990,Monoalkylamines,0.99,CHEMONTID:0000469,6,CHEMONTID:0002450,CHEMONTID:0000000;CHEMONTID:0004707;CHEMONTID:0000278;CHEMONTID:0002449;CHEMONTID:0002450;CHEMONTID:0000469,Organic compounds;Organic nitrogen compounds;Organonitrogen compounds;Amines;Primary amines;Monoalkylamines
11853,Amines,0.85,CHEMONTID:0002449,4,CHEMONTID:0000278,CHEMONTID:0000000;CHEMONTID:0004707;CHEMONTID:0000278;CHEMONTID:0002449,Organic compounds;Organic nitrogen compounds;Organonitrogen compounds;Amines
9305,Dialkyl ethers,0.99,CHEMONTID:0001167,5,CHEMONTID:0000254,CHEMONTID:0000000;CHEMONTID:0004603;CHEMONTID:0000323;CHEMONTID:0000254;CHEMONTID:0001167,Organic compounds;Organic oxygen compounds;Organooxygen compounds;Ethers;Dialkyl ethers
14854,Carbonyl compounds,0.94,CHEMONTID:0001831,4,CHEMONTID:0000323,CHEMONTID:0000000;CHEMONTID:0004603;CHEMONTID:0000323;CHEMONTID:0001831,Organic compounds;Organic oxygen compounds;Organooxygen compounds;Carbonyl compounds
13967,Primary carboxylic acid amides,0.91,CHEMONTID:0001662,6,CHEMONTID:0000475,CHEMONTID:0000000;CHEMONTID:0000264;CHEMONTID:0000265;CHEMONTID:0001093;CHEMONTID:0000475;CHEMONTID:0001662,Organic compounds;Organic acids and derivatives;Carboxylic acids and derivatives;Carboxylic acid derivatives;Carboxylic acid amides;Primary carboxylic acid amides
15821,N-acyl-alpha amino acids and derivatives,1,CHEMONTID:0001189,7,CHEMONTID:0000060,CHEMONTID:0000000;CHEMONTID:0000264;CHEMONTID:0000265;CHEMONTID:0000013;CHEMONTID:0000347;CHEMONTID:0000060;CHEMONTID:0001189,"Organic compounds;Organic acids and derivatives;Carboxylic acids and derivatives;Amino acids, peptides, and analogues;Amino acids and derivatives;Alpha amino acids and derivatives;N-acyl-alpha amino acids and derivatives"
6899,Primary amines,0.96,CHEMONTID:0002450,5,CHEMONTID:0002449,CHEMONTID:0000000;CHEMONTID:0004707;CHEMONTID:0000278;CHEMONTID:0002449;CHEMONTID:0002450,Organic compounds;Organic nitrogen compounds;Organonitrogen compounds;Amines;Primary amines
18789,Glycosyl compounds,1,CHEMONTID:0002105,5,CHEMONTID:0000011,CHEMONTID:0000000;CHEMONTID:0004603;CHEMONTID:0000323;CHEMONTID:0000011;CHEMONTID:0002105,Organic compounds;Organic oxygen compounds;Organooxygen compounds;Carbohydrates and carbohydrate conjugates;Glycosyl compounds
9878,Carbonyl compounds,0.83,CHEMONTID:0001831,4,CHEMONTID:0000323,CHEMONTID:0000000;CHEMONTID:0004603;CHEMONTID:0000323;CHEMONTID:0001831,Organic compounds;Organic oxygen compounds;Organooxygen compounds;Carbonyl compounds
13616,Carbonyl compounds,0.99,CHEMONTID:0001831,4,CHEMONTID:0000323,CHEMONTID:0000000;CHEMONTID:0004603;CHEMONTID:0000323;CHEMONTID:0001831,Organic compounds;Organic oxygen compounds;Organooxygen compounds;Carbonyl compounds
11731,Carbonyl compounds,0.87,CHEMONTID:0001831,4,CHEMONTID:0000323,CHEMONTID:0000000;CHEMONTID:0004603;CHEMONTID:0000323;CHEMONTID:0001831,Organic compounds;Organic oxygen compounds;Organooxygen compounds;Carbonyl compounds
13427,Amines,0.99,CHEMONTID:0002449,4,CHEMONTID:0000278,CHEMONTID:0000000;CHEMONTID:0004707;CHEMONTID:0000278;CHEMONTID:0002449,Organic compounds;Organic nitrogen compounds;Organonitrogen compounds;Amines
15249,Amines,0.94,CHEMONTID:0002449,4,CHEMONTID:0000278,CHEMONTID:0000000;CHEMONTID:0004707;CHEMONTID:0000278;CHEMONTID:0002449,Organic compounds;Organic nitrogen compounds;Organonitrogen compounds;Amines
19351,Guanidines,0.89,CHEMONTID:0000375,4,CHEMONTID:0000278,CHEMONTID:0000000;CHEMONTID:0004707;CHEMONTID:0000278;CHEMONTID:0000375,Organic compounds;Organic nitrogen compounds;Organonitrogen compounds;Guanidines
5147,Amines,0.96,CHEMONTID:0002449,4,CHEMONTID:0000278,CHEMONTID:0000000;CHEMONTID:0004707;CHEMONTID:0000278;CHEMONTID:0002449,Organic compounds;Organic nitrogen compounds;Organonitrogen compounds;Amines
7795,Carboxylic acid derivatives,0.92,CHEMONTID:0001093,4,CHEMONTID:0000265,CHEMONTID:0000000;CHEMONTID:0000264;CHEMONTID:0000265;CHEMONTID:0001093,Organic compounds;Organic acids and derivatives;Carboxylic acids and derivatives;Carboxylic acid derivatives
8413,Carbonyl compounds,0.99,CHEMONTID:0001831,4,CHEMONTID:0000323,CHEMONTID:0000000;CHEMONTID:0004603;CHEMONTID:0000323;CHEMONTID:0001831,Organic compounds;Organic oxygen compounds;Organooxygen compounds;Carbonyl compounds
16881,Carboxylic acid derivatives,0.99,CHEMONTID:0001093,4,CHEMONTID:0000265,CHEMONTID:0000000;CHEMONTID:0000264;CHEMONTID:0000265;CHEMONTID:0001093,Organic compounds;Organic acids and derivatives;Carboxylic acids and derivatives;Carboxylic acid derivatives
19432,Carboxylic acid derivatives,0.91,CHEMONTID:0001093,4,CHEMONTID:0000265,CHEMONTID:0000000;CHEMONTID:0000264;CHEMONTID:0000265;CHEMONTID:0001093,Organic compounds;Organic acids and derivatives;Carboxylic acids and derivatives;Carboxylic acid derivatives
16295,Carbonyl compounds,0.88,CHEMONTID:0001831,4,CHEMONTID:0000323,CHEMONTID:0000000;CHEMONTID:0004603;CHEMONTID:0000323;CHEMONTID:0001831,Organic compounds;Organic oxygen compounds;Organooxygen compounds;Carbonyl compounds
18074,Monoalkylamines,0.93,CHEMONTID:0000469,6,CHEMONTID:0002450,CHEMONTID:0000000;CHEMONTID:0004707;CHEMONTID:0000278;CHEMONTID:0002449;CHEMONTID:0002450;CHEMONTID:0000469,Organic compounds;Organic nitrogen compounds;Organonitrogen compounds;Amines;Primary amines;Monoalkylamines
6185,Secondary alcohols,0.95,CHEMONTID:0001661,5,CHEMONTID:0000129,CHEMONTID:0000000;CHEMONTID:0004603;CHEMONTID:0000323;CHEMONTID:0000129;CHEMONTID:0001661,Organic compounds;Organic oxygen compounds;Organooxygen compounds;Alcohols and polyols;Secondary alcohols
3562,Monocarboxylic acids and derivatives,0.82,CHEMONTID:0001137,4,CHEMONTID:0000265,CHEMONTID:0000000;CHEMONTID:0000264;CHEMONTID:0000265;CHEMONTID:0001137,Organic compounds;Organic acids and derivatives;Carboxylic acids and derivatives;Monocarboxylic acids and derivatives
2304,Imidazoles,0.93,CHEMONTID:0000078,4,CHEMONTID:0000436,CHEMONTID:0000000;CHEMONTID:0000002;CHEMONTID:0000436;CHEMONTID:0000078,Organic compounds;Organoheterocyclic compounds;Azoles;Imidazoles
5479,Carbohydrates and carbohydrate conjugates,1,CHEMONTID:0000011,4,CHEMONTID:0000323,CHEMONTID:0000000;CHEMONTID:0004603;CHEMONTID:0000323;CHEMONTID:0000011,Organic compounds;Organic oxygen compounds;Organooxygen compounds;Carbohydrates and carbohydrate conjugates
9371,"1,3,5-triazines",0.99,CHEMONTID:0004105,4,CHEMONTID:0000098,CHEMONTID:0000000;CHEMONTID:0000002;CHEMONTID:0000098;CHEMONTID:0004105,"Organic compounds;Organoheterocyclic compounds;Triazines;1,3,5-triazines"
3373,Alcohols and polyols,0.91,CHEMONTID:0000129,4,CHEMONTID:0000323,CHEMONTID:0000000;CHEMONTID:0004603;CHEMONTID:0000323;CHEMONTID:0000129,Organic compounds;Organic oxygen compounds;Organooxygen compounds;Alcohols and polyols
19961,Carbonyl compounds,0.91,CHEMONTID:0001831,4,CHEMONTID:0000323,CHEMONTID:0000000;CHEMONTID:0004603;CHEMONTID:0000323;CHEMONTID:0001831,Organic compounds;Organic oxygen compounds;Organooxygen compounds;Carbonyl compounds
4615,Primary amines,1,CHEMONTID:0002450,5,CHEMONTID:0002449,CHEMONTID:0000000;CHEMONTID:0004707;CHEMONTID:0000278;CHEMONTID:0002449;CHEMONTID:0002450,Organic compounds;Organic nitrogen compounds;Organonitrogen compounds;Amines;Primary amines
6386,Amino acids and derivatives,1,CHEMONTID:0000347,5,CHEMONTID:0000013,CHEMONTID:0000000;CHEMONTID:0000264;CHEMONTID:0000265;CHEMONTID:0000013;CHEMONTID:0000347,"Organic compounds;Organic acids and derivatives;Carboxylic acids and derivatives;Amino acids, peptides, and analogues;Amino acids and derivatives"
9410,Monoalkylamines,1,CHEMONTID:0000469,6,CHEMONTID:0002450,CHEMONTID:0000000;CHEMONTID:0004707;CHEMONTID:0000278;CHEMONTID:0002449;CHEMONTID:0002450;CHEMONTID:0000469,Organic compounds;Organic nitrogen compounds;Organonitrogen compounds;Amines;Primary amines;Monoalkylamines
15450,Primary amines,0.96,CHEMONTID:0002450,5,CHEMONTID:0002449,CHEMONTID:0000000;CHEMONTID:0004707;CHEMONTID:0000278;CHEMONTID:0002449;CHEMONTID:0002450,Organic compounds;Organic nitrogen compounds;Organonitrogen compounds;Amines;Primary amines
16258,Amines,0.92,CHEMONTID:0002449,4,CHEMONTID:0000278,CHEMONTID:0000000;CHEMONTID:0004707;CHEMONTID:0000278;CHEMONTID:0002449,Organic compounds;Organic nitrogen compounds;Organonitrogen compounds;Amines
11915,Carboxylic acid derivatives,0.84,CHEMONTID:0001093,4,CHEMONTID:0000265,CHEMONTID:0000000;CHEMONTID:0000264;CHEMONTID:0000265;CHEMONTID:0001093,Organic compounds;Organic acids and derivatives;Carboxylic acids and derivatives;Carboxylic acid derivatives
18052,Carbonyl compounds,0.99,CHEMONTID:0001831,4,CHEMONTID:0000323,CHEMONTID:0000000;CHEMONTID:0004603;CHEMONTID:0000323;CHEMONTID:0001831,Organic compounds;Organic oxygen compounds;Organooxygen compounds;Carbonyl compounds
11368,Monoalkylamines,1,CHEMONTID:0000469,6,CHEMONTID:0002450,CHEMONTID:0000000;CHEMONTID:0004707;CHEMONTID:0000278;CHEMONTID:0002449;CHEMONTID:0002450;CHEMONTID:0000469,Organic compounds;Organic nitrogen compounds;Organonitrogen compounds;Amines;Primary amines;Monoalkylamines
11916,Primary amines,0.98,CHEMONTID:0002450,5,CHEMONTID:0002449,CHEMONTID:0000000;CHEMONTID:0004707;CHEMONTID:0000278;CHEMONTID:0002449;CHEMONTID:0002450,Organic compounds;Organic nitrogen compounds;Organonitrogen compounds;Amines;Primary amines
20062,Alkyl phosphates,1,CHEMONTID:0003457,5,CHEMONTID:0000408,CHEMONTID:0000000;CHEMONTID:0000264;CHEMONTID:0000402;CHEMONTID:0000408;CHEMONTID:0003457,Organic compounds;Organic acids and derivatives;Organic phosphoric acids and derivatives;Phosphate esters;Alkyl phosphates
3997,"Amino acids, peptides, and analogues",0.9,CHEMONTID:0000013,4,CHEMONTID:0000265,CHEMONTID:0000000;CHEMONTID:0000264;CHEMONTID:0000265;CHEMONTID:0000013,"Organic compounds;Organic acids and derivatives;Carboxylic acids and derivatives;Amino acids, peptides, and analogues"
11374,Amino acids and derivatives,0.9,CHEMONTID:0000347,5,CHEMONTID:0000013,CHEMONTID:0000000;CHEMONTID:0000264;CHEMONTID:0000265;CHEMONTID:0000013;CHEMONTID:0000347,"Organic compounds;Organic acids and derivatives;Carboxylic acids and derivatives;Amino acids, peptides, and analogues;Amino acids and derivatives"
20002,Carbonyl compounds,0.88,CHEMONTID:0001831,4,CHEMONTID:0000323,CHEMONTID:0000000;CHEMONTID:0004603;CHEMONTID:0000323;CHEMONTID:0001831,Organic compounds;Organic oxygen compounds;Organooxygen compounds;Carbonyl compounds
10820,Monocarboxylic acids and derivatives,0.84,CHEMONTID:0001137,4,CHEMONTID:0000265,CHEMONTID:0000000;CHEMONTID:0000264;CHEMONTID:0000265;CHEMONTID:0001137,Organic compounds;Organic acids and derivatives;Carboxylic acids and derivatives;Monocarboxylic acids and derivatives
5598,Carbonyl compounds,1,CHEMONTID:0001831,4,CHEMONTID:0000323,CHEMONTID:0000000;CHEMONTID:0004603;CHEMONTID:0000323;CHEMONTID:0001831,Organic compounds;Organic oxygen compounds;Organooxygen compounds;Carbonyl compounds
10534,Primary amines,0.97,CHEMONTID:0002450,5,CHEMONTID:0002449,CHEMONTID:0000000;CHEMONTID:0004707;CHEMONTID:0000278;CHEMONTID:0002449;CHEMONTID:0002450,Organic compounds;Organic nitrogen compounds;Organonitrogen compounds;Amines;Primary amines
10302,Carbonyl compounds,0.97,CHEMONTID:0001831,4,CHEMONTID:0000323,CHEMONTID:0000000;CHEMONTID:0004603;CHEMONTID:0000323;CHEMONTID:0001831,Organic compounds;Organic oxygen compounds;Organooxygen compounds;Carbonyl compounds
17032,Amino acids and derivatives,0.98,CHEMONTID:0000347,5,CHEMONTID:0000013,CHEMONTID:0000000;CHEMONTID:0000264;CHEMONTID:0000265;CHEMONTID:0000013;CHEMONTID:0000347,"Organic compounds;Organic acids and derivatives;Carboxylic acids and derivatives;Amino acids, peptides, and analogues;Amino acids and derivatives"
3735,Alpha amino acids and derivatives,0.96,CHEMONTID:0000060,6,CHEMONTID:0000347,CHEMONTID:0000000;CHEMONTID:0000264;CHEMONTID:0000265;CHEMONTID:0000013;CHEMONTID:0000347;CHEMONTID:0000060,"Organic compounds;Organic acids and derivatives;Carboxylic acids and derivatives;Amino acids, peptides, and analogues;Amino acids and derivatives;Alpha amino acids and derivatives"
17763,Alkyl phosphates,0.98,CHEMONTID:0003457,5,CHEMONTID:0000408,CHEMONTID:0000000;CHEMONTID:0000264;CHEMONTID:0000402;CHEMONTID:0000408;CHEMONTID:0003457,Organic compounds;Organic acids and derivatives;Organic phosphoric acids and derivatives;Phosphate esters;Alkyl phosphates
19673,Primary amines,0.85,CHEMONTID:0002450,5,CHEMONTID:0002449,CHEMONTID:0000000;CHEMONTID:0004707;CHEMONTID:0000278;CHEMONTID:0002449;CHEMONTID:0002450,Organic compounds;Organic nitrogen compounds;Organonitrogen compounds;Amines;Primary amines
19501,Alcohols and polyols,0.9,CHEMONTID:0000129,4,CHEMONTID:0000323,CHEMONTID:0000000;CHEMONTID:0004603;CHEMONTID:0000323;CHEMONTID:0000129,Organic compounds;Organic oxygen compounds;Organooxygen compounds;Alcohols and polyols
6558,Glycosyl compounds,1,CHEMONTID:0002105,5,CHEMONTID:0000011,CHEMONTID:0000000;CHEMONTID:0004603;CHEMONTID:0000323;CHEMONTID:0000011;CHEMONTID:0002105,Organic compounds;Organic oxygen compounds;Organooxygen compounds;Carbohydrates and carbohydrate conjugates;Glycosyl compounds
10611,Carbonyl compounds,0.85,CHEMONTID:0001831,4,CHEMONTID:0000323,CHEMONTID:0000000;CHEMONTID:0004603;CHEMONTID:0000323;CHEMONTID:0001831,Organic compounds;Organic oxygen compounds;Organooxygen compounds;Carbonyl compounds
9561,Dialkyl ethers,0.95,CHEMONTID:0001167,5,CHEMONTID:0000254,CHEMONTID:0000000;CHEMONTID:0004603;CHEMONTID:0000323;CHEMONTID:0000254;CHEMONTID:0001167,Organic compounds;Organic oxygen compounds;Organooxygen compounds;Ethers;Dialkyl ethers
18340,Amines,0.8,CHEMONTID:0002449,4,CHEMONTID:0000278,CHEMONTID:0000000;CHEMONTID:0004707;CHEMONTID:0000278;CHEMONTID:0002449,Organic compounds;Organic nitrogen compounds;Organonitrogen compounds;Amines
6399,Carbonyl compounds,0.95,CHEMONTID:0001831,4,CHEMONTID:0000323,CHEMONTID:0000000;CHEMONTID:0004603;CHEMONTID:0000323;CHEMONTID:0001831,Organic compounds;Organic oxygen compounds;Organooxygen compounds;Carbonyl compounds
14259,Carbonyl compounds,0.87,CHEMONTID:0001831,4,CHEMONTID:0000323,CHEMONTID:0000000;CHEMONTID:0004603;CHEMONTID:0000323;CHEMONTID:0001831,Organic compounds;Organic oxygen compounds;Organooxygen compounds;Carbonyl compounds
1794,Alcohols and polyols,0.87,CHEMONTID:0000129,4,CHEMONTID:0000323,CHEMONTID:0000000;CHEMONTID:0004603;CHEMONTID:0000323;CHEMONTID:0000129,Organic compounds;Organic oxygen compounds;Organooxygen compounds;Alcohols and polyols
7292,Carboxylic acid derivatives,0.99,CHEMONTID:0001093,4,CHEMONTID:0000265,CHEMONTID:0000000;CHEMONTID:0000264;CHEMONTID:0000265;CHEMONTID:0001093,Organic compounds;Organic acids and derivatives;Carboxylic acids and derivatives;Carboxylic acid derivatives
5995,Carbonyl compounds,0.82,CHEMONTID:0001831,4,CHEMONTID:0000323,CHEMONTID:0000000;CHEMONTID:0004603;CHEMONTID:0000323;CHEMONTID:0001831,Organic compounds;Organic oxygen compounds;Organooxygen compounds;Carbonyl compounds
12852,Alcohols and polyols,0.9,CHEMONTID:0000129,4,CHEMONTID:0000323,CHEMONTID:0000000;CHEMONTID:0004603;CHEMONTID:0000323;CHEMONTID:0000129,Organic compounds;Organic oxygen compounds;Organooxygen compounds;Alcohols and polyols
17995,Amines,0.98,CHEMONTID:0002449,4,CHEMONTID:0000278,CHEMONTID:0000000;CHEMONTID:0004707;CHEMONTID:0000278;CHEMONTID:0002449,Organic compounds;Organic nitrogen compounds;Organonitrogen compounds;Amines
8238,Amino acids and derivatives,0.94,CHEMONTID:0000347,5,CHEMONTID:0000013,CHEMONTID:0000000;CHEMONTID:0000264;CHEMONTID:0000265;CHEMONTID:0000013;CHEMONTID:0000347,"Organic compounds;Organic acids and derivatives;Carboxylic acids and derivatives;Amino acids, peptides, and analogues;Amino acids and derivatives"
12121,Carboxylic acid derivatives,0.95,CHEMONTID:0001093,4,CHEMONTID:0000265,CHEMONTID:0000000;CHEMONTID:0000264;CHEMONTID:0000265;CHEMONTID:0001093,Organic compounds;Organic acids and derivatives;Carboxylic acids and derivatives;Carboxylic acid derivatives
12979,Pyrimidines and pyrimidine derivatives,0.95,CHEMONTID:0000075,4,CHEMONTID:0001346,CHEMONTID:0000000;CHEMONTID:0000002;CHEMONTID:0001346;CHEMONTID:0000075,Organic compounds;Organoheterocyclic compounds;Diazines;Pyrimidines and pyrimidine derivatives
18795,Alcohols and polyols,0.83,CHEMONTID:0000129,4,CHEMONTID:0000323,CHEMONTID:0000000;CHEMONTID:0004603;CHEMONTID:0000323;CHEMONTID:0000129,Organic compounds;Organic oxygen compounds;Organooxygen compounds;Alcohols and polyols
7788,Carbonyl compounds,0.94,CHEMONTID:0001831,4,CHEMONTID:0000323,CHEMONTID:0000000;CHEMONTID:0004603;CHEMONTID:0000323;CHEMONTID:0001831,Organic compounds;Organic oxygen compounds;Organooxygen compounds;Carbonyl compounds
11246,Carbonyl compounds,0.95,CHEMONTID:0001831,4,CHEMONTID:0000323,CHEMONTID:0000000;CHEMONTID:0004603;CHEMONTID:0000323;CHEMONTID:0001831,Organic compounds;Organic oxygen compounds;Organooxygen compounds;Carbonyl compounds
18817,Carbonyl compounds,0.94,CHEMONTID:0001831,4,CHEMONTID:0000323,CHEMONTID:0000000;CHEMONTID:0004603;CHEMONTID:0000323;CHEMONTID:0001831,Organic compounds;Organic oxygen compounds;Organooxygen compounds;Carbonyl compounds
9920,Amines,0.98,CHEMONTID:0002449,4,CHEMONTID:0000278,CHEMONTID:0000000;CHEMONTID:0004707;CHEMONTID:0000278;CHEMONTID:0002449,Organic compounds;Organic nitrogen compounds;Organonitrogen compounds;Amines
18356,Amines,0.95,CHEMONTID:0002449,4,CHEMONTID:0000278,CHEMONTID:0000000;CHEMONTID:0004707;CHEMONTID:0000278;CHEMONTID:0002449,Organic compounds;Organic nitrogen compounds;Organonitrogen compounds;Amines
1423,N-substituted imidazoles,0.94,CHEMONTID:0002311,6,CHEMONTID:0002310,CHEMONTID:0000000;CHEMONTID:0000002;CHEMONTID:0000436;CHEMONTID:0000078;CHEMONTID:0002310;CHEMONTID:0002311,Organic compounds;Organoheterocyclic compounds;Azoles;Imidazoles;Substituted imidazoles;N-substituted imidazoles
341,Phosphate esters,1,CHEMONTID:0000408,4,CHEMONTID:0000402,CHEMONTID:0000000;CHEMONTID:0000264;CHEMONTID:0000402;CHEMONTID:0000408,Organic compounds;Organic acids and derivatives;Organic phosphoric acids and derivatives;Phosphate esters
13459,Monoalkylamines,1,CHEMONTID:0000469,6,CHEMONTID:0002450,CHEMONTID:0000000;CHEMONTID:0004707;CHEMONTID:0000278;CHEMONTID:0002449;CHEMONTID:0002450;CHEMONTID:0000469,Organic compounds;Organic nitrogen compounds;Organonitrogen compounds;Amines;Primary amines;Monoalkylamines
19946,Carbonyl compounds,1,CHEMONTID:0001831,4,CHEMONTID:0000323,CHEMONTID:0000000;CHEMONTID:0004603;CHEMONTID:0000323;CHEMONTID:0001831,Organic compounds;Organic oxygen compounds;Organooxygen compounds;Carbonyl compounds
2046,Ethers,0.9,CHEMONTID:0000254,4,CHEMONTID:0000323,CHEMONTID:0000000;CHEMONTID:0004603;CHEMONTID:0000323;CHEMONTID:0000254,Organic compounds;Organic oxygen compounds;Organooxygen compounds;Ethers
13331,Phosphate esters,1,CHEMONTID:0000408,4,CHEMONTID:0000402,CHEMONTID:0000000;CHEMONTID:0000264;CHEMONTID:0000402;CHEMONTID:0000408,Organic compounds;Organic acids and derivatives;Organic phosphoric acids and derivatives;Phosphate esters
18442,Carbonyl compounds,0.92,CHEMONTID:0001831,4,CHEMONTID:0000323,CHEMONTID:0000000;CHEMONTID:0004603;CHEMONTID:0000323;CHEMONTID:0001831,Organic compounds;Organic oxygen compounds;Organooxygen compounds;Carbonyl compounds
13120,Carbonyl compounds,0.97,CHEMONTID:0001831,4,CHEMONTID:0000323,CHEMONTID:0000000;CHEMONTID:0004603;CHEMONTID:0000323;CHEMONTID:0001831,Organic compounds;Organic oxygen compounds;Organooxygen compounds;Carbonyl compounds
4687,Carbonyl compounds,0.95,CHEMONTID:0001831,4,CHEMONTID:0000323,CHEMONTID:0000000;CHEMONTID:0004603;CHEMONTID:0000323;CHEMONTID:0001831,Organic compounds;Organic oxygen compounds;Organooxygen compounds;Carbonyl compounds
11056,Amines,0.98,CHEMONTID:0002449,4,CHEMONTID:0000278,CHEMONTID:0000000;CHEMONTID:0004707;CHEMONTID:0000278;CHEMONTID:0002449,Organic compounds;Organic nitrogen compounds;Organonitrogen compounds;Amines
14755,Carbonyl compounds,0.82,CHEMONTID:0001831,4,CHEMONTID:0000323,CHEMONTID:0000000;CHEMONTID:0004603;CHEMONTID:0000323;CHEMONTID:0001831,Organic compounds;Organic oxygen compounds;Organooxygen compounds;Carbonyl compounds
17181,Phosphate esters,0.97,CHEMONTID:0000408,4,CHEMONTID:0000402,CHEMONTID:0000000;CHEMONTID:0000264;CHEMONTID:0000402;CHEMONTID:0000408,Organic compounds;Organic acids and derivatives;Organic phosphoric acids and derivatives;Phosphate esters
13352,Dialkyl phosphates,0.98,CHEMONTID:0003459,6,CHEMONTID:0003457,CHEMONTID:0000000;CHEMONTID:0000264;CHEMONTID:0000402;CHEMONTID:0000408;CHEMONTID:0003457;CHEMONTID:0003459,Organic compounds;Organic acids and derivatives;Organic phosphoric acids and derivatives;Phosphate esters;Alkyl phosphates;Dialkyl phosphates
7037,Amines,0.86,CHEMONTID:0002449,4,CHEMONTID:0000278,CHEMONTID:0000000;CHEMONTID:0004707;CHEMONTID:0000278;CHEMONTID:0002449,Organic compounds;Organic nitrogen compounds;Organonitrogen compounds;Amines
19241,Carbonyl compounds,0.89,CHEMONTID:0001831,4,CHEMONTID:0000323,CHEMONTID:0000000;CHEMONTID:0004603;CHEMONTID:0000323;CHEMONTID:0001831,Organic compounds;Organic oxygen compounds;Organooxygen compounds;Carbonyl compounds
14577,Amines,0.93,CHEMONTID:0002449,4,CHEMONTID:0000278,CHEMONTID:0000000;CHEMONTID:0004707;CHEMONTID:0000278;CHEMONTID:0002449,Organic compounds;Organic nitrogen compounds;Organonitrogen compounds;Amines
14848,Amines,0.97,CHEMONTID:0002449,4,CHEMONTID:0000278,CHEMONTID:0000000;CHEMONTID:0004707;CHEMONTID:0000278;CHEMONTID:0002449,Organic compounds;Organic nitrogen compounds;Organonitrogen compounds;Amines
7842,Carbonyl compounds,0.91,CHEMONTID:0001831,4,CHEMONTID:0000323,CHEMONTID:0000000;CHEMONTID:0004603;CHEMONTID:0000323;CHEMONTID:0001831,Organic compounds;Organic oxygen compounds;Organooxygen compounds;Carbonyl compounds
13137,Carbonyl compounds,0.84,CHEMONTID:0001831,4,CHEMONTID:0000323,CHEMONTID:0000000;CHEMONTID:0004603;CHEMONTID:0000323;CHEMONTID:0001831,Organic compounds;Organic oxygen compounds;Organooxygen compounds;Carbonyl compounds
9202,Alkyl chlorides,0.9,CHEMONTID:0001026,4,CHEMONTID:0002867,CHEMONTID:0000000;CHEMONTID:0000267;CHEMONTID:0002867;CHEMONTID:0001026,Organic compounds;Organohalogen compounds;Alkyl halides;Alkyl chlorides
12701,Carbonyl compounds,1,CHEMONTID:0001831,4,CHEMONTID:0000323,CHEMONTID:0000000;CHEMONTID:0004603;CHEMONTID:0000323;CHEMONTID:0001831,Organic compounds;Organic oxygen compounds;Organooxygen compounds;Carbonyl compounds
2356,Carbonyl compounds,0.87,CHEMONTID:0001831,4,CHEMONTID:0000323,CHEMONTID:0000000;CHEMONTID:0004603;CHEMONTID:0000323;CHEMONTID:0001831,Organic compounds;Organic oxygen compounds;Organooxygen compounds;Carbonyl compounds
10517,Carboxylic acid derivatives,0.99,CHEMONTID:0001093,4,CHEMONTID:0000265,CHEMONTID:0000000;CHEMONTID:0000264;CHEMONTID:0000265;CHEMONTID:0001093,Organic compounds;Organic acids and derivatives;Carboxylic acids and derivatives;Carboxylic acid derivatives
10060,Fatty amides,0.87,CHEMONTID:0000331,4,CHEMONTID:0003909,CHEMONTID:0000000;CHEMONTID:0000012;CHEMONTID:0003909;CHEMONTID:0000331,Organic compounds;Lipids and lipid-like molecules;Fatty Acyls;Fatty amides
10397,Carbonyl compounds,0.96,CHEMONTID:0001831,4,CHEMONTID:0000323,CHEMONTID:0000000;CHEMONTID:0004603;CHEMONTID:0000323;CHEMONTID:0001831,Organic compounds;Organic oxygen compounds;Organooxygen compounds;Carbonyl compounds
8753,Amines,0.91,CHEMONTID:0002449,4,CHEMONTID:0000278,CHEMONTID:0000000;CHEMONTID:0004707;CHEMONTID:0000278;CHEMONTID:0002449,Organic compounds;Organic nitrogen compounds;Organonitrogen compounds;Amines
6697,Carbonyl compounds,0.85,CHEMONTID:0001831,4,CHEMONTID:0000323,CHEMONTID:0000000;CHEMONTID:0004603;CHEMONTID:0000323;CHEMONTID:0001831,Organic compounds;Organic oxygen compounds;Organooxygen compounds;Carbonyl compounds
15985,Amines,0.98,CHEMONTID:0002449,4,CHEMONTID:0000278,CHEMONTID:0000000;CHEMONTID:0004707;CHEMONTID:0000278;CHEMONTID:0002449,Organic compounds;Organic nitrogen compounds;Organonitrogen compounds;Amines
2948,Amines,0.92,CHEMONTID:0002449,4,CHEMONTID:0000278,CHEMONTID:0000000;CHEMONTID:0004707;CHEMONTID:0000278;CHEMONTID:0002449,Organic compounds;Organic nitrogen compounds;Organonitrogen compounds;Amines
1747,Alcohols and polyols,0.98,CHEMONTID:0000129,4,CHEMONTID:0000323,CHEMONTID:0000000;CHEMONTID:0004603;CHEMONTID:0000323;CHEMONTID:0000129,Organic compounds;Organic oxygen compounds;Organooxygen compounds;Alcohols and polyols
12234,Amines,1,CHEMONTID:0002449,4,CHEMONTID:0000278,CHEMONTID:0000000;CHEMONTID:0004707;CHEMONTID:0000278;CHEMONTID:0002449,Organic compounds;Organic nitrogen compounds;Organonitrogen compounds;Amines
9811,Ethers,0.94,CHEMONTID:0000254,4,CHEMONTID:0000323,CHEMONTID:0000000;CHEMONTID:0004603;CHEMONTID:0000323;CHEMONTID:0000254,Organic compounds;Organic oxygen compounds;Organooxygen compounds;Ethers
10077,Carbonyl compounds,0.97,CHEMONTID:0001831,4,CHEMONTID:0000323,CHEMONTID:0000000;CHEMONTID:0004603;CHEMONTID:0000323;CHEMONTID:0001831,Organic compounds;Organic oxygen compounds;Organooxygen compounds;Carbonyl compounds
6760,Carboxylic acid derivatives,0.93,CHEMONTID:0001093,4,CHEMONTID:0000265,CHEMONTID:0000000;CHEMONTID:0000264;CHEMONTID:0000265;CHEMONTID:0001093,Organic compounds;Organic acids and derivatives;Carboxylic acids and derivatives;Carboxylic acid derivatives
17871,Pyrimidines and pyrimidine derivatives,0.99,CHEMONTID:0000075,4,CHEMONTID:0001346,CHEMONTID:0000000;CHEMONTID:0000002;CHEMONTID:0001346;CHEMONTID:0000075,Organic compounds;Organoheterocyclic compounds;Diazines;Pyrimidines and pyrimidine derivatives
8742,Carboxylic acid derivatives,0.9,CHEMONTID:0001093,4,CHEMONTID:0000265,CHEMONTID:0000000;CHEMONTID:0000264;CHEMONTID:0000265;CHEMONTID:0001093,Organic compounds;Organic acids and derivatives;Carboxylic acids and derivatives;Carboxylic acid derivatives
9336,Amines,0.91,CHEMONTID:0002449,4,CHEMONTID:0000278,CHEMONTID:0000000;CHEMONTID:0004707;CHEMONTID:0000278;CHEMONTID:0002449,Organic compounds;Organic nitrogen compounds;Organonitrogen compounds;Amines
10295,Carbonyl compounds,0.89,CHEMONTID:0001831,4,CHEMONTID:0000323,CHEMONTID:0000000;CHEMONTID:0004603;CHEMONTID:0000323;CHEMONTID:0001831,Organic compounds;Organic oxygen compounds;Organooxygen compounds;Carbonyl compounds
19989,Amines,0.98,CHEMONTID:0002449,4,CHEMONTID:0000278,CHEMONTID:0000000;CHEMONTID:0004707;CHEMONTID:0000278;CHEMONTID:0002449,Organic compounds;Organic nitrogen compounds;Organonitrogen compounds;Amines
18540,Carboxylic acid derivatives,0.99,CHEMONTID:0001093,4,CHEMONTID:0000265,CHEMONTID:0000000;CHEMONTID:0000264;CHEMONTID:0000265;CHEMONTID:0001093,Organic compounds;Organic acids and derivatives;Carboxylic acids and derivatives;Carboxylic acid derivatives
12789,Imidazoles,0.8,CHEMONTID:0000078,4,CHEMONTID:0000436,CHEMONTID:0000000;CHEMONTID:0000002;CHEMONTID:0000436;CHEMONTID:0000078,Organic compounds;Organoheterocyclic compounds;Azoles;Imidazoles
11429,Carbonyl compounds,0.93,CHEMONTID:0001831,4,CHEMONTID:0000323,CHEMONTID:0000000;CHEMONTID:0004603;CHEMONTID:0000323;CHEMONTID:0001831,Organic compounds;Organic oxygen compounds;Organooxygen compounds;Carbonyl compounds
9998,Carboxylic acid derivatives,0.95,CHEMONTID:0001093,4,CHEMONTID:0000265,CHEMONTID:0000000;CHEMONTID:0000264;CHEMONTID:0000265;CHEMONTID:0001093,Organic compounds;Organic acids and derivatives;Carboxylic acids and derivatives;Carboxylic acid derivatives
13740,Carboxylic acid derivatives,0.99,CHEMONTID:0001093,4,CHEMONTID:0000265,CHEMONTID:0000000;CHEMONTID:0000264;CHEMONTID:0000265;CHEMONTID:0001093,Organic compounds;Organic acids and derivatives;Carboxylic acids and derivatives;Carboxylic acid derivatives
5222,Secondary alcohols,0.99,CHEMONTID:0001661,5,CHEMONTID:0000129,CHEMONTID:0000000;CHEMONTID:0004603;CHEMONTID:0000323;CHEMONTID:0000129;CHEMONTID:0001661,Organic compounds;Organic oxygen compounds;Organooxygen compounds;Alcohols and polyols;Secondary alcohols
2959,Amines,0.99,CHEMONTID:0002449,4,CHEMONTID:0000278,CHEMONTID:0000000;CHEMONTID:0004707;CHEMONTID:0000278;CHEMONTID:0002449,Organic compounds;Organic nitrogen compounds;Organonitrogen compounds;Amines
10945,Ethers,0.85,CHEMONTID:0000254,4,CHEMONTID:0000323,CHEMONTID:0000000;CHEMONTID:0004603;CHEMONTID:0000323;CHEMONTID:0000254,Organic compounds;Organic oxygen compounds;Organooxygen compounds;Ethers
11299,Carbonyl compounds,0.82,CHEMONTID:0001831,4,CHEMONTID:0000323,CHEMONTID:0000000;CHEMONTID:0004603;CHEMONTID:0000323;CHEMONTID:0001831,Organic compounds;Organic oxygen compounds;Organooxygen compounds;Carbonyl compounds
5950,Pyrimidines and pyrimidine derivatives,0.99,CHEMONTID:0000075,4,CHEMONTID:0001346,CHEMONTID:0000000;CHEMONTID:0000002;CHEMONTID:0001346;CHEMONTID:0000075,Organic compounds;Organoheterocyclic compounds;Diazines;Pyrimidines and pyrimidine derivatives
14714,Alkyl phosphates,0.94,CHEMONTID:0003457,5,CHEMONTID:0000408,CHEMONTID:0000000;CHEMONTID:0000264;CHEMONTID:0000402;CHEMONTID:0000408;CHEMONTID:0003457,Organic compounds;Organic acids and derivatives;Organic phosphoric acids and derivatives;Phosphate esters;Alkyl phosphates
7283,Alcohols and polyols,0.94,CHEMONTID:0000129,4,CHEMONTID:0000323,CHEMONTID:0000000;CHEMONTID:0004603;CHEMONTID:0000323;CHEMONTID:0000129,Organic compounds;Organic oxygen compounds;Organooxygen compounds;Alcohols and polyols
15198,Aralkylamines,0.97,CHEMONTID:0003899,5,CHEMONTID:0002449,CHEMONTID:0000000;CHEMONTID:0004707;CHEMONTID:0000278;CHEMONTID:0002449;CHEMONTID:0003899,Organic compounds;Organic nitrogen compounds;Organonitrogen compounds;Amines;Aralkylamines
11739,N-acyl-alpha amino acids and derivatives,1,CHEMONTID:0001189,7,CHEMONTID:0000060,CHEMONTID:0000000;CHEMONTID:0000264;CHEMONTID:0000265;CHEMONTID:0000013;CHEMONTID:0000347;CHEMONTID:0000060;CHEMONTID:0001189,"Organic compounds;Organic acids and derivatives;Carboxylic acids and derivatives;Amino acids, peptides, and analogues;Amino acids and derivatives;Alpha amino acids and derivatives;N-acyl-alpha amino acids and derivatives"
12846,Carbonyl compounds,0.87,CHEMONTID:0001831,4,CHEMONTID:0000323,CHEMONTID:0000000;CHEMONTID:0004603;CHEMONTID:0000323;CHEMONTID:0001831,Organic compounds;Organic oxygen compounds;Organooxygen compounds;Carbonyl compounds
10278,Carbonyl compounds,0.97,CHEMONTID:0001831,4,CHEMONTID:0000323,CHEMONTID:0000000;CHEMONTID:0004603;CHEMONTID:0000323;CHEMONTID:0001831,Organic compounds;Organic oxygen compounds;Organooxygen compounds;Carbonyl compounds
4004,Phosphate esters,1,CHEMONTID:0000408,4,CHEMONTID:0000402,CHEMONTID:0000000;CHEMONTID:0000264;CHEMONTID:0000402;CHEMONTID:0000408,Organic compounds;Organic acids and derivatives;Organic phosphoric acids and derivatives;Phosphate esters
10370,Monosaccharide phosphates,1,CHEMONTID:0001541,6,CHEMONTID:0001540,CHEMONTID:0000000;CHEMONTID:0004603;CHEMONTID:0000323;CHEMONTID:0000011;CHEMONTID:0001540;CHEMONTID:0001541,Organic compounds;Organic oxygen compounds;Organooxygen compounds;Carbohydrates and carbohydrate conjugates;Monosaccharides;Monosaccharide phosphates
17474,Alcohols and polyols,1,CHEMONTID:0000129,4,CHEMONTID:0000323,CHEMONTID:0000000;CHEMONTID:0004603;CHEMONTID:0000323;CHEMONTID:0000129,Organic compounds;Organic oxygen compounds;Organooxygen compounds;Alcohols and polyols
18882,Amines,0.92,CHEMONTID:0002449,4,CHEMONTID:0000278,CHEMONTID:0000000;CHEMONTID:0004707;CHEMONTID:0000278;CHEMONTID:0002449,Organic compounds;Organic nitrogen compounds;Organonitrogen compounds;Amines
11924,Carbonyl compounds,0.92,CHEMONTID:0001831,4,CHEMONTID:0000323,CHEMONTID:0000000;CHEMONTID:0004603;CHEMONTID:0000323;CHEMONTID:0001831,Organic compounds;Organic oxygen compounds;Organooxygen compounds;Carbonyl compounds
10012,Carbonyl compounds,0.91,CHEMONTID:0001831,4,CHEMONTID:0000323,CHEMONTID:0000000;CHEMONTID:0004603;CHEMONTID:0000323;CHEMONTID:0001831,Organic compounds;Organic oxygen compounds;Organooxygen compounds;Carbonyl compounds
8676,Ethers,0.91,CHEMONTID:0000254,4,CHEMONTID:0000323,CHEMONTID:0000000;CHEMONTID:0004603;CHEMONTID:0000323;CHEMONTID:0000254,Organic compounds;Organic oxygen compounds;Organooxygen compounds;Ethers
15316,Amino acids and derivatives,0.85,CHEMONTID:0000347,5,CHEMONTID:0000013,CHEMONTID:0000000;CHEMONTID:0000264;CHEMONTID:0000265;CHEMONTID:0000013;CHEMONTID:0000347,"Organic compounds;Organic acids and derivatives;Carboxylic acids and derivatives;Amino acids, peptides, and analogues;Amino acids and derivatives"
1601,Dialkyl ethers,0.94,CHEMONTID:0001167,5,CHEMONTID:0000254,CHEMONTID:0000000;CHEMONTID:0004603;CHEMONTID:0000323;CHEMONTID:0000254;CHEMONTID:0001167,Organic compounds;Organic oxygen compounds;Organooxygen compounds;Ethers;Dialkyl ethers
17073,Carboximidamides,0.96,CHEMONTID:0003152,4,CHEMONTID:0000278,CHEMONTID:0000000;CHEMONTID:0004707;CHEMONTID:0000278;CHEMONTID:0003152,Organic compounds;Organic nitrogen compounds;Organonitrogen compounds;Carboximidamides
12476,Carbonyl compounds,0.94,CHEMONTID:0001831,4,CHEMONTID:0000323,CHEMONTID:0000000;CHEMONTID:0004603;CHEMONTID:0000323;CHEMONTID:0001831,Organic compounds;Organic oxygen compounds;Organooxygen compounds;Carbonyl compounds
11700,Carbonyl compounds,0.9,CHEMONTID:0001831,4,CHEMONTID:0000323,CHEMONTID:0000000;CHEMONTID:0004603;CHEMONTID:0000323;CHEMONTID:0001831,Organic compounds;Organic oxygen compounds;Organooxygen compounds;Carbonyl compounds
14261,Phenethylamines,0.92,CHEMONTID:0000186,4,CHEMONTID:0002279,CHEMONTID:0000000;CHEMONTID:0002448;CHEMONTID:0002279;CHEMONTID:0000186,Organic compounds;Benzenoids;Benzene and substituted derivatives;Phenethylamines
13515,Aralkylamines,0.82,CHEMONTID:0003899,5,CHEMONTID:0002449,CHEMONTID:0000000;CHEMONTID:0004707;CHEMONTID:0000278;CHEMONTID:0002449;CHEMONTID:0003899,Organic compounds;Organic nitrogen compounds;Organonitrogen compounds;Amines;Aralkylamines
3143,Carbonyl compounds,0.99,CHEMONTID:0001831,4,CHEMONTID:0000323,CHEMONTID:0000000;CHEMONTID:0004603;CHEMONTID:0000323;CHEMONTID:0001831,Organic compounds;Organic oxygen compounds;Organooxygen compounds;Carbonyl compounds
9277,Purines and purine derivatives,0.99,CHEMONTID:0000245,4,CHEMONTID:0001797,CHEMONTID:0000000;CHEMONTID:0000002;CHEMONTID:0001797;CHEMONTID:0000245,Organic compounds;Organoheterocyclic compounds;Imidazopyrimidines;Purines and purine derivatives
11124,Carboxylic acid derivatives,0.97,CHEMONTID:0001093,4,CHEMONTID:0000265,CHEMONTID:0000000;CHEMONTID:0000264;CHEMONTID:0000265;CHEMONTID:0001093,Organic compounds;Organic acids and derivatives;Carboxylic acids and derivatives;Carboxylic acid derivatives
10861,Amines,0.91,CHEMONTID:0002449,4,CHEMONTID:0000278,CHEMONTID:0000000;CHEMONTID:0004707;CHEMONTID:0000278;CHEMONTID:0002449,Organic compounds;Organic nitrogen compounds;Organonitrogen compounds;Amines
510,Guanidines,0.88,CHEMONTID:0000375,4,CHEMONTID:0000278,CHEMONTID:0000000;CHEMONTID:0004707;CHEMONTID:0000278;CHEMONTID:0000375,Organic compounds;Organic nitrogen compounds;Organonitrogen compounds;Guanidines
14668,Carboxylic acids,0.93,CHEMONTID:0001205,4,CHEMONTID:0000265,CHEMONTID:0000000;CHEMONTID:0000264;CHEMONTID:0000265;CHEMONTID:0001205,Organic compounds;Organic acids and derivatives;Carboxylic acids and derivatives;Carboxylic acids
5986,Imidazoles,0.84,CHEMONTID:0000078,4,CHEMONTID:0000436,CHEMONTID:0000000;CHEMONTID:0000002;CHEMONTID:0000436;CHEMONTID:0000078,Organic compounds;Organoheterocyclic compounds;Azoles;Imidazoles
16331,Carboxylic acid derivatives,0.95,CHEMONTID:0001093,4,CHEMONTID:0000265,CHEMONTID:0000000;CHEMONTID:0000264;CHEMONTID:0000265;CHEMONTID:0001093,Organic compounds;Organic acids and derivatives;Carboxylic acids and derivatives;Carboxylic acid derivatives
14015,6-aminopurines,0.99,CHEMONTID:0002987,5,CHEMONTID:0000245,CHEMONTID:0000000;CHEMONTID:0000002;CHEMONTID:0001797;CHEMONTID:0000245;CHEMONTID:0002987,Organic compounds;Organoheterocyclic compounds;Imidazopyrimidines;Purines and purine derivatives;6-aminopurines
18277,Monoalkylamines,1,CHEMONTID:0000469,6,CHEMONTID:0002450,CHEMONTID:0000000;CHEMONTID:0004707;CHEMONTID:0000278;CHEMONTID:0002449;CHEMONTID:0002450;CHEMONTID:0000469,Organic compounds;Organic nitrogen compounds;Organonitrogen compounds;Amines;Primary amines;Monoalkylamines
7308,Alcohols and polyols,1,CHEMONTID:0000129,4,CHEMONTID:0000323,CHEMONTID:0000000;CHEMONTID:0004603;CHEMONTID:0000323;CHEMONTID:0000129,Organic compounds;Organic oxygen compounds;Organooxygen compounds;Alcohols and polyols
1107,Trialkylamines,0.92,CHEMONTID:0002239,6,CHEMONTID:0002452,CHEMONTID:0000000;CHEMONTID:0004707;CHEMONTID:0000278;CHEMONTID:0002449;CHEMONTID:0002452;CHEMONTID:0002239,Organic compounds;Organic nitrogen compounds;Organonitrogen compounds;Amines;Tertiary amines;Trialkylamines
14674,Amino acids and derivatives,0.94,CHEMONTID:0000347,5,CHEMONTID:0000013,CHEMONTID:0000000;CHEMONTID:0000264;CHEMONTID:0000265;CHEMONTID:0000013;CHEMONTID:0000347,"Organic compounds;Organic acids and derivatives;Carboxylic acids and derivatives;Amino acids, peptides, and analogues;Amino acids and derivatives"
3314,Carboxylic acid derivatives,0.99,CHEMONTID:0001093,4,CHEMONTID:0000265,CHEMONTID:0000000;CHEMONTID:0000264;CHEMONTID:0000265;CHEMONTID:0001093,Organic compounds;Organic acids and derivatives;Carboxylic acids and derivatives;Carboxylic acid derivatives
6110,Primary amines,0.89,CHEMONTID:0002450,5,CHEMONTID:0002449,CHEMONTID:0000000;CHEMONTID:0004707;CHEMONTID:0000278;CHEMONTID:0002449;CHEMONTID:0002450,Organic compounds;Organic nitrogen compounds;Organonitrogen compounds;Amines;Primary amines
12969,Carbonyl compounds,0.8,CHEMONTID:0001831,4,CHEMONTID:0000323,CHEMONTID:0000000;CHEMONTID:0004603;CHEMONTID:0000323;CHEMONTID:0001831,Organic compounds;Organic oxygen compounds;Organooxygen compounds;Carbonyl compounds
13646,Carbonyl compounds,0.98,CHEMONTID:0001831,4,CHEMONTID:0000323,CHEMONTID:0000000;CHEMONTID:0004603;CHEMONTID:0000323;CHEMONTID:0001831,Organic compounds;Organic oxygen compounds;Organooxygen compounds;Carbonyl compounds
15695,Phosphate esters,0.98,CHEMONTID:0000408,4,CHEMONTID:0000402,CHEMONTID:0000000;CHEMONTID:0000264;CHEMONTID:0000402;CHEMONTID:0000408,Organic compounds;Organic acids and derivatives;Organic phosphoric acids and derivatives;Phosphate esters
6988,Ethers,0.92,CHEMONTID:0000254,4,CHEMONTID:0000323,CHEMONTID:0000000;CHEMONTID:0004603;CHEMONTID:0000323;CHEMONTID:0000254,Organic compounds;Organic oxygen compounds;Organooxygen compounds;Ethers
13509,Carbonyl compounds,0.88,CHEMONTID:0001831,4,CHEMONTID:0000323,CHEMONTID:0000000;CHEMONTID:0004603;CHEMONTID:0000323;CHEMONTID:0001831,Organic compounds;Organic oxygen compounds;Organooxygen compounds;Carbonyl compounds
6503,Secondary alcohols,0.89,CHEMONTID:0001661,5,CHEMONTID:0000129,CHEMONTID:0000000;CHEMONTID:0004603;CHEMONTID:0000323;CHEMONTID:0000129;CHEMONTID:0001661,Organic compounds;Organic oxygen compounds;Organooxygen compounds;Alcohols and polyols;Secondary alcohols
12897,Carbonyl compounds,0.95,CHEMONTID:0001831,4,CHEMONTID:0000323,CHEMONTID:0000000;CHEMONTID:0004603;CHEMONTID:0000323;CHEMONTID:0001831,Organic compounds;Organic oxygen compounds;Organooxygen compounds;Carbonyl compounds
12111,Imidazoles,1,CHEMONTID:0000078,4,CHEMONTID:0000436,CHEMONTID:0000000;CHEMONTID:0000002;CHEMONTID:0000436;CHEMONTID:0000078,Organic compounds;Organoheterocyclic compounds;Azoles;Imidazoles
14193,Guanidines,0.92,CHEMONTID:0000375,4,CHEMONTID:0000278,CHEMONTID:0000000;CHEMONTID:0004707;CHEMONTID:0000278;CHEMONTID:0000375,Organic compounds;Organic nitrogen compounds;Organonitrogen compounds;Guanidines
1854,"Amino acids, peptides, and analogues",0.98,CHEMONTID:0000013,4,CHEMONTID:0000265,CHEMONTID:0000000;CHEMONTID:0000264;CHEMONTID:0000265;CHEMONTID:0000013,"Organic compounds;Organic acids and derivatives;Carboxylic acids and derivatives;Amino acids, peptides, and analogues"
16326,Alkyl phosphates,1,CHEMONTID:0003457,5,CHEMONTID:0000408,CHEMONTID:0000000;CHEMONTID:0000264;CHEMONTID:0000402;CHEMONTID:0000408;CHEMONTID:0003457,Organic compounds;Organic acids and derivatives;Organic phosphoric acids and derivatives;Phosphate esters;Alkyl phosphates
730,Carbonyl compounds,0.92,CHEMONTID:0001831,4,CHEMONTID:0000323,CHEMONTID:0000000;CHEMONTID:0004603;CHEMONTID:0000323;CHEMONTID:0001831,Organic compounds;Organic oxygen compounds;Organooxygen compounds;Carbonyl compounds
301,Monoalkylamines,0.99,CHEMONTID:0000469,6,CHEMONTID:0002450,CHEMONTID:0000000;CHEMONTID:0004707;CHEMONTID:0000278;CHEMONTID:0002449;CHEMONTID:0002450;CHEMONTID:0000469,Organic compounds;Organic nitrogen compounds;Organonitrogen compounds;Amines;Primary amines;Monoalkylamines
4698,Carbonyl compounds,0.89,CHEMONTID:0001831,4,CHEMONTID:0000323,CHEMONTID:0000000;CHEMONTID:0004603;CHEMONTID:0000323;CHEMONTID:0001831,Organic compounds;Organic oxygen compounds;Organooxygen compounds;Carbonyl compounds
17080,Amines,0.88,CHEMONTID:0002449,4,CHEMONTID:0000278,CHEMONTID:0000000;CHEMONTID:0004707;CHEMONTID:0000278;CHEMONTID:0002449,Organic compounds;Organic nitrogen compounds;Organonitrogen compounds;Amines
8885,Carbonyl compounds,0.82,CHEMONTID:0001831,4,CHEMONTID:0000323,CHEMONTID:0000000;CHEMONTID:0004603;CHEMONTID:0000323;CHEMONTID:0001831,Organic compounds;Organic oxygen compounds;Organooxygen compounds;Carbonyl compounds
9966,Carbonyl compounds,0.85,CHEMONTID:0001831,4,CHEMONTID:0000323,CHEMONTID:0000000;CHEMONTID:0004603;CHEMONTID:0000323;CHEMONTID:0001831,Organic compounds;Organic oxygen compounds;Organooxygen compounds;Carbonyl compounds
12651,Carbonyl compounds,0.86,CHEMONTID:0001831,4,CHEMONTID:0000323,CHEMONTID:0000000;CHEMONTID:0004603;CHEMONTID:0000323;CHEMONTID:0001831,Organic compounds;Organic oxygen compounds;Organooxygen compounds;Carbonyl compounds
8162,Amines,0.82,CHEMONTID:0002449,4,CHEMONTID:0000278,CHEMONTID:0000000;CHEMONTID:0004707;CHEMONTID:0000278;CHEMONTID:0002449,Organic compounds;Organic nitrogen compounds;Organonitrogen compounds;Amines
6872,"Amino acids, peptides, and analogues",0.98,CHEMONTID:0000013,4,CHEMONTID:0000265,CHEMONTID:0000000;CHEMONTID:0000264;CHEMONTID:0000265;CHEMONTID:0000013,"Organic compounds;Organic acids and derivatives;Carboxylic acids and derivatives;Amino acids, peptides, and analogues"
14708,Amino acids and derivatives,0.99,CHEMONTID:0000347,5,CHEMONTID:0000013,CHEMONTID:0000000;CHEMONTID:0000264;CHEMONTID:0000265;CHEMONTID:0000013;CHEMONTID:0000347,"Organic compounds;Organic acids and derivatives;Carboxylic acids and derivatives;Amino acids, peptides, and analogues;Amino acids and derivatives"
8415,Primary amines,0.88,CHEMONTID:0002450,5,CHEMONTID:0002449,CHEMONTID:0000000;CHEMONTID:0004707;CHEMONTID:0000278;CHEMONTID:0002449;CHEMONTID:0002450,Organic compounds;Organic nitrogen compounds;Organonitrogen compounds;Amines;Primary amines
11115,Carboximidamides,0.92,CHEMONTID:0003152,4,CHEMONTID:0000278,CHEMONTID:0000000;CHEMONTID:0004707;CHEMONTID:0000278;CHEMONTID:0003152,Organic compounds;Organic nitrogen compounds;Organonitrogen compounds;Carboximidamides
2240,Alcohols and polyols,0.93,CHEMONTID:0000129,4,CHEMONTID:0000323,CHEMONTID:0000000;CHEMONTID:0004603;CHEMONTID:0000323;CHEMONTID:0000129,Organic compounds;Organic oxygen compounds;Organooxygen compounds;Alcohols and polyols
11293,Alkyl phosphates,1,CHEMONTID:0003457,5,CHEMONTID:0000408,CHEMONTID:0000000;CHEMONTID:0000264;CHEMONTID:0000402;CHEMONTID:0000408;CHEMONTID:0003457,Organic compounds;Organic acids and derivatives;Organic phosphoric acids and derivatives;Phosphate esters;Alkyl phosphates
8498,Carboxylic acid derivatives,1,CHEMONTID:0001093,4,CHEMONTID:0000265,CHEMONTID:0000000;CHEMONTID:0000264;CHEMONTID:0000265;CHEMONTID:0001093,Organic compounds;Organic acids and derivatives;Carboxylic acids and derivatives;Carboxylic acid derivatives
8559,Trialkylamines,1,CHEMONTID:0002239,6,CHEMONTID:0002452,CHEMONTID:0000000;CHEMONTID:0004707;CHEMONTID:0000278;CHEMONTID:0002449;CHEMONTID:0002452;CHEMONTID:0002239,Organic compounds;Organic nitrogen compounds;Organonitrogen compounds;Amines;Tertiary amines;Trialkylamines
3030,Carbonyl compounds,0.96,CHEMONTID:0001831,4,CHEMONTID:0000323,CHEMONTID:0000000;CHEMONTID:0004603;CHEMONTID:0000323;CHEMONTID:0001831,Organic compounds;Organic oxygen compounds;Organooxygen compounds;Carbonyl compounds
11312,Dialkyl peroxides,0.97,CHEMONTID:0003951,5,CHEMONTID:0000414,CHEMONTID:0000000;CHEMONTID:0004603;CHEMONTID:0003940;CHEMONTID:0000414;CHEMONTID:0003951,Organic compounds;Organic oxygen compounds;Organic oxides;Organic peroxides;Dialkyl peroxides
19958,Carbonyl compounds,0.92,CHEMONTID:0001831,4,CHEMONTID:0000323,CHEMONTID:0000000;CHEMONTID:0004603;CHEMONTID:0000323;CHEMONTID:0001831,Organic compounds;Organic oxygen compounds;Organooxygen compounds;Carbonyl compounds
4390,Monoalkylamines,0.99,CHEMONTID:0000469,6,CHEMONTID:0002450,CHEMONTID:0000000;CHEMONTID:0004707;CHEMONTID:0000278;CHEMONTID:0002449;CHEMONTID:0002450;CHEMONTID:0000469,Organic compounds;Organic nitrogen compounds;Organonitrogen compounds;Amines;Primary amines;Monoalkylamines
16931,Carbonyl compounds,0.99,CHEMONTID:0001831,4,CHEMONTID:0000323,CHEMONTID:0000000;CHEMONTID:0004603;CHEMONTID:0000323;CHEMONTID:0001831,Organic compounds;Organic oxygen compounds;Organooxygen compounds;Carbonyl compounds
5875,Alcohols and polyols,0.8,CHEMONTID:0000129,4,CHEMONTID:0000323,CHEMONTID:0000000;CHEMONTID:0004603;CHEMONTID:0000323;CHEMONTID:0000129,Organic compounds;Organic oxygen compounds;Organooxygen compounds;Alcohols and polyols
17919,Carbonyl compounds,0.97,CHEMONTID:0001831,4,CHEMONTID:0000323,CHEMONTID:0000000;CHEMONTID:0004603;CHEMONTID:0000323;CHEMONTID:0001831,Organic compounds;Organic oxygen compounds;Organooxygen compounds;Carbonyl compounds
2991,Trialkylamines,0.89,CHEMONTID:0002239,6,CHEMONTID:0002452,CHEMONTID:0000000;CHEMONTID:0004707;CHEMONTID:0000278;CHEMONTID:0002449;CHEMONTID:0002452;CHEMONTID:0002239,Organic compounds;Organic nitrogen compounds;Organonitrogen compounds;Amines;Tertiary amines;Trialkylamines
11434,Alcohols and polyols,0.92,CHEMONTID:0000129,4,CHEMONTID:0000323,CHEMONTID:0000000;CHEMONTID:0004603;CHEMONTID:0000323;CHEMONTID:0000129,Organic compounds;Organic oxygen compounds;Organooxygen compounds;Alcohols and polyols
15570,Carbonyl compounds,1,CHEMONTID:0001831,4,CHEMONTID:0000323,CHEMONTID:0000000;CHEMONTID:0004603;CHEMONTID:0000323;CHEMONTID:0001831,Organic compounds;Organic oxygen compounds;Organooxygen compounds;Carbonyl compounds
2619,Amines,0.99,CHEMONTID:0002449,4,CHEMONTID:0000278,CHEMONTID:0000000;CHEMONTID:0004707;CHEMONTID:0000278;CHEMONTID:0002449,Organic compounds;Organic nitrogen compounds;Organonitrogen compounds;Amines
3564,Alkyl phosphates,0.83,CHEMONTID:0003457,5,CHEMONTID:0000408,CHEMONTID:0000000;CHEMONTID:0000264;CHEMONTID:0000402;CHEMONTID:0000408;CHEMONTID:0003457,Organic compounds;Organic acids and derivatives;Organic phosphoric acids and derivatives;Phosphate esters;Alkyl phosphates
2302,Carboxylic acid derivatives,0.99,CHEMONTID:0001093,4,CHEMONTID:0000265,CHEMONTID:0000000;CHEMONTID:0000264;CHEMONTID:0000265;CHEMONTID:0001093,Organic compounds;Organic acids and derivatives;Carboxylic acids and derivatives;Carboxylic acid derivatives
2208,Carboxylic acid derivatives,0.97,CHEMONTID:0001093,4,CHEMONTID:0000265,CHEMONTID:0000000;CHEMONTID:0000264;CHEMONTID:0000265;CHEMONTID:0001093,Organic compounds;Organic acids and derivatives;Carboxylic acids and derivatives;Carboxylic acid derivatives
120,Pyrimidines and pyrimidine derivatives,0.84,CHEMONTID:0000075,4,CHEMONTID:0001346,CHEMONTID:0000000;CHEMONTID:0000002;CHEMONTID:0001346;CHEMONTID:0000075,Organic compounds;Organoheterocyclic compounds;Diazines;Pyrimidines and pyrimidine derivatives
10442,Carbonyl compounds,0.93,CHEMONTID:0001831,4,CHEMONTID:0000323,CHEMONTID:0000000;CHEMONTID:0004603;CHEMONTID:0000323;CHEMONTID:0001831,Organic compounds;Organic oxygen compounds;Organooxygen compounds;Carbonyl compounds
17973,Carboxylic acid derivatives,0.92,CHEMONTID:0001093,4,CHEMONTID:0000265,CHEMONTID:0000000;CHEMONTID:0000264;CHEMONTID:0000265;CHEMONTID:0001093,Organic compounds;Organic acids and derivatives;Carboxylic acids and derivatives;Carboxylic acid derivatives
3375,Dialkyl ethers,0.93,CHEMONTID:0001167,5,CHEMONTID:0000254,CHEMONTID:0000000;CHEMONTID:0004603;CHEMONTID:0000323;CHEMONTID:0000254;CHEMONTID:0001167,Organic compounds;Organic oxygen compounds;Organooxygen compounds;Ethers;Dialkyl ethers
15364,Amines,0.94,CHEMONTID:0002449,4,CHEMONTID:0000278,CHEMONTID:0000000;CHEMONTID:0004707;CHEMONTID:0000278;CHEMONTID:0002449,Organic compounds;Organic nitrogen compounds;Organonitrogen compounds;Amines
5409,Carboxylic acid derivatives,0.99,CHEMONTID:0001093,4,CHEMONTID:0000265,CHEMONTID:0000000;CHEMONTID:0000264;CHEMONTID:0000265;CHEMONTID:0001093,Organic compounds;Organic acids and derivatives;Carboxylic acids and derivatives;Carboxylic acid derivatives
20081,Carbonyl compounds,0.84,CHEMONTID:0001831,4,CHEMONTID:0000323,CHEMONTID:0000000;CHEMONTID:0004603;CHEMONTID:0000323;CHEMONTID:0001831,Organic compounds;Organic oxygen compounds;Organooxygen compounds;Carbonyl compounds
20195,Carbonyl compounds,0.85,CHEMONTID:0001831,4,CHEMONTID:0000323,CHEMONTID:0000000;CHEMONTID:0004603;CHEMONTID:0000323;CHEMONTID:0001831,Organic compounds;Organic oxygen compounds;Organooxygen compounds;Carbonyl compounds
4318,Monocarboxylic acids and derivatives,0.85,CHEMONTID:0001137,4,CHEMONTID:0000265,CHEMONTID:0000000;CHEMONTID:0000264;CHEMONTID:0000265;CHEMONTID:0001137,Organic compounds;Organic acids and derivatives;Carboxylic acids and derivatives;Monocarboxylic acids and derivatives
2101,Monoalkylamines,0.98,CHEMONTID:0000469,6,CHEMONTID:0002450,CHEMONTID:0000000;CHEMONTID:0004707;CHEMONTID:0000278;CHEMONTID:0002449;CHEMONTID:0002450;CHEMONTID:0000469,Organic compounds;Organic nitrogen compounds;Organonitrogen compounds;Amines;Primary amines;Monoalkylamines
5649,Primary amines,0.96,CHEMONTID:0002450,5,CHEMONTID:0002449,CHEMONTID:0000000;CHEMONTID:0004707;CHEMONTID:0000278;CHEMONTID:0002449;CHEMONTID:0002450,Organic compounds;Organic nitrogen compounds;Organonitrogen compounds;Amines;Primary amines
1626,Alcohols and polyols,0.81,CHEMONTID:0000129,4,CHEMONTID:0000323,CHEMONTID:0000000;CHEMONTID:0004603;CHEMONTID:0000323;CHEMONTID:0000129,Organic compounds;Organic oxygen compounds;Organooxygen compounds;Alcohols and polyols
19605,Monoalkylamines,1,CHEMONTID:0000469,6,CHEMONTID:0002450,CHEMONTID:0000000;CHEMONTID:0004707;CHEMONTID:0000278;CHEMONTID:0002449;CHEMONTID:0002450;CHEMONTID:0000469,Organic compounds;Organic nitrogen compounds;Organonitrogen compounds;Amines;Primary amines;Monoalkylamines
5418,Carbonyl compounds,0.8,CHEMONTID:0001831,4,CHEMONTID:0000323,CHEMONTID:0000000;CHEMONTID:0004603;CHEMONTID:0000323;CHEMONTID:0001831,Organic compounds;Organic oxygen compounds;Organooxygen compounds;Carbonyl compounds
4325,Carboxylic acid derivatives,0.91,CHEMONTID:0001093,4,CHEMONTID:0000265,CHEMONTID:0000000;CHEMONTID:0000264;CHEMONTID:0000265;CHEMONTID:0001093,Organic compounds;Organic acids and derivatives;Carboxylic acids and derivatives;Carboxylic acid derivatives
8018,Carbonyl compounds,0.89,CHEMONTID:0001831,4,CHEMONTID:0000323,CHEMONTID:0000000;CHEMONTID:0004603;CHEMONTID:0000323;CHEMONTID:0001831,Organic compounds;Organic oxygen compounds;Organooxygen compounds;Carbonyl compounds
14353,Carbonyl compounds,1,CHEMONTID:0001831,4,CHEMONTID:0000323,CHEMONTID:0000000;CHEMONTID:0004603;CHEMONTID:0000323;CHEMONTID:0001831,Organic compounds;Organic oxygen compounds;Organooxygen compounds;Carbonyl compounds
19698,Ethers,0.98,CHEMONTID:0000254,4,CHEMONTID:0000323,CHEMONTID:0000000;CHEMONTID:0004603;CHEMONTID:0000323;CHEMONTID:0000254,Organic compounds;Organic oxygen compounds;Organooxygen compounds;Ethers
16925,Amines,0.84,CHEMONTID:0002449,4,CHEMONTID:0000278,CHEMONTID:0000000;CHEMONTID:0004707;CHEMONTID:0000278;CHEMONTID:0002449,Organic compounds;Organic nitrogen compounds;Organonitrogen compounds;Amines
11475,Carbonyl compounds,0.94,CHEMONTID:0001831,4,CHEMONTID:0000323,CHEMONTID:0000000;CHEMONTID:0004603;CHEMONTID:0000323;CHEMONTID:0001831,Organic compounds;Organic oxygen compounds;Organooxygen compounds;Carbonyl compounds
17563,Monocarboxylic acids and derivatives,0.83,CHEMONTID:0001137,4,CHEMONTID:0000265,CHEMONTID:0000000;CHEMONTID:0000264;CHEMONTID:0000265;CHEMONTID:0001137,Organic compounds;Organic acids and derivatives;Carboxylic acids and derivatives;Monocarboxylic acids and derivatives
15955,Amines,0.86,CHEMONTID:0002449,4,CHEMONTID:0000278,CHEMONTID:0000000;CHEMONTID:0004707;CHEMONTID:0000278;CHEMONTID:0002449,Organic compounds;Organic nitrogen compounds;Organonitrogen compounds;Amines
1303,Monoalkylamines,0.94,CHEMONTID:0000469,6,CHEMONTID:0002450,CHEMONTID:0000000;CHEMONTID:0004707;CHEMONTID:0000278;CHEMONTID:0002449;CHEMONTID:0002450;CHEMONTID:0000469,Organic compounds;Organic nitrogen compounds;Organonitrogen compounds;Amines;Primary amines;Monoalkylamines
18212,Monoalkylamines,0.99,CHEMONTID:0000469,6,CHEMONTID:0002450,CHEMONTID:0000000;CHEMONTID:0004707;CHEMONTID:0000278;CHEMONTID:0002449;CHEMONTID:0002450;CHEMONTID:0000469,Organic compounds;Organic nitrogen compounds;Organonitrogen compounds;Amines;Primary amines;Monoalkylamines
1713,"1,2-aminoalcohols",0.97,CHEMONTID:0001897,6,CHEMONTID:0002460,CHEMONTID:0000000;CHEMONTID:0004707;CHEMONTID:0000278;CHEMONTID:0002449;CHEMONTID:0002460;CHEMONTID:0001897,"Organic compounds;Organic nitrogen compounds;Organonitrogen compounds;Amines;Alkanolamines;1,2-aminoalcohols"
10986,Ethers,0.82,CHEMONTID:0000254,4,CHEMONTID:0000323,CHEMONTID:0000000;CHEMONTID:0004603;CHEMONTID:0000323;CHEMONTID:0000254,Organic compounds;Organic oxygen compounds;Organooxygen compounds;Ethers
1877,Phosphate esters,1,CHEMONTID:0000408,4,CHEMONTID:0000402,CHEMONTID:0000000;CHEMONTID:0000264;CHEMONTID:0000402;CHEMONTID:0000408,Organic compounds;Organic acids and derivatives;Organic phosphoric acids and derivatives;Phosphate esters
518,Amines,0.96,CHEMONTID:0002449,4,CHEMONTID:0000278,CHEMONTID:0000000;CHEMONTID:0004707;CHEMONTID:0000278;CHEMONTID:0002449,Organic compounds;Organic nitrogen compounds;Organonitrogen compounds;Amines
6143,Primary amines,0.98,CHEMONTID:0002450,5,CHEMONTID:0002449,CHEMONTID:0000000;CHEMONTID:0004707;CHEMONTID:0000278;CHEMONTID:0002449;CHEMONTID:0002450,Organic compounds;Organic nitrogen compounds;Organonitrogen compounds;Amines;Primary amines
9439,Monoalkylamines,1,CHEMONTID:0000469,6,CHEMONTID:0002450,CHEMONTID:0000000;CHEMONTID:0004707;CHEMONTID:0000278;CHEMONTID:0002449;CHEMONTID:0002450;CHEMONTID:0000469,Organic compounds;Organic nitrogen compounds;Organonitrogen compounds;Amines;Primary amines;Monoalkylamines
15495,Amino acids and derivatives,0.93,CHEMONTID:0000347,5,CHEMONTID:0000013,CHEMONTID:0000000;CHEMONTID:0000264;CHEMONTID:0000265;CHEMONTID:0000013;CHEMONTID:0000347,"Organic compounds;Organic acids and derivatives;Carboxylic acids and derivatives;Amino acids, peptides, and analogues;Amino acids and derivatives"
3021,Carbonyl compounds,0.91,CHEMONTID:0001831,4,CHEMONTID:0000323,CHEMONTID:0000000;CHEMONTID:0004603;CHEMONTID:0000323;CHEMONTID:0001831,Organic compounds;Organic oxygen compounds;Organooxygen compounds;Carbonyl compounds
15823,Monoalkylamines,0.87,CHEMONTID:0000469,6,CHEMONTID:0002450,CHEMONTID:0000000;CHEMONTID:0004707;CHEMONTID:0000278;CHEMONTID:0002449;CHEMONTID:0002450;CHEMONTID:0000469,Organic compounds;Organic nitrogen compounds;Organonitrogen compounds;Amines;Primary amines;Monoalkylamines
8818,Dicarboxylic acids and derivatives,0.8,CHEMONTID:0000346,4,CHEMONTID:0000265,CHEMONTID:0000000;CHEMONTID:0000264;CHEMONTID:0000265;CHEMONTID:0000346,Organic compounds;Organic acids and derivatives;Carboxylic acids and derivatives;Dicarboxylic acids and derivatives
11730,Carbohydrates and carbohydrate conjugates,1,CHEMONTID:0000011,4,CHEMONTID:0000323,CHEMONTID:0000000;CHEMONTID:0004603;CHEMONTID:0000323;CHEMONTID:0000011,Organic compounds;Organic oxygen compounds;Organooxygen compounds;Carbohydrates and carbohydrate conjugates
18788,Amines,0.97,CHEMONTID:0002449,4,CHEMONTID:0000278,CHEMONTID:0000000;CHEMONTID:0004707;CHEMONTID:0000278;CHEMONTID:0002449,Organic compounds;Organic nitrogen compounds;Organonitrogen compounds;Amines
16577,Dialkyl ethers,0.98,CHEMONTID:0001167,5,CHEMONTID:0000254,CHEMONTID:0000000;CHEMONTID:0004603;CHEMONTID:0000323;CHEMONTID:0000254;CHEMONTID:0001167,Organic compounds;Organic oxygen compounds;Organooxygen compounds;Ethers;Dialkyl ethers
349,Fatty acids and conjugates,0.94,CHEMONTID:0000262,4,CHEMONTID:0003909,CHEMONTID:0000000;CHEMONTID:0000012;CHEMONTID:0003909;CHEMONTID:0000262,Organic compounds;Lipids and lipid-like molecules;Fatty Acyls;Fatty acids and conjugates
1114,Dialkyl phosphates,1,CHEMONTID:0003459,6,CHEMONTID:0003457,CHEMONTID:0000000;CHEMONTID:0000264;CHEMONTID:0000402;CHEMONTID:0000408;CHEMONTID:0003457;CHEMONTID:0003459,Organic compounds;Organic acids and derivatives;Organic phosphoric acids and derivatives;Phosphate esters;Alkyl phosphates;Dialkyl phosphates
13426,Carbonyl compounds,0.99,CHEMONTID:0001831,4,CHEMONTID:0000323,CHEMONTID:0000000;CHEMONTID:0004603;CHEMONTID:0000323;CHEMONTID:0001831,Organic compounds;Organic oxygen compounds;Organooxygen compounds;Carbonyl compounds
1407,Carbonyl compounds,0.94,CHEMONTID:0001831,4,CHEMONTID:0000323,CHEMONTID:0000000;CHEMONTID:0004603;CHEMONTID:0000323;CHEMONTID:0001831,Organic compounds;Organic oxygen compounds;Organooxygen compounds;Carbonyl compounds
15248,Furazans,0.83,CHEMONTID:0002056,5,CHEMONTID:0001822,CHEMONTID:0000000;CHEMONTID:0000002;CHEMONTID:0000436;CHEMONTID:0001822;CHEMONTID:0002056,Organic compounds;Organoheterocyclic compounds;Azoles;Oxadiazoles;Furazans
15015,Alcohols and polyols,0.8,CHEMONTID:0000129,4,CHEMONTID:0000323,CHEMONTID:0000000;CHEMONTID:0004603;CHEMONTID:0000323;CHEMONTID:0000129,Organic compounds;Organic oxygen compounds;Organooxygen compounds;Alcohols and polyols
666,Guanidines,0.94,CHEMONTID:0000375,4,CHEMONTID:0000278,CHEMONTID:0000000;CHEMONTID:0004707;CHEMONTID:0000278;CHEMONTID:0000375,Organic compounds;Organic nitrogen compounds;Organonitrogen compounds;Guanidines
9473,"Amino acids, peptides, and analogues",1,CHEMONTID:0000013,4,CHEMONTID:0000265,CHEMONTID:0000000;CHEMONTID:0000264;CHEMONTID:0000265;CHEMONTID:0000013,"Organic compounds;Organic acids and derivatives;Carboxylic acids and derivatives;Amino acids, peptides, and analogues"
8894,Long-chain fatty acids,0.83,CHEMONTID:0002949,5,CHEMONTID:0000262,CHEMONTID:0000000;CHEMONTID:0000012;CHEMONTID:0003909;CHEMONTID:0000262;CHEMONTID:0002949,Organic compounds;Lipids and lipid-like molecules;Fatty Acyls;Fatty acids and conjugates;Long-chain fatty acids
17318,Alkanolamines,0.86,CHEMONTID:0002460,5,CHEMONTID:0002449,CHEMONTID:0000000;CHEMONTID:0004707;CHEMONTID:0000278;CHEMONTID:0002449;CHEMONTID:0002460,Organic compounds;Organic nitrogen compounds;Organonitrogen compounds;Amines;Alkanolamines
3305,Guanidines,0.96,CHEMONTID:0000375,4,CHEMONTID:0000278,CHEMONTID:0000000;CHEMONTID:0004707;CHEMONTID:0000278;CHEMONTID:0000375,Organic compounds;Organic nitrogen compounds;Organonitrogen compounds;Guanidines
14546,Carboxylic acid derivatives,0.91,CHEMONTID:0001093,4,CHEMONTID:0000265,CHEMONTID:0000000;CHEMONTID:0000264;CHEMONTID:0000265;CHEMONTID:0001093,Organic compounds;Organic acids and derivatives;Carboxylic acids and derivatives;Carboxylic acid derivatives
15039,Guanidines,0.99,CHEMONTID:0000375,4,CHEMONTID:0000278,CHEMONTID:0000000;CHEMONTID:0004707;CHEMONTID:0000278;CHEMONTID:0000375,Organic compounds;Organic nitrogen compounds;Organonitrogen compounds;Guanidines
19918,Primary amines,0.99,CHEMONTID:0002450,5,CHEMONTID:0002449,CHEMONTID:0000000;CHEMONTID:0004707;CHEMONTID:0000278;CHEMONTID:0002449;CHEMONTID:0002450,Organic compounds;Organic nitrogen compounds;Organonitrogen compounds;Amines;Primary amines
6813,Alcohols and polyols,0.87,CHEMONTID:0000129,4,CHEMONTID:0000323,CHEMONTID:0000000;CHEMONTID:0004603;CHEMONTID:0000323;CHEMONTID:0000129,Organic compounds;Organic oxygen compounds;Organooxygen compounds;Alcohols and polyols
11914,Carbonyl compounds,0.96,CHEMONTID:0001831,4,CHEMONTID:0000323,CHEMONTID:0000000;CHEMONTID:0004603;CHEMONTID:0000323;CHEMONTID:0001831,Organic compounds;Organic oxygen compounds;Organooxygen compounds;Carbonyl compounds
1845,Carbonyl compounds,0.88,CHEMONTID:0001831,4,CHEMONTID:0000323,CHEMONTID:0000000;CHEMONTID:0004603;CHEMONTID:0000323;CHEMONTID:0001831,Organic compounds;Organic oxygen compounds;Organooxygen compounds;Carbonyl compounds
2139,Carbonyl compounds,0.97,CHEMONTID:0001831,4,CHEMONTID:0000323,CHEMONTID:0000000;CHEMONTID:0004603;CHEMONTID:0000323;CHEMONTID:0001831,Organic compounds;Organic oxygen compounds;Organooxygen compounds;Carbonyl compounds
748,Primary amines,0.98,CHEMONTID:0002450,5,CHEMONTID:0002449,CHEMONTID:0000000;CHEMONTID:0004707;CHEMONTID:0000278;CHEMONTID:0002449;CHEMONTID:0002450,Organic compounds;Organic nitrogen compounds;Organonitrogen compounds;Amines;Primary amines
17860,Primary amines,0.98,CHEMONTID:0002450,5,CHEMONTID:0002449,CHEMONTID:0000000;CHEMONTID:0004707;CHEMONTID:0000278;CHEMONTID:0002449;CHEMONTID:0002450,Organic compounds;Organic nitrogen compounds;Organonitrogen compounds;Amines;Primary amines
11917,Amines,0.9,CHEMONTID:0002449,4,CHEMONTID:0000278,CHEMONTID:0000000;CHEMONTID:0004707;CHEMONTID:0000278;CHEMONTID:0002449,Organic compounds;Organic nitrogen compounds;Organonitrogen compounds;Amines
20063,Monoalkylamines,0.96,CHEMONTID:0000469,6,CHEMONTID:0002450,CHEMONTID:0000000;CHEMONTID:0004707;CHEMONTID:0000278;CHEMONTID:0002449;CHEMONTID:0002450;CHEMONTID:0000469,Organic compounds;Organic nitrogen compounds;Organonitrogen compounds;Amines;Primary amines;Monoalkylamines
1623,Benzoyl derivatives,0.97,CHEMONTID:0000321,4,CHEMONTID:0002279,CHEMONTID:0000000;CHEMONTID:0002448;CHEMONTID:0002279;CHEMONTID:0000321,Organic compounds;Benzenoids;Benzene and substituted derivatives;Benzoyl derivatives
20622,Alcohols and polyols,1,CHEMONTID:0000129,4,CHEMONTID:0000323,CHEMONTID:0000000;CHEMONTID:0004603;CHEMONTID:0000323;CHEMONTID:0000129,Organic compounds;Organic oxygen compounds;Organooxygen compounds;Alcohols and polyols
8603,Amines,0.96,CHEMONTID:0002449,4,CHEMONTID:0000278,CHEMONTID:0000000;CHEMONTID:0004707;CHEMONTID:0000278;CHEMONTID:0002449,Organic compounds;Organic nitrogen compounds;Organonitrogen compounds;Amines
2782,"Amino acids, peptides, and analogues",0.93,CHEMONTID:0000013,4,CHEMONTID:0000265,CHEMONTID:0000000;CHEMONTID:0000264;CHEMONTID:0000265;CHEMONTID:0000013,"Organic compounds;Organic acids and derivatives;Carboxylic acids and derivatives;Amino acids, peptides, and analogues"
16952,Monoalkylamines,1,CHEMONTID:0000469,6,CHEMONTID:0002450,CHEMONTID:0000000;CHEMONTID:0004707;CHEMONTID:0000278;CHEMONTID:0002449;CHEMONTID:0002450;CHEMONTID:0000469,Organic compounds;Organic nitrogen compounds;Organonitrogen compounds;Amines;Primary amines;Monoalkylamines
12721,Monoalkylamines,0.92,CHEMONTID:0000469,6,CHEMONTID:0002450,CHEMONTID:0000000;CHEMONTID:0004707;CHEMONTID:0000278;CHEMONTID:0002449;CHEMONTID:0002450;CHEMONTID:0000469,Organic compounds;Organic nitrogen compounds;Organonitrogen compounds;Amines;Primary amines;Monoalkylamines
15979,Trialkylamines,0.98,CHEMONTID:0002239,6,CHEMONTID:0002452,CHEMONTID:0000000;CHEMONTID:0004707;CHEMONTID:0000278;CHEMONTID:0002449;CHEMONTID:0002452;CHEMONTID:0002239,Organic compounds;Organic nitrogen compounds;Organonitrogen compounds;Amines;Tertiary amines;Trialkylamines
18170,Carbonyl compounds,0.83,CHEMONTID:0001831,4,CHEMONTID:0000323,CHEMONTID:0000000;CHEMONTID:0004603;CHEMONTID:0000323;CHEMONTID:0001831,Organic compounds;Organic oxygen compounds;Organooxygen compounds;Carbonyl compounds
4223,Carboxylic acid derivatives,0.96,CHEMONTID:0001093,4,CHEMONTID:0000265,CHEMONTID:0000000;CHEMONTID:0000264;CHEMONTID:0000265;CHEMONTID:0001093,Organic compounds;Organic acids and derivatives;Carboxylic acids and derivatives;Carboxylic acid derivatives
10057,Amines,0.99,CHEMONTID:0002449,4,CHEMONTID:0000278,CHEMONTID:0000000;CHEMONTID:0004707;CHEMONTID:0000278;CHEMONTID:0002449,Organic compounds;Organic nitrogen compounds;Organonitrogen compounds;Amines
8801,Secondary alcohols,0.89,CHEMONTID:0001661,5,CHEMONTID:0000129,CHEMONTID:0000000;CHEMONTID:0004603;CHEMONTID:0000323;CHEMONTID:0000129;CHEMONTID:0001661,Organic compounds;Organic oxygen compounds;Organooxygen compounds;Alcohols and polyols;Secondary alcohols
2323,Carbonyl compounds,0.92,CHEMONTID:0001831,4,CHEMONTID:0000323,CHEMONTID:0000000;CHEMONTID:0004603;CHEMONTID:0000323;CHEMONTID:0001831,Organic compounds;Organic oxygen compounds;Organooxygen compounds;Carbonyl compounds
16050,Monoalkylamines,0.95,CHEMONTID:0000469,6,CHEMONTID:0002450,CHEMONTID:0000000;CHEMONTID:0004707;CHEMONTID:0000278;CHEMONTID:0002449;CHEMONTID:0002450;CHEMONTID:0000469,Organic compounds;Organic nitrogen compounds;Organonitrogen compounds;Amines;Primary amines;Monoalkylamines
15861,Amines,0.95,CHEMONTID:0002449,4,CHEMONTID:0000278,CHEMONTID:0000000;CHEMONTID:0004707;CHEMONTID:0000278;CHEMONTID:0002449,Organic compounds;Organic nitrogen compounds;Organonitrogen compounds;Amines
10772,Carbonyl compounds,0.87,CHEMONTID:0001831,4,CHEMONTID:0000323,CHEMONTID:0000000;CHEMONTID:0004603;CHEMONTID:0000323;CHEMONTID:0001831,Organic compounds;Organic oxygen compounds;Organooxygen compounds;Carbonyl compounds
7245,Carbonyl compounds,0.8,CHEMONTID:0001831,4,CHEMONTID:0000323,CHEMONTID:0000000;CHEMONTID:0004603;CHEMONTID:0000323;CHEMONTID:0001831,Organic compounds;Organic oxygen compounds;Organooxygen compounds;Carbonyl compounds
6980,Carbonyl compounds,0.94,CHEMONTID:0001831,4,CHEMONTID:0000323,CHEMONTID:0000000;CHEMONTID:0004603;CHEMONTID:0000323;CHEMONTID:0001831,Organic compounds;Organic oxygen compounds;Organooxygen compounds;Carbonyl compounds
13311,Carboxylic acid derivatives,0.98,CHEMONTID:0001093,4,CHEMONTID:0000265,CHEMONTID:0000000;CHEMONTID:0000264;CHEMONTID:0000265;CHEMONTID:0001093,Organic compounds;Organic acids and derivatives;Carboxylic acids and derivatives;Carboxylic acid derivatives
6301,Carboxylic acid derivatives,0.95,CHEMONTID:0001093,4,CHEMONTID:0000265,CHEMONTID:0000000;CHEMONTID:0000264;CHEMONTID:0000265;CHEMONTID:0001093,Organic compounds;Organic acids and derivatives;Carboxylic acids and derivatives;Carboxylic acid derivatives
13117,Amines,0.94,CHEMONTID:0002449,4,CHEMONTID:0000278,CHEMONTID:0000000;CHEMONTID:0004707;CHEMONTID:0000278;CHEMONTID:0002449,Organic compounds;Organic nitrogen compounds;Organonitrogen compounds;Amines
9064,Alcohols and polyols,1,CHEMONTID:0000129,4,CHEMONTID:0000323,CHEMONTID:0000000;CHEMONTID:0004603;CHEMONTID:0000323;CHEMONTID:0000129,Organic compounds;Organic oxygen compounds;Organooxygen compounds;Alcohols and polyols
20486,Alcohols and polyols,1,CHEMONTID:0000129,4,CHEMONTID:0000323,CHEMONTID:0000000;CHEMONTID:0004603;CHEMONTID:0000323;CHEMONTID:0000129,Organic compounds;Organic oxygen compounds;Organooxygen compounds;Alcohols and polyols
9249,Carbonyl compounds,0.93,CHEMONTID:0001831,4,CHEMONTID:0000323,CHEMONTID:0000000;CHEMONTID:0004603;CHEMONTID:0000323;CHEMONTID:0001831,Organic compounds;Organic oxygen compounds;Organooxygen compounds;Carbonyl compounds
2395,Carbonyl compounds,0.93,CHEMONTID:0001831,4,CHEMONTID:0000323,CHEMONTID:0000000;CHEMONTID:0004603;CHEMONTID:0000323;CHEMONTID:0001831,Organic compounds;Organic oxygen compounds;Organooxygen compounds;Carbonyl compounds
4476,Carbonyl compounds,0.87,CHEMONTID:0001831,4,CHEMONTID:0000323,CHEMONTID:0000000;CHEMONTID:0004603;CHEMONTID:0000323;CHEMONTID:0001831,Organic compounds;Organic oxygen compounds;Organooxygen compounds;Carbonyl compounds
12231,Amines,0.98,CHEMONTID:0002449,4,CHEMONTID:0000278,CHEMONTID:0000000;CHEMONTID:0004707;CHEMONTID:0000278;CHEMONTID:0002449,Organic compounds;Organic nitrogen compounds;Organonitrogen compounds;Amines
15301,Carbonyl compounds,0.84,CHEMONTID:0001831,4,CHEMONTID:0000323,CHEMONTID:0000000;CHEMONTID:0004603;CHEMONTID:0000323;CHEMONTID:0001831,Organic compounds;Organic oxygen compounds;Organooxygen compounds;Carbonyl compounds
12081,Carbonyl compounds,0.89,CHEMONTID:0001831,4,CHEMONTID:0000323,CHEMONTID:0000000;CHEMONTID:0004603;CHEMONTID:0000323;CHEMONTID:0001831,Organic compounds;Organic oxygen compounds;Organooxygen compounds;Carbonyl compounds
7749,Carbonyl compounds,0.91,CHEMONTID:0001831,4,CHEMONTID:0000323,CHEMONTID:0000000;CHEMONTID:0004603;CHEMONTID:0000323;CHEMONTID:0001831,Organic compounds;Organic oxygen compounds;Organooxygen compounds;Carbonyl compounds
6707,Amines,1,CHEMONTID:0002449,4,CHEMONTID:0000278,CHEMONTID:0000000;CHEMONTID:0004707;CHEMONTID:0000278;CHEMONTID:0002449,Organic compounds;Organic nitrogen compounds;Organonitrogen compounds;Amines
802,Ethers,0.96,CHEMONTID:0000254,4,CHEMONTID:0000323,CHEMONTID:0000000;CHEMONTID:0004603;CHEMONTID:0000323;CHEMONTID:0000254,Organic compounds;Organic oxygen compounds;Organooxygen compounds;Ethers
9677,Amines,0.8,CHEMONTID:0002449,4,CHEMONTID:0000278,CHEMONTID:0000000;CHEMONTID:0004707;CHEMONTID:0000278;CHEMONTID:0002449,Organic compounds;Organic nitrogen compounds;Organonitrogen compounds;Amines
14069,Methyl esters,0.97,CHEMONTID:0003416,6,CHEMONTID:0001238,CHEMONTID:0000000;CHEMONTID:0000264;CHEMONTID:0000265;CHEMONTID:0001093;CHEMONTID:0001238;CHEMONTID:0003416,Organic compounds;Organic acids and derivatives;Carboxylic acids and derivatives;Carboxylic acid derivatives;Carboxylic acid esters;Methyl esters
11955,Monoalkylamines,0.99,CHEMONTID:0000469,6,CHEMONTID:0002450,CHEMONTID:0000000;CHEMONTID:0004707;CHEMONTID:0000278;CHEMONTID:0002449;CHEMONTID:0002450;CHEMONTID:0000469,Organic compounds;Organic nitrogen compounds;Organonitrogen compounds;Amines;Primary amines;Monoalkylamines
10900,Carbonyl compounds,0.94,CHEMONTID:0001831,4,CHEMONTID:0000323,CHEMONTID:0000000;CHEMONTID:0004603;CHEMONTID:0000323;CHEMONTID:0001831,Organic compounds;Organic oxygen compounds;Organooxygen compounds;Carbonyl compounds
3203,Amines,0.94,CHEMONTID:0002449,4,CHEMONTID:0000278,CHEMONTID:0000000;CHEMONTID:0004707;CHEMONTID:0000278;CHEMONTID:0002449,Organic compounds;Organic nitrogen compounds;Organonitrogen compounds;Amines
818,Amines,0.99,CHEMONTID:0002449,4,CHEMONTID:0000278,CHEMONTID:0000000;CHEMONTID:0004707;CHEMONTID:0000278;CHEMONTID:0002449,Organic compounds;Organic nitrogen compounds;Organonitrogen compounds;Amines
20022,Glycosyl compounds,1,CHEMONTID:0002105,5,CHEMONTID:0000011,CHEMONTID:0000000;CHEMONTID:0004603;CHEMONTID:0000323;CHEMONTID:0000011;CHEMONTID:0002105,Organic compounds;Organic oxygen compounds;Organooxygen compounds;Carbohydrates and carbohydrate conjugates;Glycosyl compounds
4892,Alcohols and polyols,0.92,CHEMONTID:0000129,4,CHEMONTID:0000323,CHEMONTID:0000000;CHEMONTID:0004603;CHEMONTID:0000323;CHEMONTID:0000129,Organic compounds;Organic oxygen compounds;Organooxygen compounds;Alcohols and polyols
7315,Phosphate esters,0.98,CHEMONTID:0000408,4,CHEMONTID:0000402,CHEMONTID:0000000;CHEMONTID:0000264;CHEMONTID:0000402;CHEMONTID:0000408,Organic compounds;Organic acids and derivatives;Organic phosphoric acids and derivatives;Phosphate esters
8332,Amines,0.97,CHEMONTID:0002449,4,CHEMONTID:0000278,CHEMONTID:0000000;CHEMONTID:0004707;CHEMONTID:0000278;CHEMONTID:0002449,Organic compounds;Organic nitrogen compounds;Organonitrogen compounds;Amines
5683,Carbonyl compounds,0.89,CHEMONTID:0001831,4,CHEMONTID:0000323,CHEMONTID:0000000;CHEMONTID:0004603;CHEMONTID:0000323;CHEMONTID:0001831,Organic compounds;Organic oxygen compounds;Organooxygen compounds;Carbonyl compounds
9838,Carbonyl compounds,0.97,CHEMONTID:0001831,4,CHEMONTID:0000323,CHEMONTID:0000000;CHEMONTID:0004603;CHEMONTID:0000323;CHEMONTID:0001831,Organic compounds;Organic oxygen compounds;Organooxygen compounds;Carbonyl compounds
11053,Carbonyl compounds,0.83,CHEMONTID:0001831,4,CHEMONTID:0000323,CHEMONTID:0000000;CHEMONTID:0004603;CHEMONTID:0000323;CHEMONTID:0001831,Organic compounds;Organic oxygen compounds;Organooxygen compounds;Carbonyl compounds
300,Ethers,1,CHEMONTID:0000254,4,CHEMONTID:0000323,CHEMONTID:0000000;CHEMONTID:0004603;CHEMONTID:0000323;CHEMONTID:0000254,Organic compounds;Organic oxygen compounds;Organooxygen compounds;Ethers
5047,Amines,0.99,CHEMONTID:0002449,4,CHEMONTID:0000278,CHEMONTID:0000000;CHEMONTID:0004707;CHEMONTID:0000278;CHEMONTID:0002449,Organic compounds;Organic nitrogen compounds;Organonitrogen compounds;Amines
7304,Amines,0.98,CHEMONTID:0002449,4,CHEMONTID:0000278,CHEMONTID:0000000;CHEMONTID:0004707;CHEMONTID:0000278;CHEMONTID:0002449,Organic compounds;Organic nitrogen compounds;Organonitrogen compounds;Amines
7890,Alcohols and polyols,0.97,CHEMONTID:0000129,4,CHEMONTID:0000323,CHEMONTID:0000000;CHEMONTID:0004603;CHEMONTID:0000323;CHEMONTID:0000129,Organic compounds;Organic oxygen compounds;Organooxygen compounds;Alcohols and polyols
14470,Alcohols and polyols,1,CHEMONTID:0000129,4,CHEMONTID:0000323,CHEMONTID:0000000;CHEMONTID:0004603;CHEMONTID:0000323;CHEMONTID:0000129,Organic compounds;Organic oxygen compounds;Organooxygen compounds;Alcohols and polyols
3212,Fatty acids and conjugates,0.97,CHEMONTID:0000262,4,CHEMONTID:0003909,CHEMONTID:0000000;CHEMONTID:0000012;CHEMONTID:0003909;CHEMONTID:0000262,Organic compounds;Lipids and lipid-like molecules;Fatty Acyls;Fatty acids and conjugates
12150,Carboxylic acid derivatives,0.92,CHEMONTID:0001093,4,CHEMONTID:0000265,CHEMONTID:0000000;CHEMONTID:0000264;CHEMONTID:0000265;CHEMONTID:0001093,Organic compounds;Organic acids and derivatives;Carboxylic acids and derivatives;Carboxylic acid derivatives
8790,Dialkyl ethers,0.93,CHEMONTID:0001167,5,CHEMONTID:0000254,CHEMONTID:0000000;CHEMONTID:0004603;CHEMONTID:0000323;CHEMONTID:0000254;CHEMONTID:0001167,Organic compounds;Organic oxygen compounds;Organooxygen compounds;Ethers;Dialkyl ethers
13815,Carboxylic acid derivatives,0.85,CHEMONTID:0001093,4,CHEMONTID:0000265,CHEMONTID:0000000;CHEMONTID:0000264;CHEMONTID:0000265;CHEMONTID:0001093,Organic compounds;Organic acids and derivatives;Carboxylic acids and derivatives;Carboxylic acid derivatives
12146,Carbonyl compounds,0.86,CHEMONTID:0001831,4,CHEMONTID:0000323,CHEMONTID:0000000;CHEMONTID:0004603;CHEMONTID:0000323;CHEMONTID:0001831,Organic compounds;Organic oxygen compounds;Organooxygen compounds;Carbonyl compounds
2436,Amines,1,CHEMONTID:0002449,4,CHEMONTID:0000278,CHEMONTID:0000000;CHEMONTID:0004707;CHEMONTID:0000278;CHEMONTID:0002449,Organic compounds;Organic nitrogen compounds;Organonitrogen compounds;Amines
14466,Carbonyl compounds,0.8,CHEMONTID:0001831,4,CHEMONTID:0000323,CHEMONTID:0000000;CHEMONTID:0004603;CHEMONTID:0000323;CHEMONTID:0001831,Organic compounds;Organic oxygen compounds;Organooxygen compounds;Carbonyl compounds
6893,Pyrimidines and pyrimidine derivatives,0.99,CHEMONTID:0000075,4,CHEMONTID:0001346,CHEMONTID:0000000;CHEMONTID:0000002;CHEMONTID:0001346;CHEMONTID:0000075,Organic compounds;Organoheterocyclic compounds;Diazines;Pyrimidines and pyrimidine derivatives
11959,Dialkyl ethers,0.8,CHEMONTID:0001167,5,CHEMONTID:0000254,CHEMONTID:0000000;CHEMONTID:0004603;CHEMONTID:0000323;CHEMONTID:0000254;CHEMONTID:0001167,Organic compounds;Organic oxygen compounds;Organooxygen compounds;Ethers;Dialkyl ethers
667,Amines,0.91,CHEMONTID:0002449,4,CHEMONTID:0000278,CHEMONTID:0000000;CHEMONTID:0004707;CHEMONTID:0000278;CHEMONTID:0002449,Organic compounds;Organic nitrogen compounds;Organonitrogen compounds;Amines
8889,Carbonyl compounds,0.89,CHEMONTID:0001831,4,CHEMONTID:0000323,CHEMONTID:0000000;CHEMONTID:0004603;CHEMONTID:0000323;CHEMONTID:0001831,Organic compounds;Organic oxygen compounds;Organooxygen compounds;Carbonyl compounds
15348,Alcohols and polyols,1,CHEMONTID:0000129,4,CHEMONTID:0000323,CHEMONTID:0000000;CHEMONTID:0004603;CHEMONTID:0000323;CHEMONTID:0000129,Organic compounds;Organic oxygen compounds;Organooxygen compounds;Alcohols and polyols
4572,Glycosylamines,0.94,CHEMONTID:0002203,6,CHEMONTID:0002105,CHEMONTID:0000000;CHEMONTID:0004603;CHEMONTID:0000323;CHEMONTID:0000011;CHEMONTID:0002105;CHEMONTID:0002203,Organic compounds;Organic oxygen compounds;Organooxygen compounds;Carbohydrates and carbohydrate conjugates;Glycosyl compounds;Glycosylamines
11330,Primary amines,0.86,CHEMONTID:0002450,5,CHEMONTID:0002449,CHEMONTID:0000000;CHEMONTID:0004707;CHEMONTID:0000278;CHEMONTID:0002449;CHEMONTID:0002450,Organic compounds;Organic nitrogen compounds;Organonitrogen compounds;Amines;Primary amines
8585,Dicarboxylic acids and derivatives,0.89,CHEMONTID:0000346,4,CHEMONTID:0000265,CHEMONTID:0000000;CHEMONTID:0000264;CHEMONTID:0000265;CHEMONTID:0000346,Organic compounds;Organic acids and derivatives;Carboxylic acids and derivatives;Dicarboxylic acids and derivatives
18641,Carbonyl compounds,0.98,CHEMONTID:0001831,4,CHEMONTID:0000323,CHEMONTID:0000000;CHEMONTID:0004603;CHEMONTID:0000323;CHEMONTID:0001831,Organic compounds;Organic oxygen compounds;Organooxygen compounds;Carbonyl compounds
9075,Monoalkylamines,1,CHEMONTID:0000469,6,CHEMONTID:0002450,CHEMONTID:0000000;CHEMONTID:0004707;CHEMONTID:0000278;CHEMONTID:0002449;CHEMONTID:0002450;CHEMONTID:0000469,Organic compounds;Organic nitrogen compounds;Organonitrogen compounds;Amines;Primary amines;Monoalkylamines
16243,Carboxylic acid derivatives,1,CHEMONTID:0001093,4,CHEMONTID:0000265,CHEMONTID:0000000;CHEMONTID:0000264;CHEMONTID:0000265;CHEMONTID:0001093,Organic compounds;Organic acids and derivatives;Carboxylic acids and derivatives;Carboxylic acid derivatives
9133,N-acyl amines,0.95,CHEMONTID:0001096,5,CHEMONTID:0000331,CHEMONTID:0000000;CHEMONTID:0000012;CHEMONTID:0003909;CHEMONTID:0000331;CHEMONTID:0001096,Organic compounds;Lipids and lipid-like molecules;Fatty Acyls;Fatty amides;N-acyl amines
15753,Carbonyl compounds,0.85,CHEMONTID:0001831,4,CHEMONTID:0000323,CHEMONTID:0000000;CHEMONTID:0004603;CHEMONTID:0000323;CHEMONTID:0001831,Organic compounds;Organic oxygen compounds;Organooxygen compounds;Carbonyl compounds
16044,Alcohols and polyols,0.94,CHEMONTID:0000129,4,CHEMONTID:0000323,CHEMONTID:0000000;CHEMONTID:0004603;CHEMONTID:0000323;CHEMONTID:0000129,Organic compounds;Organic oxygen compounds;Organooxygen compounds;Alcohols and polyols
2793,Carbonyl compounds,0.86,CHEMONTID:0001831,4,CHEMONTID:0000323,CHEMONTID:0000000;CHEMONTID:0004603;CHEMONTID:0000323;CHEMONTID:0001831,Organic compounds;Organic oxygen compounds;Organooxygen compounds;Carbonyl compounds
4339,Alcohols and polyols,0.93,CHEMONTID:0000129,4,CHEMONTID:0000323,CHEMONTID:0000000;CHEMONTID:0004603;CHEMONTID:0000323;CHEMONTID:0000129,Organic compounds;Organic oxygen compounds;Organooxygen compounds;Alcohols and polyols
8169,Carboxylic acid derivatives,0.97,CHEMONTID:0001093,4,CHEMONTID:0000265,CHEMONTID:0000000;CHEMONTID:0000264;CHEMONTID:0000265;CHEMONTID:0001093,Organic compounds;Organic acids and derivatives;Carboxylic acids and derivatives;Carboxylic acid derivatives
8089,Carboxylic acid derivatives,0.85,CHEMONTID:0001093,4,CHEMONTID:0000265,CHEMONTID:0000000;CHEMONTID:0000264;CHEMONTID:0000265;CHEMONTID:0001093,Organic compounds;Organic acids and derivatives;Carboxylic acids and derivatives;Carboxylic acid derivatives
12582,Carbonyl compounds,0.9,CHEMONTID:0001831,4,CHEMONTID:0000323,CHEMONTID:0000000;CHEMONTID:0004603;CHEMONTID:0000323;CHEMONTID:0001831,Organic compounds;Organic oxygen compounds;Organooxygen compounds;Carbonyl compounds
17623,Dialkyl ethers,0.95,CHEMONTID:0001167,5,CHEMONTID:0000254,CHEMONTID:0000000;CHEMONTID:0004603;CHEMONTID:0000323;CHEMONTID:0000254;CHEMONTID:0001167,Organic compounds;Organic oxygen compounds;Organooxygen compounds;Ethers;Dialkyl ethers
11829,Amines,0.82,CHEMONTID:0002449,4,CHEMONTID:0000278,CHEMONTID:0000000;CHEMONTID:0004707;CHEMONTID:0000278;CHEMONTID:0002449,Organic compounds;Organic nitrogen compounds;Organonitrogen compounds;Amines
6,Primary carboxylic acid amides,0.95,CHEMONTID:0001662,6,CHEMONTID:0000475,CHEMONTID:0000000;CHEMONTID:0000264;CHEMONTID:0000265;CHEMONTID:0001093;CHEMONTID:0000475;CHEMONTID:0001662,Organic compounds;Organic acids and derivatives;Carboxylic acids and derivatives;Carboxylic acid derivatives;Carboxylic acid amides;Primary carboxylic acid amides
15745,Monoalkylamines,0.96,CHEMONTID:0000469,6,CHEMONTID:0002450,CHEMONTID:0000000;CHEMONTID:0004707;CHEMONTID:0000278;CHEMONTID:0002449;CHEMONTID:0002450;CHEMONTID:0000469,Organic compounds;Organic nitrogen compounds;Organonitrogen compounds;Amines;Primary amines;Monoalkylamines
17467,Monoalkylamines,0.94,CHEMONTID:0000469,6,CHEMONTID:0002450,CHEMONTID:0000000;CHEMONTID:0004707;CHEMONTID:0000278;CHEMONTID:0002449;CHEMONTID:0002450;CHEMONTID:0000469,Organic compounds;Organic nitrogen compounds;Organonitrogen compounds;Amines;Primary amines;Monoalkylamines
986,Amines,0.89,CHEMONTID:0002449,4,CHEMONTID:0000278,CHEMONTID:0000000;CHEMONTID:0004707;CHEMONTID:0000278;CHEMONTID:0002449,Organic compounds;Organic nitrogen compounds;Organonitrogen compounds;Amines
13702,Amines,0.93,CHEMONTID:0002449,4,CHEMONTID:0000278,CHEMONTID:0000000;CHEMONTID:0004707;CHEMONTID:0000278;CHEMONTID:0002449,Organic compounds;Organic nitrogen compounds;Organonitrogen compounds;Amines
416,Alcohols and polyols,0.88,CHEMONTID:0000129,4,CHEMONTID:0000323,CHEMONTID:0000000;CHEMONTID:0004603;CHEMONTID:0000323;CHEMONTID:0000129,Organic compounds;Organic oxygen compounds;Organooxygen compounds;Alcohols and polyols
20496,Carbonyl compounds,0.98,CHEMONTID:0001831,4,CHEMONTID:0000323,CHEMONTID:0000000;CHEMONTID:0004603;CHEMONTID:0000323;CHEMONTID:0001831,Organic compounds;Organic oxygen compounds;Organooxygen compounds;Carbonyl compounds
10702,Carbonyl compounds,0.87,CHEMONTID:0001831,4,CHEMONTID:0000323,CHEMONTID:0000000;CHEMONTID:0004603;CHEMONTID:0000323;CHEMONTID:0001831,Organic compounds;Organic oxygen compounds;Organooxygen compounds;Carbonyl compounds
5324,Organic phosphonic acids,0.95,CHEMONTID:0001302,4,CHEMONTID:0000419,CHEMONTID:0000000;CHEMONTID:0000264;CHEMONTID:0000419;CHEMONTID:0001302,Organic compounds;Organic acids and derivatives;Organic phosphonic acids and derivatives;Organic phosphonic acids
10115,Purines and purine derivatives,1,CHEMONTID:0000245,4,CHEMONTID:0001797,CHEMONTID:0000000;CHEMONTID:0000002;CHEMONTID:0001797;CHEMONTID:0000245,Organic compounds;Organoheterocyclic compounds;Imidazopyrimidines;Purines and purine derivatives
15871,Phosphate esters,0.99,CHEMONTID:0000408,4,CHEMONTID:0000402,CHEMONTID:0000000;CHEMONTID:0000264;CHEMONTID:0000402;CHEMONTID:0000408,Organic compounds;Organic acids and derivatives;Organic phosphoric acids and derivatives;Phosphate esters
10462,Carbonyl compounds,0.97,CHEMONTID:0001831,4,CHEMONTID:0000323,CHEMONTID:0000000;CHEMONTID:0004603;CHEMONTID:0000323;CHEMONTID:0001831,Organic compounds;Organic oxygen compounds;Organooxygen compounds;Carbonyl compounds
19594,Primary amines,0.99,CHEMONTID:0002450,5,CHEMONTID:0002449,CHEMONTID:0000000;CHEMONTID:0004707;CHEMONTID:0000278;CHEMONTID:0002449;CHEMONTID:0002450,Organic compounds;Organic nitrogen compounds;Organonitrogen compounds;Amines;Primary amines
6667,Alcohols and polyols,0.95,CHEMONTID:0000129,4,CHEMONTID:0000323,CHEMONTID:0000000;CHEMONTID:0004603;CHEMONTID:0000323;CHEMONTID:0000129,Organic compounds;Organic oxygen compounds;Organooxygen compounds;Alcohols and polyols
10757,Monoalkylamines,1,CHEMONTID:0000469,6,CHEMONTID:0002450,CHEMONTID:0000000;CHEMONTID:0004707;CHEMONTID:0000278;CHEMONTID:0002449;CHEMONTID:0002450;CHEMONTID:0000469,Organic compounds;Organic nitrogen compounds;Organonitrogen compounds;Amines;Primary amines;Monoalkylamines
8291,Amines,0.99,CHEMONTID:0002449,4,CHEMONTID:0000278,CHEMONTID:0000000;CHEMONTID:0004707;CHEMONTID:0000278;CHEMONTID:0002449,Organic compounds;Organic nitrogen compounds;Organonitrogen compounds;Amines
397,Carbonyl compounds,0.92,CHEMONTID:0001831,4,CHEMONTID:0000323,CHEMONTID:0000000;CHEMONTID:0004603;CHEMONTID:0000323;CHEMONTID:0001831,Organic compounds;Organic oxygen compounds;Organooxygen compounds;Carbonyl compounds
6617,Alcohols and polyols,0.84,CHEMONTID:0000129,4,CHEMONTID:0000323,CHEMONTID:0000000;CHEMONTID:0004603;CHEMONTID:0000323;CHEMONTID:0000129,Organic compounds;Organic oxygen compounds;Organooxygen compounds;Alcohols and polyols
6080,Monoalkylamines,0.98,CHEMONTID:0000469,6,CHEMONTID:0002450,CHEMONTID:0000000;CHEMONTID:0004707;CHEMONTID:0000278;CHEMONTID:0002449;CHEMONTID:0002450;CHEMONTID:0000469,Organic compounds;Organic nitrogen compounds;Organonitrogen compounds;Amines;Primary amines;Monoalkylamines
13911,Alpha amino acids and derivatives,0.99,CHEMONTID:0000060,6,CHEMONTID:0000347,CHEMONTID:0000000;CHEMONTID:0000264;CHEMONTID:0000265;CHEMONTID:0000013;CHEMONTID:0000347;CHEMONTID:0000060,"Organic compounds;Organic acids and derivatives;Carboxylic acids and derivatives;Amino acids, peptides, and analogues;Amino acids and derivatives;Alpha amino acids and derivatives"
19863,Carbonyl compounds,0.9,CHEMONTID:0001831,4,CHEMONTID:0000323,CHEMONTID:0000000;CHEMONTID:0004603;CHEMONTID:0000323;CHEMONTID:0001831,Organic compounds;Organic oxygen compounds;Organooxygen compounds;Carbonyl compounds
18538,Pyrimidines and pyrimidine derivatives,1,CHEMONTID:0000075,4,CHEMONTID:0001346,CHEMONTID:0000000;CHEMONTID:0000002;CHEMONTID:0001346;CHEMONTID:0000075,Organic compounds;Organoheterocyclic compounds;Diazines;Pyrimidines and pyrimidine derivatives
6583,Carbonyl compounds,0.96,CHEMONTID:0001831,4,CHEMONTID:0000323,CHEMONTID:0000000;CHEMONTID:0004603;CHEMONTID:0000323;CHEMONTID:0001831,Organic compounds;Organic oxygen compounds;Organooxygen compounds;Carbonyl compounds
4197,Carbonyl compounds,0.99,CHEMONTID:0001831,4,CHEMONTID:0000323,CHEMONTID:0000000;CHEMONTID:0004603;CHEMONTID:0000323;CHEMONTID:0001831,Organic compounds;Organic oxygen compounds;Organooxygen compounds;Carbonyl compounds
16942,Monocarboxylic acids and derivatives,0.87,CHEMONTID:0001137,4,CHEMONTID:0000265,CHEMONTID:0000000;CHEMONTID:0000264;CHEMONTID:0000265;CHEMONTID:0001137,Organic compounds;Organic acids and derivatives;Carboxylic acids and derivatives;Monocarboxylic acids and derivatives
15540,Amino acids and derivatives,1,CHEMONTID:0000347,5,CHEMONTID:0000013,CHEMONTID:0000000;CHEMONTID:0000264;CHEMONTID:0000265;CHEMONTID:0000013;CHEMONTID:0000347,"Organic compounds;Organic acids and derivatives;Carboxylic acids and derivatives;Amino acids, peptides, and analogues;Amino acids and derivatives"
6229,Carbonyl compounds,0.86,CHEMONTID:0001831,4,CHEMONTID:0000323,CHEMONTID:0000000;CHEMONTID:0004603;CHEMONTID:0000323;CHEMONTID:0001831,Organic compounds;Organic oxygen compounds;Organooxygen compounds;Carbonyl compounds
17456,Carbonyl compounds,0.98,CHEMONTID:0001831,4,CHEMONTID:0000323,CHEMONTID:0000000;CHEMONTID:0004603;CHEMONTID:0000323;CHEMONTID:0001831,Organic compounds;Organic oxygen compounds;Organooxygen compounds;Carbonyl compounds
13567,Amino fatty acids,0.9,CHEMONTID:0000489,5,CHEMONTID:0000262,CHEMONTID:0000000;CHEMONTID:0000012;CHEMONTID:0003909;CHEMONTID:0000262;CHEMONTID:0000489,Organic compounds;Lipids and lipid-like molecules;Fatty Acyls;Fatty acids and conjugates;Amino fatty acids
14295,Amines,0.9,CHEMONTID:0002449,4,CHEMONTID:0000278,CHEMONTID:0000000;CHEMONTID:0004707;CHEMONTID:0000278;CHEMONTID:0002449,Organic compounds;Organic nitrogen compounds;Organonitrogen compounds;Amines
8278,Ketones,0.84,CHEMONTID:0000118,5,CHEMONTID:0001831,CHEMONTID:0000000;CHEMONTID:0004603;CHEMONTID:0000323;CHEMONTID:0001831;CHEMONTID:0000118,Organic compounds;Organic oxygen compounds;Organooxygen compounds;Carbonyl compounds;Ketones
13183,Carbonyl compounds,0.98,CHEMONTID:0001831,4,CHEMONTID:0000323,CHEMONTID:0000000;CHEMONTID:0004603;CHEMONTID:0000323;CHEMONTID:0001831,Organic compounds;Organic oxygen compounds;Organooxygen compounds;Carbonyl compounds
3107,Aminoimidazoles,0.93,CHEMONTID:0001225,6,CHEMONTID:0002310,CHEMONTID:0000000;CHEMONTID:0000002;CHEMONTID:0000436;CHEMONTID:0000078;CHEMONTID:0002310;CHEMONTID:0001225,Organic compounds;Organoheterocyclic compounds;Azoles;Imidazoles;Substituted imidazoles;Aminoimidazoles
1788,Monoalkylamines,0.99,CHEMONTID:0000469,6,CHEMONTID:0002450,CHEMONTID:0000000;CHEMONTID:0004707;CHEMONTID:0000278;CHEMONTID:0002449;CHEMONTID:0002450;CHEMONTID:0000469,Organic compounds;Organic nitrogen compounds;Organonitrogen compounds;Amines;Primary amines;Monoalkylamines
8982,Secondary carboxylic acid amides,0.94,CHEMONTID:0001663,6,CHEMONTID:0000475,CHEMONTID:0000000;CHEMONTID:0000264;CHEMONTID:0000265;CHEMONTID:0001093;CHEMONTID:0000475;CHEMONTID:0001663,Organic compounds;Organic acids and derivatives;Carboxylic acids and derivatives;Carboxylic acid derivatives;Carboxylic acid amides;Secondary carboxylic acid amides
19094,Amines,1,CHEMONTID:0002449,4,CHEMONTID:0000278,CHEMONTID:0000000;CHEMONTID:0004707;CHEMONTID:0000278;CHEMONTID:0002449,Organic compounds;Organic nitrogen compounds;Organonitrogen compounds;Amines
16311,Amines,0.91,CHEMONTID:0002449,4,CHEMONTID:0000278,CHEMONTID:0000000;CHEMONTID:0004707;CHEMONTID:0000278;CHEMONTID:0002449,Organic compounds;Organic nitrogen compounds;Organonitrogen compounds;Amines
8713,Alcohols and polyols,0.91,CHEMONTID:0000129,4,CHEMONTID:0000323,CHEMONTID:0000000;CHEMONTID:0004603;CHEMONTID:0000323;CHEMONTID:0000129,Organic compounds;Organic oxygen compounds;Organooxygen compounds;Alcohols and polyols
16306,Monoalkylamines,0.99,CHEMONTID:0000469,6,CHEMONTID:0002450,CHEMONTID:0000000;CHEMONTID:0004707;CHEMONTID:0000278;CHEMONTID:0002449;CHEMONTID:0002450;CHEMONTID:0000469,Organic compounds;Organic nitrogen compounds;Organonitrogen compounds;Amines;Primary amines;Monoalkylamines
1631,Carbonyl compounds,0.91,CHEMONTID:0001831,4,CHEMONTID:0000323,CHEMONTID:0000000;CHEMONTID:0004603;CHEMONTID:0000323;CHEMONTID:0001831,Organic compounds;Organic oxygen compounds;Organooxygen compounds;Carbonyl compounds
17332,Carboxylic acid derivatives,0.95,CHEMONTID:0001093,4,CHEMONTID:0000265,CHEMONTID:0000000;CHEMONTID:0000264;CHEMONTID:0000265;CHEMONTID:0001093,Organic compounds;Organic acids and derivatives;Carboxylic acids and derivatives;Carboxylic acid derivatives
11741,Carbonyl compounds,0.92,CHEMONTID:0001831,4,CHEMONTID:0000323,CHEMONTID:0000000;CHEMONTID:0004603;CHEMONTID:0000323;CHEMONTID:0001831,Organic compounds;Organic oxygen compounds;Organooxygen compounds;Carbonyl compounds
19454,Ethers,0.91,CHEMONTID:0000254,4,CHEMONTID:0000323,CHEMONTID:0000000;CHEMONTID:0004603;CHEMONTID:0000323;CHEMONTID:0000254,Organic compounds;Organic oxygen compounds;Organooxygen compounds;Ethers
12178,Amines,0.99,CHEMONTID:0002449,4,CHEMONTID:0000278,CHEMONTID:0000000;CHEMONTID:0004707;CHEMONTID:0000278;CHEMONTID:0002449,Organic compounds;Organic nitrogen compounds;Organonitrogen compounds;Amines
16155,Primary amines,0.96,CHEMONTID:0002450,5,CHEMONTID:0002449,CHEMONTID:0000000;CHEMONTID:0004707;CHEMONTID:0000278;CHEMONTID:0002449;CHEMONTID:0002450,Organic compounds;Organic nitrogen compounds;Organonitrogen compounds;Amines;Primary amines
15005,Carbonyl compounds,0.99,CHEMONTID:0001831,4,CHEMONTID:0000323,CHEMONTID:0000000;CHEMONTID:0004603;CHEMONTID:0000323;CHEMONTID:0001831,Organic compounds;Organic oxygen compounds;Organooxygen compounds;Carbonyl compounds
19440,Carbonyl compounds,0.86,CHEMONTID:0001831,4,CHEMONTID:0000323,CHEMONTID:0000000;CHEMONTID:0004603;CHEMONTID:0000323;CHEMONTID:0001831,Organic compounds;Organic oxygen compounds;Organooxygen compounds;Carbonyl compounds
17587,Secondary alcohols,0.96,CHEMONTID:0001661,5,CHEMONTID:0000129,CHEMONTID:0000000;CHEMONTID:0004603;CHEMONTID:0000323;CHEMONTID:0000129;CHEMONTID:0001661,Organic compounds;Organic oxygen compounds;Organooxygen compounds;Alcohols and polyols;Secondary alcohols
4168,Amines,0.9,CHEMONTID:0002449,4,CHEMONTID:0000278,CHEMONTID:0000000;CHEMONTID:0004707;CHEMONTID:0000278;CHEMONTID:0002449,Organic compounds;Organic nitrogen compounds;Organonitrogen compounds;Amines
9770,Amines,0.99,CHEMONTID:0002449,4,CHEMONTID:0000278,CHEMONTID:0000000;CHEMONTID:0004707;CHEMONTID:0000278;CHEMONTID:0002449,Organic compounds;Organic nitrogen compounds;Organonitrogen compounds;Amines
3739,Monoalkylamines,0.98,CHEMONTID:0000469,6,CHEMONTID:0002450,CHEMONTID:0000000;CHEMONTID:0004707;CHEMONTID:0000278;CHEMONTID:0002449;CHEMONTID:0002450;CHEMONTID:0000469,Organic compounds;Organic nitrogen compounds;Organonitrogen compounds;Amines;Primary amines;Monoalkylamines
5013,Carbonyl compounds,0.93,CHEMONTID:0001831,4,CHEMONTID:0000323,CHEMONTID:0000000;CHEMONTID:0004603;CHEMONTID:0000323;CHEMONTID:0001831,Organic compounds;Organic oxygen compounds;Organooxygen compounds;Carbonyl compounds
6270,Carbonyl compounds,0.83,CHEMONTID:0001831,4,CHEMONTID:0000323,CHEMONTID:0000000;CHEMONTID:0004603;CHEMONTID:0000323;CHEMONTID:0001831,Organic compounds;Organic oxygen compounds;Organooxygen compounds;Carbonyl compounds
16493,Carbonyl compounds,0.96,CHEMONTID:0001831,4,CHEMONTID:0000323,CHEMONTID:0000000;CHEMONTID:0004603;CHEMONTID:0000323;CHEMONTID:0001831,Organic compounds;Organic oxygen compounds;Organooxygen compounds;Carbonyl compounds
15098,Carboxylic acid derivatives,0.98,CHEMONTID:0001093,4,CHEMONTID:0000265,CHEMONTID:0000000;CHEMONTID:0000264;CHEMONTID:0000265;CHEMONTID:0001093,Organic compounds;Organic acids and derivatives;Carboxylic acids and derivatives;Carboxylic acid derivatives
2937,Alpha amino acid amides,0.96,CHEMONTID:0002309,7,CHEMONTID:0000060,CHEMONTID:0000000;CHEMONTID:0000264;CHEMONTID:0000265;CHEMONTID:0000013;CHEMONTID:0000347;CHEMONTID:0000060;CHEMONTID:0002309,"Organic compounds;Organic acids and derivatives;Carboxylic acids and derivatives;Amino acids, peptides, and analogues;Amino acids and derivatives;Alpha amino acids and derivatives;Alpha amino acid amides"
18338,Carbonyl compounds,0.92,CHEMONTID:0001831,4,CHEMONTID:0000323,CHEMONTID:0000000;CHEMONTID:0004603;CHEMONTID:0000323;CHEMONTID:0001831,Organic compounds;Organic oxygen compounds;Organooxygen compounds;Carbonyl compounds
17840,Carboxylic acid derivatives,0.81,CHEMONTID:0001093,4,CHEMONTID:0000265,CHEMONTID:0000000;CHEMONTID:0000264;CHEMONTID:0000265;CHEMONTID:0001093,Organic compounds;Organic acids and derivatives;Carboxylic acids and derivatives;Carboxylic acid derivatives
11949,Primary amines,0.81,CHEMONTID:0002450,5,CHEMONTID:0002449,CHEMONTID:0000000;CHEMONTID:0004707;CHEMONTID:0000278;CHEMONTID:0002449;CHEMONTID:0002450,Organic compounds;Organic nitrogen compounds;Organonitrogen compounds;Amines;Primary amines
3282,Monocarboxylic acids and derivatives,0.8,CHEMONTID:0001137,4,CHEMONTID:0000265,CHEMONTID:0000000;CHEMONTID:0000264;CHEMONTID:0000265;CHEMONTID:0001137,Organic compounds;Organic acids and derivatives;Carboxylic acids and derivatives;Monocarboxylic acids and derivatives
14626,Alcohols and polyols,0.92,CHEMONTID:0000129,4,CHEMONTID:0000323,CHEMONTID:0000000;CHEMONTID:0004603;CHEMONTID:0000323;CHEMONTID:0000129,Organic compounds;Organic oxygen compounds;Organooxygen compounds;Alcohols and polyols
2417,Alkyl phosphates,0.95,CHEMONTID:0003457,5,CHEMONTID:0000408,CHEMONTID:0000000;CHEMONTID:0000264;CHEMONTID:0000402;CHEMONTID:0000408;CHEMONTID:0003457,Organic compounds;Organic acids and derivatives;Organic phosphoric acids and derivatives;Phosphate esters;Alkyl phosphates
9625,Primary amines,0.87,CHEMONTID:0002450,5,CHEMONTID:0002449,CHEMONTID:0000000;CHEMONTID:0004707;CHEMONTID:0000278;CHEMONTID:0002449;CHEMONTID:0002450,Organic compounds;Organic nitrogen compounds;Organonitrogen compounds;Amines;Primary amines
15216,Ethers,0.91,CHEMONTID:0000254,4,CHEMONTID:0000323,CHEMONTID:0000000;CHEMONTID:0004603;CHEMONTID:0000323;CHEMONTID:0000254,Organic compounds;Organic oxygen compounds;Organooxygen compounds;Ethers
12438,Monoalkylamines,0.95,CHEMONTID:0000469,6,CHEMONTID:0002450,CHEMONTID:0000000;CHEMONTID:0004707;CHEMONTID:0000278;CHEMONTID:0002449;CHEMONTID:0002450;CHEMONTID:0000469,Organic compounds;Organic nitrogen compounds;Organonitrogen compounds;Amines;Primary amines;Monoalkylamines
11691,N-acyl amines,0.83,CHEMONTID:0001096,5,CHEMONTID:0000331,CHEMONTID:0000000;CHEMONTID:0000012;CHEMONTID:0003909;CHEMONTID:0000331;CHEMONTID:0001096,Organic compounds;Lipids and lipid-like molecules;Fatty Acyls;Fatty amides;N-acyl amines
3116,Carbonyl compounds,0.8,CHEMONTID:0001831,4,CHEMONTID:0000323,CHEMONTID:0000000;CHEMONTID:0004603;CHEMONTID:0000323;CHEMONTID:0001831,Organic compounds;Organic oxygen compounds;Organooxygen compounds;Carbonyl compounds
10226,Carbonyl compounds,0.86,CHEMONTID:0001831,4,CHEMONTID:0000323,CHEMONTID:0000000;CHEMONTID:0004603;CHEMONTID:0000323;CHEMONTID:0001831,Organic compounds;Organic oxygen compounds;Organooxygen compounds;Carbonyl compounds
17280,Alcohols and polyols,0.95,CHEMONTID:0000129,4,CHEMONTID:0000323,CHEMONTID:0000000;CHEMONTID:0004603;CHEMONTID:0000323;CHEMONTID:0000129,Organic compounds;Organic oxygen compounds;Organooxygen compounds;Alcohols and polyols
10433,Primary amines,0.88,CHEMONTID:0002450,5,CHEMONTID:0002449,CHEMONTID:0000000;CHEMONTID:0004707;CHEMONTID:0000278;CHEMONTID:0002449;CHEMONTID:0002450,Organic compounds;Organic nitrogen compounds;Organonitrogen compounds;Amines;Primary amines
7921,Amino acids and derivatives,0.95,CHEMONTID:0000347,5,CHEMONTID:0000013,CHEMONTID:0000000;CHEMONTID:0000264;CHEMONTID:0000265;CHEMONTID:0000013;CHEMONTID:0000347,"Organic compounds;Organic acids and derivatives;Carboxylic acids and derivatives;Amino acids, peptides, and analogues;Amino acids and derivatives"
6543,Alcohols and polyols,0.96,CHEMONTID:0000129,4,CHEMONTID:0000323,CHEMONTID:0000000;CHEMONTID:0004603;CHEMONTID:0000323;CHEMONTID:0000129,Organic compounds;Organic oxygen compounds;Organooxygen compounds;Alcohols and polyols
13176,Carbonyl compounds,0.89,CHEMONTID:0001831,4,CHEMONTID:0000323,CHEMONTID:0000000;CHEMONTID:0004603;CHEMONTID:0000323;CHEMONTID:0001831,Organic compounds;Organic oxygen compounds;Organooxygen compounds;Carbonyl compounds
6319,Carboxylic acid derivatives,0.94,CHEMONTID:0001093,4,CHEMONTID:0000265,CHEMONTID:0000000;CHEMONTID:0000264;CHEMONTID:0000265;CHEMONTID:0001093,Organic compounds;Organic acids and derivatives;Carboxylic acids and derivatives;Carboxylic acid derivatives
5277,Carbohydrates and carbohydrate conjugates,1,CHEMONTID:0000011,4,CHEMONTID:0000323,CHEMONTID:0000000;CHEMONTID:0004603;CHEMONTID:0000323;CHEMONTID:0000011,Organic compounds;Organic oxygen compounds;Organooxygen compounds;Carbohydrates and carbohydrate conjugates
8280,Monoalkylamines,0.88,CHEMONTID:0000469,6,CHEMONTID:0002450,CHEMONTID:0000000;CHEMONTID:0004707;CHEMONTID:0000278;CHEMONTID:0002449;CHEMONTID:0002450;CHEMONTID:0000469,Organic compounds;Organic nitrogen compounds;Organonitrogen compounds;Amines;Primary amines;Monoalkylamines
10410,Primary alcohols,0.8,CHEMONTID:0000286,5,CHEMONTID:0000129,CHEMONTID:0000000;CHEMONTID:0004603;CHEMONTID:0000323;CHEMONTID:0000129;CHEMONTID:0000286,Organic compounds;Organic oxygen compounds;Organooxygen compounds;Alcohols and polyols;Primary alcohols
4963,Primary amines,0.98,CHEMONTID:0002450,5,CHEMONTID:0002449,CHEMONTID:0000000;CHEMONTID:0004707;CHEMONTID:0000278;CHEMONTID:0002449;CHEMONTID:0002450,Organic compounds;Organic nitrogen compounds;Organonitrogen compounds;Amines;Primary amines
605,Carbonyl compounds,0.98,CHEMONTID:0001831,4,CHEMONTID:0000323,CHEMONTID:0000000;CHEMONTID:0004603;CHEMONTID:0000323;CHEMONTID:0001831,Organic compounds;Organic oxygen compounds;Organooxygen compounds;Carbonyl compounds
20532,Monoalkylamines,0.99,CHEMONTID:0000469,6,CHEMONTID:0002450,CHEMONTID:0000000;CHEMONTID:0004707;CHEMONTID:0000278;CHEMONTID:0002449;CHEMONTID:0002450;CHEMONTID:0000469,Organic compounds;Organic nitrogen compounds;Organonitrogen compounds;Amines;Primary amines;Monoalkylamines
6592,Amines,0.88,CHEMONTID:0002449,4,CHEMONTID:0000278,CHEMONTID:0000000;CHEMONTID:0004707;CHEMONTID:0000278;CHEMONTID:0002449,Organic compounds;Organic nitrogen compounds;Organonitrogen compounds;Amines
6091,Carboxylic acid derivatives,0.8,CHEMONTID:0001093,4,CHEMONTID:0000265,CHEMONTID:0000000;CHEMONTID:0000264;CHEMONTID:0000265;CHEMONTID:0001093,Organic compounds;Organic acids and derivatives;Carboxylic acids and derivatives;Carboxylic acid derivatives
18522,Alcohols and polyols,0.9,CHEMONTID:0000129,4,CHEMONTID:0000323,CHEMONTID:0000000;CHEMONTID:0004603;CHEMONTID:0000323;CHEMONTID:0000129,Organic compounds;Organic oxygen compounds;Organooxygen compounds;Alcohols and polyols
10743,Carbonyl compounds,0.98,CHEMONTID:0001831,4,CHEMONTID:0000323,CHEMONTID:0000000;CHEMONTID:0004603;CHEMONTID:0000323;CHEMONTID:0001831,Organic compounds;Organic oxygen compounds;Organooxygen compounds;Carbonyl compounds
4874,Carbohydrates and carbohydrate conjugates,0.99,CHEMONTID:0000011,4,CHEMONTID:0000323,CHEMONTID:0000000;CHEMONTID:0004603;CHEMONTID:0000323;CHEMONTID:0000011,Organic compounds;Organic oxygen compounds;Organooxygen compounds;Carbohydrates and carbohydrate conjugates
19625,Monoalkylamines,1,CHEMONTID:0000469,6,CHEMONTID:0002450,CHEMONTID:0000000;CHEMONTID:0004707;CHEMONTID:0000278;CHEMONTID:0002449;CHEMONTID:0002450;CHEMONTID:0000469,Organic compounds;Organic nitrogen compounds;Organonitrogen compounds;Amines;Primary amines;Monoalkylamines
11580,Primary amines,0.95,CHEMONTID:0002450,5,CHEMONTID:0002449,CHEMONTID:0000000;CHEMONTID:0004707;CHEMONTID:0000278;CHEMONTID:0002449;CHEMONTID:0002450,Organic compounds;Organic nitrogen compounds;Organonitrogen compounds;Amines;Primary amines
10716,Monoalkylamines,0.99,CHEMONTID:0000469,6,CHEMONTID:0002450,CHEMONTID:0000000;CHEMONTID:0004707;CHEMONTID:0000278;CHEMONTID:0002449;CHEMONTID:0002450;CHEMONTID:0000469,Organic compounds;Organic nitrogen compounds;Organonitrogen compounds;Amines;Primary amines;Monoalkylamines
6676,Carbonyl compounds,0.94,CHEMONTID:0001831,4,CHEMONTID:0000323,CHEMONTID:0000000;CHEMONTID:0004603;CHEMONTID:0000323;CHEMONTID:0001831,Organic compounds;Organic oxygen compounds;Organooxygen compounds;Carbonyl compounds
12296,Carboxylic acid derivatives,0.93,CHEMONTID:0001093,4,CHEMONTID:0000265,CHEMONTID:0000000;CHEMONTID:0000264;CHEMONTID:0000265;CHEMONTID:0001093,Organic compounds;Organic acids and derivatives;Carboxylic acids and derivatives;Carboxylic acid derivatives
15946,Carbonyl compounds,0.89,CHEMONTID:0001831,4,CHEMONTID:0000323,CHEMONTID:0000000;CHEMONTID:0004603;CHEMONTID:0000323;CHEMONTID:0001831,Organic compounds;Organic oxygen compounds;Organooxygen compounds;Carbonyl compounds
2148,Monoalkylamines,0.94,CHEMONTID:0000469,6,CHEMONTID:0002450,CHEMONTID:0000000;CHEMONTID:0004707;CHEMONTID:0000278;CHEMONTID:0002449;CHEMONTID:0002450;CHEMONTID:0000469,Organic compounds;Organic nitrogen compounds;Organonitrogen compounds;Amines;Primary amines;Monoalkylamines
3576,Amines,0.85,CHEMONTID:0002449,4,CHEMONTID:0000278,CHEMONTID:0000000;CHEMONTID:0004707;CHEMONTID:0000278;CHEMONTID:0002449,Organic compounds;Organic nitrogen compounds;Organonitrogen compounds;Amines
5335,Carbonyl compounds,0.88,CHEMONTID:0001831,4,CHEMONTID:0000323,CHEMONTID:0000000;CHEMONTID:0004603;CHEMONTID:0000323;CHEMONTID:0001831,Organic compounds;Organic oxygen compounds;Organooxygen compounds;Carbonyl compounds
7386,Alcohols and polyols,0.97,CHEMONTID:0000129,4,CHEMONTID:0000323,CHEMONTID:0000000;CHEMONTID:0004603;CHEMONTID:0000323;CHEMONTID:0000129,Organic compounds;Organic oxygen compounds;Organooxygen compounds;Alcohols and polyols
17172,Carbonyl compounds,1,CHEMONTID:0001831,4,CHEMONTID:0000323,CHEMONTID:0000000;CHEMONTID:0004603;CHEMONTID:0000323;CHEMONTID:0001831,Organic compounds;Organic oxygen compounds;Organooxygen compounds;Carbonyl compounds
15465,Primary amines,1,CHEMONTID:0002450,5,CHEMONTID:0002449,CHEMONTID:0000000;CHEMONTID:0004707;CHEMONTID:0000278;CHEMONTID:0002449;CHEMONTID:0002450,Organic compounds;Organic nitrogen compounds;Organonitrogen compounds;Amines;Primary amines
2951,Carboxylic acid derivatives,0.94,CHEMONTID:0001093,4,CHEMONTID:0000265,CHEMONTID:0000000;CHEMONTID:0000264;CHEMONTID:0000265;CHEMONTID:0001093,Organic compounds;Organic acids and derivatives;Carboxylic acids and derivatives;Carboxylic acid derivatives
11529,Phosphate esters,1,CHEMONTID:0000408,4,CHEMONTID:0000402,CHEMONTID:0000000;CHEMONTID:0000264;CHEMONTID:0000402;CHEMONTID:0000408,Organic compounds;Organic acids and derivatives;Organic phosphoric acids and derivatives;Phosphate esters
17147,Carbonyl compounds,0.91,CHEMONTID:0001831,4,CHEMONTID:0000323,CHEMONTID:0000000;CHEMONTID:0004603;CHEMONTID:0000323;CHEMONTID:0001831,Organic compounds;Organic oxygen compounds;Organooxygen compounds;Carbonyl compounds
11222,Guanidines,0.98,CHEMONTID:0000375,4,CHEMONTID:0000278,CHEMONTID:0000000;CHEMONTID:0004707;CHEMONTID:0000278;CHEMONTID:0000375,Organic compounds;Organic nitrogen compounds;Organonitrogen compounds;Guanidines
12800,Ethers,0.87,CHEMONTID:0000254,4,CHEMONTID:0000323,CHEMONTID:0000000;CHEMONTID:0004603;CHEMONTID:0000323;CHEMONTID:0000254,Organic compounds;Organic oxygen compounds;Organooxygen compounds;Ethers
14661,Alcohols and polyols,0.91,CHEMONTID:0000129,4,CHEMONTID:0000323,CHEMONTID:0000000;CHEMONTID:0004603;CHEMONTID:0000323;CHEMONTID:0000129,Organic compounds;Organic oxygen compounds;Organooxygen compounds;Alcohols and polyols
13955,Carbonyl compounds,0.94,CHEMONTID:0001831,4,CHEMONTID:0000323,CHEMONTID:0000000;CHEMONTID:0004603;CHEMONTID:0000323;CHEMONTID:0001831,Organic compounds;Organic oxygen compounds;Organooxygen compounds;Carbonyl compounds
11903,Monocarboxylic acids and derivatives,0.81,CHEMONTID:0001137,4,CHEMONTID:0000265,CHEMONTID:0000000;CHEMONTID:0000264;CHEMONTID:0000265;CHEMONTID:0001137,Organic compounds;Organic acids and derivatives;Carboxylic acids and derivatives;Monocarboxylic acids and derivatives
16119,Carbonyl compounds,0.95,CHEMONTID:0001831,4,CHEMONTID:0000323,CHEMONTID:0000000;CHEMONTID:0004603;CHEMONTID:0000323;CHEMONTID:0001831,Organic compounds;Organic oxygen compounds;Organooxygen compounds;Carbonyl compounds
6217,Carbonyl compounds,0.81,CHEMONTID:0001831,4,CHEMONTID:0000323,CHEMONTID:0000000;CHEMONTID:0004603;CHEMONTID:0000323;CHEMONTID:0001831,Organic compounds;Organic oxygen compounds;Organooxygen compounds;Carbonyl compounds
3857,Carbonyl compounds,0.95,CHEMONTID:0001831,4,CHEMONTID:0000323,CHEMONTID:0000000;CHEMONTID:0004603;CHEMONTID:0000323;CHEMONTID:0001831,Organic compounds;Organic oxygen compounds;Organooxygen compounds;Carbonyl compounds
20075,Primary amines,0.9,CHEMONTID:0002450,5,CHEMONTID:0002449,CHEMONTID:0000000;CHEMONTID:0004707;CHEMONTID:0000278;CHEMONTID:0002449;CHEMONTID:0002450,Organic compounds;Organic nitrogen compounds;Organonitrogen compounds;Amines;Primary amines
14879,Amines,0.85,CHEMONTID:0002449,4,CHEMONTID:0000278,CHEMONTID:0000000;CHEMONTID:0004707;CHEMONTID:0000278;CHEMONTID:0002449,Organic compounds;Organic nitrogen compounds;Organonitrogen compounds;Amines
19075,Amines,1,CHEMONTID:0002449,4,CHEMONTID:0000278,CHEMONTID:0000000;CHEMONTID:0004707;CHEMONTID:0000278;CHEMONTID:0002449,Organic compounds;Organic nitrogen compounds;Organonitrogen compounds;Amines
8981,Carbonyl compounds,0.8,CHEMONTID:0001831,4,CHEMONTID:0000323,CHEMONTID:0000000;CHEMONTID:0004603;CHEMONTID:0000323;CHEMONTID:0001831,Organic compounds;Organic oxygen compounds;Organooxygen compounds;Carbonyl compounds
10806,Carboxylic acid derivatives,0.84,CHEMONTID:0001093,4,CHEMONTID:0000265,CHEMONTID:0000000;CHEMONTID:0000264;CHEMONTID:0000265;CHEMONTID:0001093,Organic compounds;Organic acids and derivatives;Carboxylic acids and derivatives;Carboxylic acid derivatives
18116,Guanidines,0.92,CHEMONTID:0000375,4,CHEMONTID:0000278,CHEMONTID:0000000;CHEMONTID:0004707;CHEMONTID:0000278;CHEMONTID:0000375,Organic compounds;Organic nitrogen compounds;Organonitrogen compounds;Guanidines
8852,Carbonyl compounds,0.94,CHEMONTID:0001831,4,CHEMONTID:0000323,CHEMONTID:0000000;CHEMONTID:0004603;CHEMONTID:0000323;CHEMONTID:0001831,Organic compounds;Organic oxygen compounds;Organooxygen compounds;Carbonyl compounds
12491,Carbonyl compounds,0.96,CHEMONTID:0001831,4,CHEMONTID:0000323,CHEMONTID:0000000;CHEMONTID:0004603;CHEMONTID:0000323;CHEMONTID:0001831,Organic compounds;Organic oxygen compounds;Organooxygen compounds;Carbonyl compounds
12285,Alcohols and polyols,0.8,CHEMONTID:0000129,4,CHEMONTID:0000323,CHEMONTID:0000000;CHEMONTID:0004603;CHEMONTID:0000323;CHEMONTID:0000129,Organic compounds;Organic oxygen compounds;Organooxygen compounds;Alcohols and polyols
10151,Amines,0.94,CHEMONTID:0002449,4,CHEMONTID:0000278,CHEMONTID:0000000;CHEMONTID:0004707;CHEMONTID:0000278;CHEMONTID:0002449,Organic compounds;Organic nitrogen compounds;Organonitrogen compounds;Amines
734,Carbonyl compounds,0.93,CHEMONTID:0001831,4,CHEMONTID:0000323,CHEMONTID:0000000;CHEMONTID:0004603;CHEMONTID:0000323;CHEMONTID:0001831,Organic compounds;Organic oxygen compounds;Organooxygen compounds;Carbonyl compounds
5660,Carbonyl compounds,0.91,CHEMONTID:0001831,4,CHEMONTID:0000323,CHEMONTID:0000000;CHEMONTID:0004603;CHEMONTID:0000323;CHEMONTID:0001831,Organic compounds;Organic oxygen compounds;Organooxygen compounds;Carbonyl compounds
17437,Carbonyl compounds,0.84,CHEMONTID:0001831,4,CHEMONTID:0000323,CHEMONTID:0000000;CHEMONTID:0004603;CHEMONTID:0000323;CHEMONTID:0001831,Organic compounds;Organic oxygen compounds;Organooxygen compounds;Carbonyl compounds
8460,Monoalkylamines,0.87,CHEMONTID:0000469,6,CHEMONTID:0002450,CHEMONTID:0000000;CHEMONTID:0004707;CHEMONTID:0000278;CHEMONTID:0002449;CHEMONTID:0002450;CHEMONTID:0000469,Organic compounds;Organic nitrogen compounds;Organonitrogen compounds;Amines;Primary amines;Monoalkylamines
16283,Carbonyl compounds,0.82,CHEMONTID:0001831,4,CHEMONTID:0000323,CHEMONTID:0000000;CHEMONTID:0004603;CHEMONTID:0000323;CHEMONTID:0001831,Organic compounds;Organic oxygen compounds;Organooxygen compounds;Carbonyl compounds
5077,Monocarboxylic acids and derivatives,0.84,CHEMONTID:0001137,4,CHEMONTID:0000265,CHEMONTID:0000000;CHEMONTID:0000264;CHEMONTID:0000265;CHEMONTID:0001137,Organic compounds;Organic acids and derivatives;Carboxylic acids and derivatives;Monocarboxylic acids and derivatives
178,Carbonyl compounds,0.94,CHEMONTID:0001831,4,CHEMONTID:0000323,CHEMONTID:0000000;CHEMONTID:0004603;CHEMONTID:0000323;CHEMONTID:0001831,Organic compounds;Organic oxygen compounds;Organooxygen compounds;Carbonyl compounds
8668,Imidazoles,0.88,CHEMONTID:0000078,4,CHEMONTID:0000436,CHEMONTID:0000000;CHEMONTID:0000002;CHEMONTID:0000436;CHEMONTID:0000078,Organic compounds;Organoheterocyclic compounds;Azoles;Imidazoles
918,Amines,0.9,CHEMONTID:0002449,4,CHEMONTID:0000278,CHEMONTID:0000000;CHEMONTID:0004707;CHEMONTID:0000278;CHEMONTID:0002449,Organic compounds;Organic nitrogen compounds;Organonitrogen compounds;Amines
8798,Carbonyl compounds,0.95,CHEMONTID:0001831,4,CHEMONTID:0000323,CHEMONTID:0000000;CHEMONTID:0004603;CHEMONTID:0000323;CHEMONTID:0001831,Organic compounds;Organic oxygen compounds;Organooxygen compounds;Carbonyl compounds
19427,Pyrimidines and pyrimidine derivatives,0.92,CHEMONTID:0000075,4,CHEMONTID:0001346,CHEMONTID:0000000;CHEMONTID:0000002;CHEMONTID:0001346;CHEMONTID:0000075,Organic compounds;Organoheterocyclic compounds;Diazines;Pyrimidines and pyrimidine derivatives
14917,Carboxylic acid derivatives,0.98,CHEMONTID:0001093,4,CHEMONTID:0000265,CHEMONTID:0000000;CHEMONTID:0000264;CHEMONTID:0000265;CHEMONTID:0001093,Organic compounds;Organic acids and derivatives;Carboxylic acids and derivatives;Carboxylic acid derivatives
6506,Carbonyl compounds,0.99,CHEMONTID:0001831,4,CHEMONTID:0000323,CHEMONTID:0000000;CHEMONTID:0004603;CHEMONTID:0000323;CHEMONTID:0001831,Organic compounds;Organic oxygen compounds;Organooxygen compounds;Carbonyl compounds
9360,Alcohols and polyols,0.93,CHEMONTID:0000129,4,CHEMONTID:0000323,CHEMONTID:0000000;CHEMONTID:0004603;CHEMONTID:0000323;CHEMONTID:0000129,Organic compounds;Organic oxygen compounds;Organooxygen compounds;Alcohols and polyols
4443,Carboxylic acid derivatives,0.98,CHEMONTID:0001093,4,CHEMONTID:0000265,CHEMONTID:0000000;CHEMONTID:0000264;CHEMONTID:0000265;CHEMONTID:0001093,Organic compounds;Organic acids and derivatives;Carboxylic acids and derivatives;Carboxylic acid derivatives
12486,Carbonyl compounds,0.87,CHEMONTID:0001831,4,CHEMONTID:0000323,CHEMONTID:0000000;CHEMONTID:0004603;CHEMONTID:0000323;CHEMONTID:0001831,Organic compounds;Organic oxygen compounds;Organooxygen compounds;Carbonyl compounds
11387,Amines,0.99,CHEMONTID:0002449,4,CHEMONTID:0000278,CHEMONTID:0000000;CHEMONTID:0004707;CHEMONTID:0000278;CHEMONTID:0002449,Organic compounds;Organic nitrogen compounds;Organonitrogen compounds;Amines
18205,"Amino acids, peptides, and analogues",0.94,CHEMONTID:0000013,4,CHEMONTID:0000265,CHEMONTID:0000000;CHEMONTID:0000264;CHEMONTID:0000265;CHEMONTID:0000013,"Organic compounds;Organic acids and derivatives;Carboxylic acids and derivatives;Amino acids, peptides, and analogues"
19643,Olefins,0.91,CHEMONTID:0002838,4,CHEMONTID:0004475,CHEMONTID:0000000;CHEMONTID:0002837;CHEMONTID:0004475;CHEMONTID:0002838,Organic compounds;Hydrocarbons;Unsaturated hydrocarbons;Olefins
15835,Carbonyl compounds,1,CHEMONTID:0001831,4,CHEMONTID:0000323,CHEMONTID:0000000;CHEMONTID:0004603;CHEMONTID:0000323;CHEMONTID:0001831,Organic compounds;Organic oxygen compounds;Organooxygen compounds;Carbonyl compounds
20183,Amines,0.99,CHEMONTID:0002449,4,CHEMONTID:0000278,CHEMONTID:0000000;CHEMONTID:0004707;CHEMONTID:0000278;CHEMONTID:0002449,Organic compounds;Organic nitrogen compounds;Organonitrogen compounds;Amines
6877,Alcohols and polyols,0.98,CHEMONTID:0000129,4,CHEMONTID:0000323,CHEMONTID:0000000;CHEMONTID:0004603;CHEMONTID:0000323;CHEMONTID:0000129,Organic compounds;Organic oxygen compounds;Organooxygen compounds;Alcohols and polyols
17809,Carbonyl compounds,0.88,CHEMONTID:0001831,4,CHEMONTID:0000323,CHEMONTID:0000000;CHEMONTID:0004603;CHEMONTID:0000323;CHEMONTID:0001831,Organic compounds;Organic oxygen compounds;Organooxygen compounds;Carbonyl compounds
9963,Carbonyl compounds,0.99,CHEMONTID:0001831,4,CHEMONTID:0000323,CHEMONTID:0000000;CHEMONTID:0004603;CHEMONTID:0000323;CHEMONTID:0001831,Organic compounds;Organic oxygen compounds;Organooxygen compounds;Carbonyl compounds
8328,Primary amines,0.96,CHEMONTID:0002450,5,CHEMONTID:0002449,CHEMONTID:0000000;CHEMONTID:0004707;CHEMONTID:0000278;CHEMONTID:0002449;CHEMONTID:0002450,Organic compounds;Organic nitrogen compounds;Organonitrogen compounds;Amines;Primary amines
5709,Prostaglandins and related compounds,0.8,CHEMONTID:0000514,5,CHEMONTID:0000513,CHEMONTID:0000000;CHEMONTID:0000012;CHEMONTID:0003909;CHEMONTID:0000513;CHEMONTID:0000514,Organic compounds;Lipids and lipid-like molecules;Fatty Acyls;Eicosanoids;Prostaglandins and related compounds
7011,Carbonyl compounds,0.91,CHEMONTID:0001831,4,CHEMONTID:0000323,CHEMONTID:0000000;CHEMONTID:0004603;CHEMONTID:0000323;CHEMONTID:0001831,Organic compounds;Organic oxygen compounds;Organooxygen compounds;Carbonyl compounds
3627,Carbonyl compounds,0.94,CHEMONTID:0001831,4,CHEMONTID:0000323,CHEMONTID:0000000;CHEMONTID:0004603;CHEMONTID:0000323;CHEMONTID:0001831,Organic compounds;Organic oxygen compounds;Organooxygen compounds;Carbonyl compounds
14344,Guanidines,0.92,CHEMONTID:0000375,4,CHEMONTID:0000278,CHEMONTID:0000000;CHEMONTID:0004707;CHEMONTID:0000278;CHEMONTID:0000375,Organic compounds;Organic nitrogen compounds;Organonitrogen compounds;Guanidines
17039,Carbonyl compounds,0.99,CHEMONTID:0001831,4,CHEMONTID:0000323,CHEMONTID:0000000;CHEMONTID:0004603;CHEMONTID:0000323;CHEMONTID:0001831,Organic compounds;Organic oxygen compounds;Organooxygen compounds;Carbonyl compounds
18923,Dialkyl ethers,0.99,CHEMONTID:0001167,5,CHEMONTID:0000254,CHEMONTID:0000000;CHEMONTID:0004603;CHEMONTID:0000323;CHEMONTID:0000254;CHEMONTID:0001167,Organic compounds;Organic oxygen compounds;Organooxygen compounds;Ethers;Dialkyl ethers
9972,Ethers,0.93,CHEMONTID:0000254,4,CHEMONTID:0000323,CHEMONTID:0000000;CHEMONTID:0004603;CHEMONTID:0000323;CHEMONTID:0000254,Organic compounds;Organic oxygen compounds;Organooxygen compounds;Ethers
7582,Carbonyl compounds,0.88,CHEMONTID:0001831,4,CHEMONTID:0000323,CHEMONTID:0000000;CHEMONTID:0004603;CHEMONTID:0000323;CHEMONTID:0001831,Organic compounds;Organic oxygen compounds;Organooxygen compounds;Carbonyl compounds
3776,Alcohols and polyols,0.94,CHEMONTID:0000129,4,CHEMONTID:0000323,CHEMONTID:0000000;CHEMONTID:0004603;CHEMONTID:0000323;CHEMONTID:0000129,Organic compounds;Organic oxygen compounds;Organooxygen compounds;Alcohols and polyols
14186,Methyl esters,0.85,CHEMONTID:0003416,6,CHEMONTID:0001238,CHEMONTID:0000000;CHEMONTID:0000264;CHEMONTID:0000265;CHEMONTID:0001093;CHEMONTID:0001238;CHEMONTID:0003416,Organic compounds;Organic acids and derivatives;Carboxylic acids and derivatives;Carboxylic acid derivatives;Carboxylic acid esters;Methyl esters
8027,Carbonyl compounds,1,CHEMONTID:0001831,4,CHEMONTID:0000323,CHEMONTID:0000000;CHEMONTID:0004603;CHEMONTID:0000323;CHEMONTID:0001831,Organic compounds;Organic oxygen compounds;Organooxygen compounds;Carbonyl compounds
7922,Monocarboxylic acids and derivatives,0.95,CHEMONTID:0001137,4,CHEMONTID:0000265,CHEMONTID:0000000;CHEMONTID:0000264;CHEMONTID:0000265;CHEMONTID:0001137,Organic compounds;Organic acids and derivatives;Carboxylic acids and derivatives;Monocarboxylic acids and derivatives
15287,Alcohols and polyols,0.92,CHEMONTID:0000129,4,CHEMONTID:0000323,CHEMONTID:0000000;CHEMONTID:0004603;CHEMONTID:0000323;CHEMONTID:0000129,Organic compounds;Organic oxygen compounds;Organooxygen compounds;Alcohols and polyols
12861,Imidazoles,0.88,CHEMONTID:0000078,4,CHEMONTID:0000436,CHEMONTID:0000000;CHEMONTID:0000002;CHEMONTID:0000436;CHEMONTID:0000078,Organic compounds;Organoheterocyclic compounds;Azoles;Imidazoles
5718,Carbonyl compounds,0.87,CHEMONTID:0001831,4,CHEMONTID:0000323,CHEMONTID:0000000;CHEMONTID:0004603;CHEMONTID:0000323;CHEMONTID:0001831,Organic compounds;Organic oxygen compounds;Organooxygen compounds;Carbonyl compounds
20201,Amines,0.94,CHEMONTID:0002449,4,CHEMONTID:0000278,CHEMONTID:0000000;CHEMONTID:0004707;CHEMONTID:0000278;CHEMONTID:0002449,Organic compounds;Organic nitrogen compounds;Organonitrogen compounds;Amines
19567,Monocarboxylic acids and derivatives,0.83,CHEMONTID:0001137,4,CHEMONTID:0000265,CHEMONTID:0000000;CHEMONTID:0000264;CHEMONTID:0000265;CHEMONTID:0001137,Organic compounds;Organic acids and derivatives;Carboxylic acids and derivatives;Monocarboxylic acids and derivatives
17934,Alcohols and polyols,0.98,CHEMONTID:0000129,4,CHEMONTID:0000323,CHEMONTID:0000000;CHEMONTID:0004603;CHEMONTID:0000323;CHEMONTID:0000129,Organic compounds;Organic oxygen compounds;Organooxygen compounds;Alcohols and polyols
12952,Monoalkylamines,1,CHEMONTID:0000469,6,CHEMONTID:0002450,CHEMONTID:0000000;CHEMONTID:0004707;CHEMONTID:0000278;CHEMONTID:0002449;CHEMONTID:0002450;CHEMONTID:0000469,Organic compounds;Organic nitrogen compounds;Organonitrogen compounds;Amines;Primary amines;Monoalkylamines
4452,Carbonyl compounds,0.97,CHEMONTID:0001831,4,CHEMONTID:0000323,CHEMONTID:0000000;CHEMONTID:0004603;CHEMONTID:0000323;CHEMONTID:0001831,Organic compounds;Organic oxygen compounds;Organooxygen compounds;Carbonyl compounds
7674,Carbonyl compounds,1,CHEMONTID:0001831,4,CHEMONTID:0000323,CHEMONTID:0000000;CHEMONTID:0004603;CHEMONTID:0000323;CHEMONTID:0001831,Organic compounds;Organic oxygen compounds;Organooxygen compounds;Carbonyl compounds
19248,Carbonyl compounds,0.98,CHEMONTID:0001831,4,CHEMONTID:0000323,CHEMONTID:0000000;CHEMONTID:0004603;CHEMONTID:0000323;CHEMONTID:0001831,Organic compounds;Organic oxygen compounds;Organooxygen compounds;Carbonyl compounds
1993,Amines,0.98,CHEMONTID:0002449,4,CHEMONTID:0000278,CHEMONTID:0000000;CHEMONTID:0004707;CHEMONTID:0000278;CHEMONTID:0002449,Organic compounds;Organic nitrogen compounds;Organonitrogen compounds;Amines
767,N-acyl amines,0.89,CHEMONTID:0001096,5,CHEMONTID:0000331,CHEMONTID:0000000;CHEMONTID:0000012;CHEMONTID:0003909;CHEMONTID:0000331;CHEMONTID:0001096,Organic compounds;Lipids and lipid-like molecules;Fatty Acyls;Fatty amides;N-acyl amines
17321,Carbonyl compounds,0.92,CHEMONTID:0001831,4,CHEMONTID:0000323,CHEMONTID:0000000;CHEMONTID:0004603;CHEMONTID:0000323;CHEMONTID:0001831,Organic compounds;Organic oxygen compounds;Organooxygen compounds;Carbonyl compounds
16794,Dialkyl ethers,0.99,CHEMONTID:0001167,5,CHEMONTID:0000254,CHEMONTID:0000000;CHEMONTID:0004603;CHEMONTID:0000323;CHEMONTID:0000254;CHEMONTID:0001167,Organic compounds;Organic oxygen compounds;Organooxygen compounds;Ethers;Dialkyl ethers
302,Quaternary ammonium salts,0.85,CHEMONTID:0000503,4,CHEMONTID:0000278,CHEMONTID:0000000;CHEMONTID:0004707;CHEMONTID:0000278;CHEMONTID:0000503,Organic compounds;Organic nitrogen compounds;Organonitrogen compounds;Quaternary ammonium salts
16815,Dialkyl ethers,0.96,CHEMONTID:0001167,5,CHEMONTID:0000254,CHEMONTID:0000000;CHEMONTID:0004603;CHEMONTID:0000323;CHEMONTID:0000254;CHEMONTID:0001167,Organic compounds;Organic oxygen compounds;Organooxygen compounds;Ethers;Dialkyl ethers
7002,Carbonyl compounds,0.82,CHEMONTID:0001831,4,CHEMONTID:0000323,CHEMONTID:0000000;CHEMONTID:0004603;CHEMONTID:0000323;CHEMONTID:0001831,Organic compounds;Organic oxygen compounds;Organooxygen compounds;Carbonyl compounds
14246,Amino acids and derivatives,0.96,CHEMONTID:0000347,5,CHEMONTID:0000013,CHEMONTID:0000000;CHEMONTID:0000264;CHEMONTID:0000265;CHEMONTID:0000013;CHEMONTID:0000347,"Organic compounds;Organic acids and derivatives;Carboxylic acids and derivatives;Amino acids, peptides, and analogues;Amino acids and derivatives"
3514,Alcohols and polyols,0.87,CHEMONTID:0000129,4,CHEMONTID:0000323,CHEMONTID:0000000;CHEMONTID:0004603;CHEMONTID:0000323;CHEMONTID:0000129,Organic compounds;Organic oxygen compounds;Organooxygen compounds;Alcohols and polyols
18571,Carbonyl compounds,0.81,CHEMONTID:0001831,4,CHEMONTID:0000323,CHEMONTID:0000000;CHEMONTID:0004603;CHEMONTID:0000323;CHEMONTID:0001831,Organic compounds;Organic oxygen compounds;Organooxygen compounds;Carbonyl compounds
15769,Monoalkylamines,0.94,CHEMONTID:0000469,6,CHEMONTID:0002450,CHEMONTID:0000000;CHEMONTID:0004707;CHEMONTID:0000278;CHEMONTID:0002449;CHEMONTID:0002450;CHEMONTID:0000469,Organic compounds;Organic nitrogen compounds;Organonitrogen compounds;Amines;Primary amines;Monoalkylamines
17882,Carboxylic acid derivatives,0.92,CHEMONTID:0001093,4,CHEMONTID:0000265,CHEMONTID:0000000;CHEMONTID:0000264;CHEMONTID:0000265;CHEMONTID:0001093,Organic compounds;Organic acids and derivatives;Carboxylic acids and derivatives;Carboxylic acid derivatives
20078,Carbonyl compounds,0.96,CHEMONTID:0001831,4,CHEMONTID:0000323,CHEMONTID:0000000;CHEMONTID:0004603;CHEMONTID:0000323;CHEMONTID:0001831,Organic compounds;Organic oxygen compounds;Organooxygen compounds;Carbonyl compounds
10847,Carbonyl compounds,0.94,CHEMONTID:0001831,4,CHEMONTID:0000323,CHEMONTID:0000000;CHEMONTID:0004603;CHEMONTID:0000323;CHEMONTID:0001831,Organic compounds;Organic oxygen compounds;Organooxygen compounds;Carbonyl compounds
8618,Primary amines,0.89,CHEMONTID:0002450,5,CHEMONTID:0002449,CHEMONTID:0000000;CHEMONTID:0004707;CHEMONTID:0000278;CHEMONTID:0002449;CHEMONTID:0002450,Organic compounds;Organic nitrogen compounds;Organonitrogen compounds;Amines;Primary amines
16994,Amines,0.85,CHEMONTID:0002449,4,CHEMONTID:0000278,CHEMONTID:0000000;CHEMONTID:0004707;CHEMONTID:0000278;CHEMONTID:0002449,Organic compounds;Organic nitrogen compounds;Organonitrogen compounds;Amines
19657,Primary amines,1,CHEMONTID:0002450,5,CHEMONTID:0002449,CHEMONTID:0000000;CHEMONTID:0004707;CHEMONTID:0000278;CHEMONTID:0002449;CHEMONTID:0002450,Organic compounds;Organic nitrogen compounds;Organonitrogen compounds;Amines;Primary amines
8471,Carbonyl compounds,0.88,CHEMONTID:0001831,4,CHEMONTID:0000323,CHEMONTID:0000000;CHEMONTID:0004603;CHEMONTID:0000323;CHEMONTID:0001831,Organic compounds;Organic oxygen compounds;Organooxygen compounds;Carbonyl compounds
12354,Ethers,0.99,CHEMONTID:0000254,4,CHEMONTID:0000323,CHEMONTID:0000000;CHEMONTID:0004603;CHEMONTID:0000323;CHEMONTID:0000254,Organic compounds;Organic oxygen compounds;Organooxygen compounds;Ethers
14766,Alcohols and polyols,0.92,CHEMONTID:0000129,4,CHEMONTID:0000323,CHEMONTID:0000000;CHEMONTID:0004603;CHEMONTID:0000323;CHEMONTID:0000129,Organic compounds;Organic oxygen compounds;Organooxygen compounds;Alcohols and polyols
15910,Primary amines,0.97,CHEMONTID:0002450,5,CHEMONTID:0002449,CHEMONTID:0000000;CHEMONTID:0004707;CHEMONTID:0000278;CHEMONTID:0002449;CHEMONTID:0002450,Organic compounds;Organic nitrogen compounds;Organonitrogen compounds;Amines;Primary amines
19207,Carbonyl compounds,0.8,CHEMONTID:0001831,4,CHEMONTID:0000323,CHEMONTID:0000000;CHEMONTID:0004603;CHEMONTID:0000323;CHEMONTID:0001831,Organic compounds;Organic oxygen compounds;Organooxygen compounds;Carbonyl compounds
16070,Monoalkylamines,0.95,CHEMONTID:0000469,6,CHEMONTID:0002450,CHEMONTID:0000000;CHEMONTID:0004707;CHEMONTID:0000278;CHEMONTID:0002449;CHEMONTID:0002450;CHEMONTID:0000469,Organic compounds;Organic nitrogen compounds;Organonitrogen compounds;Amines;Primary amines;Monoalkylamines
2940,Carbonyl compounds,0.92,CHEMONTID:0001831,4,CHEMONTID:0000323,CHEMONTID:0000000;CHEMONTID:0004603;CHEMONTID:0000323;CHEMONTID:0001831,Organic compounds;Organic oxygen compounds;Organooxygen compounds;Carbonyl compounds
5545,Carbonyl compounds,0.86,CHEMONTID:0001831,4,CHEMONTID:0000323,CHEMONTID:0000000;CHEMONTID:0004603;CHEMONTID:0000323;CHEMONTID:0001831,Organic compounds;Organic oxygen compounds;Organooxygen compounds;Carbonyl compounds
7397,N-acyl amines,0.85,CHEMONTID:0001096,5,CHEMONTID:0000331,CHEMONTID:0000000;CHEMONTID:0000012;CHEMONTID:0003909;CHEMONTID:0000331;CHEMONTID:0001096,Organic compounds;Lipids and lipid-like molecules;Fatty Acyls;Fatty amides;N-acyl amines
9537,Imidazoles,0.95,CHEMONTID:0000078,4,CHEMONTID:0000436,CHEMONTID:0000000;CHEMONTID:0000002;CHEMONTID:0000436;CHEMONTID:0000078,Organic compounds;Organoheterocyclic compounds;Azoles;Imidazoles
15683,Carbonyl compounds,1,CHEMONTID:0001831,4,CHEMONTID:0000323,CHEMONTID:0000000;CHEMONTID:0004603;CHEMONTID:0000323;CHEMONTID:0001831,Organic compounds;Organic oxygen compounds;Organooxygen compounds;Carbonyl compounds
372,Primary amines,0.97,CHEMONTID:0002450,5,CHEMONTID:0002449,CHEMONTID:0000000;CHEMONTID:0004707;CHEMONTID:0000278;CHEMONTID:0002449;CHEMONTID:0002450,Organic compounds;Organic nitrogen compounds;Organonitrogen compounds;Amines;Primary amines
1306,Amines,0.88,CHEMONTID:0002449,4,CHEMONTID:0000278,CHEMONTID:0000000;CHEMONTID:0004707;CHEMONTID:0000278;CHEMONTID:0002449,Organic compounds;Organic nitrogen compounds;Organonitrogen compounds;Amines
11263,Carbonyl compounds,0.86,CHEMONTID:0001831,4,CHEMONTID:0000323,CHEMONTID:0000000;CHEMONTID:0004603;CHEMONTID:0000323;CHEMONTID:0001831,Organic compounds;Organic oxygen compounds;Organooxygen compounds;Carbonyl compounds
10581,Carbonyl compounds,0.98,CHEMONTID:0001831,4,CHEMONTID:0000323,CHEMONTID:0000000;CHEMONTID:0004603;CHEMONTID:0000323;CHEMONTID:0001831,Organic compounds;Organic oxygen compounds;Organooxygen compounds;Carbonyl compounds
6956,Glucuronic acid derivatives,0.99,CHEMONTID:0002094,6,CHEMONTID:0000215,CHEMONTID:0000000;CHEMONTID:0004603;CHEMONTID:0000323;CHEMONTID:0000011;CHEMONTID:0000215;CHEMONTID:0002094,Organic compounds;Organic oxygen compounds;Organooxygen compounds;Carbohydrates and carbohydrate conjugates;Sugar acids and derivatives;Glucuronic acid derivatives
11714,Guanidines,1,CHEMONTID:0000375,4,CHEMONTID:0000278,CHEMONTID:0000000;CHEMONTID:0004707;CHEMONTID:0000278;CHEMONTID:0000375,Organic compounds;Organic nitrogen compounds;Organonitrogen compounds;Guanidines
8010,Monoalkylamines,0.89,CHEMONTID:0000469,6,CHEMONTID:0002450,CHEMONTID:0000000;CHEMONTID:0004707;CHEMONTID:0000278;CHEMONTID:0002449;CHEMONTID:0002450;CHEMONTID:0000469,Organic compounds;Organic nitrogen compounds;Organonitrogen compounds;Amines;Primary amines;Monoalkylamines
19771,Carboxylic acid derivatives,1,CHEMONTID:0001093,4,CHEMONTID:0000265,CHEMONTID:0000000;CHEMONTID:0000264;CHEMONTID:0000265;CHEMONTID:0001093,Organic compounds;Organic acids and derivatives;Carboxylic acids and derivatives;Carboxylic acid derivatives
5251,Monoalkylamines,0.98,CHEMONTID:0000469,6,CHEMONTID:0002450,CHEMONTID:0000000;CHEMONTID:0004707;CHEMONTID:0000278;CHEMONTID:0002449;CHEMONTID:0002450;CHEMONTID:0000469,Organic compounds;Organic nitrogen compounds;Organonitrogen compounds;Amines;Primary amines;Monoalkylamines
2396,Glycosylamines,0.99,CHEMONTID:0002203,6,CHEMONTID:0002105,CHEMONTID:0000000;CHEMONTID:0004603;CHEMONTID:0000323;CHEMONTID:0000011;CHEMONTID:0002105;CHEMONTID:0002203,Organic compounds;Organic oxygen compounds;Organooxygen compounds;Carbohydrates and carbohydrate conjugates;Glycosyl compounds;Glycosylamines
537,Amines,0.95,CHEMONTID:0002449,4,CHEMONTID:0000278,CHEMONTID:0000000;CHEMONTID:0004707;CHEMONTID:0000278;CHEMONTID:0002449,Organic compounds;Organic nitrogen compounds;Organonitrogen compounds;Amines
5827,Carbonyl compounds,0.87,CHEMONTID:0001831,4,CHEMONTID:0000323,CHEMONTID:0000000;CHEMONTID:0004603;CHEMONTID:0000323;CHEMONTID:0001831,Organic compounds;Organic oxygen compounds;Organooxygen compounds;Carbonyl compounds
11132,Carbonyl compounds,0.97,CHEMONTID:0001831,4,CHEMONTID:0000323,CHEMONTID:0000000;CHEMONTID:0004603;CHEMONTID:0000323;CHEMONTID:0001831,Organic compounds;Organic oxygen compounds;Organooxygen compounds;Carbonyl compounds
7995,Carbonyl compounds,0.96,CHEMONTID:0001831,4,CHEMONTID:0000323,CHEMONTID:0000000;CHEMONTID:0004603;CHEMONTID:0000323;CHEMONTID:0001831,Organic compounds;Organic oxygen compounds;Organooxygen compounds;Carbonyl compounds
18106,Carbonyl compounds,0.85,CHEMONTID:0001831,4,CHEMONTID:0000323,CHEMONTID:0000000;CHEMONTID:0004603;CHEMONTID:0000323;CHEMONTID:0001831,Organic compounds;Organic oxygen compounds;Organooxygen compounds;Carbonyl compounds
9873,Dicarboxylic acids and derivatives,0.89,CHEMONTID:0000346,4,CHEMONTID:0000265,CHEMONTID:0000000;CHEMONTID:0000264;CHEMONTID:0000265;CHEMONTID:0000346,Organic compounds;Organic acids and derivatives;Carboxylic acids and derivatives;Dicarboxylic acids and derivatives
4788,Amino acids and derivatives,0.98,CHEMONTID:0000347,5,CHEMONTID:0000013,CHEMONTID:0000000;CHEMONTID:0000264;CHEMONTID:0000265;CHEMONTID:0000013;CHEMONTID:0000347,"Organic compounds;Organic acids and derivatives;Carboxylic acids and derivatives;Amino acids, peptides, and analogues;Amino acids and derivatives"
6407,Amines,0.94,CHEMONTID:0002449,4,CHEMONTID:0000278,CHEMONTID:0000000;CHEMONTID:0004707;CHEMONTID:0000278;CHEMONTID:0002449,Organic compounds;Organic nitrogen compounds;Organonitrogen compounds;Amines
3029,Alcohols and polyols,0.92,CHEMONTID:0000129,4,CHEMONTID:0000323,CHEMONTID:0000000;CHEMONTID:0004603;CHEMONTID:0000323;CHEMONTID:0000129,Organic compounds;Organic oxygen compounds;Organooxygen compounds;Alcohols and polyols
19006,Imidazoles,0.82,CHEMONTID:0000078,4,CHEMONTID:0000436,CHEMONTID:0000000;CHEMONTID:0000002;CHEMONTID:0000436;CHEMONTID:0000078,Organic compounds;Organoheterocyclic compounds;Azoles;Imidazoles
18696,Guanidines,0.97,CHEMONTID:0000375,4,CHEMONTID:0000278,CHEMONTID:0000000;CHEMONTID:0004707;CHEMONTID:0000278;CHEMONTID:0000375,Organic compounds;Organic nitrogen compounds;Organonitrogen compounds;Guanidines
7459,Carbonyl compounds,0.95,CHEMONTID:0001831,4,CHEMONTID:0000323,CHEMONTID:0000000;CHEMONTID:0004603;CHEMONTID:0000323;CHEMONTID:0001831,Organic compounds;Organic oxygen compounds;Organooxygen compounds;Carbonyl compounds
6917,Carbohydrates and carbohydrate conjugates,0.99,CHEMONTID:0000011,4,CHEMONTID:0000323,CHEMONTID:0000000;CHEMONTID:0004603;CHEMONTID:0000323;CHEMONTID:0000011,Organic compounds;Organic oxygen compounds;Organooxygen compounds;Carbohydrates and carbohydrate conjugates
11211,Carbonyl compounds,0.9,CHEMONTID:0001831,4,CHEMONTID:0000323,CHEMONTID:0000000;CHEMONTID:0004603;CHEMONTID:0000323;CHEMONTID:0001831,Organic compounds;Organic oxygen compounds;Organooxygen compounds;Carbonyl compounds
7110,Alcohols and polyols,0.89,CHEMONTID:0000129,4,CHEMONTID:0000323,CHEMONTID:0000000;CHEMONTID:0004603;CHEMONTID:0000323;CHEMONTID:0000129,Organic compounds;Organic oxygen compounds;Organooxygen compounds;Alcohols and polyols
18910,Alcohols and polyols,1,CHEMONTID:0000129,4,CHEMONTID:0000323,CHEMONTID:0000000;CHEMONTID:0004603;CHEMONTID:0000323;CHEMONTID:0000129,Organic compounds;Organic oxygen compounds;Organooxygen compounds;Alcohols and polyols
10650,Carbonyl compounds,0.99,CHEMONTID:0001831,4,CHEMONTID:0000323,CHEMONTID:0000000;CHEMONTID:0004603;CHEMONTID:0000323;CHEMONTID:0001831,Organic compounds;Organic oxygen compounds;Organooxygen compounds;Carbonyl compounds
6064,Carbonyl compounds,0.89,CHEMONTID:0001831,4,CHEMONTID:0000323,CHEMONTID:0000000;CHEMONTID:0004603;CHEMONTID:0000323;CHEMONTID:0001831,Organic compounds;Organic oxygen compounds;Organooxygen compounds;Carbonyl compounds
14174,Ethers,0.99,CHEMONTID:0000254,4,CHEMONTID:0000323,CHEMONTID:0000000;CHEMONTID:0004603;CHEMONTID:0000323;CHEMONTID:0000254,Organic compounds;Organic oxygen compounds;Organooxygen compounds;Ethers
7549,Guanidines,1,CHEMONTID:0000375,4,CHEMONTID:0000278,CHEMONTID:0000000;CHEMONTID:0004707;CHEMONTID:0000278;CHEMONTID:0000375,Organic compounds;Organic nitrogen compounds;Organonitrogen compounds;Guanidines
2195,Carbonyl compounds,0.99,CHEMONTID:0001831,4,CHEMONTID:0000323,CHEMONTID:0000000;CHEMONTID:0004603;CHEMONTID:0000323;CHEMONTID:0001831,Organic compounds;Organic oxygen compounds;Organooxygen compounds;Carbonyl compounds
16719,Dialkyl ethers,0.99,CHEMONTID:0001167,5,CHEMONTID:0000254,CHEMONTID:0000000;CHEMONTID:0004603;CHEMONTID:0000323;CHEMONTID:0000254;CHEMONTID:0001167,Organic compounds;Organic oxygen compounds;Organooxygen compounds;Ethers;Dialkyl ethers
10005,Phosphate esters,0.94,CHEMONTID:0000408,4,CHEMONTID:0000402,CHEMONTID:0000000;CHEMONTID:0000264;CHEMONTID:0000402;CHEMONTID:0000408,Organic compounds;Organic acids and derivatives;Organic phosphoric acids and derivatives;Phosphate esters
15275,Monoalkylamines,0.97,CHEMONTID:0000469,6,CHEMONTID:0002450,CHEMONTID:0000000;CHEMONTID:0004707;CHEMONTID:0000278;CHEMONTID:0002449;CHEMONTID:0002450;CHEMONTID:0000469,Organic compounds;Organic nitrogen compounds;Organonitrogen compounds;Amines;Primary amines;Monoalkylamines
19835,Amines,0.91,CHEMONTID:0002449,4,CHEMONTID:0000278,CHEMONTID:0000000;CHEMONTID:0004707;CHEMONTID:0000278;CHEMONTID:0002449,Organic compounds;Organic nitrogen compounds;Organonitrogen compounds;Amines
2698,Amines,0.88,CHEMONTID:0002449,4,CHEMONTID:0000278,CHEMONTID:0000000;CHEMONTID:0004707;CHEMONTID:0000278;CHEMONTID:0002449,Organic compounds;Organic nitrogen compounds;Organonitrogen compounds;Amines
3975,Amines,0.95,CHEMONTID:0002449,4,CHEMONTID:0000278,CHEMONTID:0000000;CHEMONTID:0004707;CHEMONTID:0000278;CHEMONTID:0002449,Organic compounds;Organic nitrogen compounds;Organonitrogen compounds;Amines
1265,Carbonyl compounds,0.97,CHEMONTID:0001831,4,CHEMONTID:0000323,CHEMONTID:0000000;CHEMONTID:0004603;CHEMONTID:0000323;CHEMONTID:0001831,Organic compounds;Organic oxygen compounds;Organooxygen compounds;Carbonyl compounds
5080,Carbonyl compounds,0.82,CHEMONTID:0001831,4,CHEMONTID:0000323,CHEMONTID:0000000;CHEMONTID:0004603;CHEMONTID:0000323;CHEMONTID:0001831,Organic compounds;Organic oxygen compounds;Organooxygen compounds;Carbonyl compounds
8005,Carbonyl compounds,0.99,CHEMONTID:0001831,4,CHEMONTID:0000323,CHEMONTID:0000000;CHEMONTID:0004603;CHEMONTID:0000323;CHEMONTID:0001831,Organic compounds;Organic oxygen compounds;Organooxygen compounds;Carbonyl compounds
20658,Primary amines,1,CHEMONTID:0002450,5,CHEMONTID:0002449,CHEMONTID:0000000;CHEMONTID:0004707;CHEMONTID:0000278;CHEMONTID:0002449;CHEMONTID:0002450,Organic compounds;Organic nitrogen compounds;Organonitrogen compounds;Amines;Primary amines
10280,Alcohols and polyols,0.91,CHEMONTID:0000129,4,CHEMONTID:0000323,CHEMONTID:0000000;CHEMONTID:0004603;CHEMONTID:0000323;CHEMONTID:0000129,Organic compounds;Organic oxygen compounds;Organooxygen compounds;Alcohols and polyols
19480,Carbonyl compounds,0.97,CHEMONTID:0001831,4,CHEMONTID:0000323,CHEMONTID:0000000;CHEMONTID:0004603;CHEMONTID:0000323;CHEMONTID:0001831,Organic compounds;Organic oxygen compounds;Organooxygen compounds;Carbonyl compounds
7884,Carbonyl compounds,0.85,CHEMONTID:0001831,4,CHEMONTID:0000323,CHEMONTID:0000000;CHEMONTID:0004603;CHEMONTID:0000323;CHEMONTID:0001831,Organic compounds;Organic oxygen compounds;Organooxygen compounds;Carbonyl compounds
5700,Carboxylic acid derivatives,0.97,CHEMONTID:0001093,4,CHEMONTID:0000265,CHEMONTID:0000000;CHEMONTID:0000264;CHEMONTID:0000265;CHEMONTID:0001093,Organic compounds;Organic acids and derivatives;Carboxylic acids and derivatives;Carboxylic acid derivatives
10283,Alcohols and polyols,0.95,CHEMONTID:0000129,4,CHEMONTID:0000323,CHEMONTID:0000000;CHEMONTID:0004603;CHEMONTID:0000323;CHEMONTID:0000129,Organic compounds;Organic oxygen compounds;Organooxygen compounds;Alcohols and polyols
2468,Alkyl phosphates,0.93,CHEMONTID:0003457,5,CHEMONTID:0000408,CHEMONTID:0000000;CHEMONTID:0000264;CHEMONTID:0000402;CHEMONTID:0000408;CHEMONTID:0003457,Organic compounds;Organic acids and derivatives;Organic phosphoric acids and derivatives;Phosphate esters;Alkyl phosphates
7246,Aminopyrimidines and derivatives,1,CHEMONTID:0001262,5,CHEMONTID:0000075,CHEMONTID:0000000;CHEMONTID:0000002;CHEMONTID:0001346;CHEMONTID:0000075;CHEMONTID:0001262,Organic compounds;Organoheterocyclic compounds;Diazines;Pyrimidines and pyrimidine derivatives;Aminopyrimidines and derivatives
16453,Ortho amides,0.81,CHEMONTID:0002927,4,CHEMONTID:0000278,CHEMONTID:0000000;CHEMONTID:0004707;CHEMONTID:0000278;CHEMONTID:0002927,Organic compounds;Organic nitrogen compounds;Organonitrogen compounds;Ortho amides
3012,Amines,0.99,CHEMONTID:0002449,4,CHEMONTID:0000278,CHEMONTID:0000000;CHEMONTID:0004707;CHEMONTID:0000278;CHEMONTID:0002449,Organic compounds;Organic nitrogen compounds;Organonitrogen compounds;Amines
15805,Carbonyl compounds,1,CHEMONTID:0001831,4,CHEMONTID:0000323,CHEMONTID:0000000;CHEMONTID:0004603;CHEMONTID:0000323;CHEMONTID:0001831,Organic compounds;Organic oxygen compounds;Organooxygen compounds;Carbonyl compounds
7656,Carbohydrates and carbohydrate conjugates,0.99,CHEMONTID:0000011,4,CHEMONTID:0000323,CHEMONTID:0000000;CHEMONTID:0004603;CHEMONTID:0000323;CHEMONTID:0000011,Organic compounds;Organic oxygen compounds;Organooxygen compounds;Carbohydrates and carbohydrate conjugates
4704,Carbonyl compounds,0.98,CHEMONTID:0001831,4,CHEMONTID:0000323,CHEMONTID:0000000;CHEMONTID:0004603;CHEMONTID:0000323;CHEMONTID:0001831,Organic compounds;Organic oxygen compounds;Organooxygen compounds;Carbonyl compounds
4855,Carbonyl compounds,0.93,CHEMONTID:0001831,4,CHEMONTID:0000323,CHEMONTID:0000000;CHEMONTID:0004603;CHEMONTID:0000323;CHEMONTID:0001831,Organic compounds;Organic oxygen compounds;Organooxygen compounds;Carbonyl compounds
18724,Fatty amides,0.84,CHEMONTID:0000331,4,CHEMONTID:0003909,CHEMONTID:0000000;CHEMONTID:0000012;CHEMONTID:0003909;CHEMONTID:0000331,Organic compounds;Lipids and lipid-like molecules;Fatty Acyls;Fatty amides
15026,Amines,0.88,CHEMONTID:0002449,4,CHEMONTID:0000278,CHEMONTID:0000000;CHEMONTID:0004707;CHEMONTID:0000278;CHEMONTID:0002449,Organic compounds;Organic nitrogen compounds;Organonitrogen compounds;Amines
6302,Alcohols and polyols,0.97,CHEMONTID:0000129,4,CHEMONTID:0000323,CHEMONTID:0000000;CHEMONTID:0004603;CHEMONTID:0000323;CHEMONTID:0000129,Organic compounds;Organic oxygen compounds;Organooxygen compounds;Alcohols and polyols
12455,Carbonyl compounds,0.91,CHEMONTID:0001831,4,CHEMONTID:0000323,CHEMONTID:0000000;CHEMONTID:0004603;CHEMONTID:0000323;CHEMONTID:0001831,Organic compounds;Organic oxygen compounds;Organooxygen compounds;Carbonyl compounds
9727,Guanidines,0.96,CHEMONTID:0000375,4,CHEMONTID:0000278,CHEMONTID:0000000;CHEMONTID:0004707;CHEMONTID:0000278;CHEMONTID:0000375,Organic compounds;Organic nitrogen compounds;Organonitrogen compounds;Guanidines
3183,Carboxylic acid derivatives,0.83,CHEMONTID:0001093,4,CHEMONTID:0000265,CHEMONTID:0000000;CHEMONTID:0000264;CHEMONTID:0000265;CHEMONTID:0001093,Organic compounds;Organic acids and derivatives;Carboxylic acids and derivatives;Carboxylic acid derivatives
8548,Monoalkylamines,0.99,CHEMONTID:0000469,6,CHEMONTID:0002450,CHEMONTID:0000000;CHEMONTID:0004707;CHEMONTID:0000278;CHEMONTID:0002449;CHEMONTID:0002450;CHEMONTID:0000469,Organic compounds;Organic nitrogen compounds;Organonitrogen compounds;Amines;Primary amines;Monoalkylamines
2057,Alcohols and polyols,0.85,CHEMONTID:0000129,4,CHEMONTID:0000323,CHEMONTID:0000000;CHEMONTID:0004603;CHEMONTID:0000323;CHEMONTID:0000129,Organic compounds;Organic oxygen compounds;Organooxygen compounds;Alcohols and polyols
3662,Primary amines,0.91,CHEMONTID:0002450,5,CHEMONTID:0002449,CHEMONTID:0000000;CHEMONTID:0004707;CHEMONTID:0000278;CHEMONTID:0002449;CHEMONTID:0002450,Organic compounds;Organic nitrogen compounds;Organonitrogen compounds;Amines;Primary amines
15032,Amines,0.96,CHEMONTID:0002449,4,CHEMONTID:0000278,CHEMONTID:0000000;CHEMONTID:0004707;CHEMONTID:0000278;CHEMONTID:0002449,Organic compounds;Organic nitrogen compounds;Organonitrogen compounds;Amines
13474,Carboxylic acids,0.84,CHEMONTID:0001205,4,CHEMONTID:0000265,CHEMONTID:0000000;CHEMONTID:0000264;CHEMONTID:0000265;CHEMONTID:0001205,Organic compounds;Organic acids and derivatives;Carboxylic acids and derivatives;Carboxylic acids
7837,Purines and purine derivatives,0.99,CHEMONTID:0000245,4,CHEMONTID:0001797,CHEMONTID:0000000;CHEMONTID:0000002;CHEMONTID:0001797;CHEMONTID:0000245,Organic compounds;Organoheterocyclic compounds;Imidazopyrimidines;Purines and purine derivatives
12084,Carboxylic acid derivatives,0.93,CHEMONTID:0001093,4,CHEMONTID:0000265,CHEMONTID:0000000;CHEMONTID:0000264;CHEMONTID:0000265;CHEMONTID:0001093,Organic compounds;Organic acids and derivatives;Carboxylic acids and derivatives;Carboxylic acid derivatives
15067,Monoalkylamines,1,CHEMONTID:0000469,6,CHEMONTID:0002450,CHEMONTID:0000000;CHEMONTID:0004707;CHEMONTID:0000278;CHEMONTID:0002449;CHEMONTID:0002450;CHEMONTID:0000469,Organic compounds;Organic nitrogen compounds;Organonitrogen compounds;Amines;Primary amines;Monoalkylamines
17708,Alcohols and polyols,0.89,CHEMONTID:0000129,4,CHEMONTID:0000323,CHEMONTID:0000000;CHEMONTID:0004603;CHEMONTID:0000323;CHEMONTID:0000129,Organic compounds;Organic oxygen compounds;Organooxygen compounds;Alcohols and polyols
15129,Alcohols and polyols,1,CHEMONTID:0000129,4,CHEMONTID:0000323,CHEMONTID:0000000;CHEMONTID:0004603;CHEMONTID:0000323;CHEMONTID:0000129,Organic compounds;Organic oxygen compounds;Organooxygen compounds;Alcohols and polyols
7138,Carboxylic acid derivatives,0.93,CHEMONTID:0001093,4,CHEMONTID:0000265,CHEMONTID:0000000;CHEMONTID:0000264;CHEMONTID:0000265;CHEMONTID:0001093,Organic compounds;Organic acids and derivatives;Carboxylic acids and derivatives;Carboxylic acid derivatives
12981,Primary amines,0.99,CHEMONTID:0002450,5,CHEMONTID:0002449,CHEMONTID:0000000;CHEMONTID:0004707;CHEMONTID:0000278;CHEMONTID:0002449;CHEMONTID:0002450,Organic compounds;Organic nitrogen compounds;Organonitrogen compounds;Amines;Primary amines
4832,Carbonyl compounds,0.83,CHEMONTID:0001831,4,CHEMONTID:0000323,CHEMONTID:0000000;CHEMONTID:0004603;CHEMONTID:0000323;CHEMONTID:0001831,Organic compounds;Organic oxygen compounds;Organooxygen compounds;Carbonyl compounds
679,Triazoles,0.88,CHEMONTID:0000099,4,CHEMONTID:0000436,CHEMONTID:0000000;CHEMONTID:0000002;CHEMONTID:0000436;CHEMONTID:0000099,Organic compounds;Organoheterocyclic compounds;Azoles;Triazoles
19494,Carboxylic acid derivatives,0.97,CHEMONTID:0001093,4,CHEMONTID:0000265,CHEMONTID:0000000;CHEMONTID:0000264;CHEMONTID:0000265;CHEMONTID:0001093,Organic compounds;Organic acids and derivatives;Carboxylic acids and derivatives;Carboxylic acid derivatives
3003,Carbonyl compounds,0.94,CHEMONTID:0001831,4,CHEMONTID:0000323,CHEMONTID:0000000;CHEMONTID:0004603;CHEMONTID:0000323;CHEMONTID:0001831,Organic compounds;Organic oxygen compounds;Organooxygen compounds;Carbonyl compounds
2569,Primary amines,0.98,CHEMONTID:0002450,5,CHEMONTID:0002449,CHEMONTID:0000000;CHEMONTID:0004707;CHEMONTID:0000278;CHEMONTID:0002449;CHEMONTID:0002450,Organic compounds;Organic nitrogen compounds;Organonitrogen compounds;Amines;Primary amines
4172,Carboxylic acid derivatives,0.85,CHEMONTID:0001093,4,CHEMONTID:0000265,CHEMONTID:0000000;CHEMONTID:0000264;CHEMONTID:0000265;CHEMONTID:0001093,Organic compounds;Organic acids and derivatives;Carboxylic acids and derivatives;Carboxylic acid derivatives
5868,Carboxylic acid derivatives,1,CHEMONTID:0001093,4,CHEMONTID:0000265,CHEMONTID:0000000;CHEMONTID:0000264;CHEMONTID:0000265;CHEMONTID:0001093,Organic compounds;Organic acids and derivatives;Carboxylic acids and derivatives;Carboxylic acid derivatives
203,Carbonyl compounds,0.83,CHEMONTID:0001831,4,CHEMONTID:0000323,CHEMONTID:0000000;CHEMONTID:0004603;CHEMONTID:0000323;CHEMONTID:0001831,Organic compounds;Organic oxygen compounds;Organooxygen compounds;Carbonyl compounds
15417,Guanidines,0.87,CHEMONTID:0000375,4,CHEMONTID:0000278,CHEMONTID:0000000;CHEMONTID:0004707;CHEMONTID:0000278;CHEMONTID:0000375,Organic compounds;Organic nitrogen compounds;Organonitrogen compounds;Guanidines
12871,Guanidines,0.87,CHEMONTID:0000375,4,CHEMONTID:0000278,CHEMONTID:0000000;CHEMONTID:0004707;CHEMONTID:0000278;CHEMONTID:0000375,Organic compounds;Organic nitrogen compounds;Organonitrogen compounds;Guanidines
17496,Amines,0.99,CHEMONTID:0002449,4,CHEMONTID:0000278,CHEMONTID:0000000;CHEMONTID:0004707;CHEMONTID:0000278;CHEMONTID:0002449,Organic compounds;Organic nitrogen compounds;Organonitrogen compounds;Amines
5953,Alcohols and polyols,0.98,CHEMONTID:0000129,4,CHEMONTID:0000323,CHEMONTID:0000000;CHEMONTID:0004603;CHEMONTID:0000323;CHEMONTID:0000129,Organic compounds;Organic oxygen compounds;Organooxygen compounds;Alcohols and polyols
12410,Carboxylic acid derivatives,0.92,CHEMONTID:0001093,4,CHEMONTID:0000265,CHEMONTID:0000000;CHEMONTID:0000264;CHEMONTID:0000265;CHEMONTID:0001093,Organic compounds;Organic acids and derivatives;Carboxylic acids and derivatives;Carboxylic acid derivatives
19649,Amino acids and derivatives,0.9,CHEMONTID:0000347,5,CHEMONTID:0000013,CHEMONTID:0000000;CHEMONTID:0000264;CHEMONTID:0000265;CHEMONTID:0000013;CHEMONTID:0000347,"Organic compounds;Organic acids and derivatives;Carboxylic acids and derivatives;Amino acids, peptides, and analogues;Amino acids and derivatives"
3720,Carbonyl compounds,0.89,CHEMONTID:0001831,4,CHEMONTID:0000323,CHEMONTID:0000000;CHEMONTID:0004603;CHEMONTID:0000323;CHEMONTID:0001831,Organic compounds;Organic oxygen compounds;Organooxygen compounds;Carbonyl compounds
13585,Carbonyl compounds,0.93,CHEMONTID:0001831,4,CHEMONTID:0000323,CHEMONTID:0000000;CHEMONTID:0004603;CHEMONTID:0000323;CHEMONTID:0001831,Organic compounds;Organic oxygen compounds;Organooxygen compounds;Carbonyl compounds
6285,Carbonyl compounds,0.95,CHEMONTID:0001831,4,CHEMONTID:0000323,CHEMONTID:0000000;CHEMONTID:0004603;CHEMONTID:0000323;CHEMONTID:0001831,Organic compounds;Organic oxygen compounds;Organooxygen compounds;Carbonyl compounds
7808,Carbonyl compounds,0.81,CHEMONTID:0001831,4,CHEMONTID:0000323,CHEMONTID:0000000;CHEMONTID:0004603;CHEMONTID:0000323;CHEMONTID:0001831,Organic compounds;Organic oxygen compounds;Organooxygen compounds;Carbonyl compounds
16759,Ethers,0.99,CHEMONTID:0000254,4,CHEMONTID:0000323,CHEMONTID:0000000;CHEMONTID:0004603;CHEMONTID:0000323;CHEMONTID:0000254,Organic compounds;Organic oxygen compounds;Organooxygen compounds;Ethers
830,Carbonyl compounds,0.82,CHEMONTID:0001831,4,CHEMONTID:0000323,CHEMONTID:0000000;CHEMONTID:0004603;CHEMONTID:0000323;CHEMONTID:0001831,Organic compounds;Organic oxygen compounds;Organooxygen compounds;Carbonyl compounds
9378,Primary amines,0.97,CHEMONTID:0002450,5,CHEMONTID:0002449,CHEMONTID:0000000;CHEMONTID:0004707;CHEMONTID:0000278;CHEMONTID:0002449;CHEMONTID:0002450,Organic compounds;Organic nitrogen compounds;Organonitrogen compounds;Amines;Primary amines
12390,Dialkyl ethers,0.9,CHEMONTID:0001167,5,CHEMONTID:0000254,CHEMONTID:0000000;CHEMONTID:0004603;CHEMONTID:0000323;CHEMONTID:0000254;CHEMONTID:0001167,Organic compounds;Organic oxygen compounds;Organooxygen compounds;Ethers;Dialkyl ethers
6235,Dialkylthioethers,0.87,CHEMONTID:0003862,4,CHEMONTID:0001202,CHEMONTID:0000000;CHEMONTID:0000004;CHEMONTID:0001202;CHEMONTID:0003862,Organic compounds;Organosulfur compounds;Thioethers;Dialkylthioethers
4777,Dialkyl ethers,0.97,CHEMONTID:0001167,5,CHEMONTID:0000254,CHEMONTID:0000000;CHEMONTID:0004603;CHEMONTID:0000323;CHEMONTID:0000254;CHEMONTID:0001167,Organic compounds;Organic oxygen compounds;Organooxygen compounds;Ethers;Dialkyl ethers
8264,Carbonyl compounds,0.99,CHEMONTID:0001831,4,CHEMONTID:0000323,CHEMONTID:0000000;CHEMONTID:0004603;CHEMONTID:0000323;CHEMONTID:0001831,Organic compounds;Organic oxygen compounds;Organooxygen compounds;Carbonyl compounds
16627,Carbonyl compounds,1,CHEMONTID:0001831,4,CHEMONTID:0000323,CHEMONTID:0000000;CHEMONTID:0004603;CHEMONTID:0000323;CHEMONTID:0001831,Organic compounds;Organic oxygen compounds;Organooxygen compounds;Carbonyl compounds
6789,Amines,1,CHEMONTID:0002449,4,CHEMONTID:0000278,CHEMONTID:0000000;CHEMONTID:0004707;CHEMONTID:0000278;CHEMONTID:0002449,Organic compounds;Organic nitrogen compounds;Organonitrogen compounds;Amines
10644,N-acyl amines,0.88,CHEMONTID:0001096,5,CHEMONTID:0000331,CHEMONTID:0000000;CHEMONTID:0000012;CHEMONTID:0003909;CHEMONTID:0000331;CHEMONTID:0001096,Organic compounds;Lipids and lipid-like molecules;Fatty Acyls;Fatty amides;N-acyl amines
8516,Carbonyl compounds,0.87,CHEMONTID:0001831,4,CHEMONTID:0000323,CHEMONTID:0000000;CHEMONTID:0004603;CHEMONTID:0000323;CHEMONTID:0001831,Organic compounds;Organic oxygen compounds;Organooxygen compounds;Carbonyl compounds
2184,Amines,0.95,CHEMONTID:0002449,4,CHEMONTID:0000278,CHEMONTID:0000000;CHEMONTID:0004707;CHEMONTID:0000278;CHEMONTID:0002449,Organic compounds;Organic nitrogen compounds;Organonitrogen compounds;Amines
16631,Ethers,1,CHEMONTID:0000254,4,CHEMONTID:0000323,CHEMONTID:0000000;CHEMONTID:0004603;CHEMONTID:0000323;CHEMONTID:0000254,Organic compounds;Organic oxygen compounds;Organooxygen compounds;Ethers
8921,Phosphate esters,0.92,CHEMONTID:0000408,4,CHEMONTID:0000402,CHEMONTID:0000000;CHEMONTID:0000264;CHEMONTID:0000402;CHEMONTID:0000408,Organic compounds;Organic acids and derivatives;Organic phosphoric acids and derivatives;Phosphate esters
9321,Monocarboxylic acids and derivatives,0.86,CHEMONTID:0001137,4,CHEMONTID:0000265,CHEMONTID:0000000;CHEMONTID:0000264;CHEMONTID:0000265;CHEMONTID:0001137,Organic compounds;Organic acids and derivatives;Carboxylic acids and derivatives;Monocarboxylic acids and derivatives
7558,Alcohols and polyols,0.99,CHEMONTID:0000129,4,CHEMONTID:0000323,CHEMONTID:0000000;CHEMONTID:0004603;CHEMONTID:0000323;CHEMONTID:0000129,Organic compounds;Organic oxygen compounds;Organooxygen compounds;Alcohols and polyols
15580,Pyrimidines and pyrimidine derivatives,0.98,CHEMONTID:0000075,4,CHEMONTID:0001346,CHEMONTID:0000000;CHEMONTID:0000002;CHEMONTID:0001346;CHEMONTID:0000075,Organic compounds;Organoheterocyclic compounds;Diazines;Pyrimidines and pyrimidine derivatives
5767,Carboxylic acid derivatives,0.97,CHEMONTID:0001093,4,CHEMONTID:0000265,CHEMONTID:0000000;CHEMONTID:0000264;CHEMONTID:0000265;CHEMONTID:0001093,Organic compounds;Organic acids and derivatives;Carboxylic acids and derivatives;Carboxylic acid derivatives
17178,Ethers,0.96,CHEMONTID:0000254,4,CHEMONTID:0000323,CHEMONTID:0000000;CHEMONTID:0004603;CHEMONTID:0000323;CHEMONTID:0000254,Organic compounds;Organic oxygen compounds;Organooxygen compounds;Ethers
20014,Amines,0.93,CHEMONTID:0002449,4,CHEMONTID:0000278,CHEMONTID:0000000;CHEMONTID:0004707;CHEMONTID:0000278;CHEMONTID:0002449,Organic compounds;Organic nitrogen compounds;Organonitrogen compounds;Amines
20068,Carbonyl compounds,0.87,CHEMONTID:0001831,4,CHEMONTID:0000323,CHEMONTID:0000000;CHEMONTID:0004603;CHEMONTID:0000323;CHEMONTID:0001831,Organic compounds;Organic oxygen compounds;Organooxygen compounds;Carbonyl compounds
7955,Dialkyl peroxides,0.92,CHEMONTID:0003951,5,CHEMONTID:0000414,CHEMONTID:0000000;CHEMONTID:0004603;CHEMONTID:0003940;CHEMONTID:0000414;CHEMONTID:0003951,Organic compounds;Organic oxygen compounds;Organic oxides;Organic peroxides;Dialkyl peroxides
2999,Alcohols and polyols,1,CHEMONTID:0000129,4,CHEMONTID:0000323,CHEMONTID:0000000;CHEMONTID:0004603;CHEMONTID:0000323;CHEMONTID:0000129,Organic compounds;Organic oxygen compounds;Organooxygen compounds;Alcohols and polyols
7774,Primary amines,1,CHEMONTID:0002450,5,CHEMONTID:0002449,CHEMONTID:0000000;CHEMONTID:0004707;CHEMONTID:0000278;CHEMONTID:0002449;CHEMONTID:0002450,Organic compounds;Organic nitrogen compounds;Organonitrogen compounds;Amines;Primary amines
12440,Monosaccharides,1,CHEMONTID:0001540,5,CHEMONTID:0000011,CHEMONTID:0000000;CHEMONTID:0004603;CHEMONTID:0000323;CHEMONTID:0000011;CHEMONTID:0001540,Organic compounds;Organic oxygen compounds;Organooxygen compounds;Carbohydrates and carbohydrate conjugates;Monosaccharides
19664,Carbonyl compounds,0.99,CHEMONTID:0001831,4,CHEMONTID:0000323,CHEMONTID:0000000;CHEMONTID:0004603;CHEMONTID:0000323;CHEMONTID:0001831,Organic compounds;Organic oxygen compounds;Organooxygen compounds;Carbonyl compounds
4574,Alcohols and polyols,0.89,CHEMONTID:0000129,4,CHEMONTID:0000323,CHEMONTID:0000000;CHEMONTID:0004603;CHEMONTID:0000323;CHEMONTID:0000129,Organic compounds;Organic oxygen compounds;Organooxygen compounds;Alcohols and polyols
14778,Carbonyl compounds,0.85,CHEMONTID:0001831,4,CHEMONTID:0000323,CHEMONTID:0000000;CHEMONTID:0004603;CHEMONTID:0000323;CHEMONTID:0001831,Organic compounds;Organic oxygen compounds;Organooxygen compounds;Carbonyl compounds
14167,Triazoles,0.84,CHEMONTID:0000099,4,CHEMONTID:0000436,CHEMONTID:0000000;CHEMONTID:0000002;CHEMONTID:0000436;CHEMONTID:0000099,Organic compounds;Organoheterocyclic compounds;Azoles;Triazoles
14028,Amines,1,CHEMONTID:0002449,4,CHEMONTID:0000278,CHEMONTID:0000000;CHEMONTID:0004707;CHEMONTID:0000278;CHEMONTID:0002449,Organic compounds;Organic nitrogen compounds;Organonitrogen compounds;Amines
12260,Amines,0.96,CHEMONTID:0002449,4,CHEMONTID:0000278,CHEMONTID:0000000;CHEMONTID:0004707;CHEMONTID:0000278;CHEMONTID:0002449,Organic compounds;Organic nitrogen compounds;Organonitrogen compounds;Amines
18891,Carboxylic acid derivatives,0.95,CHEMONTID:0001093,4,CHEMONTID:0000265,CHEMONTID:0000000;CHEMONTID:0000264;CHEMONTID:0000265;CHEMONTID:0001093,Organic compounds;Organic acids and derivatives;Carboxylic acids and derivatives;Carboxylic acid derivatives
8377,Amines,1,CHEMONTID:0002449,4,CHEMONTID:0000278,CHEMONTID:0000000;CHEMONTID:0004707;CHEMONTID:0000278;CHEMONTID:0002449,Organic compounds;Organic nitrogen compounds;Organonitrogen compounds;Amines
5380,Secondary alcohols,0.9,CHEMONTID:0001661,5,CHEMONTID:0000129,CHEMONTID:0000000;CHEMONTID:0004603;CHEMONTID:0000323;CHEMONTID:0000129;CHEMONTID:0001661,Organic compounds;Organic oxygen compounds;Organooxygen compounds;Alcohols and polyols;Secondary alcohols
12030,Carbonyl compounds,0.96,CHEMONTID:0001831,4,CHEMONTID:0000323,CHEMONTID:0000000;CHEMONTID:0004603;CHEMONTID:0000323;CHEMONTID:0001831,Organic compounds;Organic oxygen compounds;Organooxygen compounds;Carbonyl compounds
10205,Amino acids,0.8,CHEMONTID:0004176,6,CHEMONTID:0000347,CHEMONTID:0000000;CHEMONTID:0000264;CHEMONTID:0000265;CHEMONTID:0000013;CHEMONTID:0000347;CHEMONTID:0004176,"Organic compounds;Organic acids and derivatives;Carboxylic acids and derivatives;Amino acids, peptides, and analogues;Amino acids and derivatives;Amino acids"
6264,Monosaccharide phosphates,1,CHEMONTID:0001541,6,CHEMONTID:0001540,CHEMONTID:0000000;CHEMONTID:0004603;CHEMONTID:0000323;CHEMONTID:0000011;CHEMONTID:0001540;CHEMONTID:0001541,Organic compounds;Organic oxygen compounds;Organooxygen compounds;Carbohydrates and carbohydrate conjugates;Monosaccharides;Monosaccharide phosphates
15173,Guanidines,0.92,CHEMONTID:0000375,4,CHEMONTID:0000278,CHEMONTID:0000000;CHEMONTID:0004707;CHEMONTID:0000278;CHEMONTID:0000375,Organic compounds;Organic nitrogen compounds;Organonitrogen compounds;Guanidines
13826,Alkanolamines,0.95,CHEMONTID:0002460,5,CHEMONTID:0002449,CHEMONTID:0000000;CHEMONTID:0004707;CHEMONTID:0000278;CHEMONTID:0002449;CHEMONTID:0002460,Organic compounds;Organic nitrogen compounds;Organonitrogen compounds;Amines;Alkanolamines
3047,Alcohols and polyols,0.92,CHEMONTID:0000129,4,CHEMONTID:0000323,CHEMONTID:0000000;CHEMONTID:0004603;CHEMONTID:0000323;CHEMONTID:0000129,Organic compounds;Organic oxygen compounds;Organooxygen compounds;Alcohols and polyols
18587,"Amino acids, peptides, and analogues",0.99,CHEMONTID:0000013,4,CHEMONTID:0000265,CHEMONTID:0000000;CHEMONTID:0000264;CHEMONTID:0000265;CHEMONTID:0000013,"Organic compounds;Organic acids and derivatives;Carboxylic acids and derivatives;Amino acids, peptides, and analogues"
10425,Carbonyl compounds,0.96,CHEMONTID:0001831,4,CHEMONTID:0000323,CHEMONTID:0000000;CHEMONTID:0004603;CHEMONTID:0000323;CHEMONTID:0001831,Organic compounds;Organic oxygen compounds;Organooxygen compounds;Carbonyl compounds
19407,Pyrimidines and pyrimidine derivatives,0.93,CHEMONTID:0000075,4,CHEMONTID:0001346,CHEMONTID:0000000;CHEMONTID:0000002;CHEMONTID:0001346;CHEMONTID:0000075,Organic compounds;Organoheterocyclic compounds;Diazines;Pyrimidines and pyrimidine derivatives
10931,N-acyl amines,0.92,CHEMONTID:0001096,5,CHEMONTID:0000331,CHEMONTID:0000000;CHEMONTID:0000012;CHEMONTID:0003909;CHEMONTID:0000331;CHEMONTID:0001096,Organic compounds;Lipids and lipid-like molecules;Fatty Acyls;Fatty amides;N-acyl amines
13370,Monoalkylamines,1,CHEMONTID:0000469,6,CHEMONTID:0002450,CHEMONTID:0000000;CHEMONTID:0004707;CHEMONTID:0000278;CHEMONTID:0002449;CHEMONTID:0002450;CHEMONTID:0000469,Organic compounds;Organic nitrogen compounds;Organonitrogen compounds;Amines;Primary amines;Monoalkylamines
14005,Carbonyl compounds,0.91,CHEMONTID:0001831,4,CHEMONTID:0000323,CHEMONTID:0000000;CHEMONTID:0004603;CHEMONTID:0000323;CHEMONTID:0001831,Organic compounds;Organic oxygen compounds;Organooxygen compounds;Carbonyl compounds
9053,Carbonyl compounds,0.95,CHEMONTID:0001831,4,CHEMONTID:0000323,CHEMONTID:0000000;CHEMONTID:0004603;CHEMONTID:0000323;CHEMONTID:0001831,Organic compounds;Organic oxygen compounds;Organooxygen compounds;Carbonyl compounds
3376,Carbonyl compounds,0.97,CHEMONTID:0001831,4,CHEMONTID:0000323,CHEMONTID:0000000;CHEMONTID:0004603;CHEMONTID:0000323;CHEMONTID:0001831,Organic compounds;Organic oxygen compounds;Organooxygen compounds;Carbonyl compounds
18029,Carbohydrates and carbohydrate conjugates,1,CHEMONTID:0000011,4,CHEMONTID:0000323,CHEMONTID:0000000;CHEMONTID:0004603;CHEMONTID:0000323;CHEMONTID:0000011,Organic compounds;Organic oxygen compounds;Organooxygen compounds;Carbohydrates and carbohydrate conjugates
4079,Carboxylic acid derivatives,0.81,CHEMONTID:0001093,4,CHEMONTID:0000265,CHEMONTID:0000000;CHEMONTID:0000264;CHEMONTID:0000265;CHEMONTID:0001093,Organic compounds;Organic acids and derivatives;Carboxylic acids and derivatives;Carboxylic acid derivatives
9374,Amines,0.95,CHEMONTID:0002449,4,CHEMONTID:0000278,CHEMONTID:0000000;CHEMONTID:0004707;CHEMONTID:0000278;CHEMONTID:0002449,Organic compounds;Organic nitrogen compounds;Organonitrogen compounds;Amines
10213,Amines,1,CHEMONTID:0002449,4,CHEMONTID:0000278,CHEMONTID:0000000;CHEMONTID:0004707;CHEMONTID:0000278;CHEMONTID:0002449,Organic compounds;Organic nitrogen compounds;Organonitrogen compounds;Amines
2301,N-substituted imidazoles,0.98,CHEMONTID:0002311,6,CHEMONTID:0002310,CHEMONTID:0000000;CHEMONTID:0000002;CHEMONTID:0000436;CHEMONTID:0000078;CHEMONTID:0002310;CHEMONTID:0002311,Organic compounds;Organoheterocyclic compounds;Azoles;Imidazoles;Substituted imidazoles;N-substituted imidazoles
17401,Amines,0.99,CHEMONTID:0002449,4,CHEMONTID:0000278,CHEMONTID:0000000;CHEMONTID:0004707;CHEMONTID:0000278;CHEMONTID:0002449,Organic compounds;Organic nitrogen compounds;Organonitrogen compounds;Amines
10171,Carboxylic acid derivatives,0.82,CHEMONTID:0001093,4,CHEMONTID:0000265,CHEMONTID:0000000;CHEMONTID:0000264;CHEMONTID:0000265;CHEMONTID:0001093,Organic compounds;Organic acids and derivatives;Carboxylic acids and derivatives;Carboxylic acid derivatives
8362,Carboxylic acid derivatives,0.95,CHEMONTID:0001093,4,CHEMONTID:0000265,CHEMONTID:0000000;CHEMONTID:0000264;CHEMONTID:0000265;CHEMONTID:0001093,Organic compounds;Organic acids and derivatives;Carboxylic acids and derivatives;Carboxylic acid derivatives
4018,Alcohols and polyols,0.84,CHEMONTID:0000129,4,CHEMONTID:0000323,CHEMONTID:0000000;CHEMONTID:0004603;CHEMONTID:0000323;CHEMONTID:0000129,Organic compounds;Organic oxygen compounds;Organooxygen compounds;Alcohols and polyols
6768,Ethers,1,CHEMONTID:0000254,4,CHEMONTID:0000323,CHEMONTID:0000000;CHEMONTID:0004603;CHEMONTID:0000323;CHEMONTID:0000254,Organic compounds;Organic oxygen compounds;Organooxygen compounds;Ethers
19881,Carbonyl compounds,0.91,CHEMONTID:0001831,4,CHEMONTID:0000323,CHEMONTID:0000000;CHEMONTID:0004603;CHEMONTID:0000323;CHEMONTID:0001831,Organic compounds;Organic oxygen compounds;Organooxygen compounds;Carbonyl compounds
20458,Carbonyl compounds,0.98,CHEMONTID:0001831,4,CHEMONTID:0000323,CHEMONTID:0000000;CHEMONTID:0004603;CHEMONTID:0000323;CHEMONTID:0001831,Organic compounds;Organic oxygen compounds;Organooxygen compounds;Carbonyl compounds
12765,6-aminopurines,0.97,CHEMONTID:0002987,5,CHEMONTID:0000245,CHEMONTID:0000000;CHEMONTID:0000002;CHEMONTID:0001797;CHEMONTID:0000245;CHEMONTID:0002987,Organic compounds;Organoheterocyclic compounds;Imidazopyrimidines;Purines and purine derivatives;6-aminopurines
4090,Amines,0.95,CHEMONTID:0002449,4,CHEMONTID:0000278,CHEMONTID:0000000;CHEMONTID:0004707;CHEMONTID:0000278;CHEMONTID:0002449,Organic compounds;Organic nitrogen compounds;Organonitrogen compounds;Amines
17417,Primary amines,0.96,CHEMONTID:0002450,5,CHEMONTID:0002449,CHEMONTID:0000000;CHEMONTID:0004707;CHEMONTID:0000278;CHEMONTID:0002449;CHEMONTID:0002450,Organic compounds;Organic nitrogen compounds;Organonitrogen compounds;Amines;Primary amines
10167,Pyrimidines and pyrimidine derivatives,0.84,CHEMONTID:0000075,4,CHEMONTID:0001346,CHEMONTID:0000000;CHEMONTID:0000002;CHEMONTID:0001346;CHEMONTID:0000075,Organic compounds;Organoheterocyclic compounds;Diazines;Pyrimidines and pyrimidine derivatives
952,6-aminopurines,0.98,CHEMONTID:0002987,5,CHEMONTID:0000245,CHEMONTID:0000000;CHEMONTID:0000002;CHEMONTID:0001797;CHEMONTID:0000245;CHEMONTID:0002987,Organic compounds;Organoheterocyclic compounds;Imidazopyrimidines;Purines and purine derivatives;6-aminopurines
7959,Carbonyl compounds,0.82,CHEMONTID:0001831,4,CHEMONTID:0000323,CHEMONTID:0000000;CHEMONTID:0004603;CHEMONTID:0000323;CHEMONTID:0001831,Organic compounds;Organic oxygen compounds;Organooxygen compounds;Carbonyl compounds
12820,Carbonyl compounds,0.81,CHEMONTID:0001831,4,CHEMONTID:0000323,CHEMONTID:0000000;CHEMONTID:0004603;CHEMONTID:0000323;CHEMONTID:0001831,Organic compounds;Organic oxygen compounds;Organooxygen compounds;Carbonyl compounds
11777,Carbonyl compounds,0.95,CHEMONTID:0001831,4,CHEMONTID:0000323,CHEMONTID:0000000;CHEMONTID:0004603;CHEMONTID:0000323;CHEMONTID:0001831,Organic compounds;Organic oxygen compounds;Organooxygen compounds;Carbonyl compounds
6330,Imidazoles,0.84,CHEMONTID:0000078,4,CHEMONTID:0000436,CHEMONTID:0000000;CHEMONTID:0000002;CHEMONTID:0000436;CHEMONTID:0000078,Organic compounds;Organoheterocyclic compounds;Azoles;Imidazoles
8161,Amines,0.9,CHEMONTID:0002449,4,CHEMONTID:0000278,CHEMONTID:0000000;CHEMONTID:0004707;CHEMONTID:0000278;CHEMONTID:0002449,Organic compounds;Organic nitrogen compounds;Organonitrogen compounds;Amines
20517,Carbonyl compounds,0.99,CHEMONTID:0001831,4,CHEMONTID:0000323,CHEMONTID:0000000;CHEMONTID:0004603;CHEMONTID:0000323;CHEMONTID:0001831,Organic compounds;Organic oxygen compounds;Organooxygen compounds;Carbonyl compounds
8081,Pyrimidines and pyrimidine derivatives,0.98,CHEMONTID:0000075,4,CHEMONTID:0001346,CHEMONTID:0000000;CHEMONTID:0000002;CHEMONTID:0001346;CHEMONTID:0000075,Organic compounds;Organoheterocyclic compounds;Diazines;Pyrimidines and pyrimidine derivatives
6122,Primary amines,0.91,CHEMONTID:0002450,5,CHEMONTID:0002449,CHEMONTID:0000000;CHEMONTID:0004707;CHEMONTID:0000278;CHEMONTID:0002449;CHEMONTID:0002450,Organic compounds;Organic nitrogen compounds;Organonitrogen compounds;Amines;Primary amines
2716,Carbonyl compounds,0.84,CHEMONTID:0001831,4,CHEMONTID:0000323,CHEMONTID:0000000;CHEMONTID:0004603;CHEMONTID:0000323;CHEMONTID:0001831,Organic compounds;Organic oxygen compounds;Organooxygen compounds;Carbonyl compounds
343,Alcohols and polyols,0.95,CHEMONTID:0000129,4,CHEMONTID:0000323,CHEMONTID:0000000;CHEMONTID:0004603;CHEMONTID:0000323;CHEMONTID:0000129,Organic compounds;Organic oxygen compounds;Organooxygen compounds;Alcohols and polyols
20503,Monoalkylamines,1,CHEMONTID:0000469,6,CHEMONTID:0002450,CHEMONTID:0000000;CHEMONTID:0004707;CHEMONTID:0000278;CHEMONTID:0002449;CHEMONTID:0002450;CHEMONTID:0000469,Organic compounds;Organic nitrogen compounds;Organonitrogen compounds;Amines;Primary amines;Monoalkylamines
10029,Monoalkylamines,0.99,CHEMONTID:0000469,6,CHEMONTID:0002450,CHEMONTID:0000000;CHEMONTID:0004707;CHEMONTID:0000278;CHEMONTID:0002449;CHEMONTID:0002450;CHEMONTID:0000469,Organic compounds;Organic nitrogen compounds;Organonitrogen compounds;Amines;Primary amines;Monoalkylamines
20460,Carbonyl compounds,0.83,CHEMONTID:0001831,4,CHEMONTID:0000323,CHEMONTID:0000000;CHEMONTID:0004603;CHEMONTID:0000323;CHEMONTID:0001831,Organic compounds;Organic oxygen compounds;Organooxygen compounds;Carbonyl compounds
16898,Amines,0.99,CHEMONTID:0002449,4,CHEMONTID:0000278,CHEMONTID:0000000;CHEMONTID:0004707;CHEMONTID:0000278;CHEMONTID:0002449,Organic compounds;Organic nitrogen compounds;Organonitrogen compounds;Amines
9897,Methyl esters,0.93,CHEMONTID:0003416,6,CHEMONTID:0001238,CHEMONTID:0000000;CHEMONTID:0000264;CHEMONTID:0000265;CHEMONTID:0001093;CHEMONTID:0001238;CHEMONTID:0003416,Organic compounds;Organic acids and derivatives;Carboxylic acids and derivatives;Carboxylic acid derivatives;Carboxylic acid esters;Methyl esters
14898,Fatty acid esters,0.8,CHEMONTID:0000324,4,CHEMONTID:0003909,CHEMONTID:0000000;CHEMONTID:0000012;CHEMONTID:0003909;CHEMONTID:0000324,Organic compounds;Lipids and lipid-like molecules;Fatty Acyls;Fatty acid esters
6487,Carbonyl compounds,0.99,CHEMONTID:0001831,4,CHEMONTID:0000323,CHEMONTID:0000000;CHEMONTID:0004603;CHEMONTID:0000323;CHEMONTID:0001831,Organic compounds;Organic oxygen compounds;Organooxygen compounds;Carbonyl compounds
2707,Carbonyl compounds,0.94,CHEMONTID:0001831,4,CHEMONTID:0000323,CHEMONTID:0000000;CHEMONTID:0004603;CHEMONTID:0000323;CHEMONTID:0001831,Organic compounds;Organic oxygen compounds;Organooxygen compounds;Carbonyl compounds
4784,Carboxylic acid derivatives,0.81,CHEMONTID:0001093,4,CHEMONTID:0000265,CHEMONTID:0000000;CHEMONTID:0000264;CHEMONTID:0000265;CHEMONTID:0001093,Organic compounds;Organic acids and derivatives;Carboxylic acids and derivatives;Carboxylic acid derivatives
2681,Carbonyl compounds,0.91,CHEMONTID:0001831,4,CHEMONTID:0000323,CHEMONTID:0000000;CHEMONTID:0004603;CHEMONTID:0000323;CHEMONTID:0001831,Organic compounds;Organic oxygen compounds;Organooxygen compounds;Carbonyl compounds
12712,Amines,0.99,CHEMONTID:0002449,4,CHEMONTID:0000278,CHEMONTID:0000000;CHEMONTID:0004707;CHEMONTID:0000278;CHEMONTID:0002449,Organic compounds;Organic nitrogen compounds;Organonitrogen compounds;Amines
12570,Monoalkylamines,0.95,CHEMONTID:0000469,6,CHEMONTID:0002450,CHEMONTID:0000000;CHEMONTID:0004707;CHEMONTID:0000278;CHEMONTID:0002449;CHEMONTID:0002450;CHEMONTID:0000469,Organic compounds;Organic nitrogen compounds;Organonitrogen compounds;Amines;Primary amines;Monoalkylamines
6779,Primary amines,0.97,CHEMONTID:0002450,5,CHEMONTID:0002449,CHEMONTID:0000000;CHEMONTID:0004707;CHEMONTID:0000278;CHEMONTID:0002449;CHEMONTID:0002450,Organic compounds;Organic nitrogen compounds;Organonitrogen compounds;Amines;Primary amines
13499,Carboxylic acid derivatives,0.9,CHEMONTID:0001093,4,CHEMONTID:0000265,CHEMONTID:0000000;CHEMONTID:0000264;CHEMONTID:0000265;CHEMONTID:0001093,Organic compounds;Organic acids and derivatives;Carboxylic acids and derivatives;Carboxylic acid derivatives
14033,Delta-5-steroids,0.85,CHEMONTID:0002979,4,CHEMONTID:0000258,CHEMONTID:0000000;CHEMONTID:0000012;CHEMONTID:0000258;CHEMONTID:0002979,Organic compounds;Lipids and lipid-like molecules;Steroids and steroid derivatives;Delta-5-steroids
19215,Carboxylic acid derivatives,0.87,CHEMONTID:0001093,4,CHEMONTID:0000265,CHEMONTID:0000000;CHEMONTID:0000264;CHEMONTID:0000265;CHEMONTID:0001093,Organic compounds;Organic acids and derivatives;Carboxylic acids and derivatives;Carboxylic acid derivatives
19047,Dialkyl phosphates,1,CHEMONTID:0003459,6,CHEMONTID:0003457,CHEMONTID:0000000;CHEMONTID:0000264;CHEMONTID:0000402;CHEMONTID:0000408;CHEMONTID:0003457;CHEMONTID:0003459,Organic compounds;Organic acids and derivatives;Organic phosphoric acids and derivatives;Phosphate esters;Alkyl phosphates;Dialkyl phosphates
19281,Monocarboxylic acids and derivatives,0.85,CHEMONTID:0001137,4,CHEMONTID:0000265,CHEMONTID:0000000;CHEMONTID:0000264;CHEMONTID:0000265;CHEMONTID:0001137,Organic compounds;Organic acids and derivatives;Carboxylic acids and derivatives;Monocarboxylic acids and derivatives
13195,Carboxylic acid derivatives,0.96,CHEMONTID:0001093,4,CHEMONTID:0000265,CHEMONTID:0000000;CHEMONTID:0000264;CHEMONTID:0000265;CHEMONTID:0001093,Organic compounds;Organic acids and derivatives;Carboxylic acids and derivatives;Carboxylic acid derivatives
4081,Alkyl phosphates,0.97,CHEMONTID:0003457,5,CHEMONTID:0000408,CHEMONTID:0000000;CHEMONTID:0000264;CHEMONTID:0000402;CHEMONTID:0000408;CHEMONTID:0003457,Organic compounds;Organic acids and derivatives;Organic phosphoric acids and derivatives;Phosphate esters;Alkyl phosphates
20359,Carboxylic acid derivatives,0.99,CHEMONTID:0001093,4,CHEMONTID:0000265,CHEMONTID:0000000;CHEMONTID:0000264;CHEMONTID:0000265;CHEMONTID:0001093,Organic compounds;Organic acids and derivatives;Carboxylic acids and derivatives;Carboxylic acid derivatives
16248,Monoalkylamines,0.92,CHEMONTID:0000469,6,CHEMONTID:0002450,CHEMONTID:0000000;CHEMONTID:0004707;CHEMONTID:0000278;CHEMONTID:0002449;CHEMONTID:0002450;CHEMONTID:0000469,Organic compounds;Organic nitrogen compounds;Organonitrogen compounds;Amines;Primary amines;Monoalkylamines
202,Amines,0.96,CHEMONTID:0002449,4,CHEMONTID:0000278,CHEMONTID:0000000;CHEMONTID:0004707;CHEMONTID:0000278;CHEMONTID:0002449,Organic compounds;Organic nitrogen compounds;Organonitrogen compounds;Amines
17301,Fatty amides,0.95,CHEMONTID:0000331,4,CHEMONTID:0003909,CHEMONTID:0000000;CHEMONTID:0000012;CHEMONTID:0003909;CHEMONTID:0000331,Organic compounds;Lipids and lipid-like molecules;Fatty Acyls;Fatty amides
14514,Carboxylic acids,0.93,CHEMONTID:0001205,4,CHEMONTID:0000265,CHEMONTID:0000000;CHEMONTID:0000264;CHEMONTID:0000265;CHEMONTID:0001205,Organic compounds;Organic acids and derivatives;Carboxylic acids and derivatives;Carboxylic acids
8707,Amines,0.93,CHEMONTID:0002449,4,CHEMONTID:0000278,CHEMONTID:0000000;CHEMONTID:0004707;CHEMONTID:0000278;CHEMONTID:0002449,Organic compounds;Organic nitrogen compounds;Organonitrogen compounds;Amines
1625,Alcohols and polyols,0.97,CHEMONTID:0000129,4,CHEMONTID:0000323,CHEMONTID:0000000;CHEMONTID:0004603;CHEMONTID:0000323;CHEMONTID:0000129,Organic compounds;Organic oxygen compounds;Organooxygen compounds;Alcohols and polyols
106,Alcohols and polyols,0.81,CHEMONTID:0000129,4,CHEMONTID:0000323,CHEMONTID:0000000;CHEMONTID:0004603;CHEMONTID:0000323;CHEMONTID:0000129,Organic compounds;Organic oxygen compounds;Organooxygen compounds;Alcohols and polyols
4740,Ethers,1,CHEMONTID:0000254,4,CHEMONTID:0000323,CHEMONTID:0000000;CHEMONTID:0004603;CHEMONTID:0000323;CHEMONTID:0000254,Organic compounds;Organic oxygen compounds;Organooxygen compounds;Ethers
2102,Monoalkylamines,0.96,CHEMONTID:0000469,6,CHEMONTID:0002450,CHEMONTID:0000000;CHEMONTID:0004707;CHEMONTID:0000278;CHEMONTID:0002449;CHEMONTID:0002450;CHEMONTID:0000469,Organic compounds;Organic nitrogen compounds;Organonitrogen compounds;Amines;Primary amines;Monoalkylamines
7492,Carbonyl compounds,0.96,CHEMONTID:0001831,4,CHEMONTID:0000323,CHEMONTID:0000000;CHEMONTID:0004603;CHEMONTID:0000323;CHEMONTID:0001831,Organic compounds;Organic oxygen compounds;Organooxygen compounds;Carbonyl compounds
6035,Primary amines,0.96,CHEMONTID:0002450,5,CHEMONTID:0002449,CHEMONTID:0000000;CHEMONTID:0004707;CHEMONTID:0000278;CHEMONTID:0002449;CHEMONTID:0002450,Organic compounds;Organic nitrogen compounds;Organonitrogen compounds;Amines;Primary amines
19809,Alcohols and polyols,1,CHEMONTID:0000129,4,CHEMONTID:0000323,CHEMONTID:0000000;CHEMONTID:0004603;CHEMONTID:0000323;CHEMONTID:0000129,Organic compounds;Organic oxygen compounds;Organooxygen compounds;Alcohols and polyols
7443,Amines,0.97,CHEMONTID:0002449,4,CHEMONTID:0000278,CHEMONTID:0000000;CHEMONTID:0004707;CHEMONTID:0000278;CHEMONTID:0002449,Organic compounds;Organic nitrogen compounds;Organonitrogen compounds;Amines
13364,Alcohols and polyols,0.98,CHEMONTID:0000129,4,CHEMONTID:0000323,CHEMONTID:0000000;CHEMONTID:0004603;CHEMONTID:0000323;CHEMONTID:0000129,Organic compounds;Organic oxygen compounds;Organooxygen compounds;Alcohols and polyols
4326,Primary amines,0.88,CHEMONTID:0002450,5,CHEMONTID:0002449,CHEMONTID:0000000;CHEMONTID:0004707;CHEMONTID:0000278;CHEMONTID:0002449;CHEMONTID:0002450,Organic compounds;Organic nitrogen compounds;Organonitrogen compounds;Amines;Primary amines
9042,6-aminopurines,0.93,CHEMONTID:0002987,5,CHEMONTID:0000245,CHEMONTID:0000000;CHEMONTID:0000002;CHEMONTID:0001797;CHEMONTID:0000245;CHEMONTID:0002987,Organic compounds;Organoheterocyclic compounds;Imidazopyrimidines;Purines and purine derivatives;6-aminopurines
15167,Carbonyl compounds,0.92,CHEMONTID:0001831,4,CHEMONTID:0000323,CHEMONTID:0000000;CHEMONTID:0004603;CHEMONTID:0000323;CHEMONTID:0001831,Organic compounds;Organic oxygen compounds;Organooxygen compounds;Carbonyl compounds
11986,Carbonyl compounds,0.95,CHEMONTID:0001831,4,CHEMONTID:0000323,CHEMONTID:0000000;CHEMONTID:0004603;CHEMONTID:0000323;CHEMONTID:0001831,Organic compounds;Organic oxygen compounds;Organooxygen compounds;Carbonyl compounds
19512,Primary amines,0.98,CHEMONTID:0002450,5,CHEMONTID:0002449,CHEMONTID:0000000;CHEMONTID:0004707;CHEMONTID:0000278;CHEMONTID:0002449;CHEMONTID:0002450,Organic compounds;Organic nitrogen compounds;Organonitrogen compounds;Amines;Primary amines
3413,Dialkyl ethers,0.99,CHEMONTID:0001167,5,CHEMONTID:0000254,CHEMONTID:0000000;CHEMONTID:0004603;CHEMONTID:0000323;CHEMONTID:0000254;CHEMONTID:0001167,Organic compounds;Organic oxygen compounds;Organooxygen compounds;Ethers;Dialkyl ethers
16176,Dicarboxylic acids and derivatives,0.86,CHEMONTID:0000346,4,CHEMONTID:0000265,CHEMONTID:0000000;CHEMONTID:0000264;CHEMONTID:0000265;CHEMONTID:0000346,Organic compounds;Organic acids and derivatives;Carboxylic acids and derivatives;Dicarboxylic acids and derivatives
13714,Carboxylic acid derivatives,0.9,CHEMONTID:0001093,4,CHEMONTID:0000265,CHEMONTID:0000000;CHEMONTID:0000264;CHEMONTID:0000265;CHEMONTID:0001093,Organic compounds;Organic acids and derivatives;Carboxylic acids and derivatives;Carboxylic acid derivatives
6550,Dialkyl ethers,0.98,CHEMONTID:0001167,5,CHEMONTID:0000254,CHEMONTID:0000000;CHEMONTID:0004603;CHEMONTID:0000323;CHEMONTID:0000254;CHEMONTID:0001167,Organic compounds;Organic oxygen compounds;Organooxygen compounds;Ethers;Dialkyl ethers
9293,Monoalkylamines,0.97,CHEMONTID:0000469,6,CHEMONTID:0002450,CHEMONTID:0000000;CHEMONTID:0004707;CHEMONTID:0000278;CHEMONTID:0002449;CHEMONTID:0002450;CHEMONTID:0000469,Organic compounds;Organic nitrogen compounds;Organonitrogen compounds;Amines;Primary amines;Monoalkylamines
4125,Carboxylic acid derivatives,0.99,CHEMONTID:0001093,4,CHEMONTID:0000265,CHEMONTID:0000000;CHEMONTID:0000264;CHEMONTID:0000265;CHEMONTID:0001093,Organic compounds;Organic acids and derivatives;Carboxylic acids and derivatives;Carboxylic acid derivatives
4708,Carbonyl compounds,1,CHEMONTID:0001831,4,CHEMONTID:0000323,CHEMONTID:0000000;CHEMONTID:0004603;CHEMONTID:0000323;CHEMONTID:0001831,Organic compounds;Organic oxygen compounds;Organooxygen compounds;Carbonyl compounds
12066,Amines,0.93,CHEMONTID:0002449,4,CHEMONTID:0000278,CHEMONTID:0000000;CHEMONTID:0004707;CHEMONTID:0000278;CHEMONTID:0002449,Organic compounds;Organic nitrogen compounds;Organonitrogen compounds;Amines
10103,Amines,0.96,CHEMONTID:0002449,4,CHEMONTID:0000278,CHEMONTID:0000000;CHEMONTID:0004707;CHEMONTID:0000278;CHEMONTID:0002449,Organic compounds;Organic nitrogen compounds;Organonitrogen compounds;Amines
9523,Primary amines,0.96,CHEMONTID:0002450,5,CHEMONTID:0002449,CHEMONTID:0000000;CHEMONTID:0004707;CHEMONTID:0000278;CHEMONTID:0002449;CHEMONTID:0002450,Organic compounds;Organic nitrogen compounds;Organonitrogen compounds;Amines;Primary amines
9018,Glycosyl compounds,0.99,CHEMONTID:0002105,5,CHEMONTID:0000011,CHEMONTID:0000000;CHEMONTID:0004603;CHEMONTID:0000323;CHEMONTID:0000011;CHEMONTID:0002105,Organic compounds;Organic oxygen compounds;Organooxygen compounds;Carbohydrates and carbohydrate conjugates;Glycosyl compounds
678,Methyl esters,0.84,CHEMONTID:0003416,6,CHEMONTID:0001238,CHEMONTID:0000000;CHEMONTID:0000264;CHEMONTID:0000265;CHEMONTID:0001093;CHEMONTID:0001238;CHEMONTID:0003416,Organic compounds;Organic acids and derivatives;Carboxylic acids and derivatives;Carboxylic acid derivatives;Carboxylic acid esters;Methyl esters
18758,Monoalkylamines,1,CHEMONTID:0000469,6,CHEMONTID:0002450,CHEMONTID:0000000;CHEMONTID:0004707;CHEMONTID:0000278;CHEMONTID:0002449;CHEMONTID:0002450;CHEMONTID:0000469,Organic compounds;Organic nitrogen compounds;Organonitrogen compounds;Amines;Primary amines;Monoalkylamines
3522,Carbonyl compounds,0.92,CHEMONTID:0001831,4,CHEMONTID:0000323,CHEMONTID:0000000;CHEMONTID:0004603;CHEMONTID:0000323;CHEMONTID:0001831,Organic compounds;Organic oxygen compounds;Organooxygen compounds;Carbonyl compounds
4304,Carbonyl compounds,0.87,CHEMONTID:0001831,4,CHEMONTID:0000323,CHEMONTID:0000000;CHEMONTID:0004603;CHEMONTID:0000323;CHEMONTID:0001831,Organic compounds;Organic oxygen compounds;Organooxygen compounds;Carbonyl compounds
2045,Primary amines,0.98,CHEMONTID:0002450,5,CHEMONTID:0002449,CHEMONTID:0000000;CHEMONTID:0004707;CHEMONTID:0000278;CHEMONTID:0002449;CHEMONTID:0002450,Organic compounds;Organic nitrogen compounds;Organonitrogen compounds;Amines;Primary amines
7841,Carbonyl compounds,0.82,CHEMONTID:0001831,4,CHEMONTID:0000323,CHEMONTID:0000000;CHEMONTID:0004603;CHEMONTID:0000323;CHEMONTID:0001831,Organic compounds;Organic oxygen compounds;Organooxygen compounds;Carbonyl compounds
5833,Alpha amino acid amides,0.84,CHEMONTID:0002309,7,CHEMONTID:0000060,CHEMONTID:0000000;CHEMONTID:0000264;CHEMONTID:0000265;CHEMONTID:0000013;CHEMONTID:0000347;CHEMONTID:0000060;CHEMONTID:0002309,"Organic compounds;Organic acids and derivatives;Carboxylic acids and derivatives;Amino acids, peptides, and analogues;Amino acids and derivatives;Alpha amino acids and derivatives;Alpha amino acid amides"
6887,Ethers,0.96,CHEMONTID:0000254,4,CHEMONTID:0000323,CHEMONTID:0000000;CHEMONTID:0004603;CHEMONTID:0000323;CHEMONTID:0000254,Organic compounds;Organic oxygen compounds;Organooxygen compounds;Ethers
13963,Dialkyl ethers,0.99,CHEMONTID:0001167,5,CHEMONTID:0000254,CHEMONTID:0000000;CHEMONTID:0004603;CHEMONTID:0000323;CHEMONTID:0000254;CHEMONTID:0001167,Organic compounds;Organic oxygen compounds;Organooxygen compounds;Ethers;Dialkyl ethers
11661,Monoalkylamines,1,CHEMONTID:0000469,6,CHEMONTID:0002450,CHEMONTID:0000000;CHEMONTID:0004707;CHEMONTID:0000278;CHEMONTID:0002449;CHEMONTID:0002450;CHEMONTID:0000469,Organic compounds;Organic nitrogen compounds;Organonitrogen compounds;Amines;Primary amines;Monoalkylamines
13775,Carboxylic acid derivatives,1,CHEMONTID:0001093,4,CHEMONTID:0000265,CHEMONTID:0000000;CHEMONTID:0000264;CHEMONTID:0000265;CHEMONTID:0001093,Organic compounds;Organic acids and derivatives;Carboxylic acids and derivatives;Carboxylic acid derivatives
495,Ureas,0.85,CHEMONTID:0000517,4,CHEMONTID:0000364,CHEMONTID:0000000;CHEMONTID:0000264;CHEMONTID:0000364;CHEMONTID:0000517,Organic compounds;Organic acids and derivatives;Organic carbonic acids and derivatives;Ureas
17580,Carboxylic acid derivatives,1,CHEMONTID:0001093,4,CHEMONTID:0000265,CHEMONTID:0000000;CHEMONTID:0000264;CHEMONTID:0000265;CHEMONTID:0001093,Organic compounds;Organic acids and derivatives;Carboxylic acids and derivatives;Carboxylic acid derivatives
9201,Carbonyl compounds,0.91,CHEMONTID:0001831,4,CHEMONTID:0000323,CHEMONTID:0000000;CHEMONTID:0004603;CHEMONTID:0000323;CHEMONTID:0001831,Organic compounds;Organic oxygen compounds;Organooxygen compounds;Carbonyl compounds
9584,Monoalkylamines,1,CHEMONTID:0000469,6,CHEMONTID:0002450,CHEMONTID:0000000;CHEMONTID:0004707;CHEMONTID:0000278;CHEMONTID:0002449;CHEMONTID:0002450;CHEMONTID:0000469,Organic compounds;Organic nitrogen compounds;Organonitrogen compounds;Amines;Primary amines;Monoalkylamines
851,Carbonyl compounds,0.85,CHEMONTID:0001831,4,CHEMONTID:0000323,CHEMONTID:0000000;CHEMONTID:0004603;CHEMONTID:0000323;CHEMONTID:0001831,Organic compounds;Organic oxygen compounds;Organooxygen compounds;Carbonyl compounds
13399,Carboxylic acid derivatives,0.98,CHEMONTID:0001093,4,CHEMONTID:0000265,CHEMONTID:0000000;CHEMONTID:0000264;CHEMONTID:0000265;CHEMONTID:0001093,Organic compounds;Organic acids and derivatives;Carboxylic acids and derivatives;Carboxylic acid derivatives
14038,Alcohols and polyols,1,CHEMONTID:0000129,4,CHEMONTID:0000323,CHEMONTID:0000000;CHEMONTID:0004603;CHEMONTID:0000323;CHEMONTID:0000129,Organic compounds;Organic oxygen compounds;Organooxygen compounds;Alcohols and polyols
13939,Alcohols and polyols,0.96,CHEMONTID:0000129,4,CHEMONTID:0000323,CHEMONTID:0000000;CHEMONTID:0004603;CHEMONTID:0000323;CHEMONTID:0000129,Organic compounds;Organic oxygen compounds;Organooxygen compounds;Alcohols and polyols
9666,Carbonyl compounds,0.86,CHEMONTID:0001831,4,CHEMONTID:0000323,CHEMONTID:0000000;CHEMONTID:0004603;CHEMONTID:0000323;CHEMONTID:0001831,Organic compounds;Organic oxygen compounds;Organooxygen compounds;Carbonyl compounds
7625,Carbonyl compounds,0.87,CHEMONTID:0001831,4,CHEMONTID:0000323,CHEMONTID:0000000;CHEMONTID:0004603;CHEMONTID:0000323;CHEMONTID:0001831,Organic compounds;Organic oxygen compounds;Organooxygen compounds;Carbonyl compounds
10670,Ethers,0.98,CHEMONTID:0000254,4,CHEMONTID:0000323,CHEMONTID:0000000;CHEMONTID:0004603;CHEMONTID:0000323;CHEMONTID:0000254,Organic compounds;Organic oxygen compounds;Organooxygen compounds;Ethers
13188,Alcohols and polyols,0.88,CHEMONTID:0000129,4,CHEMONTID:0000323,CHEMONTID:0000000;CHEMONTID:0004603;CHEMONTID:0000323;CHEMONTID:0000129,Organic compounds;Organic oxygen compounds;Organooxygen compounds;Alcohols and polyols
14509,Primary amines,0.98,CHEMONTID:0002450,5,CHEMONTID:0002449,CHEMONTID:0000000;CHEMONTID:0004707;CHEMONTID:0000278;CHEMONTID:0002449;CHEMONTID:0002450,Organic compounds;Organic nitrogen compounds;Organonitrogen compounds;Amines;Primary amines
13733,Carboxylic acid derivatives,0.94,CHEMONTID:0001093,4,CHEMONTID:0000265,CHEMONTID:0000000;CHEMONTID:0000264;CHEMONTID:0000265;CHEMONTID:0001093,Organic compounds;Organic acids and derivatives;Carboxylic acids and derivatives;Carboxylic acid derivatives
1661,Monoalkylamines,1,CHEMONTID:0000469,6,CHEMONTID:0002450,CHEMONTID:0000000;CHEMONTID:0004707;CHEMONTID:0000278;CHEMONTID:0002449;CHEMONTID:0002450;CHEMONTID:0000469,Organic compounds;Organic nitrogen compounds;Organonitrogen compounds;Amines;Primary amines;Monoalkylamines
11566,Carbonyl compounds,0.99,CHEMONTID:0001831,4,CHEMONTID:0000323,CHEMONTID:0000000;CHEMONTID:0004603;CHEMONTID:0000323;CHEMONTID:0001831,Organic compounds;Organic oxygen compounds;Organooxygen compounds;Carbonyl compounds
13725,Carboxylic acid derivatives,0.92,CHEMONTID:0001093,4,CHEMONTID:0000265,CHEMONTID:0000000;CHEMONTID:0000264;CHEMONTID:0000265;CHEMONTID:0001093,Organic compounds;Organic acids and derivatives;Carboxylic acids and derivatives;Carboxylic acid derivatives
7415,Carbonyl compounds,0.88,CHEMONTID:0001831,4,CHEMONTID:0000323,CHEMONTID:0000000;CHEMONTID:0004603;CHEMONTID:0000323;CHEMONTID:0001831,Organic compounds;Organic oxygen compounds;Organooxygen compounds;Carbonyl compounds
2541,Carbonyl compounds,0.8,CHEMONTID:0001831,4,CHEMONTID:0000323,CHEMONTID:0000000;CHEMONTID:0004603;CHEMONTID:0000323;CHEMONTID:0001831,Organic compounds;Organic oxygen compounds;Organooxygen compounds;Carbonyl compounds
6199,Carbonyl compounds,0.93,CHEMONTID:0001831,4,CHEMONTID:0000323,CHEMONTID:0000000;CHEMONTID:0004603;CHEMONTID:0000323;CHEMONTID:0001831,Organic compounds;Organic oxygen compounds;Organooxygen compounds;Carbonyl compounds
18410,Alpha amino acids and derivatives,0.92,CHEMONTID:0000060,6,CHEMONTID:0000347,CHEMONTID:0000000;CHEMONTID:0000264;CHEMONTID:0000265;CHEMONTID:0000013;CHEMONTID:0000347;CHEMONTID:0000060,"Organic compounds;Organic acids and derivatives;Carboxylic acids and derivatives;Amino acids, peptides, and analogues;Amino acids and derivatives;Alpha amino acids and derivatives"
9733,Carbonyl compounds,0.87,CHEMONTID:0001831,4,CHEMONTID:0000323,CHEMONTID:0000000;CHEMONTID:0004603;CHEMONTID:0000323;CHEMONTID:0001831,Organic compounds;Organic oxygen compounds;Organooxygen compounds;Carbonyl compounds
2813,Carbonyl compounds,0.96,CHEMONTID:0001831,4,CHEMONTID:0000323,CHEMONTID:0000000;CHEMONTID:0004603;CHEMONTID:0000323;CHEMONTID:0001831,Organic compounds;Organic oxygen compounds;Organooxygen compounds;Carbonyl compounds
2742,Carbonyl compounds,0.99,CHEMONTID:0001831,4,CHEMONTID:0000323,CHEMONTID:0000000;CHEMONTID:0004603;CHEMONTID:0000323;CHEMONTID:0001831,Organic compounds;Organic oxygen compounds;Organooxygen compounds;Carbonyl compounds
10108,Monosaccharide phosphates,0.95,CHEMONTID:0001541,6,CHEMONTID:0001540,CHEMONTID:0000000;CHEMONTID:0004603;CHEMONTID:0000323;CHEMONTID:0000011;CHEMONTID:0001540;CHEMONTID:0001541,Organic compounds;Organic oxygen compounds;Organooxygen compounds;Carbohydrates and carbohydrate conjugates;Monosaccharides;Monosaccharide phosphates
4241,Carboxylic acid derivatives,0.97,CHEMONTID:0001093,4,CHEMONTID:0000265,CHEMONTID:0000000;CHEMONTID:0000264;CHEMONTID:0000265;CHEMONTID:0001093,Organic compounds;Organic acids and derivatives;Carboxylic acids and derivatives;Carboxylic acid derivatives
13709,Androstane steroids,0.84,CHEMONTID:0003568,4,CHEMONTID:0000258,CHEMONTID:0000000;CHEMONTID:0000012;CHEMONTID:0000258;CHEMONTID:0003568,Organic compounds;Lipids and lipid-like molecules;Steroids and steroid derivatives;Androstane steroids
2648,Monoalkylamines,0.99,CHEMONTID:0000469,6,CHEMONTID:0002450,CHEMONTID:0000000;CHEMONTID:0004707;CHEMONTID:0000278;CHEMONTID:0002449;CHEMONTID:0002450;CHEMONTID:0000469,Organic compounds;Organic nitrogen compounds;Organonitrogen compounds;Amines;Primary amines;Monoalkylamines
16212,Carbonyl compounds,0.99,CHEMONTID:0001831,4,CHEMONTID:0000323,CHEMONTID:0000000;CHEMONTID:0004603;CHEMONTID:0000323;CHEMONTID:0001831,Organic compounds;Organic oxygen compounds;Organooxygen compounds;Carbonyl compounds
17470,Carbohydrates and carbohydrate conjugates,0.94,CHEMONTID:0000011,4,CHEMONTID:0000323,CHEMONTID:0000000;CHEMONTID:0004603;CHEMONTID:0000323;CHEMONTID:0000011,Organic compounds;Organic oxygen compounds;Organooxygen compounds;Carbohydrates and carbohydrate conjugates
9591,Carbonyl compounds,0.96,CHEMONTID:0001831,4,CHEMONTID:0000323,CHEMONTID:0000000;CHEMONTID:0004603;CHEMONTID:0000323;CHEMONTID:0001831,Organic compounds;Organic oxygen compounds;Organooxygen compounds;Carbonyl compounds
10035,Carbonyl compounds,1,CHEMONTID:0001831,4,CHEMONTID:0000323,CHEMONTID:0000000;CHEMONTID:0004603;CHEMONTID:0000323;CHEMONTID:0001831,Organic compounds;Organic oxygen compounds;Organooxygen compounds;Carbonyl compounds
8591,Amines,0.97,CHEMONTID:0002449,4,CHEMONTID:0000278,CHEMONTID:0000000;CHEMONTID:0004707;CHEMONTID:0000278;CHEMONTID:0002449,Organic compounds;Organic nitrogen compounds;Organonitrogen compounds;Amines
10956,Carbonyl compounds,0.88,CHEMONTID:0001831,4,CHEMONTID:0000323,CHEMONTID:0000000;CHEMONTID:0004603;CHEMONTID:0000323;CHEMONTID:0001831,Organic compounds;Organic oxygen compounds;Organooxygen compounds;Carbonyl compounds
3125,Amines,0.97,CHEMONTID:0002449,4,CHEMONTID:0000278,CHEMONTID:0000000;CHEMONTID:0004707;CHEMONTID:0000278;CHEMONTID:0002449,Organic compounds;Organic nitrogen compounds;Organonitrogen compounds;Amines
2859,Androstane steroids,0.89,CHEMONTID:0003568,4,CHEMONTID:0000258,CHEMONTID:0000000;CHEMONTID:0000012;CHEMONTID:0000258;CHEMONTID:0003568,Organic compounds;Lipids and lipid-like molecules;Steroids and steroid derivatives;Androstane steroids
6364,Primary amines,1,CHEMONTID:0002450,5,CHEMONTID:0002449,CHEMONTID:0000000;CHEMONTID:0004707;CHEMONTID:0000278;CHEMONTID:0002449;CHEMONTID:0002450,Organic compounds;Organic nitrogen compounds;Organonitrogen compounds;Amines;Primary amines
15621,Carbonyl compounds,0.98,CHEMONTID:0001831,4,CHEMONTID:0000323,CHEMONTID:0000000;CHEMONTID:0004603;CHEMONTID:0000323;CHEMONTID:0001831,Organic compounds;Organic oxygen compounds;Organooxygen compounds;Carbonyl compounds
17950,Trialkylamines,0.83,CHEMONTID:0002239,6,CHEMONTID:0002452,CHEMONTID:0000000;CHEMONTID:0004707;CHEMONTID:0000278;CHEMONTID:0002449;CHEMONTID:0002452;CHEMONTID:0002239,Organic compounds;Organic nitrogen compounds;Organonitrogen compounds;Amines;Tertiary amines;Trialkylamines
890,Monoalkylamines,0.97,CHEMONTID:0000469,6,CHEMONTID:0002450,CHEMONTID:0000000;CHEMONTID:0004707;CHEMONTID:0000278;CHEMONTID:0002449;CHEMONTID:0002450;CHEMONTID:0000469,Organic compounds;Organic nitrogen compounds;Organonitrogen compounds;Amines;Primary amines;Monoalkylamines
2753,Carbonyl compounds,0.87,CHEMONTID:0001831,4,CHEMONTID:0000323,CHEMONTID:0000000;CHEMONTID:0004603;CHEMONTID:0000323;CHEMONTID:0001831,Organic compounds;Organic oxygen compounds;Organooxygen compounds;Carbonyl compounds
2802,Imidazoles,0.99,CHEMONTID:0000078,4,CHEMONTID:0000436,CHEMONTID:0000000;CHEMONTID:0000002;CHEMONTID:0000436;CHEMONTID:0000078,Organic compounds;Organoheterocyclic compounds;Azoles;Imidazoles
10636,Amines,1,CHEMONTID:0002449,4,CHEMONTID:0000278,CHEMONTID:0000000;CHEMONTID:0004707;CHEMONTID:0000278;CHEMONTID:0002449,Organic compounds;Organic nitrogen compounds;Organonitrogen compounds;Amines
13489,Carbonyl compounds,0.9,CHEMONTID:0001831,4,CHEMONTID:0000323,CHEMONTID:0000000;CHEMONTID:0004603;CHEMONTID:0000323;CHEMONTID:0001831,Organic compounds;Organic oxygen compounds;Organooxygen compounds;Carbonyl compounds
12734,Pyrimidines and pyrimidine derivatives,0.93,CHEMONTID:0000075,4,CHEMONTID:0001346,CHEMONTID:0000000;CHEMONTID:0000002;CHEMONTID:0001346;CHEMONTID:0000075,Organic compounds;Organoheterocyclic compounds;Diazines;Pyrimidines and pyrimidine derivatives
5624,Fatty acids and conjugates,0.91,CHEMONTID:0000262,4,CHEMONTID:0003909,CHEMONTID:0000000;CHEMONTID:0000012;CHEMONTID:0003909;CHEMONTID:0000262,Organic compounds;Lipids and lipid-like molecules;Fatty Acyls;Fatty acids and conjugates
12560,Carboxylic acid amides,0.89,CHEMONTID:0000475,5,CHEMONTID:0001093,CHEMONTID:0000000;CHEMONTID:0000264;CHEMONTID:0000265;CHEMONTID:0001093;CHEMONTID:0000475,Organic compounds;Organic acids and derivatives;Carboxylic acids and derivatives;Carboxylic acid derivatives;Carboxylic acid amides
373,Alcohols and polyols,1,CHEMONTID:0000129,4,CHEMONTID:0000323,CHEMONTID:0000000;CHEMONTID:0004603;CHEMONTID:0000323;CHEMONTID:0000129,Organic compounds;Organic oxygen compounds;Organooxygen compounds;Alcohols and polyols
14023,Carboxylic acid derivatives,0.99,CHEMONTID:0001093,4,CHEMONTID:0000265,CHEMONTID:0000000;CHEMONTID:0000264;CHEMONTID:0000265;CHEMONTID:0001093,Organic compounds;Organic acids and derivatives;Carboxylic acids and derivatives;Carboxylic acid derivatives
9260,Carbonyl compounds,0.96,CHEMONTID:0001831,4,CHEMONTID:0000323,CHEMONTID:0000000;CHEMONTID:0004603;CHEMONTID:0000323;CHEMONTID:0001831,Organic compounds;Organic oxygen compounds;Organooxygen compounds;Carbonyl compounds
8580,Alcohols and polyols,0.83,CHEMONTID:0000129,4,CHEMONTID:0000323,CHEMONTID:0000000;CHEMONTID:0004603;CHEMONTID:0000323;CHEMONTID:0000129,Organic compounds;Organic oxygen compounds;Organooxygen compounds;Alcohols and polyols
11045,Carbonyl compounds,0.87,CHEMONTID:0001831,4,CHEMONTID:0000323,CHEMONTID:0000000;CHEMONTID:0004603;CHEMONTID:0000323;CHEMONTID:0001831,Organic compounds;Organic oxygen compounds;Organooxygen compounds;Carbonyl compounds
8689,Carboxylic acid derivatives,0.97,CHEMONTID:0001093,4,CHEMONTID:0000265,CHEMONTID:0000000;CHEMONTID:0000264;CHEMONTID:0000265;CHEMONTID:0001093,Organic compounds;Organic acids and derivatives;Carboxylic acids and derivatives;Carboxylic acid derivatives
11572,Pyrimidines and pyrimidine derivatives,0.86,CHEMONTID:0000075,4,CHEMONTID:0001346,CHEMONTID:0000000;CHEMONTID:0000002;CHEMONTID:0001346;CHEMONTID:0000075,Organic compounds;Organoheterocyclic compounds;Diazines;Pyrimidines and pyrimidine derivatives
13404,Carbonyl compounds,0.96,CHEMONTID:0001831,4,CHEMONTID:0000323,CHEMONTID:0000000;CHEMONTID:0004603;CHEMONTID:0000323;CHEMONTID:0001831,Organic compounds;Organic oxygen compounds;Organooxygen compounds;Carbonyl compounds
17149,Secondary carboxylic acid amides,0.8,CHEMONTID:0001663,6,CHEMONTID:0000475,CHEMONTID:0000000;CHEMONTID:0000264;CHEMONTID:0000265;CHEMONTID:0001093;CHEMONTID:0000475;CHEMONTID:0001663,Organic compounds;Organic acids and derivatives;Carboxylic acids and derivatives;Carboxylic acid derivatives;Carboxylic acid amides;Secondary carboxylic acid amides
18376,Ethers,0.95,CHEMONTID:0000254,4,CHEMONTID:0000323,CHEMONTID:0000000;CHEMONTID:0004603;CHEMONTID:0000323;CHEMONTID:0000254,Organic compounds;Organic oxygen compounds;Organooxygen compounds;Ethers
9228,"Amino acids, peptides, and analogues",0.98,CHEMONTID:0000013,4,CHEMONTID:0000265,CHEMONTID:0000000;CHEMONTID:0000264;CHEMONTID:0000265;CHEMONTID:0000013,"Organic compounds;Organic acids and derivatives;Carboxylic acids and derivatives;Amino acids, peptides, and analogues"
1734,Carboxylic acid derivatives,0.99,CHEMONTID:0001093,4,CHEMONTID:0000265,CHEMONTID:0000000;CHEMONTID:0000264;CHEMONTID:0000265;CHEMONTID:0001093,Organic compounds;Organic acids and derivatives;Carboxylic acids and derivatives;Carboxylic acid derivatives
12011,Amines,0.99,CHEMONTID:0002449,4,CHEMONTID:0000278,CHEMONTID:0000000;CHEMONTID:0004707;CHEMONTID:0000278;CHEMONTID:0002449,Organic compounds;Organic nitrogen compounds;Organonitrogen compounds;Amines
20446,1-hydroxy-2-unsubstituted benzenoids,0.82,CHEMONTID:0004646,4,CHEMONTID:0000134,CHEMONTID:0000000;CHEMONTID:0002448;CHEMONTID:0000134;CHEMONTID:0004646,Organic compounds;Benzenoids;Phenols;1-hydroxy-2-unsubstituted benzenoids
20539,Monocarboxylic acids and derivatives,0.89,CHEMONTID:0001137,4,CHEMONTID:0000265,CHEMONTID:0000000;CHEMONTID:0000264;CHEMONTID:0000265;CHEMONTID:0001137,Organic compounds;Organic acids and derivatives;Carboxylic acids and derivatives;Monocarboxylic acids and derivatives
16009,Carbonyl compounds,0.87,CHEMONTID:0001831,4,CHEMONTID:0000323,CHEMONTID:0000000;CHEMONTID:0004603;CHEMONTID:0000323;CHEMONTID:0001831,Organic compounds;Organic oxygen compounds;Organooxygen compounds;Carbonyl compounds
9335,Phosphate esters,0.99,CHEMONTID:0000408,4,CHEMONTID:0000402,CHEMONTID:0000000;CHEMONTID:0000264;CHEMONTID:0000402;CHEMONTID:0000408,Organic compounds;Organic acids and derivatives;Organic phosphoric acids and derivatives;Phosphate esters
8409,1-hydroxy-2-unsubstituted benzenoids,0.8,CHEMONTID:0004646,4,CHEMONTID:0000134,CHEMONTID:0000000;CHEMONTID:0002448;CHEMONTID:0000134;CHEMONTID:0004646,Organic compounds;Benzenoids;Phenols;1-hydroxy-2-unsubstituted benzenoids
5570,Carboxylic acid derivatives,0.91,CHEMONTID:0001093,4,CHEMONTID:0000265,CHEMONTID:0000000;CHEMONTID:0000264;CHEMONTID:0000265;CHEMONTID:0001093,Organic compounds;Organic acids and derivatives;Carboxylic acids and derivatives;Carboxylic acid derivatives
8442,Alkyl phosphates,1,CHEMONTID:0003457,5,CHEMONTID:0000408,CHEMONTID:0000000;CHEMONTID:0000264;CHEMONTID:0000402;CHEMONTID:0000408;CHEMONTID:0003457,Organic compounds;Organic acids and derivatives;Organic phosphoric acids and derivatives;Phosphate esters;Alkyl phosphates
1021,Dialkyl ethers,0.89,CHEMONTID:0001167,5,CHEMONTID:0000254,CHEMONTID:0000000;CHEMONTID:0004603;CHEMONTID:0000323;CHEMONTID:0000254;CHEMONTID:0001167,Organic compounds;Organic oxygen compounds;Organooxygen compounds;Ethers;Dialkyl ethers
10583,Amines,0.99,CHEMONTID:0002449,4,CHEMONTID:0000278,CHEMONTID:0000000;CHEMONTID:0004707;CHEMONTID:0000278;CHEMONTID:0002449,Organic compounds;Organic nitrogen compounds;Organonitrogen compounds;Amines
11278,Trialkylamines,0.93,CHEMONTID:0002239,6,CHEMONTID:0002452,CHEMONTID:0000000;CHEMONTID:0004707;CHEMONTID:0000278;CHEMONTID:0002449;CHEMONTID:0002452;CHEMONTID:0002239,Organic compounds;Organic nitrogen compounds;Organonitrogen compounds;Amines;Tertiary amines;Trialkylamines
12188,Primary amines,0.9,CHEMONTID:0002450,5,CHEMONTID:0002449,CHEMONTID:0000000;CHEMONTID:0004707;CHEMONTID:0000278;CHEMONTID:0002449;CHEMONTID:0002450,Organic compounds;Organic nitrogen compounds;Organonitrogen compounds;Amines;Primary amines
303,Pyrimidines and pyrimidine derivatives,0.95,CHEMONTID:0000075,4,CHEMONTID:0001346,CHEMONTID:0000000;CHEMONTID:0000002;CHEMONTID:0001346;CHEMONTID:0000075,Organic compounds;Organoheterocyclic compounds;Diazines;Pyrimidines and pyrimidine derivatives
8908,Primary amines,0.9,CHEMONTID:0002450,5,CHEMONTID:0002449,CHEMONTID:0000000;CHEMONTID:0004707;CHEMONTID:0000278;CHEMONTID:0002449;CHEMONTID:0002450,Organic compounds;Organic nitrogen compounds;Organonitrogen compounds;Amines;Primary amines
13579,Trialkylamines,0.99,CHEMONTID:0002239,6,CHEMONTID:0002452,CHEMONTID:0000000;CHEMONTID:0004707;CHEMONTID:0000278;CHEMONTID:0002449;CHEMONTID:0002452;CHEMONTID:0002239,Organic compounds;Organic nitrogen compounds;Organonitrogen compounds;Amines;Tertiary amines;Trialkylamines
17251,Carboxylic acid derivatives,1,CHEMONTID:0001093,4,CHEMONTID:0000265,CHEMONTID:0000000;CHEMONTID:0000264;CHEMONTID:0000265;CHEMONTID:0001093,Organic compounds;Organic acids and derivatives;Carboxylic acids and derivatives;Carboxylic acid derivatives
12078,Monoalkylamines,0.99,CHEMONTID:0000469,6,CHEMONTID:0002450,CHEMONTID:0000000;CHEMONTID:0004707;CHEMONTID:0000278;CHEMONTID:0002449;CHEMONTID:0002450;CHEMONTID:0000469,Organic compounds;Organic nitrogen compounds;Organonitrogen compounds;Amines;Primary amines;Monoalkylamines
648,Primary amines,0.98,CHEMONTID:0002450,5,CHEMONTID:0002449,CHEMONTID:0000000;CHEMONTID:0004707;CHEMONTID:0000278;CHEMONTID:0002449;CHEMONTID:0002450,Organic compounds;Organic nitrogen compounds;Organonitrogen compounds;Amines;Primary amines
11620,Alcohols and polyols,0.95,CHEMONTID:0000129,4,CHEMONTID:0000323,CHEMONTID:0000000;CHEMONTID:0004603;CHEMONTID:0000323;CHEMONTID:0000129,Organic compounds;Organic oxygen compounds;Organooxygen compounds;Alcohols and polyols
15111,Primary amines,1,CHEMONTID:0002450,5,CHEMONTID:0002449,CHEMONTID:0000000;CHEMONTID:0004707;CHEMONTID:0000278;CHEMONTID:0002449;CHEMONTID:0002450,Organic compounds;Organic nitrogen compounds;Organonitrogen compounds;Amines;Primary amines
7760,Carbonyl compounds,0.99,CHEMONTID:0001831,4,CHEMONTID:0000323,CHEMONTID:0000000;CHEMONTID:0004603;CHEMONTID:0000323;CHEMONTID:0001831,Organic compounds;Organic oxygen compounds;Organooxygen compounds;Carbonyl compounds
13540,Methyl esters,0.93,CHEMONTID:0003416,6,CHEMONTID:0001238,CHEMONTID:0000000;CHEMONTID:0000264;CHEMONTID:0000265;CHEMONTID:0001093;CHEMONTID:0001238;CHEMONTID:0003416,Organic compounds;Organic acids and derivatives;Carboxylic acids and derivatives;Carboxylic acid derivatives;Carboxylic acid esters;Methyl esters
9859,Monoalkylamines,1,CHEMONTID:0000469,6,CHEMONTID:0002450,CHEMONTID:0000000;CHEMONTID:0004707;CHEMONTID:0000278;CHEMONTID:0002449;CHEMONTID:0002450;CHEMONTID:0000469,Organic compounds;Organic nitrogen compounds;Organonitrogen compounds;Amines;Primary amines;Monoalkylamines
18353,Carbonyl compounds,0.92,CHEMONTID:0001831,4,CHEMONTID:0000323,CHEMONTID:0000000;CHEMONTID:0004603;CHEMONTID:0000323;CHEMONTID:0001831,Organic compounds;Organic oxygen compounds;Organooxygen compounds;Carbonyl compounds
5773,Amines,1,CHEMONTID:0002449,4,CHEMONTID:0000278,CHEMONTID:0000000;CHEMONTID:0004707;CHEMONTID:0000278;CHEMONTID:0002449,Organic compounds;Organic nitrogen compounds;Organonitrogen compounds;Amines
12217,Phosphate esters,0.98,CHEMONTID:0000408,4,CHEMONTID:0000402,CHEMONTID:0000000;CHEMONTID:0000264;CHEMONTID:0000402;CHEMONTID:0000408,Organic compounds;Organic acids and derivatives;Organic phosphoric acids and derivatives;Phosphate esters
19521,Alcohols and polyols,0.82,CHEMONTID:0000129,4,CHEMONTID:0000323,CHEMONTID:0000000;CHEMONTID:0004603;CHEMONTID:0000323;CHEMONTID:0000129,Organic compounds;Organic oxygen compounds;Organooxygen compounds;Alcohols and polyols
